110001110000000100111101001001111110110111111001111100100001101111000000101101100011100101101110100001001111001111110011110010011101101000000100011001011110111111010000010111110111010011111110011111000101101111111111100000101110011001101001110001010101001111111110111101111110110010101111000011000111001101010010110010111111111111
110000000000000000000000000000000000000000000001111100100000000000000000000100000000000000000000000000011000000011110011100010000001100000000000000000011001111000000010000000000011001011100000000000000000000000111100000000000000000000111000000000000000000000000000000000000000000000000000000000000000000000000000000000001111101111
111110111010011010001101000110101010110100000111111100101010110010100011101010011000001100010000000110010011000011110111101010000111100000000110110101110010111000000110000010011011001111111110101000110110010010111111011110110100101000111110101011101000000010011110101111000000111110101010101011001101010110110011011011101111101111
111111010011100010101000011001010010100111000001111010110001100010101101100001010001110011000110010010100000011011110111101110000001100100010111110110011010111100010111100101101111001011110011010101010001000111111111011000110001100100000111001000010010010011011011100111000100100100110010111011111100000101100110001011101111101111
111000100101001110101011010110111100011010110001111010110011000101001101110010101100110000001100111000000110011011111011110100010011100011101001000100000110111101011010011000001011010011100100110111110000110111111100010101110100111111111100011101101001010110011100010100001110100000100000001100000000100011100111001000011111101111
111101100000000110001101010001101001100101001101111000101000000000100111100010101110010010101101010000010001000011110011110010110111111011010011001011101001111101010011101110001111001011110110011101101000101101111101001111001011010010001000101101101111101000000000100011010001110001000011011111100000001010001001101011011111111111
110001100000011100010010111001001011000101000101111111111010010101100101000100101100100010111010010000011011101011110011111100010101101000000110001011111001111010100010101110100011010111101110010101110000100000111101000000100001010100010000100101101101100010000001010001011100010011110001100000000011001000110110110111111111101111
110010001110110010000011100101001001101101101001111010101000100111100001001100110110001111001000110000111110010011110011100011011001110000111100001001100110111010000100000101100111110011101001111100101010111011111111001000000001010011111111011011001111011001000011101101100000100110010000010100001001011011011010111000101111111111
110101101110110111001000000100010001101101011001111001110111111111101111001000001000010111111111001111011010101111110011110100100001100001010110110100111011111000010100001110000111001011110100111000100001011100111111011001110101100000001010010110010110001100001000101011010101010010011111101001000011000111010000010100101111101111
110001111000101101011000010000000010100000001111111100110111110111001011011001110111111011111100101011010010000111111111100111001011111010111111110101001110111100001010111101100111010011111010001101010000010000111110001010111101010100100110000000111110110010000011110010001010110010110100011101100100011110110111010001001111101111
110101010100101100111000011101011000011011111001111010111001100010010110110110010111111101001101000110101001001111110111110010000011111000001100100100010100111011101001100011000011000111101001011101101111010011111110111010001000111101010001101011111100110101011010011011100100110110001110010001000000100000000011000010111111111111
111110000100011110000010000001011010111000110111111011100100000110111010110101111111001000101001110010100011100111110011100010010101111110011000011011011001111100100011100000100011000011100000101000001100010011111101000011010000100001010101111110100100100000001011100001101101001110110000110001010110001111100011100001101111111111
111101100000000110001101010001101001100101001101111000101000000000100111100010101110010010101101010000010001000011110011110010110111111011010011001011101001111101010011101110001111001011110110011101101000101101111101001111001011010010001000101101101111101000000000100011010001110001000011011111100000001010001001101011011111111111
110100111001000101111000110100100001010000110101111111101011100011101000011101010110001100010110101000101010001011110011111000110011100011000100011111101101111010010110101000001011001011110101100010101000110110111110001001001001101001111100111100000000011111111111001000001010010100001000100101101010011000110101110110101111101111
110110101111111100011000000000010010000001100111111100110000001100011001011000111000100011101111101101010100101011111011111111000111111100010000010001001110111100100101000011100011101011111111010101100101110000111101000001000001011111101110111100001001001011000111101000110100100110111101111001100111011111000000110000001111111111
110100011100001010100110110100110111100000010001111100110100101000000000101111101000001010110001110101011111100111111011110101100101111010101101101001000110111000011110111111100011111111110100010100110010000101111101000101000110010110111011111010101001101111101001001111101110100100100000000111011111110100110000110110011111111111
110000010100010111010000110000100101010101001101111011110101101100010111110100110011001101111110000101000100110011111011110011011101111001001100110101001011111000110110101011011111001111111100011011001000000110111100000101110111101111001001110110100000110000011001011010100100110110000111001101111010111011011011010000011111101111
110101010110100011101001001010111100101001000001111100100111110100111001110110001111110010011010000111110011111111110111100101110101111101110111001111111010111010100111011001011011111111111111100110010101010100111100100010000101000111010001100110110001011101111011011111111110000001011100110101110100110011010101010000001111101111
110111101011000001101111110110000100100110000101111111100010101101111100111001101010011101100010111001010100001011110011100111111101101101000000010001011101111010100101011110000111000011100011001111101111100001111100000111001000000110111100011101100010110111111101110100011000100010011100011000000010110101101010011110111111101111
110010011101110011010000010000010001100001010111111011100000101110010100010001011011011110010011110101010100110111110011110100010001110100101001101011000010111001110011011101101111001011101101100001100000111100111100101001011111100011100110000001101000000001111100011000000111101010100010101101100011111010001100000001001111101111
110100011100001010100110110100110111100000010001111100110100101000000000101111101000001010110001110101011111100111111011110101100101111010101101101001000110111000011110111111100011111111110100010100110010000101111101000101000110010110111011111010101001101111101001001111101110100100100000000111011111110100110000110110011111111111
111101100000001111100101001101010101111010010101111101101000001101111010111111010111000011101111111011110111110011111011100101011011100100110011110101000101111101001001101000001011111011100001001000111111000101111100110110110001011100010110011110110100010000101001110111101011000001001101010011001101110101010011000010011111111111
110110010001000111111101000100111100011010100111111100111001100101011100011011001110111011101001001010011100010111111011101011011111111111110011111110000100111101011010010011110011111111110000110110100011111100111101011010101111011000100011001011000001110111010111101011101001101010101111010101100111111000110011011111011111101111
110001101010100011011011011101100000111110110011111100111111011010000001100010000011110110010011111110111000001011111011100001100001101100100101110000101010111001111111000001010011100111110100100100110101100011111110100110011010000011001111110001110001000000111000010000000111010000001000011111001101001101100010010001011111111111
111101001110100010011010001101000010011110011001111001101111011101001011101100001001111111100110001001100100010011111111100111001101100100101001010100111100111110100001111110001011100111100000110110100011101110111101101110011011011000110110111010100011101110110001001000111111100100110000110010111110111111011111000111101111101111
111011001100111000101001111110001010010110011001111001111110111111000111000110011100100011100001111010101000011011110111111111011011110000100000011110000011111111000100101110011111111111101001010001101000100110111111001100011101000010110101111000101011111011111001110111101000110111001011111001010010100101101110011001011111111111
111110010101000111111010010111011111111110001111111000110100001011101000010010110101101101110111001001001111100111111111101111001011101110110101011011001001111000110000001101110011000111110110110000011110111101111110010010001101011110111100110101011000000001111000101000111000010000011100111101111101101001110001010000001111111111
110000111101101111011000110001111100001101010111111100110010111100010011101000010001110110010000111110000010010111110011101111000101110001110010011110101110111001100111111100000011010111111001100100110101111001111101011011110010010100100011001000100011110110001111111010100001110100110101001101110100001011010011100010011111101111
110111001101101011101110110011010001010111111111111011101110010100100111010110010000001010100010100111001001001011111111100001100011111100111100100100000001111000111011001011100011011011100001001001100000100101111110110010110010110100111011010010000001110001101111110110100110111100000110011101000111011000110101001001101111101111
110110101111111100011000000000010010000001100111111100110000001100011001011000111000100011101111101101010100101011111011111111000111111100010000010001001110111100100101000011100011101011111111010101100101110000111101000001000001011111101110111100001001001011000111101000110100100110111101111001100111011111000000110000011111111111
110110101000111000001001010000010101111110111111111001111011011010100001001110010010100010001001101110110000011111111111110111110111101100100100001001100111111111011001001101101111001111111000000010000010110111111110101101010110000000100010100010010011001010101001110110000010111000000000100011001000010101000000100100001111111111
110001011011000100000111110110101110101111010111111000111010110110100111000001110000001100110001001011011111000111110111110001101011111010111110110011111011111001000110001101000011001011100101110000111101111011111110010000010111110000010000011001011010001111110011101001101100111000001011111100100001011010110000111111101111101111
111111111111111111111111111111111111111111111111111111111111111111111111111111111111111111111111111111111111111111111111111111111111111111111111111111111111111111111111111111111111111111111111111111111111111111111111111111111111111111111111111111111111111111111111111111111111111111111111111111111111111111111111111111111111111111
111000111100001010100101011111011011010110011101111101101110000010001111000011010000100001011000100111110010111111111111110001010101111100101011100110010110111100000101001000110011011111110111011111101010010101111100111111101001011000000100110001101111001100101111110111010001100100011110111010011111110011111111010100111111111111
110110101000101111011111010001011101001000111111111011110001100110000001010100110110000100000100001111000100111011111111100110111101110100101001101101010000111100011101001110010111100111111011010110000000110111111101011001000001110111011101111111000110000000000010011010111001000001110010001111001010011000101111010111101111111111
110000111101101111011000110001111100001101010111111100110010111100010011101000010001110110010000111110000010010111110011101111000101110001110010011110101110111001100111111100000011010111111001100100110101111001111101011011110010010100100011001000100011110110001111111010100001110100110101001101110100001011010011100010011111101111
110010100011001111111001111000111111111111100011111011111101100100011001000101100100100101110110011000111001111111111011111110101111110011101010111110000111111111111101001101000111100111111110001101001001101110111111111000011000000010000111000001010011100000010101010010100110111011111111011001101011001110101000111001111111101111
111000110100101100001110011111000110011111110111111110110111110011011011111000001101101101000000010110000010101011111111100101110111100101111110011001110011111011011111111000001111000111101110101100100000110111111101000010000101111000010110001010010101110100001011110000010010001100010111110011011010011011111000001010011111111111
110000010100010111010000110000100101010101001101111011110101101100010111110100110011001101111110000101000100110011111011110011011101111001001100110101001011111000110110101011011111001111111100011011001000000110111100000101110111101111001001110110100000110000011001011010100100110110000111001101111010111011011011010000011111101111
110100011110001110101000111011001100100010011001111110110110001011111110000111110111011001001001111000000010100011110111100111001011110000001010110000100010111000101011010001000011001011110110011100001100101111111101100110001010100010000101111010000011111001111110000011101010000000101110011110010100111101110100001111101111111111
111101100000000110001101010001101001100101001101111000101000000000100111100010101110010010101101010000010001000011110011110010110111111011010011001011101001111110110100101001100111101111110011000010000110011110111100100010001100110100000111101111110111100011010110010000100100011011011110111010000001000001101100001110101111111111
111110110101001000111000000100101110000000010011111110101000111010000010100011010001101101001110010111101010100011110111110011100011110101110100100100001100111100110111101101010011110011110111111111000000000110111101101111101001110000111110110001011001100011010001000000111011110101010111111101001000100001001011110010011111101111
110111110111110111101000001010010110010001101011111000110001000000000001001011000001010000010010110000100110100011110011100001111011100111100000010001011110111001011101100010100111110011110001111001110110100100111111110000010001110111101011011100000001010001110111100101001010000110111100111010010101010110110010110000001111101111
111001101100100100100010010000110000010001010011111011111100111010010100000111001001101100101011001100010101000111111111100110111011110100001100001000111110111100101000011100101011111011110000000000011001000000111110101110101000000101110101000011011101101001111111100111100010101000111001010100011100010001010001100111001111101111
111010101100010101101000010000101111111111001001111111111100111010110001100001110101001010101100010010001111100011111111101100010011110000100110001101101100111000001101010001110011001111100011100101100010101000111100001000101010011001111110110001011110000111000010001111011110001011011101010011110100001000010100011100101111111111
110101011000101110001110000001100010000110001111111001101111100000110010010110010011011101111001000010111100001111111111111111000101101110011111010010001100111001101000000100000111000111111011111000001100100101111111001111100111101100100111011011000101011111000110010101101111100101000000100000111010100110101000100101111111111111
110101101111111000011001111000110110110011111001111101100101010000011001111111111011101010000000100000101110111111111011111100101001111111000111111010000110111110101010101101110111011111101111101110111000110001111110111001111000110011000000111010001010110010110011011010111111111110001000100101111001110101110100100101111111101111
110011000101011111111011111010000100100110010011111110100011010111111000110000110101110011000010000111000110111011111111100001100101110000000101011111000110111111111110001010110111101111101100101010111000001110111101101110011011011000110110111010100011101110110001001000111111100100110000110010111110111111011111000111101111101111
111111111111111111111110101111111111101111101111111111101111111111111111110110011111011111111111111110111101111111111111111111000111111111111111111111111111111111111111011111111111111111111111111111101111111111111111111111111111111111111111111111111111111111111111011111111111100111101111111111111010111111111111111111111111111111
110000101110100010000011110010110010100000000101111010100010011010001111010100111111100010001001111110011011010111110011101100000101111000001010101010000001111010110011111001000111010011110110001000011100011111111100001101000110110000000011001000111000011011100010010001100101011100100010000111011101001100010101101100101111111111
110101011000101110001110000001100010000110001111111001101111100000110010010110010011011101111001000010111100001111111111111111000101101110011111010010001100111001101000000100000111000111111011111000001100100101111111001111100111101100100111011011000101011111000110010101101111100101000000100000111010100110101000100101111111111111
111111111010110011000011111110010000000010100001111110110100101011010011111110100110011101000001000010010010101111110011110101001101110111000100010111000010111001101110110000000111101011100001111111101111001011111111111011111011001110000101001110001010000011100001010011101110001101000001000101011010011101110010001111111111111111
111000100101011110101011010110111100011010110001111010110011000101001101110010101100110000001100111000000110011011111011110100010011100011101001000100100110111101011010011000001011010011100100110111110000110111111100010101110100111111111100011101101001010110011100010100001110100000100000001100000000100011100111001000011111101111
110000011000110100111010000101001111011001011101111110100011001100011000011010110001011101011110010100101100011111110011110000011101101110101100110010000111111111000100110101101011001111110000000011011100101110111101001010000001110100000100111101010000100110001010101011000001001010011010001110001111100110100011100010001111101111
111100011101111000100010000111010000000000111001111011111000011011100110110110001011001010011111110000101101101011111111111010100101111111001001110011011011111011110010101011110011000111101111010000001000100101111101111010110010111100010110110100110011111011010011111001010000110010110000100000000111000001011000101111111111101111
110000011110000000001010111001001100001010000111111000101100001000010001010110001110100100111100011101001111001011111011110111010101101001011110101101110111111100110000101000010011000011100101111111001000001101111101011011110110101011111110001100001010111100001011000110011000101011001100111100010010001010100101011000101111101111
111111001101110010010001100010011011101011110101111001100110001001011001010001110101101100011000100011101010110011111111101000100011110111100101000111000011111001011000101101101011100111111010010110101011011111111111010110111110101100100001101100110001101001011100101101110011101001011000101010010110111000010110011100101111111111
111111001011010010100000000110000001010110100111111101101000000011111101101011000000101011010100111111100111010011110111100010011001110011001110001101100001111110110100101001100111101111110011000010000110011110111100100010001100110100000111101111110111100011010110010000100100011011011110111010000001000001101100001110101111111111
110011000111110000111011111000111111110111111001111000101001010110100101011101101101100010111111110110100001010011111111101011000001101011100000010001000111111011100000100101001011111111100111100111011011111101111110100010110001100000000000101010111010100111000100110011011001010010111011110001110111111111001111110110101111111111
110001011010011111101110011011010001111101011101111010111101001111001010010110011001101111100001001001111111100011110111111001001001100011101011111100011001111011100000001101110011001011101100011110101000100101111111101010100001000111011000001100100110010110000100011110000101101001110001011001011010010010000011000100001111101111
110110010101001101000000100011011010110010010111111001101110010111011011000100110001010011001000101000010100110111110111110111100001111001011000001011110010111111000110110010100011000011100100000100011011100001111100011000101010010001011100100000111000111101011101100011111011100110110001100110010110110000000000011101101111111111
110001110000000110111101001001111110110111111001111100100001101111000000101101100011100101101110100001001111001111110011110010011101101000000100011001011110111111010000010111110111010011111110011111000101101111111111100000101110011001101001110001010101001111111110111101111110110010101111000011000111001101010010110010111111111111
110111101011000001101111110110000100100110000101111111100010101101111100111001101010011101100010111001010100001011110011100111111101101101000000010001011101111010100101011110000111000011100011001111101111100001111100000111001000000110111100011101100010110111111101110100011000100010011100011000000010110101101010011110111111101111
111010110111000011011010010010000001100100000001111010101101110010100110010000101110001100000100010101000110000011111111111110001001100011001100010011011010111001111001001101001111100111100110010101010100110001111100110100101111100100010011101001000100110100001111001110001010001011010101001101101011110110001010100100101111101111
111110000100011110000010000001011010111000110111111011100100000110111010110101111111001000101001110010100011100111110011100010010101111110011000011011011001111100100011100000100011000011100000101000001100010011111101000011010000100001010101111110100100100000001011100001101101001110110000110001010110001111100011100001101111111111
110111000101101011101110110011010001010111111111111011101110010100100111010110010000001010100010100111001001001011111111100001100011111100111100100100000001111000111011001011100011011011100001001001100000100101111110110010110010110100111011010010000001110001101111110110100110111100000110011101000111011000110101001001101111101111
110111110111110111101000001010010110010001101011111000110001000000000001001011000001010000010010110000100110100011110011100001111011100111100000010001011110111001011101100010100111110011110001111001110110100100111111110000010001110111101011011100000001010001110111100101001010000110111100111010010101010110110010110000001111101111
110001101010100011011011011101100000111110110011111100111111011010000001100010000011110110010011111110111000001011111011100001100001101100100101110000101010111001111111000001010011100111110100100100110101100011111110100110011010000011001111110001110001000000111000110000000111010010001000011111001101001101100010010001011111111111
110100010011101111010111010100100011101110100001111001100011110001000100011110101010110001111110010011111011101011110011101011011001110110001110000000011001111011010001110010111111100111111110100010000001001110111111111110010101110101100110000010111110110100110001101011010010110110011110011100111001011011001000000011011111111111
110011111110000100111010000100000101001110011111111100110000000100001101011001100111000010010001110001011110011011111111110111101011100001010000110001101011111000110101001010010011000111111100110011000111011001111110000001011010101101111110111110100000011001110010110000011011110011110101001000011110111011001010111011001111111111
110111010101000010110100001000101011001110010111111000110001100010011010111111100110000001111100001010111011101111111111110111011001100111001111100110010011111010111100110100100111110111101101000101010010100111111111100001110000111001101000111000001100111010110011010110100000011100001100011000011011101110000010111101101111111111
110011110001111100110001001110000010111000100011111000101100001101010011001001111001000001101110010111110111000111110111100110001011110100011011011001001010111110101111010100100011110011110110000000010001111100111101100101011010101100001010000111111001010100110111110010001000100110111101111110111101101010101101101100001111111111
111001111110100110011101101000001001100010110111111101101100110010101110011101000101110001011111010010111100000011111011110000111101101001110010001101000101111010111010011101111011100011100010001000000100011001111100110111111111110111001000001000001100100010110000010001100000100010110001010111110011110110110110010001011111111111
111100011101111000100010000111010000000000111001111011111000011011100110110110001011001010011111110000101101101011111111111010100101111111001001110011011011111011110010101011110011000111101111010000001000100101111101111010110010111100010110110100110011111011010011111001010000110010110000100000000111000001011000101111111111101111
111000011100111110001000010110010110000110011111111010111010100011011010001101111011111010100001110111101101000111110111110000101011110010001000011011111011111001110011011100101111000111111100110001100000101000111111011110011010000010011101001111000101111001000100110000101001101100110110000110001000101001010001001101111111101111
110101101111111000011001111000110110110011111001111101100101010000011001111111111011101010000000100000101110111111111011111100101001111111000111111010000110111110101010101101110111011111101111101110111000110001111110111001111000110011000000111010001010110010110011011010111111111110001000100101111001110101110100100101111111101111
110100111001000101101000110100100001010000110101111111101011100011101000011101010110001100010110101000101010001011110011111000110011100011000100011111101101111010010110101000001011001011110101100010101000110110111110001001001001101001111100111100000000011111111111001000001010011100001000100101101010011000110101110110101111101111
111110001000010010000101001101000100101110010111111111111111101011010001110110110100001011100100101001011111100011111111110011111101101111010011110011001011111011111011000001010111100111111111101001011111011100111110010001101000111101011110100111000001110000010001111111111100110110110001000000110101110100100000110010011111101111
111111001101110010010001100010011011101011110101111001100110001001011001010001110101101100011000100011101010110011111111101000100011110111100101000111000011111001011000101101101011100111111010010110101011011111111111010110111110101100100001101100110001101001011100101101110011101001011000101010010110111000010110011100101111111111
110001110000000100111101001001111110110111111001111100100001101111000000101101100011100101101110100001001111001111110011110010011101101000000100011001011110111111010000010111110111010011111110011111000101101111111111100000101110011001101001110001010101001111111110111101111110110010101111000011000111001101010010110010111111111111
110000101110100010000011110010110010100000000101111010100010011010001111010100111111100010001001111110011011010111110011101100000101111000001010101010000001111010110011111001000111010011110110001000011100011111111100001101000110110000000011001000111000011011100010010001100101011100100010000111011101001100010101101100101111111111
111001001001111100011011001011101101111101111011111011101000001011100100111100001110000110110010111010101001000111111111111011001101111001011001011000111110111001100101001011001111100111110011110100101011101010111100100000011011001101101101011011001010111110001000001110100000000011001000111101101110110100010111101111001111101111
111110111010011010001101000110101010110100000111111100101010110010100011101010011000001100010000000110010011000011110111101010000111100000000110110101110010111000000110000010011011001111111110101000110110010010111111011110110100101000111110101011101000000010011110101111000000111110101010101011001101010110110011011011101111101111
110110010001000111111101000100111100011010100111111100111001100101011100011011001110111011101001001010011100010111111011101011011111111111110011111110000100111101011010010011110011111111110000110110100011111100111101011010101111011000100011001011000001110111010111101011101001101010101111010101100111111000110011011111011111101111
110010100011001111111001111000111111111111100011111011111101100100011001000101100100100101110110011000111001111111111011111110101111110011101010111110000111111111111101001101000111100111111110001101001001101110111111111000011000000010000111000001010011100000010101010010100110111011111111011001101011001110101000111001111111101111
110010001110110010000011100101001001101101101001111010101000100111100001001100110110001111001000110000111110010011110011100011011001110000111100001001100110111010000100000101100111110011101001111100101010111011111111001000000001010011111111011011001111011001000011101101100000100110010000010100001001011011011010111000101111111111
110100011100001010100110110100110111100000010001111100110100101000000000101111101000001010110001110101011111100111111011110101100101111010101101101001000110111000011110111111100011111111110100010100110010000101111101000101000110010110111011111010101001101111101001001111101110100100100000000111011111110100110000110110011111111111
111000010110111010010010111001111011000110100111111001111101100010110101010101111101010000001101010111111001111111110111111111011101100101001101011000111101111111001100001110011111100111101100100010010101111010111101100110001000111110011001001110111001011111010101011100001001100101010010110101000100111000000111110011011111111111
110011110001111100110001001110000010111000100011111000101100001101010011001001111001000001101110010111110111000111110111100110001011110100011011011001001010111110101111010100100011110011110110000000010001111100111101100101011010101100001010000111111001010100110111110010001000100110111101111110111101101010101101101100001111111111
110011111110000100111010000100000101001110011111111100110000000100001101011001100111000010010001110001011110011011111111110111101011100001010000110001101011111000110101001010010011000111111100110011000111011001111110000001011010101101111110111110100000011001110010110000011011110011110101001000011110111011001010111011001111111111
111010101100010101101000010000101111111111001001111111111100111010110001100001110101001010101100010010001111101011111111101100010011110000100110001101101100111000001101010001110011001111100011100101100010101000111100001000101010011001111110110001011110000111000010001111011110001011011101010011110100001000010100011100101111111111
110101101110110111001000000100010001101101011001111001110111111111101111001000001000010111111111001111011010101111110011110100100001100001010110110100111011111000010100001110000111001011110100111000100001011100111111011001110101100000001010010110010110001100001000101011010101010010011111101001000011000111010000010100101111101111
110000000110100000100110010011111000000101100011111011101101011010000101001011111110011010011110100100000000101011111011111100010001110100101111001101101001111010110110011101010011110011101010011100111100111101111111101110010010010111010010011100100000111011001110110000010010110101010100011001100001101011110001010000111111101111
110010100001001011000010010100110110011110001011111110111100001101111100111010011100010000101010110001010001010111110111111000001001110001010001100010011000111001110101001010110111011111100010000110001010100001111100010101100000101101111110001100000110110100111001101000001111101011001111010101001100001011101011000010111111101111
110111000101101011101110110011010001010111111111111011101110010100100111010110010000001010100010100111001001001011111111100001100011111100111100100100000001111000111011001011100011011011100001001001100000100101111110110010110010110100111011010010000001110001101111110110100110111100000110011101000111011000110101001001101111101111
110010101101000010011111011110110011111011110111111111110111111111001011001101110101111001110111100110011111001111111111100000111001100110001000110101100011111111111010000111101111100111100010001100110010110111111101010010101101111110001101011001001111001110110111100011011100111011110001101011001010100001100101111100111111101111
110101011011010111011100000001011010111001011001111001101100011100010010010011101100100001000101010101111100110111111111111010100011100001101010001011000110111000011001001001011111100111110100100101010001110001111101010010111100011011100000011000110011101100000101010000100111100101011011111000111010000010001110101101111111111111
110100011110001110101000111011001100100010011001111110110110001011111110000111110111011001001001111000000010100011110111100111001011110000001010110000100010111000101011010001000011001011110110011100001100101111111101100110001010100010000101111010000011111001111110000011101010000000101110011110010100111101110100001111101111111111
111001110111101011011100110000000100101100100001111000110000111100011001100000001111111111001001001110010111100111111111111110101111101011101111000011101111111111101111011001100111101011110101000111100010110010111101011111010110101111101110110100001011111101000001000010010110011111010010100101111110000001000011110000111111111111
111000001000010110100001000010011001001110110011111001110101010100010000000001110111001000010111011000000100100011111111110000110011111111011110101111010010111010010110001110000111010111100110001001000001011111111100110111101111000011111101111010000000110011011001001001110101110001000101000011000101101000100111100001011111101111
111000010110111010010010111001111011000110100111111001111101100010110101010101111101010000001101010111111001111111110111111111011101100101001101011000111101111111001100001110011111100111101100100010010101111010111101100110001000111110011001001110111001011111010101011100001001100101010010110101000100111000000111110011011111111111
110111110111110111101000001010010110010001101011111000110001000000000001001011000001010000010010110000100110100011110011100001111011100111100000010001011110111001011101100010100111110011110001111001110110100100111111110000010001110111101011011100000001010001110111100101001010000110111100111010010101010110110010110000001111101111
110000000111000000001010010010010001100110100101111001100110111110111011100100000011101001000010010111110111100111110011110111100101110000000010101100110110111000111001100010011011011011111111111111101100111000111111010011000001001101100110011000010101000000101010111011100001010110001011011101111001111111010111001000111111101111
111110001000010010000101001101000100101110010111111111111111101011010001110110110100001011100100101001011111100011111111110011111101101111010011110011001011111011111011000001010111100111111111101001011111011100111110010001101000111101011110100111000001110000010001111111111100110110110001000000110101110100100000110010011111101111
110111110111110111101000001010010110010001101011111000110001000000000001001011000001010000010010110000100110100011110011100001111011100111100000010001011110111001011101100010100111110011110001111001110110100100111111110000010001110111101011011100000001010001110111100101001010000110111100111010010101010110110010110000001111101111
110111111011110001000010110100010000011101010011111010100001110001110001010000101001010000010101101001011010001111110011110100101101101000101011001011011001111000010010011100110011101111101111100001010001010110111111110101111110000100111110110001010110100100011110000000111100001100111100010011000100010100100000111000111111111111
110110101000101111011111010001011101001000111111111011110001100110000001010100110110000100000100001111000100111011111111100110111101110100101001101101010000111100011101001110010111100111111111010110000000110111111101011001000001110111011101111111000110000000000010011010111001000001110010001111001010011000101111010111101111111111
111001110110101001011001011110101011110001110011111100111101111101010111101001001010101101000010001001111100101111111111100100100001101100111000001000110000111111011110101000000111001011100111011101011101010100111101011011010011110010111111011101001110110000000100011011111010110100011011000011110001010011110110100001111111101111
111101100000000110001101010001101001100101001101111000101000000000100111100010101110010010101101010000010001000011110011110010110111111011010011001011101001111101010011101110001111001011110110011101101000101101111101001111001011010010001000101101101111101000000000100011010001110001000011011111100000001010001001101011011111111111
111001100011110101110101100010101001000010011011111001101011000000000101110000011110101010011100011000111101110011111111111001000101111111111111000000101001111010110001111100100011101011110110100110000011000100111100011001001101010010011111110100001000110011100000111000110000001000001100000010111000110001111101010000001111111111
110010110001101001011111100110010001110110000001111000101110000110100100101000110100010111010001001000110001110111110111101111011011101101100011111110011000111100010111100001010111011011101011111100110101010111111100110011100010011000110100011110010110010000100111010100101100111001001010101001101011100111110000100011101111101111
110000010100010111010000110000100101010101001101111011110101101100010111110100110011001101111110000101000100110011111011110011011101111001001100110101001011111000110110101011011111001111111100011011001000000110111100000101110111101111001001110110100000110000011001011010100100110110000111001101111010111011011011010000011111101111
111000111100001010100101011111011011010110011101111101101110000010001111000011010000100001011000100111110010111111111111110001010101111100101011100110010110111100000101001000110011011111110111011111101010010101111100111111101001011000000100110001101111001100101111110111010001100100011110111010011111110011111111010100111111111111
111101001110000010110100110011011110001010111111111111100010110101110011000100101110100000010111111001010001000111111011111110010011110100111100101101000000111110110100011101110111001011110110000101100111000100111101101011011010011110101010011001111010110101001011001111110101100011111000011011100001010100100000000100001111101111
111000100101011110101011010110111100011010110001111000110011000101001101110010101100110000001100111000000110011011111011110100010011100011101001000100100110111101011010011000001011010011100100110111110000110111111100010101110100111111111100011101101001010110011100010100001110100000100000001100000000100011100111001000011111101111
111101001110000010110100110011011110001010111111111111100010110101110011000100101110100000010111111001010001000111111011111110010011110100111100101101000000111110110100011101110111001011110110000101100111000100111101101011011010011110101010001001111010110101001011001111110101100011111000011011100001010100100000000100001111101111
110110101000111000001001010000010101111110111111111001111011011010100001001110010010100010001001101110110000011111111111110111110111101100100100001001100111111111011001001101101111001111111000000010000010110111111110101101010110000000100010100010010011011010101001110110000010111000000000100011001000010101000000100100001111111111
110001011010011111101110011011010001111101011101111010111101001111001010010110011001101111100001001001111111100011110111111001001001100011101011111100011001111011100000001101110011001011101100011110101000100101111111101010100001000111011000001100100110010110000100011110000101101001110001011001011010010010000011000100001111101111
110101110101111001011100010001001011111011010111111010110011111111110010010010011100110001110110011111001101100011110111110010010111111110111101110110010110111101100011101000000011110011110111111111000000000110111101101111101001110000111110110001011001100011010001000000111011110101010111111101001000100001001011110010011111101111
110110110001011001001110000111110000000100111101111101100101110011111110010111001101000001110100001100010011111011110011111000100001101011110100101010110101111010010011111000110011011111100101001010000000011110111110000101010000111011010100000010101001010110001101001110001100110000111000000111000110001110111101111101001111101111
110111000101101011101110110011010001010111111111111011101110010000100111010110010000001010100010100111001001001011111111100001100011111100111100100100000001111000111011001011100011011011100001001001100000100101111110110010110010110100111011010010000001110001101111110110100110111100000110011101000111011000110101001001101111101111
110001101111100000001000011111110100000101100011111101101111011110100001000000110101000101101001000110011110000011110011110111110011110101001010011011110000111010101100001101011111100011111011110110100110110000111101000100111111010110001001011111010101011001111010001111101101100101010110111000001101010110011111110110001111101111
110010101101000010011111011110110011111011110111111111110111111111001011001101110101111001110111100110011111001111111111100000101001100110001000110101100011111111111010000111101111100111100010001100110010110111111101010010101101111110001101011001001111001110110111100011011100111011110001101011001010100001100101111100111111101111
110000101110100010000011110010110010100000000101111010100010011010001111010100111111100010001001111110011011010111110011101100000101111000001010101010000001111010110011111001000111010011110110001000011100011111111100001101000110110000000011001000111000011011100010010001100101011100100010000111011101001100010101101100101111111111
110100000100000110011101101011011110011101010101111111110100011111010110011000001000001001111010001010100010000011111111100100101001101010011100100001001100111110000010011100011111001011100110100110111010100010111101110100110100011011000010010110000001000000010010100111011011010000001100010111100001010101001001011001101111111111
111001110111101011011100110000000100101100100001111000110000111100011001100000001111111111001001001110010111100111111111111110101111101011101111000011101111111111101111011001100111101011110101000111100010110010111101011111010110101111101110110100001011111101000001000010010110011111010010100101111110000001000011110000111111111111
111111111010100001101010101000011100011110011001111110110001011011010111010000110000111011100010101111100010000111111011100010000001101000101010110001111011111010101000101011010011001111110001001100111011100101111101010000101111110111001001000100111100111001011011101111001101000000000111110100010011100010000010111001111111101111
110101000101011111101100100011000110101001000001111111111101111001111101010110000011010010000011010110101111100011111111111101110101100011100110100000000111111000100001111010100011110011111000110101110000101011111100100100101111111100001100010001010011000110101001111101110110110100111010000110011011110001011110011010001111101111
110001001011111011111100011111011110101100111101111110100111101111010110001100001011101001101011000000110001001011110011100010011001100101001111101100001011111010100100110100100111111011100101000110000000100111111100011101000010110111011100100011010001011110001110111110010001111101000000001001100011110011110011100000101111111111
110110101111111100011000000000010010000001100111111100110000001100011001011000111000100011101111101101010100101011111011111111000111111100010000010001001110111100100101000011100011101011111111010101100101110000111101000001000001011111101110111100001001001011000111101000110100100110111101111001100111011111000000110000001111111111
110001011011000100000111110110101110101111010111111000111010110110100111000001110000001100110001001011011111000111110111110001101011111010111110110011111011111001000110001101000011001011100101110000111101111011111110010000010111110000010000011001011010001111110011101001101100111000001011111100100001011010110000111111101111101111
110111010101000010110100001000101011001110010111111000110001100010011010111111100110000001111100001010111011101111111111110111011001100111001111100110010011111010111100110100100111110111101101000101010010100111111111100001110000111001101000111000001100111010110011010110100000011100001100011000011011101110000010111101101111111111
111101001110000010110100110011011110001010111111111111100010110101110011000100101110100000010111111001010001000111111011111110010011110100111100101101000000111110110100011101110111001011110110000101100111000100111101101011011010011110101010001001111010110101001011001111110101100011111000011011100001010100100000000100001111101111
110000011000110100111010011111011110101100111101111110100111101111010110001100001011101001100011000000110001001011110011100010011001100101001111101100001011111010100100110100100111111011100101000110000000100111111100011101000010110111011100100011010001111110001110111110010001111101000000001001100011110011110011100000101111111111
110101000101110001001111111111010001010011111111111111110010011110111111100110101111011101011010000001001110010011111111100000010101111001111110101100000111111110011010111011110111000011111111101010111101000011111101111011011110001100110110000111000001100101011110101101011011011100111111010110000111011101010111010011111111111111
110100010011101111010111010100100011101110100001111001100011110001000100011110101010110001111110010011111011101011110011101011011001110110001110000000011001111011010001110010111111100111111110100010000001001110111111111110010101110101100110000010111110010100110001101011010010110110011110011100111001011011001000000011011111111111
111111001011010010100000000110000001010110100111111101101000000011111101101011000000101011010100111111100111010011110111100010011001110011001110001101101001111110110100101001100111101111110011000010000110011110111100100010001100110100000111101111110111100011010110010000100100011011011110111010000001000001101100001110101111111111
110111000101101011101110110011010001010111111111111011101110010100100111010110010000001010100010100111001001001011111111100001100011111100111100100100000001111000111011001011100011011011110001001100111011100101111101010000101111110111001001000100111100111001011011101111001101000000000111110100010011100010000010111001111111101111
111110111010011010001101000110101010110100000111111100101010110010100011101010011000001100010000000110010011000011110111101010000111100000000110110101110010111000000110000010011011001111111110101000110110010010111111011110110100101000111110101011101000000010011110101111000000111110101010101011001101010110110011011011101111101111
110001011010011111101110011011010001111101011101111010111101001111001010010110011001101111100001001001111111100011110111111001001001100011101011111100011001111011100000001101110011001011101100011110101000100101111111101010100001000111011000001100100110010110000100011110000101101001110001011001011010010010000011000100001111101111
111110000000001111101100110000011010001111101101111001100111111110011011000011011110000001111000000010011011110011110011100010000001111110000000000111011110111001111011111101000011101011101100000000001111000000111100000000000000000000000110111111010000110000000000000000000000000000000110111111111110111111110011111111111111101111
110001101010100011011011011101100000111110110011111100111111011010000001100010000011110110010011111110111000001011111011100001100001101100100101110000101010111001111111000001010011100111110100100100110101100011111110100110011010000011001111110001110001000000111000110000000111010000001000011111001101001101100010010001011111111111
110001111000101101011000010000000010100000001111111100110111110111001011011001110111111011111100101011010010000111111111100111001011111010111111110101001110111100001010111101100111010011111010101101010000010000111110001010111101010100100110000000111110110010000011110010001010110010110100011101100100011110110111010001001111101111
111010101100010101101000010000101111111111001001111111111100111010110001100001110101001010101100010010001111101011111111101100010011110000100110001101101100111000001101010001110011001111100011100101100010101000111100001000101010011001111110110001011110000111000010001111011110001011011101010011110100001000010100011100101111111111
110000111110000101101110000011001110101000010001111101110011100001001111010011110010111001111110011011000110100111110011101111110111101011111001010011100101111101000001111011110011011111110111010100101010011001111101101010011010100110010001101000010010011001010001011001001101101110000000011011011111010111101010000101001111111111
110001111000101101011000010000000010100000001111111100110111110111001011011001110111111011111100101011010010000111111111100111001011111010111111110101001110111100001010111101100111010011111010001101010000010000111110001010111101010100100110000000111110110010000011110010001010110010110100011101100100011110110111010001001111101111
110000010111000101100111001101101100010001000101111110110010001000110110100001111011001010011010000101111011101011110111100111001001111111111000011000000111111000001110101001001111001011100101011000101000011010111101111101000001001110100000000111001100000100000100010001010000010010101000010011101101000000111111011001001111111111
111001011001000111001111010101011011100101000011111100100001000010111010000101000111010010110110000000110100110011110111110001101001100011101101110100000010111001100000010101100011011111110011110101010010110000111111101110001011110110010110101011001101001110111010100010100111010011001000101100111010000100000000011011111111111111
111011111110100110011101101000001001100010110111111101101100110010101110011101000101110001011111010010111100000011111011110000111101101001110010001101000101111010111010011101111011100011100010001000000100011001111100110111111111110111001000001000001100100010110000010001100000100010110001010111110011110110110110010001011111111111
111101100000000110001101010001101001100101001101111000101000000000100111100010101110010010101101010000010001000011110011110010110111111011010011001011101001111101010011101110001111001011110110011101101000101101111101001111001011010010001000101101101111101000000000100011010001110001000011011111100000001010001001101011011111111111
110111110111110111101000001010010110010001101011111000110001000000000001001011000001010000010010110000100110100011110011100001111011100111100000010001011110111001011101100010100111110011110001111001110110100100111111110000010001110111101011111100000001010001110111100101001010000110111100111010010101010110110010110000001111101111
111001111110100110011101101000001001100010110111111101101100110010101110011101000101110001011111010010111100000011111011110000111101101001110010001101000101111010111010011101111011100011100010001000000100011001111110110111111111110111001000001000001100100010110000010001100000100010110001010111110011110110110110010001011111111111
110100000100000110011100010000101111111111001001111111111100111010110001100001110101001010101100010010001111101011111111101100010011110000100110001101101100111000001101010001110011001111100011100101100010101000111100001000101010011001111110110001011110000111000010001111011110001011011101010011110100001000010100011100101111111111
111110101100011111000110110100101100100111011101111011101010101001001001010111101000010011011010010101101111110111111011111011100101111101111111011010101101111101101101010111000111100011110011001101110100100011111111000000000000010110101111010101100010111111110110001100110000100110111100000111011100111011001111111010111111101111
111000001000010110100001000010011001001110110011111001110101010100010000000001110111001000010111011000000100100011111111110000110011111111011110101111010010111010010110001110000111010111100110001001000001011111111100110111101111000011111101111010000000110011011001001001110101110001000101000011000101101000100111100001011111101111
111010110111000011011010010010000001100100000001111010101101110010100110010000101110001100000100010101000110000011111111111110001001100011001100010011011010111001111001001101001111100111100110010101010100110001111100110100101111100100010011101001000100110100001111001110001010001011010101001101101011110110001010100100101111101111
110110010001000111111101000100111100011010100111111100111001100101011100011011001110111011101001001010011100010111111011101011011111111111110011111110000100111101011010010011110011111111110000110110100011111100111101011010101111011000100011001011000001110111010111101011101001101010101111010101100111111000110011011111011111101111
110001011011000100000111110110101110101111010111111000111010110110100111000001110000001100110001001011011111000111110111110001101011111010111110110011111011111001000110001101000011001011100101110000111101111011111110110000010111110000010000011001011010001111110011101001101100111000001011111100100001011010110000111111101111101111
111111111010100001101010101000011100011110011001111110110001011011010111010000110000111011100010101111100010000111111011100010000001101000101010110001111011111010101000101011010011001111110001001100111011100101111101010000101111110111001001000100111100111001011011101111001101000000000111110100010011100010000010111001111111101111
110010100101001001001100111010000010010101010101111111110010000111111000110111000000000001001110100001100101001111110011110110000001100110010100011010010100111110110101101100001111011111110001000000110001111011111110011101011000111101000001011011100000011100100111011111110001111101111110011111010001100111101000100111101111111111
110000001010110000101011110011001001011010011001111110100100001011010010111101001000011101111011000010000100101111111011100000111011101100111001010101001100111001110111100101100111001011110011100101100010000010111111110010111100101100011001010001110001101101111110000110101001000001010010110100001010110000001111110011011111101111
110101011000101110001110000001100010000110001111111001101111100000110010010110010011011101111001000010111100001111111111111111000101101110011111010010001100111001101000000100000111000111111011111000001100100101111111001111100111101100100111011011000101011111000110010101101111100101000000100000111010100110101000100101111111111111
110010100001001011000010010100110110011110001011111110111100001101111100111010011100010000101010110001010001010111110111111000001001110001010001100010011000111001110101001010110111011111100010000110001010100001111100010101100000101101111110001100000110110100111001101000001111101011001111010101001100001011101011000010111111101111
110110010101001101000000100011011010110010010111111001101110010111011011000100110001010011001000101000010100110111110111110111100001111001011000001011110010111111000110110010100011000011100100000100011011100001111100011000101010010001011100100000111000111101011101100011111011100110110001100110010110110000000000011101101111111111
111000010110111010010010111001111011000110100111111001111101100010110101010101111101010000001101010111111001111111110111111111011101100101001101011000111101111111001100001110011111100111101100100010010101111010111101100110001000111110011001001110111001011111010101011100001001100101010010110101000100111000000111110011011111111111
110110101000111000001001010000010101111110111111111001111011011010100001001110010010100010001001101110110000011111111111110111110111101100100100001001100111111111011001001101101111001111111000000010000010110111111110101101010110000000100010100010010011001010101001110110000010111000000000100011001000010101000000100100001111111111
110110101000101111011111010001011101001000111111111011110001100110000001010100110110000100000100001111000100111011111111100110111101110100101001101101010000111100011101001110010111100111111011010110000000110111111101011001000001110111011101111111000110000000000010011010111001000001110010001111001010011000101111010111101111111111
111111111010110011000011111110010000000010100001111110110100101011010011111110100110011101000001000010010010101111110011110101001101110111000100010111010010111001101110110000000111101011100001111111101111001011111111111011111011001110000101001110001010000011100001010011101110001101000001000101011010011101110010001111111111111111
111001001001111100011011001011101101111101111011111011101000001011100100111100001110000110110010111010101001000111111111111011001101111001011001011000111110111011100101001011001111100111110011110100101011101010111100100000011011001101101101011011001010111110001000001110100000000011001000111101101110110100010111101111001111101111
110001101001101010000111000100011100100010000111111110111000100001101001001101001011011100010111000000100111110111110011110110111111100101100011001101000100111101010001000000010011000111101111110000100101100101111100110101001101011011000100110100100010101100001111011111101010100111100001010111110011110011110001001011101111111111
110000001010110000101011110011001001011010011001111110100100001011010010111101001000011101111011100010000100101111111011100000111011101100111001010101001100111001110111100101100111001011110011100101100010000010111111110010111100101100011001010001110001101101111110000110101001000001010010110100001010110000001111110011011111101111
110100111001000101111000110100100001010000110101111111101011100011101000011101010110001100010110101000101010001011110011111000110011100011000100011111101101111010010110101000001011001011110101100010101000110110111110001001001001101001111100111100000000011111111111001000001010011100001000100101101010011000110101110110101111101111
111110101100101010011101111110100111010000101001111110100000110001100001110010101001110100010100010100001000000111111011111011110111100101111110011001110011111011011111111000001111000111101110101100100000110111111101000010000101111000010110001010010101110100001011110000010010001100010111110011011010011011111000001010011111111111
110000100011010110010010010100101111011011111101111011111110000011001110011110000000010010111110110110010101100011110111101100101011111011101100110000000100111111010010000110110011101111110111001001110000110011111111010100100001000111000010111111111101100001111000111110011001001100000100011100101101011110001111100001011111101111
111001110110101001011001011110101011110001110011111100111101111101010111101001001010101101000010001001111100101111111111100100100001101100111000001000110000111111011110101000000111001011100111011101011101010100111101011011010011110010111111011101001110110000000100011011111010110100011011000011110001010011110110100001111111101111
110010011101110011010000010000010001100001010111111011100000101110010100010001011011011110010011110101010100110111110011110100010001110100101001101011000010111001110011011101100111001011101101100001100000111100111100101001011111100011100110000001101000000001111100011000000111101010100010101101100011111010001100000001001111101111
111010001011011100011011001111010100011001100001111100110001010110011001111110000110010000110111100011010100011011110111101101000001110011111011101100100011111001010001100111110111000111101110000000010011100000111100110110011000001111111011111111011101101111100000100010101111000111001011101000001010010010111111010111011111101111
111111111010100001101010101000011100011110011001111110110001011011010111010000110000111011100010101111100010000111111011100010000001101000101010110001111011111010101000101011010011001111110001001100111011100101111101010000101111110111001001000100111100111001011011101111001101000000000111110100010011100010000010111001111111101111
111011001100111000101001111110001010010110011001111001111110111111000111000110011100100011100001111010101000011011110111111111011011110000100000011110000011111111000100101110011111111111111001010001101000100110111111001100011101000010110101111000101011111011111001110111101000110111001011111001010010100101101110011001011111111111
111100011101111000100010000111010000000000111001111011111000011011100110110110001011001010011111110000101101101011111111111010100101111111001001110011011011111011110010101011110011000111101111010000001000100101111101111010110010111100010110110100110011111011010011111001010000110010110000100000000111000001011000101111111111101111
110100010011101111010111010100100011101110100001111001100011110001000100011110101010110001111110010011111011101011110011101011011001110110001110000000011001111011010001110010111111100111111110100010000001001110111111111110010101110101100110000010111110110100110001101011010010110110011110011100111001011011001000000011011111111111
111110000100011110000010000001011010111000110111111011100100000110111010110101111111001000101001110010100011100111110011100010010101111110011000011011011001111100100011100000100011000011100000101000001100010011111101000011010000100001010101111110100100100000001011100001101101001110110000110001010110001111100011100001101111111111
111010111001011100000011100101000101001010000011111100101111101010101110101000110010100101101000010011000010110111110011110001000011111011110010010100011100111111110011001010101011010111111000000110011010111001111111001000010100111010110011000010111001001110010110001110000010001000111100000100111000001111111111110101111111111111
111011000011000001111111101000001000100010111011111000100001111011101000111001010110001101101100001010101110100011111011101001000001100010011001011010111101111111100011011011101111111011110100101100011110001100111111011110110001101010110100001001000001011010010000011011000101000110110011011011110110110001111010100110011111101111
110010101101111101111111010110001101111110100101111110100110011101010101101111000011010111010010111001110001100011111111101011010101101101011011111110000100111001010100011010110111001111111110001101010110010100111110110010110000110000100111111010011010111001101001101100100011001100100000101011110001001110000111100101111111111111
111101100000000110001101010001101001100101001101111000101000000000100111100010101110010010101101010000010001000011110011110010110111111011010011001011101001111101010011101110001111001011110110011101101000101101111101001111001011010010001000101101101111101000000000100011010001110001000011011111100000001010001001101011011111111111
111001110111101011011100110000000100101100100001111000110000111100011001100000001111111111001001001110010111100111111111111110101111101011101111000011101111111111101111011001100111101011110101000111100010110010111101011111010110101111101110110100001011111101000001000010010110011111010010100101111110000001000011110000111111111111
110000010010000100011011010010000010000010100011111001111010000011110100001111100111111111010100101011100000111111110111111000001101101101110111011000001001111110011100001010000111001111111010010000010100011011111110100101111000111001101011111000101011010111100000111111110011101010100110011000101100100001001000010000111111111111
110111000101101011101110110011010001010111111111111011101110010100100111010110010000001010100010100111001001001011111111100001100011111100111100100100000001111000111011001011100011011011100001001001100000100101111110110010110010110100111011010010000001110001101111110110100110111100000110011101000111011000110101001001101111101111
111001101100100100100010010000110000010001010011111011111100111010010100000111001001101100101011001100010101000111111111100110111011110100001100001000111110111100101000011100101011111011110000000000011001000000111110101110101000000101110101000011011101101001111111100111100010101000111001010100011100010001010001100111001111101111
110010001010000101011111101100110110111100110101111000100110101010110000100110010010111111011110100101011011100111110011110011101001100110011000001000110110111111111111100001101011000011110101001000111000111100111111000000101110111111000001001111111111011110010101000010001000011110000001000000000001011000100001101011001111111111
110001011010011111101110011011010001111101011101111010111101001111001010010110011001101111100001001001111111100011110111111001001001100011101011111100011001111011100000001101110011001011101100011110101000100101111111101010100001000111011000001100100110010110000100011110000101101001110001011001011010010010000011000100001111101111
111110001000010010000101001101000100101110010111111111111111101011010001110110110100001011100100101001011111100011111111110011111101101111010011110011001011111011111011000001010111100111111111101001011111011100111110010001101000111101011110100111000001110000010001111111111100110110110001000000110101110100100000110010011111101111
111001100011110101110101100010101001000010011011111001101011000000000101110000011110101010011100011000111101110011111111111001000101111111111111000000101001111010110001111100100011101011110110100110000011000100111100011001001101010010011111110100001000110011100000111000110000001000001100000010111000110001111101010000001111111111
110011111110000100111010000100000101001110011111111100110000000100001101011001100111000010010001110001011110011011111111110111101011100001010000110001101011111000110101001010010011000111111100110011000111011001111110000001011010101101111110111110100000011001110010110000011011110011110101001000011110111011001010111011001111111111
110000010111000101100111001101101100010001000101111110110010001000110110100001111011001010011010001101111011101011110111100111001001111111111000011000000111111000001110101001001111001011100101011000101000011010111101111101000001001110100000000111001100000100000100010001010000010010101000010011101101000000111111011001001111111111
110010110110110110000101010101000101101001100001111111101110000101111111110010100100010010001111100101100100100111110011110000100111110111010011001101011001111000101000110001111011100011100100100001101010110101111100000110111011011011001010011001011001000101010001001110000001111001000001111000010111101001010110010010111111101111
110001101010001010010001010001000001010111101011111110111111111010010010101000010101001010110110110000111101100011110111101011000001101011100000010001000111111011100000100101001011111111100111100111011011111101111110100010110001100000000000111010111010100111000100110011011001010010111011110001110111111111001111110110101111111111
110001111000101101011000010000000010100000001111111100110111110111001011011001110111111011111100101011010010000111111111100111001011111010111111110101001110111100001010111101100111010011111010001101010000010000111110001010111101010100100110000000111110110010000011110010001010110010110100011101100100011110110111010001001111101111
110101101111111000011001111000110110110011111001111101100101010000011001111111111011101010000000100000101110111111111011111100101001111111000111111010000110111110101010101101110111011111101111101110111000110001111110111001111000110011000000111010001010110010110011011010111111111110001000100101111001110101110100100101111111101111
110001001011111011111100011111011110101100111101111110100111101111010110001100001011101001101011000000110001001011110011100010011001100101001111101100001011111010100100110100100111111011100101000110000000100111111100011101000010110111011100100011010001011110001110111110010001111101000000001001100011110011110011100000101111111111
111110001010000010011111110011000101110010000101111110100011011111001101110001011000011000000000011000000000000011111011100110111101101100110101000010011000111011100000010011010111010011100101110001111010100000111100000011110011110111000011100011101011111110110100101111000111011110000111010110000000001011011101010111001111101111
110011110001111100110001001110000010111000100011111000101100001101010011001001111001000001101110010111110111000111110111100110001011110100011011011001001010111110101111010100100011110011110110000000010001111100111101100101011010101100001010000111111001010100110111110010001000100110111101111110111101101010101101101100001111111111
111111010101000110010101100001100101100111000001111011101110100000111010010111010010000111101110111000000111001011111111100010110001110001111000110011000110111101111101110000101011101111111011101001110000100100111100001000110001001000101100101000101100101110000111110011001111000010110001010000010000111010011110011101001111101111
110101000101011111101100100011000110101001000001111111111101111001111101010110000011010010000011010110101111100011111111111101110101100011100110100000000111111000100001111010100011110011111000110101110000101011111100100100101111111100001100010001010011000110101001111101110110110100111010000110011011110001011110011010001111101111
111101100000001111100101001101010101111010010101111101101000001101111010111111010111000011101111111011110111110011111011100101011011100100110011110101000101111101001001101000001011111011100001001000111111000101111100110110110001011100010110011110110100010000101001110111101011000001001101010011001101110101010011000010011111111111
110101010110100010111100001001000100110011100011111100111001011111010100010010011101111000011011000101011001010011111111110011001101101111101111111001101101111110001001011010110111101111111010000101111101110101111101111000001011111000110001100000111011110100010010010000011001000111000110111110000011001010111001001010011111111111
110110101111111100011000000000010010000001100111111100110000001100011001011000111000100011101111101101010100101011111011111111000111111100010000010001001110111100100101000011100011101011111111010101100101110000111101000001000001011111101110111100001001001011000111101000110100100110111101111001100111011111000000110000001111111111
110110111011000111100011010011011010101110101001111011101110001001101110101011100010100010101011010001000000001011111111101001000111100011010101000000001110111110101101010101001011111011100010000111001100011011111101101110110100110110100001001110010000000101110101000110100111000011111000001000000101010000101101010110111111101111
111001111110100110011101101000001001100010110111111101101100110010101110011101000101110001011111010010111100000011111011110000111101101001110010001101000101111010111010011101111011100011100010001000000100011001111100110111111111110111001000001000001100100010110000010001100000100010110001010111110011110110110110010001011111111111
110000000111000000001010010010010001100110100101111001100110111110111011100100000011101001000000010111110111100111110011110111100101110000000010101100110110111000111001100010011011011011111111111111101100111000111111010011000001001101100110011000010101000000101010111011100001010110001011011101111001111111010111001000001111101111
110000000001100010110101000001100000111111101111111101110011001101100010110011000000000001000111010011011010111011111011110011100101110011110000101000001001111001000101110101010011010011110010100111111101100001111101010110100110000010011101001111000101111001000100110000101001101100110110000110001000101001010001001101111111101111
110101011000101110001110000001100010000110001111111001101111100000110010010110010011011101111001000010111100001111111111111111000101101110011111010010001100111001101000000100000111000111111011111000001100100101111111001111100111101100100111011011000101011111000110010101101111100101000000100000111010100110101000100101111111111111
110010001110110010000011100101001001101101101001111010101000100111100001001100110110001111001000110000111110010011110011100011011001110000111100001001100110111010000100000101100111110011101001111100101010111011111111001000000001010011111111011011001111011001000011101101100000100110010000010100001001011011011010111000101111111111
111111001101110010010001100010011011101011110101111001100110001001011001010001110101101100011000100011101010110011111111101000100011110111100101000111000011111001011000101101101011100111111010010110101011011111111111010110111110101100100001101100110001101001011100101101110011101001011000101010010110111000010110011100101111111111
111110010101000111111010010111011111111110001111111000110100001011101000010010110101101101110111001001001111100111111111101111001011101110110101011011001001111000110000001101110011000111110110110000011110111101111110010010001101111110111100110101011000000001111000101000111000010000011100111101111101101001110001010000001111111111
111110110101001000111000000100101110000000010011111110101000111010000010100011010001101101001110010111101010100011110111110011100011110101110100100100001100111100110111101101010011110011110111111111000000000110111101101111101001110000111110110001011001100011010001000000111011110101010111111101001000100001001011110010011111101111
110000000110100000100110010011111000000101100011111011101101011010000101001011111110011010011110100100000000101011111011111100010001110100101111001101101001111010110110011101010011110011101010011100111100111101111111101110010010010111010010011100100000111011001110110000010010110101010100011001100001101011110001010000111111101111
110010100001001011000010010100110110011110001011111110111100001101111100111010011100010000101010110001010001010111110111111000001001110001010001100010011000111001110101001010110111011111100010000110001010100001111100010101100000101101111110001100000110110100111001101000001111101011001111010101001100001011101011000010111111101111
110000111110000101101110000011001110101000010001111101110011100001001111010011110010111001111110011011000110100111110011101111110111101011111001010011100101111101000001111011110011011111110111010100101010011001111101101010011010100110010001101000010010011001010001011001001101101110000000011011011111010111101010000101001111111111
110001110000000100111101001001111110110111111001111100100001101111000000101101100011100101101110100001001111001111110011110010011101101000000100011001011110111111010000010111110111010011111110011111000101101111111111100000101110011001101001110001010101001111111110111101111110110010101111000011000111001101010010110010111111111111
111100001000001010010001000011111001100110011101111110110101010100111011011101110110001111011110110111010011111011110111110010101101101010001110111111100001111001001010110000111111100111100101101101000101100101111111001100010001100100110111111011000000110000011011111010111101001101010001000000010001010101111100001111011111101111
110010101101000010011111011110110011111011110111111111110111111111001011001101110101111001110111100110011111001111111111100000101001100110001000110101100011111111111010000111101111100111100010001100110010110111111101010010101101111110001101011001001111001110110111100011011100111011110001101011001010100001100101111100111111101111
111110101100011111000110110100101100100111011101111011101010101001001001010111101000010011011010010101101111110111111011111011100101111101111111011010101101111101101101010111000111100011110011001101110100100011111111000000000000010110101111010101100010111111110110001100110000100110111100000111011100111011001111111010111111101111
110101101110110111001000000100010001101101011001111001110111111111101111001000001000010111111111001111011010101111110011110100100001100001010110110100111011111000010100001110000111001011110100111000100001011100111111011001110101100000001010010110010110001100001000101011010101010010011111101001000011000111010000010100101111101111
111100101011001001111000101011001101010110000111111000110010011011011011101100111110100111101100000111000110011011111111100111001001100011011101000110110100111001011100001011011011110111101110100101110101001011111101011001101001100010000110111011110100110100111101110010001001100111001000001100101100101011101110100011011111111111
111010110111000011011010010010000001100100000001111010101101110010100110010000101110001100000100010101000110000011111111111110001001100011001100010011011010111001111001001101001111100111100110010101010100110001111100110100101111100100010011101001000100110100001111001110001010001011010101001101101011110110001010100100101111101111
110000011110000000001010111001001100001010000111111000101100001000010001010110001110100100111100011101001111001011111011110111010101101001011110101101110111111100110000101000010011000011100101111111001000001101111101011011110110101011111110001100001010111100001011000110011000101011001100111100010010001010100101011000101111101111
110111110111110111101000001010010110010001101011111000110001000000000001001011000001010000010010110000100110100011110011100001111011100111100000010001011110111001011101100010100111110011110001111001110110100100111111110000010001110111101011011100000001010001110111100101001010000110111100111010010101010110110010110000001111101111
110101010110100011101001001010111100101001000001111100100111110100111001110110001111110010011010000111110011111111110111100101110101111101110111001111111010111010100111011001011011111111111111100110010101010100111100100010000101000111010001100110110001011101111011011111111110000001011100110101110100110011010101010000001111101111
111000100101011110101011010110111100011010110001111010110011000101001101110010101100110000001100111000000110011011111011110100010011100011101001000100100110111101011010011000001011010011100100110111110000110111111100010101110100111111111100011101101001010110011100010100001110100000100000001100000000100011100111001000011111101111
110101011011010111011100000001011010111001011001111001101100011100010010010011101100100001000101010101111100110111111111111010100011100001101010001011000110111000011001001001011111100111110100100101010001110001111101010010111100011011100000011000110011101100000101010000100111100101011011111000111010000010001110101101111111111111
110001101010100011011011011101100000111110110011111100111111011010000001100010000011110110010011111110111000001011111011100001100001101100100101110000101010111001111111000001010011100111110100100100110101100011111110100110011010000011001111110001110001000000111000110000000111010000001000011111001101001101100010010001011111111111
110100011110001110101000111011001100100010011001111110110110001011111110000111110111011001001001111000000010100011110111100111001011110000001010110000100010111000101011010001000011001011110110011100001100101111111101100110001010100010000101111010000011111001111110000011101010000000101110011110010100111101110100001111101111111111
111000001000010110100001000010011001001110110011111001110101010100010000000001110111001000010111011000000100100011111111110000110011111111011110101111010010111010010110001110000111010111100110001001000001011111111100110111101111000011111101111010000000110011011001001001110101110001000101000011000101101000100111100001011111101111
110111011000010001010110000111101000001000000001111001110110100011111101101110010001010010101001010000000101001011111011111001000011101101111000010010111001111010111000010011011111110011110000011011111110011101111111100100110001110111011111010001100100001010001100011001010001001000011010011001101010000011111100110100011111111111
110000111101101111011000110001111100001101010111111100110010111100010011101000010001110110010000111110000010010111110011101111000101110001110010011110101110111001100111111100000011010111111001100100110101111001111101011011110010010100100011001000100011110110001111111010100001110100110101001101110100001011010011100010011111101111
110001101101101010011101010101011000010011100101111111100010000111011010100101010000111101011100000100100001110111111011100001000001111000101001101101100010111110001000001001100011110011110000101101011110110010111110101110000000111000110111001110101000011100000000001000011011111011011010000111001000001100111100101011101111111111
111101001011010001000010010110100101111111111101111011100001110101001011001111010110010001000001110001010010110111111011101111000001101100010001100100001111111100101111101010011011101011101000110001100101100111111101001000000000110100000011110001010001010000011010010011110100010001101011000000000110010011001111001000111111101111
110111010101000010110100001000101011001110010111111000110001100010011010111111100110000001111100001010111011101111111111110111011001100111001111100110010011111010111100110100100111110111101101000101010010100111111111100001110000111001101000111000001100111010110011010110100000011100001100011000011011101110000010111101101111111111
111001011001000111001111010101011011100101000011111100100001000010111010000101000111010010110110000000110100110011110111110001101001100011101101110100000010111001000000010101100011011111110011110101010010110000111111101110001011110110010110101011001101001110111010100010100111010011001000101100111010000100000000011011111111111111
111000111100001010100101011111011011010110011101111101101110000010001111000011010000100001011000100111110010111111111111110001010101111100101011100110010110111100000101001000110011011111110111011111101010010101111100111111101001011000000100110001101111001100101111110111010001100100011110111010011111110011111111010100111111111111
110000011000110100111010000101001111011001011101111110100011001100011000011010110001011101011110011100101100011111110011110000011101101110101100110000000111111111000100110101101011001111110000000011011100101110111101001010000001110100000100111101010000100110001010101011000001001010011010001110001111100110100011100010001111101111
110000101110100010000011110010110010100000000101111010100010011010001111010100111111100010001001111110011011010111110011101100000101111000001010101010000001111010110011111001000111010011110110001000011100011111111100001101000110110000000011001000111000011011100010010001100101011100100010000111011101001100010101101100101111111111
110101010100101100111000011101011000011011111001111010111001100010010110110110010111111101001101000110101001001111110111110010000011111000001100100100010100111011101001100011000011000111101001011101101111010011111110111010001000111101010001101011111100110101011010011011100100110110001110010001000000100000000011000010111111111111
111011000010011011001111000010011001100010001011111111110010111111101111001111110011011010111100110000110000100011110111111010011111110011011110000110101110111110110110101101011111001011111111110101100000110111111100001111110101000110110001110101010110100110100100000100111110101101000111110110111101110111010011011100101111101111
110000010100010111010000110000100101010101001101111011110101101100010111110100110011001101111110000101000100110011111011110011011101111001001100110101001011111000110110101011011111001111111100011011001000000110111100000101110111101111001001110110100000110000011001011010100100110110000111001101111010111011011011010000011111101111
110001011011000100000111110110101110101111010111111000111010110110100111000001110000001100110001001011011111000111110111110001101011111010111110110011111011111001000110001101000011001011100101110000111101111011111110010000010111110000010000011001011010001111110011101001101100111000001011111100100001011010110000111111101111101111
111101001110000010110100110011011110001010111111111111100010110101110011000100101110100000010111111001010001000111111011111110010011110100111100101101000000111110110100011101110111001011110110000101100111000100111101101011011010011110101010001001111010110101001011001111110101100011111000011011100001010100100000000100001111101111
110001100000011100010010111001001011000101000101111111111010010101100101000100101100100010111010010000011011101011110011111100010101101000000110001011111001111010100010101110100011010111101110010101110000100000111101000000100001010100010000100101101101100010000001010001011100010011110001100000000011001000110110110111111111101111
110010100101001001001100111010000010010101010101111111110010000111111000110111000000000001001110100001100101001111110011110110000001100110010100011010010100111110110101101100001111011111110001000000110001111011111110011101011000111101000001011011100000011100100111011111110001111101111110011111010001100111101000100111101111111111
111100011000000111011011011001000001010010111111111110111111001110101100101011101111111000101111000100011110111011110111110110000111110110011001011111011100111110100010111001101111110111100011100010101101100000111111010011111001111001000011111101001011110010110110000100111101110100111001001001100101010101000111010000101111101111
110111111011110001000010110100010000011101010011111010100001110001110001010000101001010000010101101001011010001111110011110100101101101000101011001011011001111000010010011100110011101111101111100001010001010110111111110101111110000100111110110001010110100100011110000000111100001100111100010011000100010100100000111000111111111111
111111001011010010100000000110000001010110100111111101101000000011111101101011000000101011010100111111100111010011110111100010011001110011001110001101101001111110110100101001100111101111110011000010000110011110111100100010001100110100000111101111110111100011010110010000100100011011011110111010000001000001101100001110101111111111
110111101011000001101111110110000100100110000101111111100010101101111100111001101010011101100010111001010100001011110011100111111101101101000000010001011101111010100101011110000111000011100011001111101111100001111100000111001000000110111100011101100010110111111101110100011000100010011100011000000010110101101010011110111111101111
110100000100000110011101101011011110011101010101111111110100011111010110011000001000001001111010001010100010000011111111100100101001101010011100100001001100111110000010011100011111001011100110100110111010100010111101110100110100011011000010010110000001000000010010100111011011010000001100010111100001010101001001011001101111111111
110110001000010111011011100011001000001001100101111000100000000100010010001011101111111010001000011111101111011011110011101000110101101001000011110010100001111001000001110110001111110111110000111100110010010100111100000001111110011000101111100001100100110111000010011010101111011010101110111000001001001101000011011111111111101111
111010101100010101101000010000101111111111001001111111111100111010110001100001110101001010101100010010001111101011111111101100010011110000100110001101101100111000001101010001110011001111100011100101100010101000111100001000101010011001111110110001011110000111000010001111011110001011011101010011110100001000010100011100101111111111
110110010001000111111101000100111100011010100111111100111001100101011100011011001110111011101001001010011100010111111011101011011111111111110011111110000100111101011010010011110011111111110000110110100011111100111101011010101111011000100011001011000001110111010111101011101001101010101111010101100111111000110011011111011111101111
111001001010100001110000000000111000101100100001111111111001101111001100100000000101101010001111111000001100101011110011110000101001100011010101111001000001111011000111000000001011110011100101001101110010011110111101010111110100101010011111100101010101101111100100100001000001100111110010101100011100100010101001101100001111101111
111111010011100010101000011001010010100111000001111010110001100010101101100001010001110011000110010010100000011011110111101110000001100100010111110110011010111100010111100101101111001011110011010101010001000111111111011000110001100100000111001000010010010011011011100111000100100100110010111011111100000101100110001011101111101111
110010100011001111111001111000111111111111100011111011111101100100011001000101100100100101110110011000111001111111111011111110101111110011101010111110000111111111111101001101000111100111111110001101001001101110111111111000011000000010000111000001010011100000010101010010100110111011111111011001101011001110101000111001111111101111
111110111010011010001101000110101010110100000111111100101010110010100011101010011000001100010000000110010011000011110111101010000111100000000110110101110010111000000110000010011011001111111110101000110110010010111111011110110100101000111110101011101000000010011110101111000000111110101010101011001101010110110011011011101111101111
111011010010101101000110011010000001111000111001111101110100010100001111111000001001011011001101010001000101111111111011111100000001111010101101110010010000111000000011000000000011001111110111010001100101100111111101110001101001111100001101101110011000001111100001110010101101001110110010011010010100111011011101000111011111111111
110100011100001010100110110100110111100000010001111100110100101000000000101111101000001010110001110101011111100111111011110101100101111010101101101001000110111000011110111111100011111111110100010100110010000101111101000101000110010110111011111010101001101111101001001111101110100100100000000111011111110100110000110110011111111111
110101000101110001001111111111010001010011111111111111110010011110111111100110101111011101011010000001001110010011111111100000010101111001111110101100000111111110011010111011110111000011111111101010111101000011111101111011011110001100110110000111000001100101011110101101011011011100111111010110000111011101010111010011111111111111
~~~
77.0 136.0 99.0 396.0 1981.0 
0.0 280.0 28.0 104.0 491.0 
79.0 156.0 91.0 351.0 1742.0 
79.0 160.0 97.0 294.0 1710.0 
86.0 162.0 93.0 294.0 1677.0 
84.0 162.0 96.0 273.0 1724.0 
88.0 171.0 89.0 289.0 1599.0 
84.0 159.0 92.0 338.0 1730.0 
82.0 155.0 87.0 357.0 1770.0 
78.0 147.0 103.0 336.0 1786.0 
83.0 153.0 91.0 361.0 1801.0 
72.0 165.0 84.0 363.0 1687.0 
84.0 162.0 96.0 273.0 1724.0 
81.0 159.0 90.0 370.0 1711.0 
78.0 154.0 93.0 336.0 1718.0 
80.0 146.0 100.0 328.0 1840.0 
81.0 148.0 102.0 328.0 1836.0 
81.0 134.0 99.0 405.0 1915.0 
80.0 149.0 100.0 341.0 1794.0 
81.0 163.0 89.0 332.0 1647.0 
80.0 146.0 100.0 328.0 1840.0 
85.0 141.0 104.0 329.0 1847.0 
82.0 127.0 115.0 370.0 1993.0 
76.0 159.0 94.0 319.0 1771.0 
75.0 138.0 117.0 306.0 1955.0 
83.0 135.0 115.0 338.0 2011.0 
78.0 139.0 96.0 378.0 1921.0 
81.0 146.0 93.0 400.0 1846.0 
86.0 150.0 104.0 303.0 1813.0 
79.0 153.0 94.0 336.0 1726.0 
86.0 161.0 94.0 306.0 1727.0 
79.0 143.0 95.0 415.0 1924.0 
0.0 0.0 179.0 626.0 3323.0 
81.0 133.0 110.0 353.0 1963.0 
75.0 148.0 95.0 348.0 1808.0 
81.0 146.0 93.0 400.0 1846.0 
84.0 129.0 106.0 385.0 2020.0 
68.0 141.0 101.0 360.0 1916.0 
81.0 148.0 102.0 328.0 1836.0 
66.0 154.0 100.0 312.0 1765.0 
75.0 161.0 88.0 338.0 1704.0 
71.0 151.0 101.0 331.0 1815.0 
79.0 162.0 90.0 330.0 1636.0 
92.0 162.0 87.0 333.0 1723.0 
95.0 153.0 85.0 360.0 1775.0 
71.0 149.0 103.0 346.0 1851.0 
76.0 127.0 110.0 402.0 2054.0 
77.0 134.0 113.0 355.0 1973.0 
0.0 22.0 170.0 578.0 3104.0 
90.0 165.0 93.0 300.0 1649.0 
71.0 149.0 103.0 346.0 1851.0 
68.0 145.0 103.0 318.0 1858.0 
86.0 160.0 93.0 310.0 1706.0 
91.0 160.0 81.0 354.0 1700.0 
78.0 145.0 102.0 322.0 1883.0 
94.0 158.0 85.0 367.0 1713.0 
91.0 141.0 102.0 320.0 1904.0 
83.0 154.0 91.0 352.0 1761.0 
80.0 135.0 106.0 358.0 1997.0 
70.0 151.0 101.0 339.0 1820.0 
86.0 161.0 89.0 319.0 1664.0 
74.0 135.0 99.0 398.0 1986.0 
80.0 149.0 100.0 341.0 1794.0 
84.0 163.0 88.0 311.0 1681.0 
72.0 165.0 84.0 363.0 1687.0 
85.0 151.0 103.0 303.0 1803.0 
79.0 162.0 90.0 330.0 1636.0 
79.0 157.0 94.0 327.0 1785.0 
79.0 142.0 109.0 294.0 1809.0 
85.0 149.0 101.0 315.0 1825.0 
77.0 144.0 102.0 354.0 1890.0 
101.0 147.0 101.0 303.0 1798.0 
80.0 151.0 99.0 296.0 1820.0 
78.0 145.0 102.0 322.0 1883.0 
81.0 149.0 102.0 316.0 1863.0 
76.0 127.0 110.0 402.0 2054.0 
81.0 159.0 91.0 367.0 1709.0 
78.0 136.0 102.0 407.0 1931.0 
91.0 141.0 102.0 320.0 1904.0 
77.0 136.0 99.0 396.0 1981.0 
90.0 165.0 93.0 300.0 1649.0 
76.0 140.0 101.0 375.0 1953.0 
79.0 156.0 91.0 351.0 1742.0 
82.0 127.0 115.0 370.0 1993.0 
84.0 129.0 106.0 385.0 2020.0 
84.0 159.0 92.0 338.0 1730.0 
80.0 146.0 100.0 328.0 1840.0 
75.0 134.0 108.0 383.0 1976.0 
101.0 147.0 101.0 303.0 1798.0 
85.0 149.0 101.0 315.0 1825.0 
94.0 152.0 86.0 360.0 1783.0 
82.0 155.0 87.0 357.0 1770.0 
83.0 153.0 93.0 354.0 1766.0 
91.0 159.0 91.0 313.0 1691.0 
85.0 151.0 103.0 303.0 1803.0 
93.0 121.0 105.0 415.0 2142.0 
82.0 153.0 101.0 305.0 1811.0 
66.0 154.0 100.0 312.0 1765.0 
78.0 134.0 107.0 356.0 1951.0 
73.0 160.0 87.0 338.0 1739.0 
75.0 134.0 108.0 383.0 1976.0 
79.0 162.0 90.0 330.0 1636.0 
84.0 151.0 96.0 324.0 1790.0 
78.0 136.0 102.0 407.0 1931.0 
79.0 162.0 90.0 330.0 1636.0 
87.0 158.0 89.0 363.0 1714.0 
72.0 147.0 96.0 348.0 1822.0 
76.0 140.0 101.0 397.0 1911.0 
84.0 162.0 96.0 273.0 1724.0 
75.0 160.0 91.0 339.0 1704.0 
81.0 149.0 93.0 401.0 1780.0 
81.0 148.0 102.0 328.0 1836.0 
81.0 133.0 110.0 353.0 1963.0 
97.0 146.0 103.0 303.0 1790.0 
85.0 161.0 92.0 310.0 1699.0 
97.0 147.0 102.0 303.0 1776.0 
86.0 160.0 95.0 306.0 1732.0 
70.0 151.0 101.0 339.0 1820.0 
72.0 135.0 105.0 380.0 2004.0 
76.0 155.0 93.0 363.0 1764.0 
83.0 152.0 102.0 303.0 1789.0 
76.0 144.0 96.0 381.0 1877.0 
92.0 122.0 105.0 410.0 2136.0 
90.0 165.0 93.0 300.0 1649.0 
82.0 165.0 83.0 312.0 1654.0 
78.0 134.0 107.0 356.0 1951.0 
74.0 150.0 97.0 342.0 1804.0 
91.0 145.0 99.0 308.0 1858.0 
77.0 148.0 105.0 300.0 1854.0 
78.0 154.0 93.0 336.0 1718.0 
79.0 143.0 95.0 415.0 1924.0 
77.0 144.0 102.0 354.0 1890.0 
97.0 147.0 102.0 303.0 1776.0 
81.0 152.0 102.0 289.0 1834.0 
99.0 121.0 109.0 434.0 2074.0 
79.0 143.0 108.0 294.0 1799.0 
83.0 153.0 92.0 352.0 1772.0 
83.0 148.0 98.0 321.0 1811.0 
79.0 156.0 91.0 351.0 1742.0 
70.0 151.0 101.0 339.0 1820.0 
0.0 168.0 87.0 320.0 1648.0 
77.0 158.0 94.0 320.0 1780.0 
79.0 146.0 103.0 343.0 1801.0 
94.0 152.0 86.0 360.0 1783.0 
82.0 144.0 102.0 331.0 1887.0 
78.0 147.0 103.0 336.0 1786.0 
84.0 166.0 91.0 298.0 1635.0 
87.0 157.0 94.0 309.0 1721.0 
81.0 150.0 100.0 296.0 1829.0 
84.0 162.0 96.0 273.0 1724.0 
77.0 161.0 91.0 330.0 1651.0 
79.0 150.0 100.0 296.0 1834.0 
86.0 155.0 82.0 366.0 1736.0 
83.0 130.0 107.0 386.0 1992.0 
73.0 160.0 87.0 338.0 1739.0 
84.0 163.0 88.0 311.0 1681.0 
82.0 127.0 115.0 370.0 1993.0 
76.0 142.0 96.0 415.0 1934.0 
74.0 150.0 97.0 342.0 1804.0 
72.0 150.0 98.0 334.0 1819.0 
82.0 156.0 91.0 347.0 1777.0 
71.0 149.0 103.0 346.0 1851.0 
91.0 159.0 91.0 313.0 1691.0 
86.0 161.0 89.0 319.0 1664.0 
75.0 134.0 108.0 383.0 1976.0 
86.0 161.0 94.0 306.0 1727.0 
75.0 148.0 95.0 348.0 1808.0 
69.0 144.0 103.0 327.0 1866.0 
76.0 139.0 102.0 375.0 1963.0 
93.0 153.0 93.0 316.0 1705.0 
82.0 155.0 92.0 347.0 1784.0 
82.0 158.0 91.0 370.0 1722.0 
81.0 149.0 100.0 326.0 1819.0 
97.0 145.0 101.0 297.0 1852.0 
76.0 140.0 101.0 397.0 1911.0 
81.0 164.0 88.0 332.0 1632.0 
77.0 145.0 104.0 324.0 1852.0 
74.0 150.0 97.0 342.0 1804.0 
83.0 134.0 116.0 338.0 2025.0 
78.0 145.0 102.0 322.0 1883.0 
79.0 142.0 109.0 294.0 1809.0 
72.0 165.0 84.0 363.0 1687.0 
78.0 152.0 101.0 343.0 1720.0 
74.0 149.0 94.0 401.0 1848.0 
80.0 135.0 116.0 327.0 1934.0 
84.0 162.0 96.0 273.0 1724.0 
78.0 134.0 107.0 356.0 1951.0 
79.0 154.0 103.0 325.0 1761.0 
85.0 151.0 103.0 303.0 1803.0 
92.0 162.0 87.0 333.0 1723.0 
74.0 153.0 88.0 375.0 1844.0 
70.0 151.0 101.0 339.0 1820.0 
78.0 136.0 102.0 407.0 1931.0 
75.0 160.0 91.0 339.0 1704.0 
85.0 149.0 101.0 315.0 1825.0 
84.0 165.0 91.0 307.0 1641.0 
112.0 156.0 96.0 295.0 1735.0 
76.0 145.0 94.0 371.0 1848.0 
78.0 147.0 103.0 336.0 1786.0 
76.0 127.0 110.0 402.0 2054.0 
77.0 148.0 105.0 300.0 1854.0 
85.0 159.0 91.0 343.0 1754.0 
101.0 147.0 101.0 303.0 1798.0 
89.0 155.0 90.0 344.0 1763.0 
91.0 145.0 99.0 308.0 1858.0 
85.0 141.0 104.0 329.0 1847.0 
76.0 142.0 101.0 383.0 1890.0 
78.0 154.0 93.0 336.0 1718.0 
87.0 157.0 97.0 273.0 1711.0 
80.0 151.0 99.0 296.0 1820.0 
83.0 154.0 94.0 323.0 1763.0 
77.0 162.0 90.0 329.0 1744.0 
71.0 149.0 103.0 346.0 1851.0 
84.0 159.0 92.0 338.0 1730.0 
91.0 141.0 102.0 320.0 1904.0 
73.0 138.0 97.0 378.0 1930.0 
71.0 151.0 101.0 331.0 1815.0 
83.0 153.0 93.0 354.0 1766.0 
91.0 159.0 91.0 313.0 1691.0 
82.0 144.0 102.0 331.0 1887.0 
77.0 136.0 99.0 396.0 1981.0 
80.0 142.0 106.0 335.0 1925.0 
92.0 122.0 105.0 410.0 2136.0 
83.0 130.0 107.0 386.0 1992.0 
82.0 155.0 87.0 357.0 1770.0 
73.0 141.0 106.0 342.0 1872.0 
84.0 163.0 88.0 311.0 1681.0 
94.0 158.0 85.0 367.0 1713.0 
79.0 162.0 90.0 330.0 1636.0 
81.0 134.0 99.0 405.0 1915.0 
86.0 160.0 93.0 310.0 1706.0 
82.0 153.0 101.0 305.0 1811.0 
77.0 158.0 94.0 320.0 1780.0 
66.0 154.0 100.0 312.0 1765.0 
73.0 160.0 87.0 338.0 1739.0 
91.0 156.0 102.0 302.0 1766.0 
81.0 146.0 93.0 400.0 1846.0 
68.0 160.0 94.0 334.0 1726.0 
103.0 161.0 100.0 291.0 1700.0 
77.0 144.0 102.0 354.0 1890.0 
87.0 158.0 94.0 309.0 1706.0 
81.0 133.0 110.0 353.0 1963.0 
89.0 160.0 81.0 360.0 1692.0 
90.0 165.0 93.0 300.0 1649.0 
83.0 153.0 91.0 361.0 1801.0 
83.0 128.0 108.0 387.0 2075.0 
81.0 148.0 102.0 328.0 1836.0 
79.0 143.0 95.0 415.0 1924.0 
97.0 147.0 102.0 303.0 1776.0 
88.0 171.0 89.0 289.0 1599.0 
72.0 150.0 98.0 334.0 1819.0 
73.0 134.0 107.0 391.0 1974.0 
87.0 158.0 89.0 363.0 1714.0 
83.0 153.0 92.0 352.0 1772.0 
80.0 149.0 100.0 341.0 1794.0 
82.0 165.0 83.0 312.0 1654.0 
86.0 157.0 90.0 344.0 1776.0 
94.0 152.0 86.0 360.0 1783.0 
82.0 127.0 115.0 370.0 1993.0 
81.0 162.0 85.0 360.0 1688.0 
79.0 160.0 97.0 294.0 1710.0 
84.0 129.0 106.0 385.0 2020.0 
79.0 156.0 91.0 351.0 1742.0 
94.0 152.0 101.0 304.0 1781.0 
80.0 146.0 100.0 328.0 1840.0 
99.0 121.0 109.0 434.0 2074.0 
~~~
1.382
