111101001011111101011011000010110011000010111111111100111010101110100100011110111111010111000001000000001100111011110011110001000001100110001011011111110001111101011000001001000111000011101100001100111011101001111101000110111111110011111010111110110100100000001010111000001001000000100000010110010111101001111100010010011111101111
110100001100100001101100000001100010110111101001111111101101101011000011111001111110111000010110011110110010010011111111101101101001100001000010000111000111111100100010100001110011101111101100001000010011101010111110000001111010110011001111011000111010001110111110011000010101101000001100001101100101100001010100011010011111111111
110111000011100100000010101111001111110000000101111111111111101000001010111110001011010110101100111011110110010111110111100000100011111111000111001111010111111101010010100111001111000011100001011101100001010100111100000010010111110001101001100000000101001000011100000101001001101011111110111011011110001011100001010010001111111111
110101111011100001011011111001101110001101101101111011100011001110000111101101110011110111011011101111101110101011111011111111111111111001101010111010101100111111101001001101010111110011110000001101101101110010111101100001101000011100001011101110110110001110111001101000100100000010111100000101011110110010000010110100111111111111
111111011110100010100110000101011100101100000101111101111010011111000111110011101110110010100111111110011110001111110111110111110011101101000110000001100000111000101110000001111111100011100101010011000111010110111110011001101010011101110111010000010011101100101001111001000000000001110000010001100000010111000011100010001111101111
111100110111000011101110010010100101001001010111111011110010101011100111101000100111100000000001100101001000000111111011101111100001110000110001001010001101111001011010110011010111001111100101100101000000001001111100001011010001111110101100011000100000000010001011010001110011011000011000001000001101110100101010101001111111111111
110111000110001010001000011000111010001100100001111101101100101111010001011001110100111110100011110100101010010011111111101110001001111001011101001010000110111100011010001011111011000011111000110110010000101000111100011010000100011100001000011010101000111001111111110011100011011101110001110011100100110010000001001010001111111111
110000000000000000000000000000000000000000000001111010100000000000000000000110000000000000000000000000011000000011110011100010000001111110000000000111000000111000000001000000000011000111100000000000000000000000111111111110000000000000000000000000000000000000000000000000000000000000000000000000000000000000000000000000001111101111
111000010000111100010011101110100010010010101011111100110111101110101110010000011001001000000101100101010101011011110111101101010101101010001110000011111101111011001001101111110011101011110001001100110110000010111110100010000100000101000100101010010101100001100011010100100111001111111000110011100001110101000101011010011111101111
110101010110101110011110100101010000101010100011111000101010010011101110011110101111010011111011000101001010101011111111110111010001110100000010000111111101111100011010110011111011001111111110000010110101111011111110111000010000001010001011100111011010010000011101011101110011001100100110011111011001100010010000000110011111111111
110001111110101001111010100100000111011110011001111010100010011101011010001001100001101110010100100001000001000011110011110101101011110001000011101011000010111010011011010010011111111111111110000011111000101100111111001011110010100011101110111111010000000011011010100010010110011110101110000101101101001110001101101001011111111111
111101100101100010010101001101011001011111010101111110110000011110110001010010010011010010101111001111100001001011111111101111000001111000001100111000011110111111000110100010000111111111101111111111010010111001111111010000011110111100111100100010111101111110010000010001100000101110101011101100001010011001111100101011101111111111
110110000001000111011111010010010101000110110101111000111010111011000010101101000100000001011100100001001101010111111011101011110001101001100001101111101111111000110100100110101111101111110010000110111000000010111111000110101110000001001110011101001110000010000000101101111000011011101110011011100001010110110001011011111111111111
111001101001101011101010111000101010011110001101111111100100110111000000010010010001110000111010010111010011110111110111100111111111100101011010010011100000111000011010011011101111001011100110001101010100011111111101011111100001001010001101011000111010110111100110111101011101010100111010100010001011001111011101111000101111111111
110001101011000010110001001011100110000101100001111101100001000111011100000000000000111011100001100110111111001011111111110100110001110101011000011011101110111000101100000010000011000011100111010010100111010110111101101110100100110100110001010001001000101000101110001110101111010000000011101101111000001110010011100010011111111111
110110101010111100011101110111010010011000110101111000100011011100011011010011101000000010001010111111110111111011110011100100101001110000111101101110000110111011000010001111001011110011100011001001100010000011111110111000110011110001110110101100111000110111111100110101011100111000111110001110100111010000000101100100101111101111
111000011111100100110100010001111000110111101101111001111000100101100010101100000011110111110010100111100011101111110111100000000001110110011100010001011110111000110000111011101111110111100010011000010010101100111111111100000001111010010011011011010111001000001110111001010010000111101011110001010101110011001110111101101111111111
110110101001011001001011110100110100000011011111111101111100101100010000000111111011100111110011110111111011111111110111100111100001110001100111101110111001111010001001011000101011000011101010000001000010011001111111001100000011110100110110001011001111000110101001110000110000111000010011110101010001001101111000011111011111101111
110100101110100011001101000000000110111000011011111001100010100100001000101110010011001101010111001001001100000011110111111011110111100110110000011000110110111000001000100110011011100111100010110010111100110110111110000110000010100110100001000000110110100111001111001111010110111100110101010000001001010111011000101000101111101111
110111100110000000000001001110011000000101001011111000110010111100100001100100100000100100010011011110011101100011111011100100101011100111000000101101111111111001011001001001110011001111101100001101100011111100111110001001010011010011110001100011111111100011001000110011000110011100001100001010111011000011001100111000001111111111
111111011101000001000000100110011000010100101111111110110000110100110001000110101010100100011010001101011000111111110111111000101111100100010111010000001101111011001011000001000011100111100010000010111101111000111110111110001100001100110001000000010100011111011000001001011000001001110010110100100111011110101111000011011111111111
111110010111100010011010001010101011111110110001111010100100110011010001011011010001111100010111001011011111111011110011101110000001111001000001100111001010111111011111001100111111001011111001101010110110011110111111001111011100101110000101111010010011010011101010111011101011001110101001110101111101100110001000001101011111101111
110001111110101001111010100100000111011110011001111010100010011101011010001001100001101110010100100001000001000011110011110101101011110001000011101011000010111010011011010010011111111111111110000011111000101100111111001011110010100011101110111111010000000011011010100010010110011110101110000101101101001110001101101001011111111111
111111110100011001010011011011111100001101100011111110100000110100101100001100111100001001011110011100100111101111111111101110110101111011001000000101011001111110011001101010001111000111100011111010000101101010111100110110100000101000110001000000110100111000110001110111000010111100011010001001000100000111000011000010001111111111
110111010101001101010101000101111100100101110111111000100010001110101101100010111110101000011111010010101010000111110011100001010011100101101111000001111111111111101100011010101111001111111110001101101000011100111101010000011101000011011101111011110010011001010101011101001111000110011100111011111001110000111101110010111111111111
111111011110100010100110000101011100101100000101111101111010011111000111110011101110110010100111111110011110001111110111110111110011101101000110000001100000111000101110000001111111100011100101010011000111010110111110011001101010011101110111010000010011101100101001111001000000000001110000010001100000010111000011100010001111101111
110111000110001010001000011000111010001100100001111101101100101111010001111001110100111110100011110100101010010011111111101110001001111001011101001010000110111100011010001011111011000011111000110110010000101000111100011010000100011100001000011010101000111001111111110011100011011101110001110011100100110010000001001010001111111111
110110101001011001001011110100110100000011011111111101111100101100010000000111111011100111110011110111111011111111110111100111100011110001100111101110111001111010001001011000101011000011101010000001000010011001111111001100000011110100110110001011001111000110101001110000110000111000010011110101010001001101111000011111011111101111
110110111000000000001111000100010011000001000101111100111010110000110000100010111100010010111110111100110000001011111111111111110101110010011010110011111111111010101000011100111011001111111111010110011011001001111110000111100011111010111000001101001001001000011101100111011000100011000111001000110100000101001010100101011111101111
111111010010111011110000000101010101111101010011111000100000000111111000110000010010011110101010000101110001111011111111111011100001100000010001010000000010111001100101010110110011110111100110000010110110110001111111000101100111101110101010101011101000000001001010111111010011010110000001010100100101011100111111001101111111111111
111111101001001110001010111010010011000111110111111001100100001101101100010111010000000111100110011010110111011111111011110111110111111000100001010100001110111100101110101001100111010011100010100101101100111110111100101010010000010001110111100001000111100011011001011110100000101100011010100111010011100111010011010100101111111111
111010001010100011111010001100000110001010000001111101110111010110110110011100111101100001011011111100000010100011110111100001001001110000000000011001000100111001001001101111000111101111110001111111100011100101111100101110110010100110100001000000110110100111001111001111010110111100110101010000001001010111011000101000101111101111
110100101100000110111110000001011110101110001011111011111100000110000011101000000110100000110111110111001100010011110111111101000001100110110101001100011010111101000010001000011111001011100101101110001111110000111100101111101000001111011101111001101001110111000100001010111111100000101010110110000011001010000000010100101111111111
111001000011101010101000000000110011001011001001111110100111001110011111100100011100000001010000001000100100110011110011111101100101111000110100100100101011111100110001111011000111100111110110111100000100010000111111011000100010110101110010001100001101010110001001011011001000110011000101001010010001000011010101100111101111101111
110001111101100100011111100100111111011111010011111001100100010110011000001100011110111100110100000110001011100111110011110001011101101110000100110010101100111001001101111000100011100111100110100101000001101011111100001000001000111010111010011100011001111011100011000010001011000000100010100011010111111111110010100100011111101111
111010001010100011111010001100000110001010000001111101110111010110110110011100111101100001011011111100000010100011110111100001001001110000000000011001000100111001001001101111000111101111110001111111100011100101111100101110110010110101011110100110110001111010110011100101000101000100101001000101001110010100001011000100001111111111
111111110011010001000001100111000010100110000101111011111111001001000110001001001110010101110011110011111101101111111011101011010111110101000101100101000000111000001000010000011011010011111011100110010110001111111101001100000001000000100000001001100111011111010011101001010101101011100100011000001000111000001101000001101111111111
110010011111101111111100101001010101001101010101111101100010100000110000110010011111010101011110001111101110110011110111111001010101110110110100010110001000111101001011100110100011010011110110110000110100100001111100001100001000110111010101101101111110100011001000110011000110011100001100001010111011000011001100111000001111111111
110010101101101011011010110001011101101011111001111101111010000111001101001101010000001111101100100111100001111111110111110001110011101100111100111001110101111000110001111011111111101111110100011101111001011110111100000110110011111111011111111010000101011101011110101101000100111111101111100100101111010000101011110010111111101111
111011000111001001001011001111010000000010000111111010100100111001101000001110111001001101100101010101110100110011111011100101101101100110000001010111101001111100001101010110010111001111111110000000101010001010111101111111110101110011101000101010101000011010100101000111111100100000100000011100011010110110011111011110101111101111
111111101001001110001010111010010011000111110111111001100100001101101100010111010000000111100110011010110111011111111011110111110111111000100001010100001110111100101110101001100111010011100010100101101100111110111100101010010000010001110111100001000111100011011001011110100000101100011010100111010011100111010011010100101111111111
111001000100100010101101100001010000101011001011111101111100100001111001011001110111000110110101101110011110101011110011100011110001101100110000111000111101111101010000110111001011001011110011101000000100011011111100110110111001010000101100001000001111000011000100010100001100001011111111111000000101011101110111000001001111101111
111010001010100011111010001100000110001010000001111101110111010110110110011100111101100001011011111100000010100011110111100001001001110000000000011001000100111001001001101111000111101111110001111111100011100101111100101110110010110101011110100110110001111010110011100101000101000100101001000101001110010100001011000100001111111111
110001110101110110111000000011011101111101111111111100101111010110010111100111111001001001100001100011100111110111110111100011100101111000110011011110100000111010000011001011010011110111100100110111101110111101111110110001100001111001100110011000111110110000001111011111100011100001011001110100000001010101100101100000111111111111
110100111010000001001010010011010000010000011001111101100000001100111101011100010111111110000100000110001110001111111111100000011111101010110011000011000100111101100010011001111011101111101100000001100110000010111101001000011111100011001011100000010101000000101001001111010011011100101001100100000000111011111101100111101111111111
110001111101010111101110110100011010110011011011111111110011001110001100001110010011011100011000101100011100110011111011111111010011111100110100111001010010111111010011011101001011110011110001110000111111111011111100010101111000111010011110111100100110001001111011101000110100111101010111000010111000010101111010011110001111111111
110100010011011110010100111111010010101110100101111001111010100100001001000101111001000101101111100111001000000111111011111010100001111110100110000000111100111100111101000011110011111011100011010100111000101100111100110110010101001101000101111110001100001010001100101101100000010100100100001001000000011010001100100110101111111111
110111100110000000000001001110011000000101001011111000110010111100100001100100100000100100010011011110011101100011111011100100101011100111000000101101111111111001011001001001110011001111101100001101100011111100111110001001010011010011110001100011000111110011011101100011001010001111010010011101010001011111101101010001101111101111
110110000001000111011111010010010101000110110101111000111010111011000010101101000100000001011100100001001101010111111011101011110001101001100001101111101111111000110100100110101111101111110010000110111000000010111111000110101110000001001110011101001110000010000000101101111000011011101110001011100001010110110001011011111111111111
111111110100011001010011011011111100001101100011111110100000110100101100001100111100001001011110011100100111101111111111101110110101111011001000000101011001111110011001101010001111000111100011111010000101101010111100110110100000101000110001000000110100111000110001110111000010111100011010001001000100000111000011000010001111111111
110011001011000101010001000011001001111010011011111001101010001001100101010111000101111110000110011101100010101111110111100001101001101010110110010001001111111001101010011001001111010111100111101111011011110101111100100110100011100011000110001001110111010000001100111001111011111101001011010100001001110010000100000000111111101111
110100111010000001001010010011010000010000011001111101100000001100111101011100010111111110000100000110001110001111111111100000011111101010110011000011000100111101100010011001111011101111101100000001100110000010111101001000011111100011001011100000010101000000101001001111010011011101101001100100000000111011111101100111101111111111
110110010000101101010000000010101010111110010001111110101001000010101011001101101000010111101110000100111010111011110111110110110001111000011011011111010010111011010001001010101011111111101011000100001110011000111110011000110100100101101001111111100000000101111110010010000100010100001101011000011010100001010011000111101111101111
110110101001011001001011110100110100000011011111111101111100101100010000000111111011100111110011110111111011111111110111100111100001110001100111101110111001111010001001011000101011000011101010000001000010011001111111001100000011110100110110001011001111000110101001110000110000111000010011110101010001001101111000011111011111101111
110100101100000110111110000001011110101110001011111011111100000110100011101000000110100000110111110111001100010011110111111101000001100110110101001100011010111101000010001000011111001011100101101110001111110000111100101111101000001111011101111001101001110111000100001010111111100000101010110110000011001010000000010100101111111111
110001011101100001111110010011110111001001100001111110100101001110111101101011001110011011101000110011101100101011111011111011011101111111101111111100010101111111011110101110010111010011110101111101110101101111111110000001111010011101101011111111100000010011010111101011100000100110111100001010010000100110000100101111011111101111
110001101111101101011100101010111011101111100111111100101011101001111111000100100110100100101000101000100100010111110111100101010001101100111011011011000100111000111010001100001111001011111100010000001101010010111111110010011101011100111000111000010101110000011101000111000011110101000010110001110001111111010111111110011111101111
111101000001000100100100001000110100010011101101111110100110110000001000011010100110000111010011011110000100001111111011100011110101101010111001011010000111111100111010000011110111101111100100100110011000111101111101110010010001000011011001001100001000001011000101001110101011000101011110001101001001001110101100000001001111101111
110101111010100110101111101111001111100110110101111001110000100111100100101010010100100101100011100000100011111111110011100111001011111001000001100111001010111111011111001100111111001011111001101010110110011110111111001111011100101110000101111010010011110011101010111011101011001110101001110101111101100110001000001101011111101111
111111111111111111111110101111111111101111111011111111100011111111111111111110011101111111111111111111011101111111111011111011111011111111111111111111111111111111111111111111111111111111111110111111101111111111111111111111111111111111111110111111111111111111111111011111011111111111111111111111111100111101111111111111111111101111
111100010001001011100110101110110101111100101101111101100111110000100000010110000011011100011010011100110010001011110011110001100011101001001101100010100100111010101101011110100111000011100011010011100101101000111101000001010101111011001000111111010011000101011110000101110101010111000001010011101001101010000011110110001111101111
110100101101010011100010010011001011111110011011111011101110000101010110010100001010010000011011001001101000101011110011111101110101101111010010001010000001111110011011000010100111010011100100011000101010101011111111111000110011110110000110000000110100010011000010011110001011011000111101101101000001001101110010100111111111101111
110110101001011001001011110100110100000011011111111101111100101100010000000111111011100111110011110111111011111111110111100111100001110001100111101110111001111010001001011000101011000011101010000001000010011001111111001100000011110100110110001011001111000110101001110000110000111000010011110101010001001101111000011111011111101111
111101001011111101011011000010110011000010111111111100111010101110100100011110111111010111000001000000001100111011110011110001000001100110001011011111110001111101011000001001000111000011101100001100111011101001111101000110111111110011111010111110110100100000001010111000001001000000100000010110010111101001111100010010011111101111
110100000110011111011111101011000000111000011011111110110011011000101001011111011111110000111111100100011010110011111111111110100001101000001111111111110011111001100111100011111111100111100010010011010010111011111101110000000100101110010000101101011010101101001001000111010111000010101110101001100000111111111011100000111111101111
111111001110100110000010101110111001101101100001111011101000001011100111001100000111011111101011010100111110011011111011110011010001100011010100110011010100111111100001100110011011001011100110100101100110101011111101111001101110011101000101110000010110000111001111011111010111011110001011101010111000010110001100010001001111111111
110010110110001010010101110001101001100000000101111101111000011010001001100010110001000111010100001000011011110011110011100101011001110010101010101101111101111100010100011000110011000111111110010000001101111111111101111010001100001101000110010110101110100010001100000001000001100011111111010101001110101101011101001100001111111111
111100111000011000100111100011111101011100001001111110110011010110110010000011100001010011101110001100110111010011111011111011101011100010000101100000101110111000110101111001000011001111110111111000000001001110111111011001011101111100110100001110111111000110010011000000010100000100011010101010010011111101011111100010101111101111
110101010110101110011110100101010000101010100011111000101010010011101110011110101111010011111011000101001010101011111111110111010001110100000010000111111101111100011010110011111011001111111110000010110101111011111110111000010000001010001011100111011010010000011101011101110011001100100110011111011001100010010000000110111111111111
111111001100000110111111111111101010100110000101111100111100000011100011001111111001001001011000110100011011101111110011110001001011110001011110101100000101111101011101111101100011011011101100100101100000110110111101010100011000100000110010110110111011110011011011000011011111010011110110011010111010010010000101100111001111101111
111111110100011001010011011011111100001101100011111110100000110100101100001100111100001001011110011100100111101111111111101110110101111011001000000101011001111110011001101010001111000111100011111010000101101010111100110110100000101000110001000000110100111000110001110111000010111100011010001001000100000111000011000010001111111111
110111001011001111001010001001001110011111011101111001111100100000110110100001001101110011111001100010110001001011111111101001001101110101110010100111001011111011010110100010010011111011100101000011110001000000111101110100110101111010010011111101011110101010011011101110111111001111010101001010010001111011000100110100011111101111
110011000100001110001010100011000110101111111001111100100000010011001000111000010010011011101110101110011011011011110011110001100111100111010001111100010101111011100010011010111111111111101101100000000001110000111111011000100101110011000101100100101101010000001001011011001011000000101100110010010101100000000010101011111111101111
110110101001011001001011110100110100000011011111111101111100101100010000000111111010100111110011110111111011111111110111100111100001110001100111101110111001111010001001011000101011000011101010000001000010011001111111001100000011110100110110001011001111000110101001110000110000111000010011110101010001001101111000011111011111101111
110010111000011000101010011001011111111100001101111011111011111011011011011000111000110011111010110101000001010011111011111111001101100100010101101011001101111111101011001001111011000011110001111101011100010001111110111001100110101101001111110010100000101011001000110110111100011001001001000010111110000010111110110101111111101111
110111001011001111001010001001001110011111011101111001111100100000110110100001001101110011111001100010110001001011111111101001001101110101110010100111001011111011010110100010010011111011100101000011110001000000111101110100010101111010010011111101011110101010011011101110111111001111010101001010010001111011000100110100011111101111
110101101111111111110000111001101111001100100011111100101110010100000011110100111100100100010011100011010101101011110111110101010011111001111010000101111010111001111111101000111111000111101010010011111111010100111100111010100001111001011101100001101011110110110001010000011001111101000101000011111111110010001010110011001111111111
110011101000000010000100111000011000001010000011111001100011100010111011111100010100101001110111000001000110001111111111101110011101110011011111000001010001111000011101101001110111001011101100011111101111011000111110110001010001110010101101000001101101110010111010000111100000100000101001110000011111111110010000110011101111101111
111000000110100001011000001010110101000000101111111001111011101010010000010101110000101001001000001101001011001011110111100010101001100110101010101100010001111101001111011110000011111111110100100110000110000110111110101000000101111110100000011111010101001101111101110111110101110011100011001001010010100101111100001010101111101111
111100110111000011101110010010100101001001010111111011110010101011100111101000100111100000000001100101001000000111111011101111100001110000110001001010001101111001011010110011010111001111100101100101000000001001111100001011010001111110101100011000100000000010001011010001110011011000011000001000001101110100101010101001111111111111
110100101110100011001101000000000110111000011011111001100010100100001000101110010011001101010111001001001100000011110111111011110111100110110000011000110110111000001000100110011011100111100010110010111100110110111110000110000010100110100001000000110110100111001111001111010110111100110101010000001001010111011000101000101111101111
111100011101101110111101101100100001111010111011111101101111110101101001011010010011101001001110011001010100010011111111111111000101100011000111001111101110111010000001101101001011100011111101010010111011100001111101001101111011000110111011101111011111011110001100001011111110000110100011110010101101001011011011110000101111111111
111000101000000000111011000101110011011000001001111110101110001010110101101010101011010011111001000010000110101111110011101000011011111011110011000011010001111101111011010111000111000011100001110111101000100000111110011000000001000111010000011101001110011101111000011011101001110111011111111001111101001101010010000100011111101111
110001101111101101011100101010111011101111100111111100101011101001111111000100100110100100101000101000100100010111110111100101010001101100111011011011000100111000111010101100001111001011111100010000001101010010111111110010011101011100111000111000010101110000011101000111000011110101000010110001110001111111010111111110011111101111
110101101111111111110000111001101111001100100011111100101110110100000011110100111100100100010011100011010101101011110111110101010011111001111010000101111010111001111111101000111111000111101010010011111111010100111100111010100001111001011101100001101011110110110001010000011001111101000101000011111111110010001010110011001111111111
111111110011010001000001100111000010100110000101111011111111001001000110001001001110010101110011110011111101101111111011101011010111110101000101100101000000111000001000010000011011010011111011100110010110001111111101001100000001000000100000001001100111011111010011101001010101101011100100011000001000111000001101000001101111111111
111011100110101011111111100001111100011000000001111111110100111010001000100101110101010101100010101010010110010111111011111010111001101010111010110000000011111100000111111010001011111111111000000010010100110000111101001010000001010000000000011011010101111001001011010010011101100100110100100010001000111110000100100100111111111111
111101111011011111011100110000011111111101101001111101100011111111001100100110000000111110000000000000000000000011110011100010000001111101111000000111100000111000000010111010100011110111100000000000000000111110111111110000000001101001111100111011110001111110111011110000000000000000000111111111010001000111110000001100111111101111
111010001010100011111010001100000110001010000001111101110111010110110110011100111101100001011011111100000010100011110111100001001001110000000000011001000100111001001001101111000111101111110001111111100011100101111100101110110010110101011110100110110001111010110011100101000101000100101001000101001110010100001011000100001111111111
111010001010100011111010001100000110001010000001111101110111010110110110011100111101100001011011111100000010100011111111100001001001110000000000011001000100111001001001101111000111101111110001111111100011100101111100101110110010110101011110100110110001111010110011100101000101000100101001000101001110010100001011000100001111111111
111111010010111011110000000101010101111101010011111000100000000111111000110000010010011110101010000101110001111011111111111011100001100000010001010000000010111001100101010110110011110111100110000010110110110001111111000101100111101110101010101011101000000001001010111011010011010110000001010100100101011100111111001101111111111111
111000000000000101010011110010001001011101101111111000111011000000111011101111011000011100010001110000001010001111111111100110010101110001101001010001001100111001111110010011011111011011100110110001100010100111111100110000101010110011000010111111011111111001100111100001010100010000100110101110000011111110000101001100001111111111
110000001110011010011111000101110101010011011101111011111100011000010010111100000000010110010100100000101101111011111011111101001001111101001000001111011100111010100101101100001111011011101101100001110101000110111111010010011001000101010101001010100111101111101111000001001101001110000001010111011111111010010011110111111111101111
110110010000101101010000000010101010111110010001111110101001000010101011001101101000010111101110000100111010111011110111110110110001111000011011011111010010111011010001001010101011111111101011000100001110011000111110011000110100100101101001111111100000000101111110010010000100010100001101011000011010100001010011000111101111101111
110101101111111111110000111001101111001100100011111100101110010100000011110100111100100100010011100011010101101011110111110101010011111001111010000101111010111001111111101000111111000111101010010011111111010100111100111010100001111001011101100001101011110110110001010000011001111101000101000011111111110010001010110011001111111111
110000010001011101010010111101111000110110001001111001101100001110000101000100101010001110111110000011101011101011111111101110110011100110001101100111110101111110110101110101101011110111100111010110011111100000111100100000010010011010101100101110100101110100100100101110010001110001110010011101101001001000001000000011001111101111
110100100111100100100000001110110000001001011011111110101000100011001101100101010000000010010011010001000111111111110111110010011111111000100011100000111110111000010001001010101011011011111011010011111000100001111110000010100101111100100000011111001100000011000011011000001001101011100011110000010001010001110111010010001111111111
110000001110011010011111000101110101010011011101111011111100011000010010111100000000010110010100100000101101111011111011111101001001111101001000001111011100111010100101101100001111011011101101100001110101000110111111010010011001000101010101001010100111101111101111000001001101001110000001010111011111111010010011110111111111101111
111100010001001011100110101110110101111100101101111101100111110000100000010110000011011100011010011100110010001011110011110001100011101001001101100010100100111010101101011110100111000011100011010011100101101000111101000001010101111011001000111111010011000101011110000101110101010111000001010011101001101010000011110110001111101111
111001000011101010101000000000110011001011001001111110100111001110011111100100011100000001010000001000100100110011110011111101100101111000110100100100101011111100110001111011000111100111110110111100000100010000111111011000100010110101110010001100001101010110001001011011001000110011000101001010010001000011010101101111101111101111
110110101000101110010010100011101010001000111011111010110101110111000000001000101111011101101100010010011111000111110011111001000101100111111110011100011101111110011101011111110111101011100111110000000110110000111110010010010101011010010001101000011101001100111110100110100110010000011000010001100000001001010111101110111111111111
111000000010100110000110000100000100100100100111111110100110001010001111000110011111011001110001101011011001111111111111111111000001100101101010101100111000111100010111011001111011101011100101100100110100111001111101000111101110101100110100010001100000011011111001111110100001000100000100101010000010001110101100111111101111111111
111101100101100010010101001101011001011111010101111110110000011110110001010010010011010010101111001111100001001011111111101111000001111000001100111000011110111111100110100010000111111111101111111111010010111001111111010000011110111100111100100010111101111110010000010001100000101110101011101100001010011001111100101011101111111111
110111111000011000001100111100010100001001100111111100100000001000001001001111101100111000010010111010001101001111111011101011101011100011010001000010101101111000000001100001000111110011101011000000110001000000111110000011100101001000111000101110000110001000000000011010010010000010001011101100001000010000100011001101111111111111
110010110111100011100001110011010000000110011111111010100000100100001100110101010110100001010001100010010111000011111111100101000011100000011001110100011100111011101000001001101011100011111010001000010101110011111101001010111000110010101110101011001000101100101001100001111000010000100110111100111101000011010101000100101111101111
111111011110100010100110000101011100101100000101111101111010011111000111110011101110110010100111111111011001101111110111111000111001111100011000010100001001111010000000011110000111001011110100011011011100111110111101111111111101000101100111011111001110110001000111000001010001011110101110011010101011010100100111001011111111101111
110100001100100001101100100001100010110111101001111111101101101011000011111001111110111000010110011110110010010011111111101101101001100001000010000111000111111100100010100001110011101111101100001000010011101010111110000001111010110011001111011000111010001110111110011000010101101000001100001101100101100001010100011010011111111111
110001110101110110111000000011011101111101111111111100101111010110010111100111111001001001100001100011100111110111110111100011100101111000110011011110100000111010000011001011010011110111100100110111101110111101111110110001100001111001100110011000111110110000001111011111100011100001011001110100000001010101100101100000111111111111
110110101001011001001011110100110100000011011111111101111100101100010000000111111011100111110011110111111011111111110111100111100001110001100111101110111001111010001001011000101011000011101010000001000010011001111111001100000011110100110110001011001111000110101001110000110000111000010011110101010001001101111000011111011111101111
110101111010100110111111101111001111100110110101111001110000100111100100101010010100100101100011100000100011111111110011100111001011111001000001100111001010111111011111001100111111001011111001101010110110011110111111001111011100101110000101111010010011110011101010111011101011001110101001110101111101100110001000001101011111101111
110100011100100001001000000000011110100110010001111100100100101001010011111010011100110000010110111101111100100111110111100111000111100001111110110010100010111010100111011011001111010011100110110101111110011100111111100000000100011101011101011110100011011000100111100110001010111000000101111111010010001010111111101100001111111111
110100101100000110111110000001011110101110001011111011111100000110000011101000000110100000110111110111001100010011110111111101000001100110110101001100011010111101000010001000011111001011100101101110001111110000111100101111101000001111011101111001101001110111000100001010111111100000101010110110000011001010000000010100101111111111
110001101011000010110001001011100110000101100001111101100001000111011100000000000000111011100001100110111111001011111111110100110001110101011000011011101110111000101100000010000011000011100111010010100111010110111101101110100100110100110001010001001000101000101110001110101111010000000011101101111000001110010011100010011111111111
111101101100010011001111111011111000100010101011111100101101111000001100011111100100110000010010101001110111101011111011101110010101101001110110011111100011111100000011101101001011100011110000000010101010000011111101101110111010010100001101001111110111101111101010101111100111101110001100010100101101101011000010101101011111111111
110101000001001001111010010111101010000100000111111110110001000001000110000011001000010011101000100101110001101111110011101110110011100011001001101010011111111110111100100001111111010011111110100011100001001000111111101101100011100110100000110101110101010001111100101010111011010100011111001010100010010111001100111001101111101111
111000000110100001011000001010110101000000101111111001111011101010010000010101110000101001001000001101001011001011110111100010101001100110101010101100010001111101001111011110000011111111110100100110000110000110111110101000000101111110100000011111010101001101111101110111110101110011100011001001010010100101111100001010101111101111
111001000011101010101000000000110011001011001001111110100111001110011111100100011100000001010000001000100100110111110011111101100101111000110100100100101011111100110001111011000111100111110110111100000100010000111111011000100000110101110010001100001101010110001001011011001000110011000101001010010001000011010101100111101111111111
110101010110101110011110100101010000101010100011111000101010010011101110011110101111010011111011000101001010101011111111110111010001110100000010000111111101111100011010110011111011001111111110000010110101111011111110111000010000001010001011100111011110010000011101011001110011001100100110011111011001100010010000000110111111111111
110101110111001101101111000000011111111111001101111010100100011010010010100110000000110111111100000011001100010111110011110111101101100110000001011110110100111110010100111000101111101111111110000001110100101100111101000110101111000011101110001001111100100011001101100111100100010110110110000000111111000101011110011010001111101111
110000000000000000000000000000000000000000000001111001100000000000000000000000000000000000000000000000011000000011110011100010000001111110000000000111000000111000000001000000000011010011100000000000000000000000111100000000000000000000000100000000000000000000000000000000000000000000000000000000000000000000000000000000001111101111
111111101001001110001010111010010011000111110111111001100100001101101100010111010000000111100110011010110111011111111011110111110111111000100001010100001110111100101110101001100111010011100010100101101100111110111100101010010000010001110111100001000111100011011001011110100000101100011010100111010011100111010011010100101111111111
111000000000000101010011110010001001011101101111111000111011000000111011101111011000011100010001110000001010001111111111100110010101110001101001010001001100111001111110010011011111011011100110110001100010100111111100110000101010110011000010111111011111111001100111100001010100010000100110101110000011111110000101001100001111111111
110111010101001101010101000101111100100101110111111000100010001110101101100010111110101000011111010010101010000111110011100001010011100101101111000001111111111111101100011010101111001111111110001101101000011100111101010000011101000011011101111011110010011001010101011101001111000110011100111011111001110000111101110010111111111111
111000101000000000111011000101110011011000001001111110101111010110110110011100111101100001011011111100000010100011110111100001001001110000000000011001000100111001001001101111000111101111110001111111100011100101111100101110110010110101011110100110110001111010110011100101000101000100101001000101001110010100001011000100001111111111
110110101000101110010010100011101010001000111011111010110101110111000000001000101111011101101100010010011111000111110011111001000101100111111110011100011101111110011101011101110111101011100111110000000110110000111110010010010101011010010001101000011101001100111110100110100110010000011000010001100000001001010111101110111111111111
110101111010100110111111101111001111100110110101111001110000100111100100101010010100100101100011100000100011111111110011100111001011111001000001100111001010111111011111001100111111001011111001101010110110011110111111001111011100101110000101111010010011110011101010111011101011001110101001110101111101100110001000001101011111101111
110010110110001010010101110001101001100000000101111101111000011010001001100010110001000111010100001000011011110011110011100101011001110010101010101101111101111100010100011000110011000111111110010000001101111111111100111010001100001101000110010110101110100010001100000000000001100011111111010101001110101101011101001100001111111111
110011001011000101010001000011001001111010011011111001101010001001100101010111000101111110000110011101100010101111110111100001101001101010110110010001001111111001101010011001001111010111100111101111011011110101111100100110100011100011000110001001110111010000001100111001111011111101001011010100001001110010000100000000111111101111
110100011100100001001000000000011110100110010001111100100100101001010011111010011100110000010110111101111100100111110111100111000111100001111110110010100010111010100111011011001111010011100110110101111110011100111111100000000100011101011101011110100011011000100111100110001010111000000101111111010010001010111111101100001111101111
110111100000001001011001011000101001110100100001111010111010110110010001001011100110011011101011111101010011100011111111111110101011110101111010111111011011111111101001100110101011101011111111011000100100111111111110111111001011001011111010001010100101000010111110110000011100001001000110010000111100000101000011111101111111111111
111110011010011110001011010011101101011101111001111000111010101000101000001101000010000100110110110001101110110011111111110010011101110111000111101010101011111010101101001000000111101111101110000101110101011111111100001111110000101010001100110100101001111101100100100111110011111000000100111011100010111100010100000110111111111111
110001111101010111101110110100011010110011011011111111110011001110001100001110010011011100011000101100011100110011111011111111010011111100110100111001010010111111010011011101001011110011110001110000111111111011111100010101111000111010011110111100100110001001111011101000110100111101010111000010111000010101111010011110001111111111
110111111000011000001100111100010100001001100111111100100000001000001001001111101100111000010010111010001101001111111011101011101011100011010001000010101101111000000001100001000111110011101111000000110001000000111110000011100101001000111000101110000110001000000000011010010010000010001011101100001000010000100011001101111111111111
110011001011000101010001000011001001111010011011111001101010001001100101010111000101111110000110011101100010101111110111100001101001101010110110010001001111111001101010011001001111010111100111101111011011110101111100100110100011100011000110001001110111010000001100111001111001111101001011010100001001110010000100000000111111101111
111011111010000010001000100001000001110000010001111010100110000101001011111010100111000001011101100011100100100011111011111110000001111011000101010100001111111110001101100101101011100111110000100101101100001000111101011010010001110000111010011000110101111011100101001010000000011010100011101110101110000101111010111100011111111111
110010110111100011100001110011010000000110011111111010100000100100001100110101010110100001010001100010010111000011111111100101000011100000011001110100011100111011101000001001111011100011111010001000010101110011111101001010111000110010101110101011001000101100101001100001111000010000100110111100111101000011010101000100101111101111
111000011111100100110100010001101000110111101101111001111000100101100010101100000011110111110010100111100011101111110111100000000001110110011100010001011110111000110000111011101111110111100010011000010010101100111111111100000001111010010011011011010111001000001110111001010010000111001011110001010101110011001110111101101111111111
110000000000001110101100000000000000000000000001111001100000000000000000000000000000000000000000000000000000000011110011110000000001111110000000000111000000111000000001000000000011001011100000000000000000000000111100000000000000000000000100000000000000000000000000000000000000000000000000000000000000000000000000000000001111101111
110111000011100100000010101111001111110000000101111111111111101000001010111110001011010110101100111011110110010111110111100000100011111111000111001111010111111101010010100111001111000011100001011101100001010100111100000010010111110001101001100000000101001000011100000101001001101011111110111011011110001011100001010010001111111111
110111000110001010001000011000111010001100100001111101101100101111010001011001110100111110100011110100101010010011111111101110001001111001011101001010000110111100011010001011111011000011111000110110010000101000111100011010000100011100001000011010101000111001111111110011100011011101110001110011100100110010000001001010001111111111
111011011010100011010110101111100000000110100001111001110011111111011000110001101001100100101110101110010001000111111111100000111011111100100111101100100000111010001000111011110011000111100101101001001100011011111101010010010011101011110000010100000100011100010101100110010100001010001010000000111000100011011110101101011111111111
110100101101010011100010010011001011111110011011111011101110000101010110010100001010010000011011001001101000101011110011111101110101101111010010001010000001111110011011000010100111010011100100011000101010101011111111111000110011110110000110000000110100010011000010011110001011011000111101100101000001001101110010100111111111101111
110101010110101110011110100101010000101010100011111000101010010011101110011110101111010011111011000101001010101011111111110111010001110100000010000111111101111100011010110011111011001111111110000010110101111011111110111000010000001010001011100111011010010000011101011101110011001100100110011111011001100010010000000110111111111111
111100011101101110111101101100100001111010111011111101101111110101101001011010010011101001001110011001010100010011111111111111000101100011000111001111101110111010000001101101001011100011111101010010111011100001111101001101111011000110111011101111011111011110001100001011111110000110100011110010101101001011011011110000101111111111
110111001011001111001010001001001110011111011101111001111100100000110110100001001101110011111001100010110001001011111111101001001101110101110010100111001011111011010110100010010011111011100101000011110001000000111101110100010101111010010011111101011110101010011011101110111111001111010101001010010001111011000100110100011111101111
110001011101100001111110010011110111001001100001111110100101001110111101101011001110011011101000110011101100101011111011111011011101111111101111111110010101111111011110101110010111010011110101111101110101101111111110000001111010011101101011111111100000010011010111101011100000100110111100001010010000100110000100101111011111101111
111000000000000101010011110010001001011101101111111000111011000000111011101111011000011100010001110000001010000111111111100110010101110001101001010001001100111001111110010011011111011011100110110001100010100111111100110000101010110011000010111111011111111001100111100001010100010000100110101110000011111110000101001100001111111111
111100111000011000100111100011111101011100001001111110110011010110110010000011100001010011101110001100110111010011111011111011101011100010000101100000101110111000110101111001000011001111110111111000000001001110111111011001011101111100110100001110111111000110010011000000010100000100011010101010010011111101011111100010101111101111
111110000110001111111101110011100011110011111111111001101011110111110111101100001110001010011111000101100010110111111011100011000111100000101000101000110000111111011011110010111011111011110100100110010101101111111111110110111010110101101011110001101111100011111000111100110000110111011110100101110111001101111011110011011111111111
111010001001000110001010110111000001010101010011111100111011001111001011110110011001011100010101111011100100001011111111100110010011101000010000010011111100111010110111011100010111011011100110110111110101101101111101100110110010000111110000001010010011110001010001010001111001000010000011110100011101000001001010111101001111101111
111011000111001001001011001111010000000010000111111010100100111001101000001110111001001101100101010101110100110011111011100101101101100110000001010111101001111100001101010110010111001111111110000000101010001010111101111111110101110011101000101010101000011010100101000111111100100000100000011100011010110110011111011110101111101111
111111011110100010100110000101011100101100000101111101111010011111000111110011101110110010100111111110011110001111110111110111110011101101000110000001100000111000101110000001111111100011100101010011000111010110111110011001101010011101110111010000010011101100101001111001000000000001110000010001100000010111000011100010001111101111
111111101001001110001010111010010011000111110111111001100100001101101100010111010000000111100110011010110111011111111011110111110111111000100001010100001110111100101110101001100111010011100010100101101100111110111100101010010000010001110111100001000111100011011001011110100000101100011010100111010011100111010011010100101111111111
111000000010100110000110000100000100100100100111111110100110001010001111000110011111011001110001101011011001111111111111111111000001100101101010101100111000111100010111011001111011101011100101100100110100111001111101000111101110101100110100010001100000011011111001111110100001000100000100101010000010001110101100111111101111111111
110011001011000101010001000011001001111010011011111001101010001001100101010111000101111110000110011101100010101111110111100001101001101010110110010001001111111001101010011001001111010111100111101111011011110101111100100110100011100011000110001001110111010000001100111001111011111101001011010100001001110010000100000000111111101111
110110101001011001001011110100110100000011011111111101111100101100010000000111111011100111110011110111111011111111110111100111100001110001100111101110111001111010001001011000101011000011101010000001000010011001111111001100000011110100110110001011001111000110101001110000110000111000010011110101010001001101111000011111011111101111
110101110011010010000000010110011110110001101001111001111111110110001010000100100100011001101010100111110000101111110011111001111111110000100111011101101010111110100111100001101011101011101110101101001100011010111101110001001110101010001001110000010001000100010011101110000101011111000111110011101100001101001000010011101111101111
110110011000000011110101010000011010001010101001111011100010111101001011100111100001110011000100001111110100001011110011101111101011100011110111101100010011111101001110101100010011110111101010100100000111100000111101110001100100101111011111111101010101010111001111110111011001011111110001000001110010001000101010010000011111111111
110011001011000101010001000011001001111010011011111001101010001001100101010111000101111110000110011101100010101111110111100001101001101010110110010001001111111001101010011001001111010111100111101111011011110101111100100110100011100011000110001001110111010000001100111001111011111101001011010100001001110010000100000000111111101111
110110000001000111011111010010010101000110110101111000111010111011001010101101000100000001011100100001001101010111111011101011110001101001100001101111101111111000110100100110101111101111110010000110111000000010111111000110101110000001001110011101001110000010000000101101111000011011101110001011100001010110110001011011111111111111
111010001010100011111010001100000110001010000001111101110111010110110110011100111101100001011011111100000010100011110111100001001001110011011111000001010001111000011101101001110111001011101100011111101111011000111110110001010001110010101101000001101101110010111010000111100000100000101001110000011111111110010001110011101111101111
110001101011000010110001001011100110000101100001111101100001000111011100000000000000111011100001100110111111001011111111110100110001110101011000011011101110111000101100000010000011000011100111010010100111010110111101101110100100110100110001010001001000101000101110001110101111010000000011101101111000001110010011100010011111111111
110111010101001101011101000101111100100101110111111000100010001110101101100010111110101000011111010010101010000111110011100001010011100101101111000001111111111111101100011010101111001111111110001101101000011100111101010000011101000011011101111011110010011001010101011101001111000110011100111011111001110000111101110010111111111111
110110101010111100011101110111010010011000010101111000100011011100011011010011101000000010001010111111110111111011110011100100101001110000111101101110000110111011000010001111001011110011100011001001100010000011111110111000110011110001110110101100111000110111111100110101011100111000111110001110100111010000000101100100101111101111
110100101110100011001101000000000110111000011011111001100010100100000000101110010011001101010111001001001100000011110111111011110111100110110000011000110110111000001000100110011011100111100010110010111100110110111110000110000010100110100001000000110110100111001111001111010110111100110101010000001001010111011000101000101111101111
110011001011000101010001000011001001111010011011111001101010001001100101010111000101111110000110011101100010101111110111100001101001101010110110010001001111111001101010011001001111010111100111101111011011110101111100100110100011100011000110001001110111010000001100111001111011111101001011010100001001110010000100000000111111101111
111111110100011001010011011011111100001101100011111110100000110100101100001100111100001001011110011100100111101111111111101110110101111011001000000101011001111110011001101010001111000111100011111010000101101010111100110110100000101000110001000000110100111000110001110111000010111100011010001001000100000111000011000010001111111111
110101010110101110011110100101010000101010100011111000101010010011101110011110101111010011111011000101001010101011111111110111010001110100000010000111111101111100011010110011111011001111111110000010110101111011111110111000010000001010001011100111011010010000011101011101110011001100100110011111011001100010010000000110111111111111
110010110111100011100001110011010000000110011111111010100000100100001100110101010110100001010001100010010111000011111111100101000011100000011001110100011100111011101000000001101011100011111010001000010101110011111101001010111000110010101110101011001000101100101001100001111000010000100110111100111101000011010101000100101111101111
110111001011001111001010001001001110011111011101111001111100100000110110100001001101110011111001100010110001001011111111101001001101110101110010100111001011111011010110100010010011111011100101000011110001000000111101110100010101111010010011111101011110101010011011101110111111001111010101001010010001111011000100110100011111101111
110011000100001110001010100011000110101111111001111100100000010011001000111000010010011011101110101110011011011011110011110001100111100111010001111100010101111011100010011010111111111111101101100000000001110000111111011000100101110011000101100100101101000000001001011011001011000000101100110010010101100000000010101011111111101111
110010111000011000101010011001011111111100001101111011111011111011011011011000111000110011111010110001000001010011111011111111001101100100010101101011001101111111101011001001111011000011110001111101011100010001111110111001100110101101001111110010100000101011001000110110111100011001001001000010111110000010111110110101111111101111
110110101110010000001000010110011111010111011101111101111010101111010001111101111000111100100011000111010110101111111111100110110111101111111011101101001011111111000110110010100111111011100110010010101010101001111110110000001111111101011101101010101111111100010010011010000111000011011010000101111111001011011010010011111111111111
111110011010011110001011010011101101011101111001111000111010101000101000001101000010000100110110110001101110110011111111110010011101110111000111101010101011111010101101001000000111101111101110000101110101011111111100001111110000101010001100110100101001111101100100100111110011111000000100111011100010111100010100000110111111111111
111000011011001101111011100001111100111011110011111000111111010000101011110100001100001010101111110100010111010111111111111110001101100111110010111001111111111101100101001001001011101011100100101110011000101111111100101010001100110101001101001000101001011010100000000110011100000001010110001110000011011010010010111011001111111111
111001101001101011101010111000101010011110001101111111100100110111000000010010010001110000111010000111010011110111110111100111111111100101011010010011100000111000011010011011101111001011100110001101010100011111111101011111100001001010001101011000111010110111100110111101011101010100111010100010001011001111011101111000101111111111
110010110110001010010101110001101001100000000101111101111000011010001001100010110001000111010100001000011011110011110011100101011001110010101010101101111101111100010100011000110011000111111110010000001101111111111101111010001100001101000110010110101110100010001100000001000001100011111111010101001110101101011101001100001111111111
110111100000111101011010101101100000111001000001111011101011001110111111101010011110100011111111101111010100101011110111101001000011110101111101001010100101111001111100111010101011100111111000010011101101001011111101011011000100001101000001111101110110110110010111110101101111011000100110111011011000110000000100000011011111111111
111000110000000010000111000001110101000110100101111110100110000100000100000010011101101001101100011100101100001011110111100000011011101011111000001011010001111100110100000111011011001111110000001110011110100001111100010000101010010011111011000100010111010001100110000110001110000000111100011100110100011001011101101010111111111111
111110011010011110001011010011101101011101111001111000111010101000101000001101000010000100110110110001101110110011111111110010011101110111000111101010101011111010101101001000000111101111101110000101110101011111111100001111110000101010001100110100101001111101100100100111110011111000000100111011100010111100010100000110111111111111
111101100101100010010101001101011001011111010101111110110000011110110001010010010011010010101111001111100001001011111111101111000001111000001100111000011110111111000110100010000111111111101111111111010010111001111111010000011110111100111100100010111101111110010000010001100000101110101011101100001010011001111100101011101111111111
111100010001001011100110101110110101111100101101111101100111110000100000010110000011011100011010011100110010001011110011110001100011101001001101100010100100111010101101011110100111000011100011010011100101101000111101000001010101111011001000111111010011000101011110000101110101010111000001010011101001101010000011110110001111101111
110110110101101000001111111000001001011110110111111011111011100000001111001011010001011010101001000100001010011111110111100001000001110110011101001110110100111010011001010110110011011011110010011101011110111011111100110001010101111101110011000011010011001001011011001100111011110110100111000110010111111010000111111100001111111111
110010101101101011011010110001011101101011111001111101111010000111001101001101010000001111101100100111100001111111110111110001110011101100111100111001110101111000110001111011111111101111110100011101111001011110111100000110110011111111011111111010000101011101011100101101000100111111101111100100101111010000101011110010111111101111
111011000111001001001011001111010000000010000111111010100100111001101000001110111001001101100101010101110100110011111011100101101101100110000001010111101001111100001101010110010111001111111110000000101010001010111101111111110101110011101000101010101000011010100101000111111100100000100000011100011010110110011111011110101111101111
111000011011001101111011100001111100111011110011111000111111010000101011110100001100001010101111110100010111010111111111111110001101100111110010111001111111111101100101001001001011101011100100101110011000101111111100101010001100110101001101001000101001011010100000000110011100000001010110001110000011011010010010111011001111111111
110011001011000101010001000011001001111010011011111001101010001001100101010111000101111110000110011101100010101111110111100001101001101010110110010001001111111001101010011001001111010111100111101111011011110101111100100110100011100011000110001001110111010000001100111001111011111101001011010100001001110010000100000000111111101111
111000111011101100110001100111001110100100000001111011100011000100011011000100000100011110010011011011110100101111110111110011110101111111111110010110001101111100011011100101111011100111101100100110010111011100111111010110101011110100001001110100111001101011000001110111000111101001101011001101011000111010110111111001101111111111
111111011101000001000000100110011000010100101111111110110000110100110001000110101010100100011010001101011000111111110111111000101111100100010111010000001101111011001011000001000011100111100010000010111101111000111110111110001100001100110001000000000100011111011000001001011000001001110010110100100111011110101111000011011111111111
111101101100010011001111111011111000100010101011111100101101111000001100011111100100110100010010101001110111101011111011101110010101101001110110011111100011111100000011101101001011100011110000000010101010000111111101101110111010010100001101001111110111101111101010101111100111101110001100010100101101101011000010101101011111111111
111000000110100001011000001010110101000000101111111001111011101010010000010101110000101001001000001101001011001011110111100010101001100110101010101100010001111101001111011110000011111111110100100110000110000110111110101000000101111110100000011111010101001101111101110111110101110011100011001001010010100101111100001010101111101111
110101101111111111110000111001101111001100100011111100101110010100000011110100111100100100010011100011010101101011110111110101010011111001111010000101111010111001111111101000111111000111101010010011111111010100111100111010100001111001011101100001101011110110110001010000011001111101000101000011111111110010001010110011001111111111
110111000110001010001000011000111010001100100001111101101100101111010001011001110100111110100011110100101010010011111111101110001001111001011101001010000110111100011010001011111011000011111000110110010000101000111100011010000100011100001000011010101000111001111111110011100011011101110001110011100100110010000001001010001111111111
111111001100000110111111111111101010100110000101111100111100000011100011001111111001001001011000110100011011101111110011110001001011110001011110101100000101111101011101111101100011011011101100100101100000110110111101010100011000100000110010110110111011110011011011000011011111010011110110011010111010010010000101100111001111101111
111011100110101011111111100001111100011000000001111111110100111010001000100101110101110101100010101010010110010111111011111010111001101010111010110000000011111100000111111010001011111111111000000010010100110000111101001010000001010000000000011011010101111001001011010010011101100100110100100010001000111110000100100100111111111111
110110010000101101010000000010101010111110010001111110101001000010101011001101101000010111101110000100111010111011110111110110110001111000011011011111010010111011010001001010101011111111101011000100001110011000111110011000110100100101101001111111100000000101111110010010000100010100001101011000011010100001010011000111101111101111
111010010001101110001010101100111110000001110011111011100001011000010111110001010010001010111100101101001100000011111011100011101101111010001001100000000010111010101000010111011111010111101010000001000001000001111100111100010000000000111010100000100101001101100110111101100011111010001000111000110110110000001001100011001111111111
110101111011100001011011111001101110001101101101111011100011001110000111101101110011110111011011101111101110101011111011111111111111111001101010111010101100111111101001001101010111110011110000001101101101110010111101100001101000011100001011101110110110001110111001101000100100000010111100000111011110110010000010110100111111111111
111000000010100110000110000100000100100100100111111110100110001010001111000110011111011001110001101011011001111111111111111111000001100101101010101100111000111100010111011001111011101011100101100100110100111001111101000111101110101100110100010001100000011011111001111110100001000100000100101010000010001110101100111111101111111111
110100011100100001001000000000011110100110010001111100100100101001010011111010011100110000010110111101111100100111110111100111000111100001111110110010100010111010100111011011001111010011100110110101111110011100111111100000000100011101011101011110100011011000100111100110001010111000000101111111010010001010111111101100001111111111
110100000110011111011111101011000000111000011011111110110011011000101001011111011111110000111111100100011010110011111111111110100001101000001111111111110011111001100111100011111111100111100010010011010010111011111101110000000110101110010000101101011010101101001001000111010111000010111110101001100000111111111011100000111111101111
111110000110001111111101110011100011110011111111111001101011110111110111101100001110001010011111000101100010110111111011100011000111100000101000101000110000111111011011110010111011111011110100100110010101101111111111110110111010110101101011110001101111100011111000111100110000110111011110100101110111001101111011110011011111111111
111001000011101010101000000000110011001011001001111110100111001110011111100100011100000001010000001000100100110011110011111101100101111000110100100100101011111100110001111011000111100111110110111100000100010000111111011000100010110101110010001100001101010110001001011011001000110011000101001010010001000011010101100111101111101111
110110101000101110010010100011101010001000111011111010110101110111000000001000101111011101101100010010011111000111110011111001000101100111111110011100011101111110011101011101110111101011100111110000000110110000111110010010010101011010010001101000011101001100111110100110100110010000011000010001100000001001010111101110111111111111
110100010011011110010100111111010010101110100101111001111010100100001001000101111001000101101111100111001000000111111011111010100001111110100110000000111100111100111101000011110011111011100011010100111000101100111100110110010101001101000101111110001100001010001100101101100000010100100100001001000000011010001100100110101111111111
111101100001101110001100111111100101110100010101111010100011101011000011111100011100010011000001100000111001010011110011100100101111110101010101111111100010111011101101010100100111000111100011110001101000001011111101110111010101101001101011101000110111100000010011001100011000101101011101001100010010001010001100010110011111101111
110100101100000110111110000001011110101110001011111011111100000110000011101000000110100000110111110111001100010011110111111101000001100110110101001100011010111101000010001000011111001011100101101110001111110000111100101111101000001111011101111001101001110111000100001010111111100000101010110110000011001010000000010100101111111111
111101000001000100100100001000110100010011101101111110100110110000001000011010100110000111010011011110000100001111111011100011110101101010111001011010000111111100111010000011110111101111100100100110011000111101111101110010010001000011011001001100001000001011000101001110101011000101011110001101001001001110101100000000001111101111
110101000110001111000010001111000001001000110111111110110011011010011001010010111010111100011111011100111110100011110111111010000111110011111100011100111010111100101010001011001011100011100011100111011011110000111111100001011110100100110101111110011011010111000001101100101011100111111010101111111110011011100110111010101111111111
111101001011111101011011000010110011000010111111111100111010101110100100011110111111010111000001000000001100111011110011110001000001100110001011011111110001111101011000001001000111000011101100001100111011101001111101000110111111110011111010111110110100100000001010111000001001000000100000010110010111101001111100010010011111101111
110101110111001101101111000000011111111111001101111010100100011010010010100110000000110111111100000011001100010111110011110111101101100110000001011110110100111110010100111000101111101111111110000001110100101100111101000110101111000011101110001001111100100011001101100111100100010110110110000000111111000101011110011010001111101111
110101000001001001111010010111101010000100000111111110110001000001000110000011001000010011101000100101110001101111110011101110110011100011001001101010011111111110111100100001111111010011111110100011100001001000111111101101100011100110100000110101110101010001111100101010111011010100011111001010100010010111001100111001101111101111
111111011110100010100110000101011100101100000101111101111010011111000111110011101110110010100111111110011110001111110111110111110011101101000110000001100000111000101110000001111111100011100101010011000111010110111110011001101010011101110111010000010011101100101001111001000000000001110000010001100000010111000011100010001111101111
110100101101010011100010010011001011111110011011111011101110000101010110010100001010010000011011001001101000101011110011111101110101101111010010001010000001111110011011000010100111010011100100011000101010101011111111111000110011110110000110000000110100010011000010011110001011011000111101100101000001001101110010100111111111101111
110001101011000010110001001011100110000101100001111101100001000111011100000000000000111011100001100110111111001011111111110100110001110101011000011011101110111000101100000010000011000011100111010010100111010110111101101110100100110100110001010001001000101000101110001110101111010000000011101101111000001110010011100010011111111111
110110110111001101001001010101101010100111100001111010110110101110110001000011110111011101000000111110111111011011111111100110101111111000011000010111000001111100011011001101010011001011101110110100101110001111111110101100100101011101001100011010111101110010100011001100100100101100101001001101001100001110111001100101011111101111
110101110011010010000000010110011110110001101001111001111111110110001010000100100100011001101010100111110000101111110011111001111111110000100111011101101010111110100111100001101011101011101110101101001100011010111101110001001110101010001001110000010001000100010011101110000101011111000111110011101100001101001000010011101111101111
110001111110101001111010100100000111011110011001111010100010011101011010001001100001101110010100100001000001000011110011110101101011110001000011101011000010111010011011010010011111111111111110000011111000101100111111001011110010100011101110111111010000000011011010100010010110011110101110000101101101001110001101101001011111111111
110111100110000000000001001110011000000101001011111000110010111100100001100100100000100100010011011110011101100011111011100100101011100111000000101101111111111001011001001001110011001111101100001101100011111100111110001001010011010011110001100011000111110011011101100011001010001111010010011101010001011111101101010001101111101111
111001000100100010101101100001010000101011001011111101111100100001111001011001110111000110110101101110011110101011110011100011110001101100110000111000111101111101010010110111001011001011110011101000000100011011111100110110111001010000101100001000001111000011000100010100001100001011111111111000000101011101110111000001001111101111
110011110111111110111000101110111000100101111001111001111111110001011010011101101010101111110010001101010010001011110111110011001001110011000001010111010101111101100110010110010111101011101110011011011010000101111111001011110101110100110001111111111100111001001111001010000111111010101111101010111110101100110011011101001111101111
110010011110101010001010101001000001100011010111111001110011011011111001111011101101101100110111111111000101000111110011101001101111110010010100000011000011111101001110011110101111100111111100010101101111001100111111110011001100111000000010001101011101001001100111011101010101111001000011000011110000011100111011010001011111111111
111000000000000101010011110010001001011101101111111000111011000000111011101111011000011100010001110000001010001111111111100110010101110001101001010001001100111001111110010011011111011011100110110001100010100111111100110000101010110011000010111111011111111001100111100001010100010000100110101110000011111110000101001100001111111111
111010001010100011111010001100000110001010000001111101110111010110110110011100111101100001011011111100000010100011110111100001001001110000000000011001000100111001001001101111000111101111110001111111100011100101111100101110110010110101011110100110110001111010110011100101000101000100101001000101001110010100001011000100001111111111
111011111010000010001000100001000001110000010001111010100110000101001011111010100111000001011101100011100100100011111011111110000001111011000101010100001111111110001101100101101011100111110000100101101100001000111101011010010001110000111010011000110101111011100101001010000000011010100011101110101110000101111010111100011111111111
110000010001011101010010111101111000110110001001111001101100001110000101000100101010001110111110000011101011101011111111101110110011100110001101100111110101111110110101010101101011110111100111010110011111100000111100100000010010011010101100101110100101110100100100101110010001110001110010011101101001001000001000000011001111101111
110010011010000000001001000101011101000111001011111101100001010010010010000100100100010010111000010100010011000111111011110001000111111111101001101000100000111001110100000010001111010011111000000011110110110001111100010110110010110011000011011011110011000010010110100011011001101101011110010010111000100111110110000111001111101111
110110101001111000111110011011111010101000101111111000111101100111011100101010110111111101011110010110110101000011111111110100001011110001010011111111000110111101101001111111110011111111101010100101111100101000111100101010001110011100111000111101011011110101100110100011110001011010000100010111010000001111110011001001011111101111
111000011111100100110100010001101000110111101101111001111000100101100010101100000011110111110010100111100011101111110111100000000001110110011100010001011110111000110000111011101111110111100010011000010010101100111111111100000001111010010011011011010111001000001110111001010010000111001011110001010101110011001110111101101111111111
110010110111100011100001110011010000000110011111111010100000100100001100110101010110100001010001100010010111000011111111100101000011100000011001110100011100111011101000001001101011100011111010001000010101110011111101001010111000110010101110101011001000101100101001100001111000010000100110111100111101000011010101000100101111101111
111001101001101011101010111000101010011110001101111111100100110111000000010010010001110000111010000111010011110111110111100111111111100101011010010011100000111000011010011011101111001011100110001101010100011111111101011111100001001010001101011000111010110111100110111101011101010100111010100010001011001111011101111000101111111111
111111100011111100001100010101010101010010101001111100101101011111100001101101101100111100110000011110011110100011111111100001110001101111001011111100010001111100100110001110110011111011110011111010010110000000111110111101001001010101110001100110010000101101011101011101101110000110001000111110101110101010100000111111101111101111
110100100111100100100000001110110000001001011011111110101000100011001101100101010000000010010011010001000111111111110111110010011111111000100011100000111110111000010001001010101011011011111011010011111000100001111110000010100101111100100000011111001100000011000011011000001001101011100011110000010001010001110111010010001111111111
111111010010111011110000000101010101111101010011111000100000000111111000110000010010011110101010000101110001111011111111111011100001100000010001010000000010111001100101010110110011110111100110000010110110110001111111000101100111101110101010101011101000000001001010111011010011010110000001010100100101011100111111001101111111111111
111110010111100010011010001010101011111110110001111010100100110011010001011011010001111100010111001011011111111011110011101110000001111010100110000001101111111100001000011000110111100111101011001110000010011011111101011011101001111010100001101011100100001011111100101010010001110010111010010010101011101100011111111000101111111111
110111001011001111001010001001001110011111011101111001111100100000110110100001001101110011111001100010110001001011111111101001001101110101110010100111001011111011010110100010010011111011100101000011110001000000111101110100010101111010010011111101011110101010011011101110111111001111010101001010010001111011000100110100011111101111
110001011101100001111110010011110111001001100001111110100101001110111101101011001110011011101000110011101100101011111011111011011101111111101111111110010101111111011110101110010111010011110101111101110101101111111110000001111010011101101011111111100000010011010111101011100000100110111100001010010000100110000100101111011111101111
111111110100011001010011011011111100001101100011111110100000110100101100001100111100001001011110011100100111101111111111101110110101111011001000000101011001111110011001101010001111000111100011111010000101101010111100110110100000101000110001000000110100111000110001110111000010111100011010001001000100000111000011000010001111111111
110110101001011001001011110100110100000011011111111101111100101100010000000111111011100111110011110111111011111111110111100111100001110001100111101110111001111010001001011000101011000011101010000001000010011001111111001100000011110100110110001011001111000110101001110000110000111000010011110101010001001101111000011111011111101111
110100101110100011001101000000000110111000011011111001100010100100001000101110010011001101010111001001001100000011110111111011110111100110110000011000110110111000001000100110011011100111100010110010111100110110111110000110000010100110100001000000110110100111001111001111010110111100110101010000001001010111011000101000101111101111
111111101001001110001010111010010011000111110111111001100100001101101100010111010000000111100110011010110111011111111011110111110111111000100001010100001110111100101110101001100111010011100010100101101100111110111100101010010000010001110111100001000111100011011001011110100000101100011010100111010011100111010011010100101111111111
110100001100100001101100000001100010110111101001111111101101101011000011111001111110111000010110011110110010010011111111101101101001100001000010000111000111111100100010100001110011101111101100001000010011101010111110000001111010110011001111011000111010001110111110011000010101101000001100001101100101100001010100011010011111111111
110110101010111100011101110111010010011000010101111000100011011100011011010011101000000010001010111111110111111011110011100100101001110000111101101110000110111011000010001111001011110011100011001001100010000011111110111000110011110001110110101100111000110111111100110101011100111000111110001110100111010000000101100100101111101111
110001111101010111101110110100011010110011011011111111110011001110001100001110010011011100011000101100011100110011111011111111010011111100110100111001010010111111010011011101001011110011110001110000111111111011111100010101111000111010011110111100100110001001111011101000110100111101010111000010111000010101111010011110001111111111
110110000001000111011111010010010101000110110101111000111010111011000010101101000100000001011100100001001101010111111011101011110001101001100001101111101111111000110100100110101111101111110010000110111000000010111111000110101110000001001110011101001110000010000000101101111000011011101110001011100001010110110001011011111111111111
111100011101101110111101101100100001111010111011111101101111110101101001011010010011101001001110011001010100010011111111111111000101100011000111001111101110111010000001101101001011100011111101010010111011100001111101001101111011000110111011101111011111011110001100001011111110000110100011110010101101001011011011110000101111111111
110111010101001101010101000101111100100101110111111000100010001110101101100010111110101000011111010010101010000111110011100001010011100101101111000001111111111111101100011010101111001111111110001101101000011100111101010000011101000011011101111011110010011001010101011101001111000110011100111011111001110000111101110010111111111111
110111111000011000001100111100010100001001100111111100100000001000001001001111101100111000010010111010001101001111111011101011101011100011010001000010101101111000000001100001000111110011101011000000110001000000111110000011100101001000111000101110000110001000000000011010010010000010001011101100001000010000100011001101111111111111
111110000000001010011011100111000101001101111101111100110101001010111111100101000100000101011110010001110011001011111111101001001011100000110010001110101000111101100100010100000011000011100001001011000110100111111110101100001000010100100000000110100100010110011100110111011110001100001001110000011011001101001110001011111111101111
110101010110101110011110100101010000101010100011111000101010010011101110011110101111010011111011000101001010101011111111110111010001110100000010000111111101111100011010110011111011001111111110000010110101111011111110111000010000001010001011100111011010010000011101011101110011001100100110011111011001100010010000000110111111111111
110010110101000000011110110111001001000011110011111000101001101011001011010100001011000000111101101001101110101011111111101100100011101011111010101101010100111001001100100100010111100111101110111011000101001100111101000111110111000010110000000001001100100001100010111110011101100000110111001010000010100001111011101010111111111111
111010010000000000101001100110010000100101100101111001101000000100000010001111110010000000010101011110000001110111110111111001101101110110010011010000111000111101010001100101001111001111100101000000101110100100111111111100100010100010110100110010000010001101100000001110110000000110100111000100010010111010101101101010111111101111
110111000011100100000010101111001111110000000101111111111111101000001010111110001011010110101100111011110110010111110111100000100011111111000111001111010111111101010010100111001111000011100001011101100001010100111100000010010111110001101001100000000101001000011100000101001001101011111110111011011110001011100001010010001111111111
111010001001000110001010110111000001010101010011111100111011001111001011110110011001011100010101111011100100001011111111100110010011101000010000010011111100111010110111011100010111011011100110110111110101101101111101100110110010000111110000001010010011110001010001010001111001000010000011110100011101000001001010111101001111101111
110000001110011010011111000101110101010011011101111011111100011000010010111100000000010110010100100000101101111011111011111101001001111101001000001111011100111010100101101100001111011011101101100001110101000110111111010010011001000101010101001010100111101111101111000001001101001110000001010111011111111010010011110111111111101111
110011000100001110001010100011000110101111111001111100100000010011001000111000010010011011101110101110011011011011110011110001100111100111010001111100010101111011100010011010111111111111101101100000000001110000111111011000100101110011000101100100101101010000001001011011001011000000101100110010010101100000000010101011111111101111
111100111000011000100111100011111101011100001001111110110011010110110010000011100001010011101110001100110111010011111011111011101011100010000101100000101110111000110101111001000011001111110111111000000001001110111111011001011101111100110100001110111111000110010011000000010100000100011010101010010011111101011111100010101111101111
110001110101110110111000000011011101111101111111111100101111010110010111100111111001001001100001100011100111110111110111100011100101111000110011011110100000111010000011001011010011110111100100110111101110111101111110110001100001111001100110011000111110110000001111011111100011100001011001110100000001010101100101100000111111111111
110110011000000011110101010000011010001010101001111011100010111101001011100111100001110011000100001111110100001011110011101111101011100011110111101100010011111101001110101100010011110111101010100100000111100000111101110001100100101111011111111101010101010111001111110111011001011111110001000001110010001000101010010000011111111111
111001000100011110000000110001010111000011001101111000101110001110011011111101101011001001111000110100011110010111110111100001111101110000011100000010111101111001110010111011010011011011100110000000111001110010111101010100110111110111110001110110011000100100010001000101111000110110101111001001001100110001001101101110101111111111
110101111010100110111111101111001111100110110101111001110000100111100100101010010100100101100011100000100011111111110011100111001011111001000001100111001010111111011111001100111111001011111001101010110110011110111111001111011100101110000101111010010011110011101010111011101011001110101001110101111101100110001000001101011111101111
110010011111101111111100101001010101001101010101111101100010100000110000110010011111010101011110001111101110110011110111111001010101110110110100010110001000111101001011100110100011010011110110110000110100100001111100001100001000110111010101101101111111100011001000110011000110011100001100001010111011000011001100111000001111111111
111000010000111100010011101110100010010010101011111100110111101110101110010000011001001000000101100101010101001011110111101101010101101010001110000011111101111011001001101111110011101011110001001100110110000010111110100010000100000101000100101010010101100001100011010100100111001111111000110011100001110101000101011010011111101111
110010111000011000101010011001011111111100001101111011111011111011011011011000111000110011111010110101000001010011111011111111001101100100010101101011001101111111101011001001111011000011110001111101011100010001111110111001100110101101001111110010100000101011001000110110111100011001001001000010111110000010111110110101111111101111
111100011011111110111111001111100011011101000101111011101111101110111001001100011001011011111000010000101101001111111111110101001011110000111001010001000101111100001111100000101011010111101001101110101010111011111100110110010000110101100100100101010110000011000111110000001011110101010011110010101110101011110010111100001111101111
110100111010000001001010010011010000010000011001111101100000001100111101011100010111111110000100000110001110001111111111100000011111101010110011000011000100111101100010011001111011101111101100000001100110000010111101001000011111100011001011100000010101000000101001001111010011011101101001100100000000111011111101100111101111111111
111111001110100110000010101110111001101101100001111011101000001011100111001100000111011111101011010100111110011011111011110011010001100011010100110011010100111111100001100110011011001011100110100101100110101011111101111001101110011101000101110000010110000111001111011111010111011110001011101010111000010110001100010001001111111111
111000101000000000111011000101110011011000001001111110101110001010110101101010101011010011111001000010000110101111110011101000011011111011110011000011010001111101111011010111000111000011100001110111101000100000111110011000000001000111010000011101001110011101111000011011101001110111011111111001111101001101010010000100011111101111
110110101000000000001111000100010011000001000101111100111010110000110000100010111100010010111110111100110000001011111111111111110101110010011010110011111111111010101000011100111011001111111111010110011011001001111110000111100011111010111000001101001001001000011101100111011000100011000111001000110100000101001010100101011111101111
110111100000001001011001011000101001110100100001111010111011110110010001001011100110011011101011111101010011100011111111111110101011110101111010111111011011111111101001100110101011101011111111011000100100111111111110111111001011001011111010001010100101000010111110110000011100001001000110010000111100000101000011111101111111111111
111100110111000011101110010010100101001001010111111011110010101011100111101000100111100000000001100101001000000111111011101111100001110000110001001010001101111001011010110011010111001111100101100101000000001001111100001011010001111110101100011000100000000010001011010001110011011000011000001000001101110100101010101001111111111111
110001101111101101011100101010111011101111100111111100101011101001111111000100100110100100101000101000100100010111110111100101010001101100111011011011000100111000111010101100001111001011111100010000001101010010111111110010011101011100111000111000010101110000011101000111000011110101000010110001110001111111010111111110011111101111
111111110011010001000001100111000010100110000101111011111111001001000110001001001110010101110011110011111101101111111011101011010111110101000101100101000000111000001000010000011011010011111011100110010110001111111101001100000001000000100000001001100111011111010011101001010101101011100100011000001000111000001101000001101111111111
110100110001101111011101101101011100001101101001111101100101110000111100000101010001110100010111000100000001101011111111111000011001110111100001101001010011111101011111001000110011101111111011011001111111010001111111010100111001010010101000011100010010001010001101000001000011001000001101101101001100001100011101001000101111101111
~~~
72.0 152.0 99.0 331.0 1775.0 
80.0 154.0 89.0 349.0 1773.0 
82.0 150.0 96.0 335.0 1772.0 
80.0 129.0 112.0 374.0 2047.0 
89.0 152.0 99.0 306.0 1781.0 
90.0 165.0 95.0 286.0 1639.0 
85.0 158.0 91.0 315.0 1704.0 
0.0 271.0 32.0 112.0 564.0 
83.0 158.0 89.0 340.0 1728.0 
80.0 144.0 105.0 313.0 1781.0 
88.0 149.0 99.0 299.0 1804.0 
79.0 138.0 109.0 335.0 1923.0 
87.0 153.0 91.0 325.0 1803.0 
78.0 139.0 103.0 339.0 1922.0 
82.0 164.0 89.0 322.0 1656.0 
75.0 146.0 98.0 344.0 1807.0 
74.0 145.0 102.0 325.0 1874.0 
63.0 145.0 100.0 348.0 1864.0 
100.0 164.0 81.0 361.0 1659.0 
98.0 161.0 87.0 318.0 1712.0 
89.0 160.0 95.0 294.0 1649.0 
70.0 133.0 101.0 378.0 1986.0 
88.0 149.0 99.0 299.0 1804.0 
85.0 155.0 91.0 318.0 1751.0 
76.0 136.0 104.0 387.0 1939.0 
89.0 152.0 99.0 306.0 1781.0 
85.0 157.0 91.0 322.0 1717.0 
62.0 144.0 101.0 348.0 1872.0 
70.0 152.0 98.0 334.0 1779.0 
84.0 153.0 104.0 275.0 1764.0 
75.0 145.0 102.0 310.0 1894.0 
78.0 158.0 93.0 315.0 1737.0 
64.0 156.0 93.0 315.0 1770.0 
79.0 165.0 80.0 345.0 1684.0 
64.0 154.0 91.0 360.0 1788.0 
77.0 159.0 100.0 281.0 1711.0 
79.0 161.0 101.0 300.0 1690.0 
83.0 150.0 89.0 361.0 1809.0 
70.0 122.0 111.0 393.0 2062.0 
74.0 152.0 105.0 278.0 1760.0 
75.0 145.0 102.0 310.0 1894.0 
89.0 156.0 85.0 411.0 1740.0 
77.0 159.0 100.0 281.0 1711.0 
60.0 137.0 106.0 352.0 1909.0 
91.0 163.0 88.0 301.0 1662.0 
72.0 130.0 102.0 431.0 2031.0 
84.0 159.0 94.0 314.0 1695.0 
88.0 157.0 93.0 321.0 1739.0 
86.0 154.0 91.0 319.0 1795.0 
85.0 155.0 91.0 318.0 1751.0 
81.0 152.0 98.0 313.0 1767.0 
92.0 162.0 88.0 303.0 1669.0 
82.0 157.0 90.0 364.0 1710.0 
63.0 145.0 100.0 348.0 1864.0 
64.0 155.0 94.0 315.0 1784.0 
82.0 127.0 115.0 377.0 2064.0 
68.0 144.0 102.0 355.0 1847.0 
97.0 164.0 89.0 327.0 1640.0 
68.0 132.0 110.0 363.0 2003.0 
0.0 24.0 169.0 583.0 3085.0 
86.0 156.0 93.0 341.0 1715.0 
88.0 155.0 96.0 294.0 1702.0 
63.0 145.0 100.0 348.0 1864.0 
72.0 152.0 99.0 331.0 1775.0 
76.0 136.0 107.0 358.0 1881.0 
80.0 141.0 99.0 355.0 1891.0 
81.0 158.0 85.0 378.0 1669.0 
76.0 148.0 99.0 342.0 1842.0 
80.0 143.0 106.0 313.0 1788.0 
75.0 141.0 104.0 369.0 1887.0 
85.0 155.0 91.0 318.0 1751.0 
77.0 141.0 109.0 312.0 1904.0 
76.0 159.0 85.0 348.0 1675.0 
62.0 146.0 99.0 348.0 1856.0 
71.0 137.0 109.0 326.0 1982.0 
78.0 142.0 109.0 311.0 1889.0 
77.0 135.0 105.0 374.0 1953.0 
84.0 155.0 92.0 343.0 1732.0 
84.0 157.0 92.0 337.0 1725.0 
90.0 165.0 95.0 286.0 1639.0 
100.0 164.0 81.0 361.0 1659.0 
83.0 129.0 103.0 401.0 2053.0 
95.0 153.0 87.0 361.0 1751.0 
68.0 143.0 103.0 355.0 1858.0 
78.0 134.0 105.0 377.0 1958.0 
79.0 161.0 101.0 300.0 1690.0 
82.0 158.0 95.0 329.0 1732.0 
0.0 165.0 93.0 308.0 1659.0 
77.0 159.0 100.0 281.0 1711.0 
77.0 158.0 101.0 281.0 1724.0 
87.0 154.0 103.0 275.0 1754.0 
82.0 154.0 93.0 308.0 1798.0 
76.0 145.0 91.0 416.0 1864.0 
82.0 157.0 90.0 364.0 1710.0 
77.0 135.0 105.0 374.0 1953.0 
81.0 152.0 93.0 340.0 1780.0 
84.0 165.0 88.0 317.0 1646.0 
76.0 145.0 91.0 416.0 1864.0 
86.0 156.0 93.0 341.0 1715.0 
78.0 164.0 80.0 345.0 1699.0 
76.0 149.0 93.0 378.0 1786.0 
75.0 151.0 104.0 323.0 1785.0 
79.0 137.0 109.0 335.0 1938.0 
78.0 179.0 81.0 291.0 1540.0 
86.0 166.0 94.0 290.0 1634.0 
76.0 134.0 116.0 328.0 1958.0 
80.0 153.0 89.0 356.0 1781.0 
60.0 137.0 106.0 352.0 1909.0 
63.0 145.0 100.0 348.0 1864.0 
68.0 131.0 110.0 366.0 2016.0 
66.0 149.0 93.0 369.0 1838.0 
64.0 156.0 93.0 315.0 1770.0 
82.0 164.0 89.0 322.0 1656.0 
85.0 138.0 92.0 392.0 1897.0 
97.0 152.0 104.0 289.0 1780.0 
84.0 157.0 92.0 337.0 1725.0 
80.0 164.0 80.0 350.0 1698.0 
83.0 143.0 105.0 316.0 1792.0 
67.0 145.0 99.0 331.0 1864.0 
0.0 279.0 25.0 107.0 501.0 
75.0 145.0 102.0 310.0 1894.0 
82.0 154.0 93.0 308.0 1798.0 
76.0 136.0 104.0 387.0 1939.0 
79.0 159.0 95.0 298.0 1698.0 
76.0 150.0 92.0 378.0 1780.0 
68.0 131.0 110.0 366.0 2016.0 
79.0 160.0 84.0 377.0 1659.0 
81.0 152.0 98.0 313.0 1767.0 
66.0 150.0 93.0 369.0 1824.0 
72.0 134.0 107.0 370.0 1986.0 
76.0 142.0 101.0 333.0 1852.0 
72.0 130.0 102.0 431.0 2031.0 
76.0 178.0 82.0 291.0 1554.0 
81.0 153.0 97.0 313.0 1762.0 
85.0 160.0 95.0 297.0 1697.0 
86.0 165.0 95.0 290.0 1641.0 
74.0 147.0 101.0 323.0 1860.0 
0.0 275.0 27.0 117.0 533.0 
82.0 150.0 96.0 335.0 1772.0 
85.0 158.0 91.0 315.0 1704.0 
81.0 157.0 95.0 344.0 1741.0 
88.0 156.0 96.0 288.0 1695.0 
80.0 143.0 106.0 313.0 1788.0 
83.0 129.0 103.0 401.0 2053.0 
78.0 142.0 109.0 311.0 1889.0 
82.0 126.0 115.0 380.0 2078.0 
81.0 155.0 92.0 308.0 1790.0 
76.0 148.0 99.0 342.0 1842.0 
82.0 120.0 119.0 412.0 2128.0 
75.0 152.0 94.0 362.0 1803.0 
74.0 152.0 105.0 278.0 1760.0 
89.0 152.0 99.0 306.0 1781.0 
75.0 145.0 102.0 310.0 1894.0 
75.0 151.0 104.0 323.0 1785.0 
81.0 152.0 98.0 313.0 1767.0 
63.0 145.0 100.0 348.0 1864.0 
77.0 150.0 97.0 342.0 1803.0 
82.0 146.0 103.0 319.0 1811.0 
81.0 152.0 98.0 313.0 1767.0 
86.0 153.0 91.0 321.0 1806.0 
70.0 152.0 102.0 317.0 1769.0 
82.0 164.0 89.0 322.0 1656.0 
71.0 135.0 104.0 391.0 1954.0 
74.0 147.0 98.0 343.0 1793.0 
99.0 165.0 81.0 359.0 1648.0 
81.0 152.0 98.0 313.0 1767.0 
85.0 155.0 91.0 318.0 1751.0 
80.0 143.0 106.0 313.0 1788.0 
88.0 167.0 93.0 290.0 1621.0 
78.0 142.0 109.0 311.0 1889.0 
77.0 160.0 84.0 348.0 1670.0 
71.0 138.0 109.0 321.0 1969.0 
87.0 126.0 109.0 379.0 2031.0 
76.0 142.0 101.0 333.0 1852.0 
79.0 144.0 94.0 375.0 1932.0 
78.0 140.0 102.0 339.0 1907.0 
81.0 158.0 85.0 378.0 1669.0 
73.0 136.0 104.0 382.0 1957.0 
99.0 167.0 81.0 367.0 1626.0 
76.0 142.0 101.0 333.0 1852.0 
79.0 138.0 109.0 335.0 1923.0 
86.0 156.0 93.0 341.0 1715.0 
75.0 140.0 104.0 368.0 1912.0 
69.0 123.0 111.0 386.0 2057.0 
74.0 152.0 105.0 278.0 1760.0 
79.0 144.0 94.0 375.0 1932.0 
81.0 152.0 98.0 313.0 1767.0 
81.0 135.0 119.0 313.0 1925.0 
88.0 161.0 95.0 294.0 1640.0 
87.0 136.0 92.0 405.0 1915.0 
84.0 157.0 92.0 337.0 1725.0 
77.0 135.0 105.0 374.0 1953.0 
85.0 158.0 91.0 315.0 1704.0 
75.0 141.0 104.0 369.0 1887.0 
82.0 157.0 96.0 329.0 1742.0 
82.0 157.0 90.0 364.0 1710.0 
94.0 168.0 85.0 336.0 1631.0 
78.0 128.0 112.0 374.0 2061.0 
75.0 151.0 104.0 323.0 1785.0 
66.0 149.0 93.0 369.0 1838.0 
78.0 134.0 107.0 363.0 1903.0 
82.0 120.0 119.0 412.0 2128.0 
79.0 165.0 80.0 345.0 1684.0 
76.0 150.0 92.0 378.0 1780.0 
84.0 159.0 94.0 314.0 1695.0 
79.0 151.0 99.0 337.0 1784.0 
64.0 156.0 93.0 315.0 1770.0 
96.0 165.0 88.0 327.0 1625.0 
72.0 132.0 103.0 396.0 1960.0 
72.0 152.0 99.0 331.0 1775.0 
67.0 145.0 99.0 331.0 1864.0 
97.0 152.0 104.0 289.0 1780.0 
89.0 152.0 99.0 306.0 1781.0 
88.0 156.0 96.0 288.0 1695.0 
82.0 164.0 89.0 322.0 1656.0 
72.0 141.0 111.0 326.0 1922.0 
77.0 150.0 97.0 342.0 1803.0 
88.0 149.0 99.0 299.0 1804.0 
88.0 157.0 93.0 321.0 1739.0 
89.0 155.0 86.0 411.0 1745.0 
72.0 126.0 109.0 389.0 2034.0 
77.0 140.0 106.0 347.0 1958.0 
82.0 154.0 93.0 308.0 1798.0 
77.0 159.0 100.0 281.0 1711.0 
85.0 160.0 95.0 297.0 1697.0 
81.0 153.0 92.0 340.0 1769.0 
90.0 166.0 85.0 328.0 1664.0 
80.0 130.0 103.0 395.0 2022.0 
74.0 147.0 101.0 323.0 1860.0 
86.0 166.0 94.0 290.0 1634.0 
78.0 140.0 102.0 339.0 1907.0 
76.0 140.0 98.0 420.0 1887.0 
84.0 165.0 88.0 317.0 1646.0 
87.0 154.0 103.0 275.0 1754.0 
70.0 142.0 98.0 340.0 1872.0 
78.0 142.0 109.0 311.0 1889.0 
82.0 126.0 115.0 380.0 2078.0 
85.0 155.0 91.0 318.0 1751.0 
63.0 145.0 100.0 348.0 1864.0 
100.0 164.0 81.0 361.0 1659.0 
75.0 145.0 102.0 310.0 1894.0 
80.0 154.0 89.0 349.0 1773.0 
74.0 147.0 98.0 343.0 1793.0 
72.0 130.0 102.0 431.0 2031.0 
86.0 154.0 91.0 319.0 1795.0 
83.0 129.0 103.0 401.0 2053.0 
76.0 136.0 104.0 387.0 1939.0 
78.0 179.0 81.0 291.0 1540.0 
88.0 164.0 88.0 318.0 1678.0 
80.0 143.0 106.0 313.0 1788.0 
98.0 154.0 85.0 373.0 1739.0 
82.0 172.0 88.0 287.0 1628.0 
82.0 150.0 96.0 335.0 1772.0 
75.0 152.0 94.0 362.0 1803.0 
76.0 145.0 91.0 416.0 1864.0 
76.0 159.0 85.0 348.0 1675.0 
76.0 148.0 99.0 342.0 1842.0 
60.0 137.0 106.0 352.0 1909.0 
82.0 146.0 103.0 319.0 1811.0 
84.0 149.0 90.0 359.0 1843.0 
68.0 131.0 110.0 366.0 2016.0 
83.0 149.0 90.0 361.0 1823.0 
82.0 159.0 88.0 340.0 1722.0 
71.0 137.0 109.0 326.0 1982.0 
69.0 139.0 104.0 365.0 1927.0 
92.0 162.0 88.0 303.0 1669.0 
80.0 141.0 99.0 355.0 1891.0 
95.0 153.0 87.0 361.0 1751.0 
72.0 153.0 97.0 334.0 1766.0 
69.0 133.0 107.0 379.0 1998.0 
90.0 165.0 95.0 286.0 1639.0 
68.0 143.0 103.0 355.0 1858.0 
79.0 161.0 101.0 300.0 1690.0 
79.0 154.0 93.0 342.0 1743.0 
~~~
1.028
