110100101101100010001000111010111011001000101011111111100000011100101010001100100111100000010100011000101010111011111011111000111101110101111010011111000000111010101100100110100111101011100110011000101010011100111101110001010000110100011010000111001010010010000111011011010101011110110100010111000011000100000011010000011111111111
111000010100001111000111010010010100110111001101111111100100010100100100010111001101110101001010101110101100000011110011111110101011110000010110110001101001111100010101111111110111011011111101101001100010100000111100001101001011100000100001110110101101011111011010001110010000000111100011001110100110011110000110001011001111101111
111001110101001000011100111101001001001100000011111000111000100100000011010011010010000100111001011011101100100011110011101111011001110110100011011001011100111111010101001000000111010111101101111011100001101010111111111011101011011111101111000000010010010000101101011101111010000000101111001000001110010110000101110000001111111111
111000010100001111000111010010010100110111001101111111100100010100100100010111001101110101001010101110101100000011110011111111101011110000010110110001101001111100010101111111110111011011111101101001100010100000111100001101001011100000100001110110101101011111011010001110010000000111100011001110100110011110000110001011001111101111
111011000001111101101101001011110011111010001011111001111111110010010001101010111110111001000000101010001001111011111111111101001011100011010000010111001110111110001100101010000011110111100111010001011010011111111111111100100001000100000110101110100110000100100001001011100110000110000111010011101110110110000111101110111111111111
111110000010111110011110110100011001101010010101111111110100010111110110111011010001101000010111011100001101100111111011111001101011111111110000001010101101111101011110010101100011001011110011000111011100010111111100011000011110001001110000011011101010011100011011101111001001111110100100010110100011110010011101110000011111101111
110010000100100111110011010011011001001101110111111000110011001010010011001000110101000101011110011100110011010111110011110100100111110010110010010010101011111011110000010000111111111011100101111111101111000000111110001100001110010101100101101111111110100100101100001110100000110111111111001011100000000011000000111100001111101111
110010010111001111100000101111100001111111100001111110110100000010011101011110011110010011100011111111100101111011111111111100100001101001000000110010111100111001100100011100010011111011111010000100010010100010111110111111101100011011101000111000110100110011000000011110010011111110010000000000000100100111110001011100011111101111
110000011101001111100001000111011001001110001001111001111101111001001101101100000100111110111010111111110001001111110011111010101011100001100110111000011101111001110110111001101111110111111001000111110000100101111100110100100011110101100010101101000000000001000010011010111011011001110101000101011111101000011101110100011111111111
110001111001011111111010111011100111101010101001111111111111101111110001011111000011000010001000011100101011000011110011110110101101101001011000010001011101111111111010111100011111001011110011000011101111101101111100011000100000001001010101011000111101000000010101101100110001100110100011111110011100000111111001111100001111101111
110010001001000111111010110011011010010110001001111000111000001001001010101101011000111100001111010111001011011011111011101110001101100011011111101001011110111000101011110011100011000111111111101011100010101001111110000101111111010101001001101100010110101111111101100110001001011001110000110011011000110111010110000010101111111111
110101010000011010011111110101111011011000011001111011100110101110010001001111101110011111010000010001011000101111110011101100101101111110010111011111000101111100100101111111000011110111101100111000101000100100111100001010000101101110100100001100010110110110001110100110010100111100010000111011110111010001100110011110101111111111
110101101000110000101111010001110011111001100001111100100001111000001110101111010000100011010010110101010000111111110111100010010011110010011101010000010101111010001010100110011011101011100100010001011111000011111110011111011111000001011100111101111000111011011111101101001010110101110010101110000001100000110111111110001111111111
110011100011000000000000100100111100110001110001111000100100101111110001001101001111100001010100001011010101100011110011100001100001111011000000111100011101111111011101010100000011110011111111011101001111000011111111100010110100111100110111101000011010000100100011111001001000101001111111010101001110111100111000001001101111101111
111011000100000101001010010111001100001000010011111100101000110000111111000110010011011100101010011011100101010111111011110101111011100000001010101101010011111100110111001110000011000111111100000110010111010111111111010000101100001100100110011001100011000110001010000001100000001011010100001101111100001001000011001011101111111111
111101000110100000011111101010001010000011100101111111101110100110010111111111001010001111010100000001001011000011111111101111010101101001000011001111101101111111100001001100101111011011110001101010000111110101111111111000001010001011110100110100010000111111100001101011100100101011100010110011100000000001000100011110111111101111
110001001111000100111001111010000100011011111101111011101101101111000000111101100101000001001001001100001100010011111011111011100001110110000011111111101110111100101000100000010011000011101100001111001110100110111111110001100101001010011110100100010111000100010111001011001010001010100010011101111100100101111111100011011111111111
111110110011100001010101011010011000111001000011111101111111001001011100100010010110011101001110011110100111100011110011100001010111111011000101010001110100111100111100001000010011101111101000000101011000010010111100100001100000100000000010000011110010101011001011011011101001100010010001110001100101101100000010111001011111101111
111111010111100110001100000100011100100101111111111101110010011101100001010110011001010110110000010110011100011011111111101001011001111010000110100111011101111011101110100001000111001011110111011111010010101000111110011010001001011111110111110000010101100011010010111111000011100110100111100001100101010101110000110100101111111111
110000000000000000000000000000000000000000000001111001100000000000000000000000000000000000000000000000011000000011110011100010000001100000000000000000011100111000100000000000000011100011100000000000000000000000111100000000000000000000000100000000000000000000000000000000000000000000000000000000000000000000000000000000001111101111
111001000001001111001011011011011000101101000111111001101100010111010011010110000100011010001110000101110110000011111111100011111111100100111100111110111101111110110101111101010111110111110100100111101111110001111100000110010111111110111100100000101110001011100111101001111000010101111001011111010010001010011100111111001111101111
110111110011010101100000101111010100111110000111111011101010000000010101111110011010101110000100011100111111101011110011110010011001111010101011010001100110111001001001101001011011001111111100110011100001110000111110010001111100110000111001001000001010011110001100111110001001000111011110010000111110001111111110110000011111111111
111000010100001111000111010010010100110111001101111111100100010100100100010111001101110101001010101110101100000011110011111111101011110000010110110001101001111100010101111111110111011011111101101001100010100000111100001101001011100000100001110110101101011111011010001110010000000111100011001110100110011110000110001011001111101111
110000001000010100000001100010000010101000011111111110110100011101001001111111111101100000110010100111001010010111110011111000100001111010000010000000010010111110000101101100101011111011110101111110000110000111111101001110011101101100111111011101001101010110011011101111100011000011110100101111101010101101101001100111101111111111
110010001001000111111010110011011010010110001001111000111000001001001010101101011000111100001111010111001011011011111011101110001101100011011111101001011110111000101011110011100011000111111111101011100010101001111110000101111111010101001001101100010110101111111101100110001001011001110000110011011000110111010110000010101111111111
110011101110001010001010011010011100101101100011111101100100101110001111100100111000111011101100111011100111110011110111100111110011111011101110101111001110111110001001100101111011011011110110001100011110101111111111001000010010011000011100010101010101111001100100101101011000101011011111101000000111101010010000100110101111111111
110010001011011111001011110110001101010010100111111010101000101000110011110001011000111100001110101100011101110011111011100011001001101010010100100110001101111010100010000111110011111111101111100000010101110111111110101110111010011000000101001111000110010000100111000000111101101000011010001110100100111100011011111011101111111111
111001010011111111011000100011010111111110110011111000100000111010001001101010110100000000010101100100011010101111111011100111011111101001010000100011110101111010111000100010110111001111111110111101011100100001111111100010000000000011001111011000001111100001110110110000100110101011000001110001000101010100001000000000101111101111
110000111101001111111011011000110101011111000111111111101111111010110100000100111010101111100011001100000111100111110011111000100111110010001111100000001101111101000000111000100111111111110100101101001101000111111111100000000000110001001011111000111001110011000111001010110000100100011111111000110111110100101101011101111111111111
110101111011101111000000000001100101010010101111111110101101111101000010111110100111100000010100011000101010111011111011111000111101110101111010011111000000111010101100100110100111101011100110011000101010011100111101110001010000110100011010000111001010010010000111011011010101011110110100010111000011000100000011010000011111111111
110010010111001111100000101111100001111111100001111110110100000010011101011110011110010011100011111111100101111011111111111100100001101001000000110010111100111001100101100111010111010111111100000011100110001000111110100110000010011111001000111000010000110111000100100101100001110100110111100010101110110001011000000011001111111111
111110111000111101100011111010011000011101100001111110101000001110001010101110100100111011110101100100001001100111111011100010111001101111110010001001010100111100111010011000001111110011100000000100110011001010111111111011000100000100010111011101001111110010011001101110000010010111000010001001011010100001001100000111011111101111
110000000000110001100011110111110001111111101101111000101110100001001011101010111001010010110110010010010001100111110011110000101011100000010011110000110000111001110110100011000111001011111100000110100011111111111111101101010001100000010000011000000001100110010000011000111010000100101010010111011010001000101010101011111111111111
110000101000010100001101001110011101110101100011111010110000111111110010110001110000110100000100001110000010101111110011110100001111110011001110010000000101111110100011010110101011000111100101000100011111001100111100100110000010000010011010011101000011101100010011001100111110111000110001000100101110110100100100000010001111111111
110000000000001110101100000000000000000000000001111001100000000000000000000000000000000000000000000000000000000011110011110000000001100000000000000000011100111010000000000000000011100011100000000000000000000000111100000000000000000000000100000000000000000000000000000000000000000000000000000000000000000000000000000000001111101111
111111001110010011011111110011001111011011110111111011111101100100100111111110000111000110000101011000110001010011111111111101110001111111000101101000000111111111000110011100010011111011111010000100010010100010111110111111101100011011101000111000110100110011000000011110010011111110010000000000000100100111110001011100011111101111
111001101001010101100110000011111111111010001001111100111000001000110010010100001011001000001110011101100001101111111011100101100111111111000001111110100000111001101010111001010011101011100100011101110110011010111100111100101011111100100011101111110101000000100010111000110110110101111111001011011101101011000111101100011111101111
111100101111101011110110111110110101010110101011111101100000111111011111100011000101101110010011101000000001000111110111110111000101110111001100000010000010111010011001101000100111010111100001001000011111011010111110110001110000100001011011001100000100100000101000100000000111100111100101001101000101000010100010111101001111101111
110011101011011111001011111001011111100100111001111101110100101101011001101001100110011100100100011010010001101011111011100001100011110101100111010001001110111000100000001001011011101011100100011110100101010011111111100111100111011010010101101011110101001000011101010101000000001001001101000011000111011110010001101011101111111111
111010001100111100101011100001100111001110001001111010100011111001001110011001011111111000000001100000110111001011110111100111010101101000000011010101101100111100101000110010000011011011111100100101100010001011111110010011110101010101111000101011001011011010100001000010001101011011110001100100100110111010100011000111011111101111
111101010001111111010001000110010011010100000001111111110111111000100100011010100000110000000111111000100110011011111011111000100111101100110100001000011010111001001101000001001111111011101101101100111100100010111110110010111111101001001111001011110100101001100111110100101011100111011011110000101001110101010000000101001111101111
111111010100000010110111010010001011111111100001111110110100000010011101011110011100010011100011111111100101111011111111111100100001101001000000110010111100111001100101100111010111010111111000000011100110001000111110100110000010011111001000111000010000110111000100100101100001110100110111100010101110110001011000000011001111111111
110011100011000000000000100100111100110001110001111000100100101111110001001101001111100001010100001011010101100011110011100001100001111011000000111100011101111111011101010100000011110011111111011101001111000011111111100010110100111100110111101000011010000100100011111001001000101001111111010101001110111100111000001001101111101111
111000010100001111000111010010010100110111001101111111100100010100100100010111001101110101001010101110101100000011110011111111101011110000010110110001101001111100010101111111110111011011111101101001100010100000111100001101001011100000100001110110101101011111011010001110010000000111100011001110100110011110000110001011001111101111
111100101111101011110110111110110101010110101011111101100000111111011111100011000101101110010011101000000001000111110111110111000101110111001100000010000010111010011001101000100111010111100001001000011111011010111110110001110000100001011011001100000100100000101000100000000111100111100101001101000101000010100010111101001111101111
111011101100001100000010111101100001010001100101111100111111110011101000011110010000000000000101011011001110100011110111101010110001111011000111001010101010111000110110000000101011000111110101010101000001011101111100110100110001011000111000101110110011010001110111101010000101000111101100000000011110001001010001110000011111111111
111110111011101001100111111111011111000111110101111111111101001010000100111110001110011100011110011101111011100111111111110110100101111001100011000110010101111011011000011111110111001011110000100110100100111010111111101100111001011111110100100111100100100111010010000011010110001010101111100111001101110101101000110001111111101111
110000101000010100001101001110011101110101100011111010110000111111110010110001111000110100000100001110000010101111110011110100001111110011001110010000000101111110100011010110101011000111100101000100011111001100111100100110000010000010011010011101000011101100010011001100111110111000110001000100101110110100100100000010001111111111
110001001111000100111001111010000100011011111101111011101101101111000000111100100101000001001001001100001100010011111011111011100001110110000011111111101110111100101000100000010011000011101100001111001110100110111111110001100101001010011110100100010111000100010111001011001010001010100010011101111100100101111111100011011111111111
111101000111111100111101000010010101011100110111111101110100001011101110100100010011100001101010011000101010101011110111100011010011111000000111010011100010111000001000110100101011111111110001011111010111110011111101010100001100100111100001111011011011011011101010101011100101101101011010000111101011010100010000001110001111101111
110111000111110111001010000000100100101110000101111100101010000001101111110001111000000101010001010010011111100011111111100101000101110011111001101111010001111101111100011110110011111011101000100100101101001110111101101001111000011100110111011100000101110111001111111010011000110111010001001000011000000111100011111011101111101111
110011100011000000000000100100111100110001110001111000100100101111110001001101001111100001010100001011010101100011110011100001100001111011000000111100011101111111011101010100000011110011111111011101001111000011111111100010110100011100110111101000011010000100100011111001001000101001111111010101001110111100111000001001101111101111
110101101001001101000111010100110001100011000011111010101100111011001011111111110111011010011101000110101000011011110111101010111111111111011000000110000101111110001001101110111111010111110000101100001101110100111101011100110101100110000110000000011010000111111101100000010110001101010111001111010010000100111110000000011111101111
110000101101010001110010000100000101001000000011111100111111100000110101101001100010011000011101111100110110011111111111100001000011101010101011100001000001111000101000111111010111110011101001101010101010110101111100100111101001010110000100000011100100110011101101011111100110101000101111011011000000011010001101011000011111111111
111001000101110110000001001111000010011000110001111000100110011001000011111000011101110111101111001101111100111011111011100111101111101101110101110011010010111101010101111101101111101111101100101101000111000011111101000000101110000100011100100100110001011110010100101011001100111101001001010001101001001111011001110010001111101111
110111001010001010011101011100011100011100010011111111101101101110100100001111101011111001011101111101100000101111110111110000001101111100010101110011110111111101001001100001100111111111111001011101001110101110111111011110101001100111100101001000100001111101101000110010101111101010110010010011011011001100011111011101101111101111
111010011110100001010010100010010110011100101001111110110000011111101110001110000001011011111100010001011010111011111111111000111111110000001010010110010110111001000000001010110011111111100110111000100100111001111100001100110010011011000111100100011110100001010100101010101010001001111001010111001110010010011111011110011111111111
111110101110101111001100010000011011100010100001111111101011001001001001000001111011011111100110000111110001100011111011100110000101110001000000110101000101111110110100100111100111101011101100001110111010000101111101000111001101110111100000101110001000100100000001011100011010010000111110100100011001111000100100000101011111111111
110000101101010001110010000100000101001000000011111100111111100000110101101001100010011000011101111100110110011111111111100001000011101010101011100001000001111000101000111111010111110011101001101010101010110101111100100111101001010110000100000011100100110011101101011111100110101000101111011011000000011010001101011000011111111111
110111110011010101100000101111010100111110000111111011101010000000010101111110011010101110000100001100111111101011110011110010011001111010101011010001100110111001001001101001011011001111111100110011100001110000111110010001111100110000111001001000001010011110001100111110001001000111011110010000111110001111111110110000011111111111
111011000100010110110111100111101000101011000101111001101111110010101101111101011000001101001000100000111101111011110111110001001001110000001100000001011000111010010110000010001111110011101010000001111010001000111110001101101000001110010110111110000010000111010100111111010001011011101111110000100000110100110010001101001111101111
110101000011100010101000110000011100000111010111111010110010000010011110010110111100010111000110000011001010010111111111111011001101101110100011111001110100111010010111001000101011000011111100101111010100101101111100100101101101100011010010110010110011111010001011110110000001000011010101100011100001101011100000000101101111111111
110101101001001101000111010100110001100011000011111010101100111011001011111111110111011010011101000110101000011011110111101010111111111111011000000110000101111110001001101110111111010111110000101100001101110100111101011100110101100110000110000000011010000111111101100000010110001101010111001111010010000100111110000000011111101111
110101010000011010011111110101111011011000011001111011100110101110010001001111101110011111010000010001011000101111110011101100101101111110010111011111000101111100100101111111000011110111101100111000101000100100111100001010000101101110100100001100010110110110001110100110010100111100010000111011110111010001100110011110101111111111
111011010100100001101011001010001110000110110001111010101011110110100111010111010110101110101110111011000100010011111111110011111011110010011111000010000000111001101000111111011111101111110111011011001110000101111101111111010010111111101010111000111110011100011101101101010100110101000110111000000100100010110100000100111111101111
110111000111110111001010000000100100101110000101111100101010000001101111110001111000000101010001010010011111100011111111100101000101110011111001101111010001111101111100011110110011111011101000100100101101001110111101101001111000011100110111011100000101110111001111111010011000110111010001001000011000000111100011111011101111101111
110011001110111111111110101100101011111101100111111001100111011011101011100010101101111110011111010110111100010111111011110010011011100010101100001011110010111111100011001000100011101111111010000001110110101011111100001011101001100010001000011001000000111011101011011110101000100101101000010010010010100000010010001000011111101111
111011000100000101001010010111001100001000010011111100101000110000111111000110010011011100101010011011100101010111111011110101111011100000001010101101010011111100110111001110000011000111111100000110010111010111111111010000101100001100100110011001100011000110001010000001100000001011010100001101111100001001000011001011101111111111
111111010011000010000101110010101010100110110111111110100100010010100000101011000011010010000111100011100001111111111111111001000001111110101101111111011000111100110110001110100011100111100110111010110110001001111110100100100100011001000001001110011111101000000011000111101011000100100110000011100101000110000110011111111111101111
111101110101110110010001000100001010111110000001111110110010110111011001010101101001001111111001011000011010000011111011100010100001111111011001100101010101111011010001101001100011001011110110000000100101001110111111111100101110010100101001101110110110110011010010100000110111000011100100111010000001000011000000000001001111111111
110011100001010000011110111110101101100010101111111110101110101000110001101101011000010000101110111101000111001011111011110101101011110101101111101011010010111110101000111011111111010111101100101010111000010100111101000000011011111100000111011101101100110001001010001101001001111010011111000011101000110001110000111100111111111111
111010001100111100101011100001100111001110001001111010100011111001001110011011011111111000000001100000110111001011110111100111010101101000000011010101101100111100101000110010001011010111101011100011000111000010111110011110011000111000001000100010011000011011111100010001110101101000100010000010011100101110000011111011011111101111
110101100001010011101101100001001001100000111101111000101100000011010001000000011011010001110001111100100000100111110011110010100001111110100001100111100010111010000110101100000011011011100011001100111000001000111110110000011001001001010100011001101010000110110010110101001101111001100011111111100010010000111000110010111111111111
110010001011011111001011110110001101010010100111111010101000101000110011110001011000111100001110101100011101110011111011100011001001101010010100100110001101111010100010000111110011111111101111100000010101110111111110101110111010011000000101001111000110010000100111000000111101101000011010001110100100111100011011111011101111111111
110000001000110000110011111001111110011001011101111111100111000010101110000100010100000000001111110100000101001111110111111001100011101110001010101010101011111101001101100010101011101011111010100111100000001010111111101001110001001000001001111010011110111010000011010000010100100110110010000110100110101100010011100110111111101111
111111001110010011011111110011001111011011110111111011111101100100100111111110000111000110000101011000110001010011111111111101110001111111000101101000000111111111000110011000010011111011111010000100010010100010111110111111101100011011101000111000110100110011000000011110010011111110010000000000000100100111110001011100011111101111
110101110111101000001000111000010100010111100001111101110000000111000010111000100111101101111001110011101001010111110011101111101111101101000100011011000001111110001001100011111111000011111110110111000110000011111110001101100001001010101111000010111001111101001111001010000001011010101000011110001000101111100100101111111111101111
111010011010100001010010100010010110011100101001111110110000011111101110001110000001011011111100010001011110111011111111111000111111110000001010010110010110111001000000001010110011111111100110111000100100111001111100001100110010011011000111100100011110100001010100101010101010001001111001010111001110010010011111011010011111111111
110001001111000100111001111010000100011011111101111011101101101111000000111101100101000001001001001100001100010011111011111011100001110110000011111111101110111100101000100000010011000011101100001111001110100110111111110001100101001010011110100100010111000100010111001011001010001010100010011101111100100101111111100011011111111111
110000111101001111111011011000110101011111000111111111101111111010110100000100111010101111100011001100000111100111110011111000100111110010001111100000001101111101000000111000100111111111110100101101001101000111111111100000000000110001001011111000111001110011000111001010110000100100011111111000110111110100101101011101111111111111
110111100110100110011110011101110100101000100011111000110100011100001100100001111111000100111001101100011100101011110011101011010101111100001110000010101001111101100010101000111111110111111101000100000001010110111111100010001110111010010010111010101110011101111101011110010101111001100111100110101010010100111100011111011111111111
111110101001001000011010110000001011111111110011111000100110000111010010100110011101111001100100001001110111101111111011100001111001101101110111110001111010111000111100010100010011000111111101011100011001010011111110001011101011010011011111011000001000100000111100001010100010110000111000011011100010000011010101001100001111111111
111110000010111110011110110100011001111010010101111111110100010111110110111011010001101001101100111011100111110011110111100111110011111011101110101111001110111110001001100101111011011011110110001100011110101111111111001000010010011000011100010101010101111001100100101101011000101011011111101000000111101010010000100110101111111111
110011001011101000010001110100100100000110001011111111101011101011101110111110000011101111111001110101111111100111111011100111100101110101110101000001010101111110001100111111010011100011111010110111011010011010111110110001101010101111010010110001000011111110100100001101010010001001001010111011101100000001101010000000011111101111
111100010000001110011110110010110100111111010011111100100111100111011010111000111001101110000101001010110110110111110011110110011111101010001100000000001010111101000011100110010011011111100110100000101010011010111111010111100100111110001111011101001100010101101001011000111101101001001011000100000010110110111101000000111111101111
111011000001111101101101001011110011111010001011111001111111110010010001101010111110111001000000101010001001111011111111111101001011100011010000010111001110111110001100101010000011110111100111010001011010011111111111111100100001000100000110101110100110000100100001001011100110000110000111010011101110110110000111101110111111111111
111111000111100110001100000100011100100101111111111101110010011101100001010110001001010110110000010110011100011011111111101001011001111010000110100111011101111011101110100001000111001011110111011111010010101000111110011010001001011111110111110000010101100011010010111111000011100110100111100001100101010101110000110100101111111111
111001110101001000011100111101001001001100000011111000111000100100000011010011010010000100111001011011101100100011110011101111011001110110100011011001011100111111010101001000000111010111101101111011100001101010111111111011101011011111101111000000010010010000101101011101111010000000101111001000001110010110000101110000001111111111
111111001100111001001000101001001000011111111011111101100100000100010010010101101000101100111011101010000011011011111011111001111011110010011001011110101111111010110011011110110011010111110111111110010110011010111100000010110001111111000011010100110100111000011100111111100100101101010011100010010111110000010101001101001111101111
110000000000110001100011110111110001111111101101111000101110100001001011101010111001010010110111010010010001100111110011110000101011100000010011110000110000111001110110100011000111001011111100000110100011111111111111101101010001100000010000011000000001100110010000011000111010000100101010010111011010001000101010101011111111111111
110010001001000111111010110011011010010110001001111000111000001001001010101101011000111100001111010111001011011011111011101110001101100011011111101001011110111000101011110011100011000111111111101011100010101001111110000101111111010101001001101100010110101111111101100110001001011001110000110011011000110111010110000010101111111111
111101001110001000111110101010000010111100010011111001111111010010000011010100101110101010011101010011000101000111111111100000101001110101010100010101111110111111000000111010100011100111101000110110100010011001111110110000001010101111001111001000100101101000010000010001010111110001010001001100100001010011110001010110011111101111
111011000100010010101110000010010000001010101111111011110011010011111110000011001010111010100101011100001001010111110011110110100001110011111000100111001100111010001101010110000011101011111111011001010100111100111111111000001111101000000010111100100001101100010101011100011100001001100010100011111001101100010011100111101111111111
111001000001001111001011011011011000101101000111111001101100010111010011010110000100011010001110000101110110000011111111100011111111100100111100111110111101111110110101111101010111110111110100100111101111110001111100000110010111111110111100100000101110001011100111101001111000010101111001011111010010001010011100111111001111101111
110010100011110110100110100000110001101101000011111011110001110111100101010111000000011101100111001100110100011011110111100010101101100011101101100101000111111010101000011100000111101111110111010110101110000000111111000010011010001100111111001100100011011001111010000111011110001001110011001000101011110111111001001101011111111111
110001111010010101010001100101000011001101110001111011100010010111000000010110000011111011001110011100010100100011110111111110100001111010100000001100011000111101111011011010100011111111110100011111110111100101111100110111101111001110101100000011011111001010111100001101101110110111111001100010111110110010010101000101111111101111
110000111011100010100010010000101100010100111111111100101011111000100010101100000010110100001101000110100010100111111111111111100111111100100010000011111001111001110010010110001011110111111100101101000010010001111101011000100001000111000011110101111000110100011100110110111011010001000100100110100101010101000110100111011111111111
111110110011100001010101011010011000111001000011111101111111001001011100100010010110011101001110011110100111100011110011100001010111111011000101010001110100111100111100001000010011101111101000000101011000010010111100100001100000100000000010000011110010101011001011011011101001100010010001110001100101101100000010111001011111101111
110011100011000000000000100100111100110001110001111000100100101111110001001101001111100001010100001011010101100011110011100001100001111011000000111100011101111111011101010100000011110011111111011101001111000011111111100010110100111100110111101000011010000100100011111001001000101001111111010101001110111100111000001001101111101111
110000010000110011110000110101101100000001101111111101110001000110100111001000110010110110111100011000001001000011110011110000100001110110001110000110101001111110001101111101000111100111110010001010001110011010111111010010011011011111101101100100101010000111010110001001110000001010101010100011100101100100011011010000101111111111
110001111001011111111010111011100111101010101001111111111111101111110001011111000011000010001000011100101011000011110011110110101101101001011000010001011101111111111010111100011111001011110011000011101111101101111100011000100000001001010101011000111101000000010101101100110001100110100011111110011100000111111001111100001111101111
110000001010001101011011001001000100111110111011111011100010000110010010011101011111100110110100010101100001001111110111100011111011110100001100001011100001111011110011110001110011000111110011100011000000010110111110101100110011000011110001011100110011101011100000110101100011001111000011110001001101101110111010100010001111111111
110000011101001111100001000111011001001110001001111001111101111001001101101100000100111110111010111111110001001111110011111010101011100001100110111000011101111001110110111001101111110111111001000111110000100101111100110100100011110101100010101101000000000001000010011010111011011001110101000101011011101000011110100011111111111111
110011110111010100001000110000001101001111000101111111101010011001111000011110110101011000011010010101001010011111111111101110111001100101100101111100001111111111101111110110111111110111100100100110100001110001111101111100000010111100101101100001001001010001011000000110110111000100101011001100101010101100100011110101101111111111
110011101011011111001011111001011111100100111001111101110100101101011001101001100110011100100100011010010001101011111011100001100011110101100111010001001110111000100000001001011011101011100100011110100101010011111111100111100111011010010101101011110101001000011101010101000000001001001101000011000111011110010001101011101111111111
111100011111011000011100000100011000010011111001111010111010001011011001010101010010001100100100100101011100100111110111100011100111100110100111000101111011111101001000110001010011101111111101001110110001110101111110110110010100001011001110100011001100111110110101010000101000010100111100000010110000010100000100010111101111111111
111011101000101101011011110001011011111111000101111101111000000100000000000100000100010101101110000111100100110111111111100010110011101011001100011010100101111111001011000010010111001011111110101001011011000111111110111001100110000010010000001110100010111001110101101110011101110100101010110110011001111100011110101100011111101111
111111111111111111111111111111111111111111111111111111111111111111111111111111111111111111111111111111111111111111111111111111111111111111111111111111111111111111111111111111111111111111111111111111111111111111111111111111111111111111111111111111111111111111111111111111111111111111111111111111111111111111111111111111111111111111
111001111011110110101010001011011011101011001101111001100100111110110001100101110110011000100110000010001110010111110011110010100001111110000010111101001001111001100011101011101011000111101000000101101011000101111111110010010010110111010000111110010100010001101100101000001100111001000000001111110101001100100011001111011111111111
111011010100100001101011001010001110000110110001111010101011110110100111010111010110101110101110111011000100010011111111110011111011110010011111000010000000111001101000111111011111101111110111011011001110000101111101111111010010111111101010111000111110011100011101101101010100110101000110111000000100100010110100000100111111101111
110111110110110011110110001100001001110010111111111110111101001111110010001110010101110001010111001110111001101111111111111111110101111101001010010100001110111011101110101110101111000011110011011010011110011110111111001110010100011001010100000010010101111101101111101011111100111010001100101001011111110100010101001000001111101111
110000000000110001100011110111110001111111101101111000101110100001001011101010111001010010110111010010010001100111110011110000101011100000010011110000110000111001110110100011000111001011111100000110100011111111111111101101010001100000010000011000000001100110010000111000111010000100101010010111011010001000101010101011111111111111
111110110011100001010101011010011000111001000011111101111111001001011100100010010110011101001110011110100111100011110011100001010111111011000101010001110100111100111100001000010011101111101000000101011000010010111100100001100000100000000010000011110010101011001011011011101001100010010001110001100101101100000010111001011111101111
110000001000010100000001100010000010101000011111111110110100011101001001111111111101100000110010100111001010010111110011111000100001111010000010000000010010111110000101101100101011111011110101111110000110000111111101001110011101101100111111011101001101010110011011101111100011000011110100101111101010101101101001100111101111111111
110011101110001010001010011010011100101101100011111101100100101110001111100100111000111011101100111011100111110011110111100111110011111011101110101111001110111110001001100100111011011011110110001100011110101111111111001000010010011000011100010101010101111001100100101101011000101011011111101000000111101010010000100110101111111111
111101000101000010110010000111010100001110001001111101111011010111010110100101110000100110000010101010011010111011110011100011111101101110100101101000011111111011011010011101010111011011101100000110011101000100111100111011101110011101110000101110010111001100100010111000100011000000001100000000111010100010111111000101111111101111
111110111011101001100111111111011111000111110101111111111101001010000100111110001110011100011110011101111011100111111111110110100101111001100011000110010101111011011000011111110111001011110000100110100100111010111111101100111001011111110100100111100100100111010010000011010110001010101111100111001101110101101000110001111111101111
110100101101100010001000111010111011001000101011111111100000011100101010001100100111100000010100011000101010111011111011111000111101110101111010011111000000111010101100100110100111101011100110011000101010011100111101110001010000110100011010000111001010010010000111011011010101011110110100010111000011000100000011010000011111111111
110000000000000000000000000000000000000000000001111001100000000000000000000000000000000000000000000000011000000011110011100010000001100000000000000000011100111001000000000000000011000111100000000000000000000000111100000000000000000000000100000000000000000000000000000000000000000000000000000000000000000000000000000000001111101111
110100101101100010001000111010111011001000101011111111100000011100101010001100100111100000010100011000101010111011111011111000111101110101111010011111000000111010101100100110100111101011100110011000101010011100111101110001010000110100011010000111001010010010000111011011010101011110110100010111000011000100000011010000011111111111
110001001111000100111001111010000100011011111101111011101101101111000000111101100101000001001001001100001100010011111011111011100001110110000011111111101110111100101000100000010011000011101100001111001110100110111111110001100101001010011110100100010111000100010111001011001010001010100010011101111100100101111111100011011111111111
111011110110000101011011110111101010001110000111111001100010100101010010101111100110111000111001010101101011001011110011110011000101101110000010000011100110111111101010111010011011110011101110001011100011001000111100011101000100100111000100111101010110001000101000110111010001001110011010110011111001001100000010111100011111111111
111001010011111111011000100011010111111110110011111000100000111010001001101010110100000000010101100100011010100111111011100111011111101001010000100011110101111010111000100010110111001111111110111101011100100001111111100010000000000011001111011000001111100001110110110000100110101011000001110001000101010100001000000000101111101111
111001010011111111011000100011010111111110110011111000100000111010001001101010110100000000010101100100011010101111111011100111011111101001010000100011110101111010111000100010110111001111111110111101011100100001111111100010000000000011001111011000001111100001110110110000100110101011000001100001000101010100001000000000101111101111
110000010000110011110000110101101100000001101111111101110001000110100111001000110010110110111100011000001001000011110011110000100001110110001110000110101001111110001101111101000111100111110010001010001110011010111111010010011011011111101101100100101010000111010110001001110000001010101010100011100101100100011011010000101111111111
111101110101110110010001000100001010111110000001111110110010110111011001010101101001001111111001011000011010000011111011100010100001111111011001100101010101111011010001101001100011001011110110000000100101001110111111111100101110010100101001101110110110110011010010100000110111000011100100111010000001000011000000000001001111111111
110111000111110111001010000000100100101110000101111100101010000001101111110001111000000101010001010010011111100011111111100101000101110011111001101111010001111101111100011110110011111011101000100100101101001110111101101001111000011100110111011100000101110111001111111010011000110111010001001000011000000111100011111011101111101111
110011101000010110000011110110001101111101101101111001111000100010101101110010011011001111101101101000100011101011110011100010000001111001100100100100010111111010000101001111001011101011100010110110000101001100111110011000001001001000011010110110110001100101001110010001101001111000011001101000101001100110110100011111111111111111
110010100011110110100110100000110001101101000011111011110001110111100101010111000000011101100111001100110100011011110111100010101101100011101101100101000111111010101000011100000111101111110111010110101110000000111111000010011010001100111111001100100011011001111010000111011110001001110011001000101011110111111001001101011111111111
111111110101010000000111011010001101100101011111111011100110100000010100011101110000111000001111110000100110011111110011111000011001100011011100010111001110111010101110001110101111101111111110110110010101110101111100111100111001000001100101101111100100110111100001100111101101011011110110100100100100111000100010110111111111101111
110111111101010010001011011100111011010101000011111101101010110010011110100111100010101111110111110101000010101011111111111110110011110000001101000110111110111110010011010011101111111111101110101011000110100110111111011110100110101100100110101011010110000110000011110111100100100001010000000010101000111000011111100100011111101111
111001110101001010011100111101001001001100000011111000111000100100000011010011010010000100111001011011101100100011110011101111011001110110100011011001011100111111010101001000000111010111101101111011100001101010111111111011101011011111101111000000010010010000101101011101111010000000101111001000001110010110000101110000001111111111
110000101101010001110010000100000101001000000011111100111111100000110101101001100010011000011101111100110110011111111111100001000011101010101011100001000001111000101000111111010111110011101001101010101010110101111100100111101001010110000100000011100100110011101101011111100110101000101111011011000000011010001101011000011111111111
111111000100001000001000110100111011010100100101111000101111001011100111010011100001010101001010001111011100011011111111110100101111101110010011101001010100111101001111001010101011101011111010001110101001001100111110111100010111011101010011111101000100111010100011001010101000001011010011110000110000000011100111000101011111111111
111100011010011111000010011011000110111000100101111100101110110100000010010111001001011001000010011011001010011111111011100001011001100010100011000001110101111111011111000010001111000111100101001101101010011010111111110100001000011011101011000000100000110101001001101011100100000010110001000000100110000111000111000001001111111111
110010000100100111110011010011011001001101110111111000110011001010010011001000110101000101011110011100110011010111110011110100100111110010110010010010101011111011110000010000111111111011100101111111101111000000111110001100001110010101100101101111111110100100101100001110100000110111111111001011100000000011000000111100001111101111
110111111101010010001011011100111011010101000011111101101010110010011110100111100010101111110111110101000010101011111111111110110011110000001101000110111110111110010011010011101111111111101110101011000110100110111111011110100110101100100110101011010110000110000011110111100100100001010000000010101000111000011111100100011111101111
110000011101001111100001000111011001001110001001111001111101111001001101101100000100111110111010111111110001001111110011111010101011100001100110111000011101111001110110111001101111110111111001000111110000100101111100110100100011110101100010101101000000000001000010011010111011011001110101000101011111101000011101110100011111111111
110101101000110000101111010001110011111001100001111100100001111000001110101111010000100011010010110101010000111111110111100010010011110010011101010000010101111010001010100110011011101011100100010001011111000011111110011111011111000001011100111101111000111011011111101101001010110101110010101110000001100000110111111110001111111111
111101001110001000111110101010000010111100010011111001111111010010000011010100101110101010011101010011000101000111111011100000101001110101010100010101111110111111000000111010100011100111101000110110100010011001111110110000001010101111001111001000100001101000010000010001010111110001010001001100100001010011110001010110011111101111
111011010000100001101011001010001110000110110001111010101011110110100111010111010110101110101110111011000100010011111111110011111011110010011111000010000000111001101000111111011111101111110111011011001110000101111101111111010010111111101010111000111110011100011101101101010100110101000110111000000100100010110100000100111111101111
110100000000100110101101010011011100111001110011111011100001100010100010110100110001001001010011001100010010000011110011111001010001101110100100001011101110111000111110111011000111011011110011111011010100100000111100011110111110100111010101011111011001011111001110010000000111111001101010110010011010001000011011100011001111111111
111001110101001000011100111101001001001100000011111000111000100100000011010011010010000100111001011011101100100011110011101111011001110110100011011001011100111111010101001000000111010111101101111011100001101010111111111011101011011111101111000000010010010000101101011101111010000000101111001000001110010110000101110000001111111111
111011010100100001101011001010001110000110110001111010101011110110100111010111010110101110101110111011000100010011111111110011111011110010011111000010000000111001101000111111011111101111110111011011001110000101111101111111010010111111101010101000111110011100011101101101010100110101000110111000000100100010110100000100111111101111
111111111111111111111111101111011111111111101011111111111111111111111111110110011110111111111111111111111011111111110111111111011011111111111011111111111111111111111111111111111111111111101110111111111111111111111111111111111111111111111111111111111111111111111111101111011111101111101111111111111110111111111111111111111111111111
110101101000110000101111010001110011111001100001111100100001111000001110101111010000100011010010110101010000111111110111100010010011110010011101010000010101111010001010100110011011101011100100010001011111000011111110011111011111000001011100111101111000111011011111101101001010110101110010101110000001100000110111111110001111111111
110011110111001111101110101000110110110100100111111010101110011110011000101001011011100011100111010110011000110011110011101111011001111101111100111100100010111001110001010111110111010111101011111111101110001101111111011111000100001110010000010001110110010111010100001101000001000110011011100011101011000001110101000111001111111111
110100000000100110101101010011011100111001110011111011100001100010100010110100110001001001010011001100010010000011110011111001010001101110100100001011101110111000111110111011000111011011110011111011010100100000111100011110111110100111010101011111011001011111001110010000000111111001101010110010011010001000011011100011001111111111
110101010000011010011111110101111011011000011001111011100110101110010001001111101110011111010000010001011000101111110011101100101101111110010111011111000101111100100101111111000011110111101100111000101000100100111100001010000101101110100100001100010110110110001110100110010100111100010000111011110111010001100110011110101111111111
110101100001010011101101100001001001100000111101111000101100000011010001000000011011010001110001111100100000100111110011110010100001111110100001100111100010111010000110101100001011011011100011001100111000001000111110110000011001001001010100011001101010000110110010110101001101111001100111111111100010010000111000110010111111111111
110010001001000111111010110011011010010110001001111000111000001001001010101101011000111100001111010111001011011011111011101110001101100011011111101001011110111000101011110011100011000111111111101011100010101001111110000101111111010101001001101100010110101111111101100110001001011001110000110011011000110111010110000010101111111111
111100101111101011110110111110110101010110101011111101100000111111011111100011000101101110010011101000000001000111110111110111000101110111001100000010000010111010011001101000100111010111100001001000011111011010111110110001110000100001011011001100000100100000101000100000000111100111100101001101000101000010100010111101001111101111
110010000001000100101001101110110111111100110101111110100001010101000001000100111011111110011011001001100010000111110011111111100001101001101011000000111011111100011100010011101011110011110100010001000000111010111111010110100011101001100100011101001110001011101011000001101111100111101000001111001111100011011110100000111111101111
111101000110100000011111101010001010000011100101111111101110100110010111111111001010001111010100000001001011000011111111101111010101101001000011001111101101111111100001001100101111011011110001101010000111110101111111111000001010001011110100110100010000111111101001101011100100101011100010110011100000000001000100011110111111101111
111101000101000010110010000111010100001110001001111101111011010111010110100101110000100110000010101010011010111011110111100011111101101110100101101000011111111011011010011101010111011011101100000110011101000100111100111011101110011101110000101110010111001100100010111000100011000000001100000000111010100010111111000101111111101111
111010010010101000101010000111001110110001110011111001111000100111111001101101001001011000110010100101100000011111110011100000001111101101001001101101001010111110101000000000010111011011110010100111100100010111111111010100110101101111000000010100010111010101000111111110110000001111101101000111011100001100011110100101011111111111
110000111011100010100010010000101100010100111111111100101011111000100010101100000010110100001101000110100010100111111111111011001111100001011000011011010000111001110101000100011011111011100011000001010111011011111100001110000110000101011101100001101100110110111111110000011001101001101111101011001001110011100110110111011111111111
111111001100101111110111101001111011100100111101111001111000001000000111000011101001010100101001011111010100101011111011111010011001111000111110001110000100111000011010100011011011001111101110000011100101011010111100100001001100110110001111011010001001000111011110101111101111111101111110001100010000000001101001100111011111101111
110111111101010010001011011100111011010101000011111101101010110010011110100111100010101111110111110101000010101011111111111110110011110000001101000110111110111110010011010011101111111111101110101011000110100110111111011110100110101100100110101011010110000110000011110111100100100001010000000010101000111000011111100100011111101111
111001111011110110101010001011011011101011001101111001100100111110110001100101110110011000100110000010001110010111110011110010100001111110000010111101001001111001100011101011101011000111101000000101101011000101111111110010010010110111010000111110010100010001101100101001101000000000010111100001100100110011110100100100111111111111
110000111011100010100010010000101100010100111111111100101011111000100010101100000010110100001101000110100010100111111111111111100111111100100010000011111001111001110010010110001011110111111100101101000010010001111101011000100001000111000011110101111000110100011100110110111011010001000100100110100101010101000110100111011111111111
111001000001001111001011011011011000101101000111111001101100010111010011010110000100011010001110000101110110000011111111100011111111100100111100111110111101111110110101111101010111110111110100100111101111110001111100000110010111111110111100100000101110001011100111101001111000010101111001011111010010001010011100111111001111101111
110011100001010000011110111110101101100010101111111110101110101000110001101101011000010000101110111101000111001011111011110101101011110101101111101011010010111110101000111011111111010111101100101010111000010100111101000000011011111100000111011101101100110001001010001101001001111010011111000011101000110001110000111100111111111111
111011000000010111001011010110001011000000110101111100110111010011100010000101110100011111110011111101110100100111110111101101101001110100010100100100001111111010000011111110010111110011110100011100111001101100111100110010001001101011100110101011001000011001110100000010110101011111100100011001010101100101111010000011101111101111
110011101110001010001010011010011100101101100011111101100100101110001111100100111000111011101100111011100111110011110111100111110011111011101110101111001110111110001001100101111011011011110110001100011110101111111111001000010010011000011100010101010101111001100100101101011000101011011111101000000111101010010000100110101111111111
110011001110111111111110101100101011111101100111111001100111011011101011100010101101111110011111010110111100010111111011111010011011100010101100001011110010111110100011101000100011101111111010000001110110101011111100001011101001100010001000011001000000111011101011011110101000100101101000010010010010100000010010001000011111101111
111001000101110110000001001111000010011000110001111000100110011001000011111000011101110111101111001101111100111011111011100111101111101101110101110011010010111101010101111101101111101111101100101101000111000011111101000000101110000100011100100100110001011110010100101011001100111101001001010001101001001111011001110010001111101111
110011110111010100001000110000001101001111000101111111101010011001111000011110110101011000011010010101001010011111111111101110111001100101100101111100001111111111101111110110111111110111100100100110100001110001111101111100000010111100101101100001001001010001011000000100110111000100101011001100101010101100100011110101101111111111
111110100011011111010111000101000001010000110111111001111010000001100010000011000100011011111000111100011001011011111111101011110011101000101000101000011011111001010100000111011111110011100101001000101010110100111110001100110011011100111100110101010000011100010000111001001000110100110100100111011111001100001000010001011111111111
111011101100001100000010111101100001010001100101111100111111110011101000011110010000000000000101011011001110100011110111101010110001111011000111001010101010111000110110000000101011000111110101010101000001011101111100110110110001011000111000101110110011010001110111101010000101000111101100000000011110001001010001110000011111111111
110011100011000000000000100100111100110001110001111000100100101111110001001101001111100001010100001011010101100011110011100001100001111011000000111100011101111111011101010100000011110011111111011101001111000011111111100010110100111100110111101000011010000100100011111001001000101001111111010101001110111100111000001001101111101111
110010001011011111001011110110001101010010100111111010101000101000110011110001011000111100001110101100011101110011111011100011001001101010010100100110001101111010100010000111110011111111101111100000010101110111111110101110111010011000000101001111000110010000100111000000111101101000011010001110100100111100011011111011101111111111
111111110101010000000111011010001101100101011111111011100110100000010100011101110000111000001111110000100110011111110011111000011001100011011100010111001110111010101110001110101111101111111110110110010101110101111100111100111001000001100101101111100100110111100001100111101101011011110110100100100100111000100010110111111111101111
110011011010010000011010111011101100110010110111111100110011110001001001011001001110001100001000000001111111101011110011100000101001111011010011000011010000111001010100110110011011101111110011110010111011010010111100000010111000010001011111010101110100011000001000001101000001001101110100100010011001000111110101011001011111101111
111110101001001000011010110000001011111111110011111000100110000111010010100110011101111001100100001001110111101111111011100001111001101101110111110001111010111000111100010100010011000111111101011100011001010011111110001011101011010011011111011000001000100000111100001010100010110000111000011011100010000011010101001100001111111111
110011001011101000010001110100100100000110001011111111101011101011101110111110000011101111111001110101111111100111111011100111100101110101110101000001010101111110001100111111010011100011111010110111011010011010111110110001101010101111010010110001000011111110100100001101010010001001001010111011101100000001101010000000011111101111
111101010001111111010001000110010011010100000001111111110111111000100100011010100000110000000111111000100110011011111011111000100111101100110100001000011010111001001101000001001111111011101101101100111100100010111110110010111111101001001111001011110100101001100111110100101011100111011011110000101001110101010000000101001111101111
110111111000101111101011001101001110100011010101111000100001011111011101111110000000000111110010111101001101110111110011100010111111100010100001110001100000111001000010111100011111101111111110101011111111111100111111000011011001000110011010001101101000000001010000100000100111000101110000110110100010100110111110111101001111111111
110011001110111111111110101100101011111101100111111001100111011011101011100010101101111110011111010110111100010111111011111010011011100010101100001011110010111111100011001000100011101111111010000001110110101011111100001011101001100010001000011001000000111011101011011110101000100101101000010010010010100000010010001000011111101111
110101110111101000001000111000010100010111100001111101110000000111000010111000100111101101111001110011101001010111110011101111101111101101000100011011000001111110001001100011111111000011111110110111000110000011111110001101100001001010101111000010111001111101001111001010000001011010101000011110001000101111100100101111111111101111
111110110011100001010101011010011000111001000011111101111111001001011100100010010110011101001110011110100111100011110011100001010111111011000101010001110100111100111100001000010011101111101000000101011000010010111100100001100000100000000010000011110010101011001011011011101001100010010001110001100101101100000010111001011111101111
110100101101100010001000111010111011001000101011111111100000011100101010001100100111100000010100011000101010111011111011111000111101110101111010011111000000111010101100100110100111101011100110011000101010011100111101110001010000110100011010000111001010010010000111011011010101011110110100010111000011000100000011010000011111111111
111111001100111001001000101001001000011111111011111101100100000100010010010101101000101100111011101010000011011011111011111001111011110010011001011110101111111010110011011110110011010111110111111110010110011010111100000010110001111111000011010100110100111000011100111111100100101101010011100010010111110000010101001101001111101111
110111000000111110110011101010011100110000010101111100101001011010001000010001111001100001101111001001110011101111110111101000000111111100111001000001100000111101111110011111111111010011110110110110010000110110111101011001110000010101111011001011001110001111001111111101001011000101010111101011001011001010010111111001011111101111
111101001110001000111110101010000010111100010011111001111111010010000011010100101110101010011101010011000101000111111111100000101001110101010100010101111110111111000000111010100011100111101000110110100010011001111110110000001010101111001111001000100101101000010000010001010111110001010001001100100001010011110001010110011111101111
111011000011011001111011001101001011001001011101111010111101011100001010111010010001111001100110101000001000111011111111111100100101100111010011101110100110111010101111001001100111110011101100100100010000111011111111011000101001001011000110100010000110111001010010010111101011110100111110101101010001011110100100101011111111111111
111101000110100000011111101010001010000011100101111111101110100110010111111111001010001111010100000001001011000011111111101111010101101001000011001111101101111111100001001100101111011011110001101010000111110101111111111000001010001011110100110100010000111111100001101011100100101011100010110011100000000001000100011110111111101111
110000001010001101011011001001000100111110111011111011100010000110010010011101011111100110110100010101100001001111110111100011111011110100001100001011100001111011110011110001110011000111110011100011000000010110111110101100110011000011110101011100110011101011100000110101100011001111000011110001001101101110111010100010001111111111
110001111010010101010001100101000011001101110001111011100010010111000000010110000011111011001110011100010100100011110111111110100001111010100000001100011000111101111011011010100011111111110100011111110111100101111100110111101111001110101100000011011111001010111100001101101110110111111001100010111110110010010101000101111111101111
111010010010101000101010000111001110110001110011111001111000100111111001101101001001011000110010100101100000011111110011100000001111101101001001101101001010111110101000000000010111011011110010100111100100010111111111010100110101101111000000010100010111010101000111111110110000001111101101000111011100001100011110100101011111111111
111001000001001111001011011011011000101101000111111001101100010111010011010110000100011010001110000101110110000011111111100011111111100100111100111110111101111110110101111101010111110111110100100111101111110001111100000110010111111110111100100000101110001011100111101001111000010101111001011111010010001010011100111111001111101111
111110101110011110010111010010010110010110010001111100100110001110110011011010010000011010101011010000100100101111111111111001000011110100100110100010101011111110000010001100100011101011111001010111100101110101111110001110100111011001001001000100000101100000001100001110000000100111001111011010111111000110000100101110001111101111
111001010011111111011000100011010111111110110011111000100000111010001001101010110100000000010101100100011010101111111011100111011111101001010000100011110101111010111000100010110111001111111110111101011100100001111111100010000000000011001111011000001111100001110110110000100110101011000001110001000101010100001000000000101111101111
110010000001000100101001101110110111111100110101111110100001010101000001000100111011111110011011001001100010000111110011111111100001101001101011000000111011111100011100010011101011110011110100010001000000111010111111010110100011101001100100011101001110001011101011000001101111100111101000001111001111100011011110100000111111101111
110010011111111100111011101011100010010110111111111111100111011011110111001011100000100110100010100111010100011011111111100101000011100110000001001111101001111110110110001000111111110111101011111000110010110011111100001100100111100011000101100101110001100010111101011001110110011111000011001000010111111110101110010000011111101111
111001111011110110101010001011011011101011001101111001100100111110110001100101110110011000100110000010001110010111110011110010100001111110000010111101001001111001100011101011101011000111101000000101101011000101111111110010010010110111010000111110010100010001101100101001101000000000010111100001100100110011110100100100111111111111
111010001100111100101011100001100111001110001001111010100011111001001110011011011111111000000001100000110111001011110111100111010101101000000011010101101100111100101000110010001011010111101011100011000111000010111110011110011000111000001000100010011000011011111100010001110101101000100010000010011100101110000011111011011111101111
110111111101010010001011011100111011010101000011111101101010110010011110100111100010101111110111110101000010101011111111111110110011110000001101000110111110111110010011010011101111111111101110101011000110100110111111011110100110101100100110101011010110000110000011110111100100100001010000000010101000111000011111100100011111101111
111110001011111001001100000001110000001001001101111100110010100100101001010010010001010010011011011100001110001011110111100110101011110001101100101100000100111100011111110000101011010011111100010001010101001010111100010010000000011101010001111111101011111001110111111001100100011001011011111110011110010010111100010010001111111111
111100011010011111000010011011000110111000100101111100101110110100000010010111001001011001000010011011001010011111111011100001011001100010100011000001110101111111011111000010001111000111100101001101101010011010111111110100001000011011101011000000100000110101001001101011100100000010110001000000100110000111000111000001001111111111
110000001000110000110011111001111110011001011101111111100111000010101110000100010100000000001111110100000101001111110111111001100011101110001010101010101011111101001101100010101011101011111010100111100000001010111111101001110001001000001001111010011110111010000011010000010100100110110010000110100110101100010011100110111111101111
110110000000111110110110000111110000011011000011111010101101010001010101101110010010111001001000110010001001011111111111111100000001110101011000001101111100111011001111111001000011001011100000000111100100001111111110010010110110001110100010100101110010010110011100101110111100101101011100001100100000101111101001110010011111111111
111011000100010010101110000010010000001010101111111011110011010011111010000011001010111010100101011100001001010111110011110110100001110011111000100111001100111010001101010110000011101011111111011001010100111100111111111000001111101000000010111100100001101100010101011100011100001001100010100011111001101100010011100111101111111111
111111000100001000001000110100111011010100100101111000101111001011100111010011100001010101001010001111011100011011111111110100101111101110010011101001010100111101001111001010101011101011111010001110101001001100111110111100010111011101010011111101000100111010100011001010101000001011010011110000110000000011100111000101011111111111
110110011010011110001010101111000101000000000101111101111001000001010000110110101010010011111101011010011101101011110111101101111011110111001011100010000111111000100001011100100111001111100101010101110111100110111100101100010000000000101010100111111110000111101010001001100001100101111011101011100001111110110101100001101111101111
111100011011101111000111011001111010111000011011111000101000011110010010111110001001111100101010111100001101100011111111101001100101111110100011100110010010111100100101000001111111101011110110001110001100111110111111010010010011110010010100011000110000101101111101110001111011011110101000110001111000000111010100010010001111111111
111110101110000100001100000010001111000011011101111001101010010110101010100010100110001001010011100100010111001011111111101100000111110100100100110100001001111000011000100100000011010011110000111010100000101010111101000001010100010101001111010101011010110000011010011110010111001011000010111101110101110010000110010010011111101111
111110101110101111001100010000011011100010100001111111101011001001001001000001111011011111100110000111110001100011111011100110000101110001000000110101000101111110110100100111100111101011101100001110111010000101111101000111001101110111100000101110001000100100000001011100011010010000111110100100011001111000100100000101011111111111
111111001110010011011111110011001111011011110111111011111101100100100111111110000111000110000101011000110001010011111111111101110001111111000101101000000111111111000110011100010011111011111010000100010010100010111110111111101100011011101000111000110100110011000000011110010011111110010000000000000100100111110001011100011111101111
111101110101110110010001000100001010111110000001111110110010110111011001010101101001001111111001011000011010000011111011100010100001111111011001100101010101111011010001101001100011001011110110000000100101001110111111111100101110010100101001101110110110110011010010100000110111000011100100111010000001000011000000000001001111111111
110010000100100111110011010011011001001101110111111000110011001010010011001000110101000101011110011100110011010111110011110100100111110010110010010010101011111011110000010000111111111011100101111111101111000000111110001100001110010101100101101111111110100100101100001110100000110111111111001011100000000011000000111100001111101111
110101010000011010011111110101111011011000011001111011100110101110010001001111101110011111010000010001011000101111110011101100101101111110010111011111000101111100100101111111000011110111101100111000101000100100111100001010000101101110100100001100010110110110001110100110010100111100010000111011110111010001100110011110101111111111
111111010011000010000101110010101010100110110111111110100100010010100000101011000011010010000111100011100001111111111111111001000001111110101101111111011000111100110110001110100011100111100110111010110110001001111110100100100100011001000001001110011111101000000011000111101011000100100110000011100101000110000110011111111111101111
111111010111100110001100000100011100100101111111111101110010011101100001010110001001010110110000010110011100011011111111101001011001111010000110100111011101111011101110100001000111001011110111011111010010101000111110011010001001011111110111110000010101100011010010111111000011100110100111100001100101010101110000110100101111111111
111001100011011111110101111101111001010010111001111101111100011000000101110001001111100011001100100001001100111011110111100101010111101011100100111101111100111111111111000100011111111111111000011101101111010100111111101101100111000110100011011001010100111111111110100000011011110101110011000011010111111110010111110000111111101111
110000001000010100000001100010000010101000011111111110110100011101001001111111111101100000110010100111001010010111110011111000100001111010000010000000010010111110000101101100101011111011110101111110000110000111111101001110011101101100111111011101001101010110011011101111100011000011110100101111101010101101101001100111101111111111
111100101111101011110110111110110101010110101011111101100000111111011111100011000101101110010011101000000001000111110111110111000101110111001100000010000010111010011001101000100111010111100001001000011111011010111110110001110000100001011011001100000100100000101000100000000111100111100101001101000101000010100010111101001111101111
110101000011100010101000110000011100000111010111111010110010000010011110010110111100010111000110000011001010010111111111111011001101101110100011111001110100111010010111001000101011000011111100101111010100101101111100100101101101100011010010110010110011111010001011110110000001000011010101100011100001101011100000000101101111111111
111101000101000010110010000111010100001110001001111101111011010111010110100101110000100110000010101010011010111011110111100011111101101110100101101000011111111011011010011101010111011011101100000110011101000100111100111011101110011101110000101110010111001100100010111000100011000000001100000000111010100010111111000101111111101111
111011110110000101011011110111101010001110000111111001100010100101010010101111100110111000111001010101101011001011110011110011000101101110000010000011100110111111101010111010011011110011101110001011100011001000111100011101000100100111000100111101010110001000101000110111010001001110011010110011111001001100000010111100011111111111
110011100001010000011110111110101101100010101111111110101110101000110001101101011000010000101110111101000111001011111011110101101011110101101111101011010010111110101000111011111111010111101100101010111000010100111101000000011011111100000111011101101100110001001010001101001001111010011111000011101000110001110000111100111111111111
110000111011100010100010010000101100010100111111111100101011111000100010101100000010110100001101000110100010100111111111111111100111111100100010000011111001111001110010010110001011110111111100101101000010010001111101011000100001000111000011110101111000110100011100110110111011010001000100100110100101010101000110100111011111111111
110000000000110001100011110111110001111111101101111000101110100001001011101010111001010010110111010010010001100111110011110000101011100000010011110000110000111001110110100011000111001011111100000110100011111111111111101101010001100000010000011000000001100110010000011000111010000100101010010111011010001000101010101011111111111111
110100000000100110101101010011011100111001110011111011100001100010100010110100110001001001010011001100010010000011110011111001010001101110100100001011101110111000111110111011000111011011110011111011010100100000111100011110111110100111010101011111011001011111001110010000000111111001101010110010011010001000011011100011001111111111
110010100011110110100110100000110001101101000011111011110001110111100101010111000000011101100111001100110100011011110111100010101101100011101101100101000111111010101000011100000111101111110111010110101110000000111111000010011010001100111111001100100011011001111010000111011110001001110011001000101011110111111001001101011111111111
111011000100010110110111100111101000101011000101111001101111110010101101111101011000001101001000100000111101111011110111110001001101110000001100000001011000111010010110000010001111110011101010000001111010001000111110001101101000001110010110111110000010000111010100111111010001011011101111110000100000110100110010001101001111101111
111110111000111101100011111010011000011101100001111110101000001110001010101110100100111011110101100100001001100111111011100010111001101111110010001001010100111100111010011000001111110011100000000100110011001010111111111011000100000100010111011101001111110010011001101110000010010111000010001001011010100001001100000111011111101111
110000010000110011110000110101101100000001101111111101110001000110100111001000110010110110111100011000001001000011110011110000100001110110001110000110101001111110001101111101000111100111110010001010001110011010111111010010011011011111101101100100101010000111010110001001110000001010101010100011100101100100011011010000101111111111
111100010000001110011110110010110100111111010011111100100111100111011010111000111001101110000101001010110110110111110011100110011111101010001100000000001010111101000011100110010011011111100110100000101010011010111111010111100100111110001111011101001100010101101001011000111101101001001011000100000010110110111101000000111111101111
111001110101001000011100111101001001001100000011111000111000100100000011010011010010000100111001011011101100100011110011101111011001110110100011011001011100111111010101001000000111010111101101111011100001101010111111111011101011011111101111000000010010010000101101011101111010000000101111001000001110010110000101110000001111111111
110111001010001010011101011100011100011100010011111111101101101110100100001111101011111001011101111101100000101111110111110000001101111100010101110011110111111101001001100001100111111111111001011101001110101110111111011110101001100111100101001000100001111101101000110010101111101010110010010011011011001100011111011101101111101111
110010010111001111100000101111100001111111100001111110110100000010011101011110011110010011100011111111100101111011111111111100100001101001000000110010111100111001100101100111010111010111111000000011100110001000111110100110000010011111001000111000010000110111000100100101100001110100110111100010101110110001011000000011001111111111
110000101000010100001101001110011101110101100011111010110000111111110010110001110000110100000100001110000010101111110011110100001111110011001110010000000101111110100011010110101011000111100101000100011111001100111100100110000010000010011010011101000011101100010011001100111110111000110001000100101110110100100100000010001111111111
111001101001010101100110000011111111111010001001111100111000001000110010010100001011001000001110011101100001101111111011100101100111111111000001111110100000111001101010111001010011101011100100011101110110011010111100111100101011111100100011101111110101000000100010111000110110110101111111001011011101101011000111101100011111101111
110111110011010101100000101111010100111110000111111011101010000000010101111110011010101110000100001100111111101011110011110010011001111010101011010001100110111001001001101001011011001111111100110011100001110000111110010001111100110000111001001000001010011110001100111110001001000111011110010000111110001111111110110000011111111111
111111110001010111101010100100001110100010111011111000101111011111011101111001100000000010011001000000011111011011111111111101100011110101100010110010101101111011010000001011011111100111101010101100101010010110111110010001101100000110111110000000100101011101111011010100011110110010111000011111110000000100101010100110101111101111
111001001110101010010101100010101011000001111111111000110001101100001011111101110010110000100011000000111101000011111111111011001111100001011000011011010000111001110101000100011011111011100011000001010111011011111100001110000110000101011101100001101100110110111111110000011001101001101111101011001001110011100110110111011111111111
111110111011101001100111111111011111000111110101111111111101001010000100111110001110011100011110011101111011100111111111110110100101111001100011000110010101111011011000011111110111001011110000100110100100111010111111101100111001011111110100100111100100100111010010000011010110001010101111100111001101110101101000110001111111101111
111101000111111100111101000010010101011100110111111101110100001011101110100100010011100001101010011000101010101011110111100011010011111000000111010011100010111000001000110100101011111111110001011111010111110011111101010100001100100111100001111011011011011011101010101011100101101101011010000111101011010100010000001110001111101111
110001000110111110101101110000011101000011011011111101101000001000001011110001001100111011111000000011010101100111110111110010100101100110001100001100010111111010110110110110110011111111111010111111111011010010111100101111101010110111111111101011111011000110011111010011101001111100000000001001001001110011000001111001011111111111
110001111001011111111010111011100111101010101001111111111111101111110001011111000011000010001000011100101011000011110011110110101101101001011000010001011101111111111010111100011111001011110011000011101111101101111100011000100000001001010101011000111101000000010101101100110001100110100011111110011100000111111001111100001111101111
111100011111011000011100000100011000010011111001111010111010001011011011010101010010001100100100100101011100100111110111100011100111100110100111000101111011111101001000110001010011101111111101001110110001110101111110110110010100001011001110100011001100111110110101010000101000010100111100000010110000010100000100010111101111111111
110011101110001010001010011010011100101101100011111101100100101110001111100100111000111011101100111011100111110011110111100111110011111011101110101111001110111110001001100101111011011011110110001100011110101111111111001000010010011000011100010101010101111001100100101101011000101011011111101000000111101010010000100110101111111111
110111110110110011110110001100001001110010111111111110111101001111110010001110010101110001010111001110111001101111111111111111110101111101001010010100001110111011101110101110101111000011110011011010011110011110111111001110010100011001010100000010010101111101101111101011111100111010001100101001011111110100010101001000001111101111
110101101000110000101111010001110011111001100001111100100001111000001110101111010000100011010010110101010000111111110111100010010011110010011101010000010101111010001010100110011011101011100100010001011111000011111110011111011111000001011100111101111000111011011111101101001010110101110010101110000001100000110111111110001111111111
111010011010100001010010100010010110011100101001111110110000011111101110001110000001011011111100010001011110111011111111111000111111110000001010010110010110111001000000001010110011111111100110111000100100111001111100001100110010011011000111100100011110100001010100101010101010001001111001010111001110010010011111011010011111111111
110011101011011111001011111001011111100100111001111101110100101101011001101001100110011100100100011010010001101011111011100001100011110101100111010001001110111000100000001001011011101011100100011110100101010011111111100111100111011010010101101011110101001000011101010101000000001001001101000011000111011110010001101011101111111111
110111110000110000110101011001011010100100110011111010101001010000011010110011001100111000010110111110001100101011110111111110110001100011111000100100001111111111000101001010001111110111110110001111101000000011111111100011011011001011010010001111101001000101010010101010010101001000101101000001111100001010010001000101001111111111
110001001111000100111001111010000100011011111101111011101101101111000000111101100101000001001001001100001100010011111011111011100001110110000011111111101110111100101000100000010011000011101100001111001110100110111111110001100101001010011110100100010111000100010111001011001010001010100010011101111100100101111111100011011111111111
110101100001010011101101100001001001100000111101111000101100000011010001000000011011010001110001111100100000100111110011110010100001111110100001100111100010111010000110101100000011011011100011001100111000001000111110110000011001001001010100011001101010000110110010110101001101111001100011111111100010010000111000110010111111111111
111000010100001111000111010010010100110111001101111111100100010100100100010111001101110101001010101110101100000011110011111111101011110000010110110001101001111100010101111111110111011011111101101001100010100000111100001101001011100000100001110110101101011111011010001110010000000111100011001110100110011110000110001011001111101111
110000001111100010010010011101111110101010000001111010111110100100111000000000101101000011011010011000100101100111111111101100100111111010010001010100001001111000001001000110100011010011111001010111011000001110111101110001101110010000111011000111000010000111100100100010110000010100111100111000111011110010010011111000111111101111
111000010011101110010111111001101111100101111001111111110011100010110011110000100011101111110111111000000000000111110111111001000111101100101011100111100001111110010110001101001111101111110000010010001111100100111100011110101100100110101111010011100011000011010000110001110110111111100011010111111110000000000101111111001111111111
110100010001011111110000100111100111110010001101111110101101101010100111010011111111001111111100110100101100001111110111111010001001111101111001111101100111111011010110100100111111111011101010001111011101100110111101000010010111010010101011100111010010111111001110011111011000110100010011101111101011001100101010001111011111101111
110000111101001111111011011000110101011111000111111111101111111010110100000100111010101111100011001100000111100111110011111000100111110010001111100000001101111101000000111000100111111111110100101101001101000111111111100000000000110001001011111000111001110011000111001010110000100100011111111000110111110100101101011101111111111111
110010001001000111111010110011011010010110001001111000111000001001001010101101011000111100001111010111001011011011111011101110001101100011011111101001011110111000101011110011100011000111111111101011100010101001111110000101111111010101001001101100010110101111111101100110001001011001110000110011011000110111010110000010101111111111
111110000010111110011110110100011001101010010101111111110100010111110110111011010001101000010111011100001101100111111011111001101011111111110000001010101101111101011110010101100011001011110011000111011100010111111100011000011110001001110000011011101010011100011011101111001001111110110100010110100011110010011101110000011111101111
111111001100101111110111101001111011100100111101111001111000001000000111000011101001010100101001011111010100101011111011111010011001111000111110001110000100111000011010100011011011001111101110000011100101011010111100100001001100110110001111011010001001000111011110100111101111111101111110001100010000000001101001100111011111101111
110010011101110010000001011011111010001100010001111100100001000000110101011010010010111010010100000100101000000011110111101111100011111011000111101010011001111111001011010000001011010011100001011100000000100011111101110000110100011111000100010100110111010110110110110100011000000011100001010101010000100100101111000110001111111111
111011000000010111001011010110001011000000110101111100110111010011100010000101110100011111110011111101110100100111110111101101101001110100010100100100001111111010000011111110010111110011110100011100111001101100111100110010001001101011100110101011001000011001110100000010110101011111100100011001010101100101111010000011101111101111
110101001111110010101001111101100011011100110001111001101100110100000101011100001001010111011010110000001001110111111011101111110001110001100011011100110000111011110010111111011011111111100001000001110010000001111110101001001100000101001010110100001101100010100000101111111110001100100000001101111110100000110000101001011111111111
110000101101010001110010000100000101001000000011111100111111100000110101101001100010011000011101111100110110011111111111100001000011101010101011100001000001111000101000111111010111110011101001101010101010110101111100100111101001010110000100000011100100110011101101011111100110101000101111011011000000011010001101011000011111111111
111011101000101101011011110001011011111111000101111101111000000100000000000100000100010101101110000111100100110111111111100010110011101011001100011010100101111111001011000010010111001011111110101001011011000111111110111001100110000010010000001110100010111001110101101110011101110100101010110110011001111100011110101100011111101111
111011000100000101001010010111001100001000010011111100101000110000111111000110010011011100101010011011100101010111111011110101111011100000001010101101010011111100110111001110000011000111111100000110010111010111111111010000101100001100100110011001100011000110001010000001100000001011010100001101111100001001000011001011101111111111
110101111011101111000000000001100101010010101011111110101101111101000010111110111101011100011010010101000100110111110111110110110011110110000001101010100001111010100111111110000011111111111100010101100000001000111100110110001000001000010101110101111100011010001111000110111001001111101101011011001101101001001110101111011111101111
111010100111100111101101101010111010011101110001111111101010011001000000011111000100011010101010100011100010101011111111101010001101100001101101011010011100111111000100100111111011110111110010011010100100110011111101111111001101011011000011100100110001111000100001000100000010100001111000001000100011000100110001110100101111111111
111011000010101001101110110110110101010000101111111000101101011010100001111000101000010110000010010101000101001011111011100100100011100100100011000011101100111100011010011001111111100111110110000010001100000001111100110001111100110101000001100111011010110001010000010001000100011000001111100010010100011101011010111010011111101111
111110000111110111100000011001011111100110101011111100101100100001111111000110001100000100010101000100001000111011110111110100110101101000110110110001011110111001000101011101110011101011111000011110001011110110111110101001101010101010000101100010110000001110000000101000101000001001000011101010001010111110100001100111001111111111
110000011101001111100001000111011001001110001001111001111101111001001101101100000100111110111010111111110001001111110011111010101011100001100110111000011101111001110110111001101111110111111001000111110000100101111100110100100011110101100010101101000000000001000010011010111011011001110101000101011111101000011101110100011111111111
110000111000000111110111101110001000000011000111111000110111110100101001001100011000110111010000010001010111000011110111110000110001110001111011000011100001111010001100000000100011000111101101110101010011001100111111110111110001111101110100100100101100101100111100100011101001110100011110010000101010111001011000010001111111101111
111011000001111101101101001011110011111010001011111001111111110010010001101010111110111001000000101010001001111011111111111101001011100011010000010111001110111110001100101010000011110111100111010001011010011111111111111100100001000100000110101110100110000100100001001011100110000110000111010011101110110110000111101110111111111111
111011010100100001101011001010001110000110110001111010101011110110100111010111010110101110101110111011000100010011111111110011111011110010011111000010000000111001101000111111011111101111110111011011001110000101111101111111010010111111101010111000111110011100011101101101010100110101000110111000000100100010110100000100111111101111
110111000111110111001010000000100100101110000101111100101010000001101111110001111000000101010001010010011111100011111111100101000101110011111001101111010001111101111100011110110011111011101000100100101101001110111101101001111000011100110111011100000101110111001111111010011000110111010001001000011000000111100011111011101111101111
110111100110100110011110011101110100101000100011111000110100011100001100100001111111000100111001101100011100101011110011101011010101111100001110000010101001111101100010101000111111110111111101000100000001010110111111100010001110111010010010111010101110011101111101011110010101111001100111100110101010010100111100011111011111111111
110101101001001101000111010100110001100011000011111010101100111011001011111111110111011010011101000110101000011011110111101010111111111111011000000110000101111110001001101110111111010111110000101100001101110100111101011100110101100110000110000000011010000111111101100000010110001101010111001111010010000100111110000000011111101111
~~~
101.0 159.0 89.0 322.0 1675.0 
93.0 152.0 105.0 294.0 1799.0 
75.0 155.0 96.0 325.0 1709.0 
91.0 151.0 106.0 294.0 1804.0 
72.0 142.0 101.0 379.0 1860.0 
79.0 137.0 96.0 422.0 1976.0 
82.0 149.0 87.0 372.0 1882.0 
56.0 150.0 100.0 312.0 1831.0 
82.0 143.0 108.0 322.0 1868.0 
74.0 139.0 102.0 369.0 1962.0 
79.0 142.0 97.0 349.0 1905.0 
75.0 143.0 87.0 408.0 1889.0 
80.0 146.0 97.0 351.0 1833.0 
75.0 155.0 90.0 363.0 1746.0 
97.0 162.0 91.0 321.0 1661.0 
78.0 148.0 90.0 365.0 1872.0 
82.0 150.0 93.0 372.0 1787.0 
100.0 163.0 82.0 365.0 1666.0 
81.0 141.0 108.0 323.0 1876.0 
0.0 283.0 24.0 101.0 467.0 
69.0 133.0 108.0 358.0 1992.0 
75.0 145.0 102.0 361.0 1829.0 
91.0 151.0 106.0 294.0 1804.0 
75.0 148.0 99.0 351.0 1806.0 
79.0 142.0 97.0 349.0 1905.0 
82.0 136.0 98.0 369.0 1891.0 
69.0 147.0 94.0 399.0 1850.0 
78.0 158.0 89.0 383.0 1733.0 
64.0 138.0 105.0 355.0 1966.0 
92.0 153.0 94.0 339.0 1733.0 
74.0 150.0 98.0 312.0 1813.0 
73.0 155.0 92.0 334.0 1767.0 
90.0 163.0 96.0 277.0 1705.0 
87.0 166.0 87.0 336.0 1644.0 
0.0 279.0 27.0 111.0 499.0 
78.0 141.0 102.0 342.0 1918.0 
76.0 142.0 99.0 357.0 1906.0 
90.0 158.0 88.0 366.0 1756.0 
73.0 148.0 103.0 285.0 1849.0 
84.0 155.0 100.0 310.0 1774.0 
79.0 150.0 100.0 339.0 1790.0 
78.0 152.0 94.0 309.0 1803.0 
75.0 155.0 90.0 363.0 1746.0 
91.0 151.0 106.0 294.0 1804.0 
90.0 158.0 88.0 366.0 1756.0 
88.0 162.0 85.0 345.0 1677.0 
85.0 125.0 109.0 399.0 2090.0 
86.0 165.0 88.0 336.0 1652.0 
82.0 151.0 92.0 372.0 1773.0 
71.0 145.0 103.0 323.0 1875.0 
69.0 145.0 93.0 379.0 1884.0 
77.0 156.0 89.0 363.0 1737.0 
81.0 147.0 97.0 356.0 1810.0 
99.0 157.0 93.0 314.0 1709.0 
75.0 145.0 98.0 348.0 1870.0 
80.0 130.0 112.0 372.0 1984.0 
89.0 149.0 101.0 280.0 1818.0 
81.0 157.0 98.0 284.0 1710.0 
99.0 157.0 93.0 314.0 1709.0 
74.0 146.0 101.0 361.0 1814.0 
83.0 159.0 89.0 332.0 1698.0 
70.0 154.0 97.0 342.0 1786.0 
81.0 147.0 97.0 356.0 1810.0 
75.0 143.0 87.0 408.0 1889.0 
72.0 137.0 112.0 324.0 1974.0 
69.0 145.0 93.0 379.0 1884.0 
72.0 145.0 100.0 348.0 1892.0 
97.0 162.0 91.0 321.0 1661.0 
81.0 152.0 102.0 311.0 1783.0 
66.0 158.0 91.0 330.0 1735.0 
79.0 139.0 97.0 374.0 1886.0 
83.0 158.0 98.0 309.0 1698.0 
70.0 167.0 83.0 355.0 1659.0 
69.0 147.0 94.0 399.0 1850.0 
84.0 157.0 95.0 331.0 1793.0 
78.0 142.0 102.0 337.0 1903.0 
86.0 147.0 105.0 314.0 1812.0 
93.0 150.0 100.0 280.0 1807.0 
82.0 150.0 93.0 372.0 1787.0 
64.0 138.0 105.0 355.0 1966.0 
82.0 140.0 109.0 325.0 1920.0 
76.0 151.0 91.0 372.0 1826.0 
85.0 131.0 101.0 397.0 1981.0 
78.0 142.0 101.0 373.0 1861.0 
70.0 148.0 95.0 365.0 1767.0 
72.0 142.0 101.0 379.0 1860.0 
83.0 143.0 107.0 318.0 1853.0 
75.0 155.0 96.0 325.0 1709.0 
75.0 141.0 101.0 346.0 1936.0 
90.0 162.0 97.0 277.0 1719.0 
79.0 142.0 97.0 349.0 1905.0 
78.0 159.0 94.0 304.0 1736.0 
75.0 152.0 97.0 345.0 1798.0 
69.0 133.0 108.0 358.0 1992.0 
73.0 146.0 101.0 341.0 1870.0 
77.0 141.0 109.0 318.0 1897.0 
88.0 154.0 92.0 328.0 1763.0 
100.0 163.0 82.0 365.0 1666.0 
75.0 155.0 90.0 363.0 1746.0 
98.0 160.0 89.0 337.0 1685.0 
74.0 139.0 102.0 369.0 1962.0 
84.0 151.0 95.0 326.0 1823.0 
84.0 143.0 109.0 311.0 1862.0 
89.0 141.0 108.0 311.0 1895.0 
73.0 148.0 103.0 285.0 1849.0 
79.0 154.0 92.0 351.0 1756.0 
78.0 147.0 97.0 349.0 1834.0 
0.0 0.0 179.0 626.0 3323.0 
67.0 151.0 93.0 323.0 1830.0 
72.0 137.0 112.0 324.0 1974.0 
85.0 127.0 101.0 416.0 2062.0 
91.0 161.0 97.0 278.0 1728.0 
100.0 163.0 82.0 365.0 1666.0 
75.0 148.0 99.0 351.0 1806.0 
81.0 137.0 97.0 369.0 1881.0 
72.0 152.0 99.0 345.0 1765.0 
85.0 125.0 109.0 399.0 2090.0 
101.0 159.0 89.0 322.0 1675.0 
0.0 283.0 24.0 104.0 464.0 
101.0 159.0 89.0 322.0 1675.0 
82.0 150.0 93.0 372.0 1787.0 
88.0 149.0 97.0 310.0 1828.0 
78.0 159.0 88.0 383.0 1725.0 
79.0 159.0 89.0 377.0 1725.0 
98.0 160.0 89.0 337.0 1685.0 
66.0 158.0 91.0 330.0 1735.0 
69.0 145.0 93.0 379.0 1884.0 
94.0 155.0 94.0 332.0 1717.0 
73.0 146.0 101.0 341.0 1870.0 
79.0 137.0 103.0 379.0 1941.0 
79.0 137.0 105.0 346.0 1942.0 
75.0 154.0 96.0 327.0 1714.0 
99.0 157.0 93.0 314.0 1709.0 
81.0 149.0 95.0 359.0 1810.0 
94.0 166.0 99.0 269.0 1607.0 
82.0 149.0 87.0 372.0 1882.0 
79.0 137.0 105.0 346.0 1942.0 
82.0 143.0 108.0 322.0 1868.0 
80.0 146.0 97.0 351.0 1833.0 
77.0 161.0 94.0 301.0 1715.0 
73.0 138.0 112.0 323.0 1963.0 
73.0 152.0 88.0 387.0 1793.0 
75.0 155.0 96.0 325.0 1709.0 
74.0 138.0 111.0 324.0 1960.0 
0.0 20.0 171.0 584.0 3108.0 
80.0 146.0 97.0 351.0 1833.0 
78.0 136.0 102.0 369.0 1947.0 
73.0 152.0 88.0 387.0 1793.0 
75.0 143.0 87.0 408.0 1889.0 
70.0 165.0 84.0 361.0 1683.0 
79.0 142.0 97.0 349.0 1905.0 
90.0 158.0 88.0 366.0 1756.0 
82.0 151.0 105.0 327.0 1773.0 
80.0 147.0 90.0 367.0 1879.0 
72.0 151.0 99.0 345.0 1772.0 
96.0 152.0 100.0 311.0 1777.0 
74.0 150.0 90.0 377.0 1823.0 
78.0 143.0 109.0 330.0 1856.0 
79.0 137.0 105.0 346.0 1942.0 
73.0 153.0 91.0 336.0 1800.0 
88.0 154.0 92.0 328.0 1763.0 
69.0 133.0 108.0 358.0 1992.0 
79.0 139.0 97.0 374.0 1886.0 
81.0 149.0 104.0 329.0 1821.0 
82.0 136.0 98.0 369.0 1891.0 
73.0 144.0 102.0 345.0 1903.0 
75.0 145.0 98.0 348.0 1870.0 
90.0 142.0 108.0 311.0 1885.0 
87.0 157.0 97.0 318.0 1782.0 
87.0 161.0 86.0 345.0 1682.0 
75.0 155.0 90.0 363.0 1746.0 
69.0 147.0 94.0 399.0 1850.0 
79.0 137.0 103.0 379.0 1941.0 
100.0 159.0 86.0 357.0 1736.0 
76.0 151.0 91.0 372.0 1826.0 
78.0 142.0 101.0 373.0 1861.0 
79.0 150.0 100.0 339.0 1790.0 
74.0 144.0 106.0 339.0 1885.0 
73.0 144.0 101.0 348.0 1906.0 
86.0 147.0 105.0 314.0 1812.0 
100.0 163.0 82.0 365.0 1666.0 
101.0 159.0 89.0 322.0 1675.0 
75.0 141.0 101.0 346.0 1936.0 
76.0 140.0 99.0 368.0 1921.0 
78.0 159.0 94.0 304.0 1736.0 
77.0 141.0 102.0 348.0 1923.0 
78.0 148.0 90.0 365.0 1872.0 
82.0 150.0 95.0 330.0 1830.0 
77.0 141.0 109.0 318.0 1897.0 
96.0 152.0 100.0 311.0 1777.0 
69.0 133.0 108.0 358.0 1992.0 
86.0 157.0 91.0 330.0 1716.0 
78.0 158.0 89.0 383.0 1733.0 
82.0 151.0 105.0 327.0 1773.0 
80.0 136.0 108.0 360.0 1978.0 
73.0 153.0 91.0 336.0 1800.0 
83.0 158.0 98.0 309.0 1698.0 
79.0 137.0 105.0 346.0 1942.0 
85.0 155.0 94.0 343.0 1732.0 
94.0 166.0 99.0 269.0 1607.0 
84.0 157.0 95.0 331.0 1793.0 
89.0 152.0 90.0 362.0 1755.0 
75.0 153.0 96.0 345.0 1791.0 
81.0 149.0 95.0 359.0 1810.0 
85.0 149.0 100.0 321.0 1786.0 
72.0 142.0 101.0 357.0 1862.0 
93.0 167.0 88.0 292.0 1643.0 
81.0 157.0 98.0 284.0 1710.0 
78.0 141.0 102.0 342.0 1918.0 
66.0 158.0 91.0 330.0 1735.0 
82.0 149.0 87.0 372.0 1882.0 
75.0 143.0 87.0 408.0 1889.0 
81.0 152.0 102.0 311.0 1783.0 
83.0 142.0 108.0 318.0 1866.0 
83.0 124.0 109.0 403.0 2043.0 
75.0 148.0 99.0 351.0 1806.0 
90.0 158.0 88.0 366.0 1756.0 
70.0 154.0 97.0 342.0 1786.0 
72.0 151.0 99.0 345.0 1772.0 
88.0 149.0 97.0 310.0 1828.0 
79.0 139.0 97.0 374.0 1886.0 
88.0 154.0 92.0 328.0 1763.0 
90.0 162.0 97.0 277.0 1719.0 
73.0 152.0 88.0 387.0 1793.0 
73.0 146.0 101.0 341.0 1870.0 
83.0 158.0 89.0 334.0 1712.0 
73.0 155.0 92.0 334.0 1767.0 
98.0 160.0 89.0 337.0 1685.0 
69.0 149.0 94.0 365.0 1757.0 
75.0 155.0 96.0 325.0 1709.0 
80.0 130.0 112.0 372.0 1984.0 
74.0 151.0 97.0 312.0 1799.0 
87.0 166.0 87.0 336.0 1644.0 
76.0 142.0 99.0 357.0 1906.0 
74.0 146.0 101.0 361.0 1814.0 
76.0 145.0 99.0 346.0 1832.0 
83.0 146.0 91.0 384.0 1870.0 
85.0 125.0 109.0 399.0 2090.0 
71.0 145.0 103.0 323.0 1875.0 
78.0 137.0 100.0 385.0 1987.0 
74.0 139.0 102.0 369.0 1962.0 
79.0 153.0 93.0 351.0 1771.0 
82.0 136.0 98.0 369.0 1891.0 
85.0 127.0 101.0 416.0 2062.0 
80.0 146.0 97.0 351.0 1833.0 
93.0 150.0 100.0 280.0 1807.0 
73.0 148.0 103.0 285.0 1849.0 
96.0 154.0 100.0 307.0 1795.0 
82.0 150.0 93.0 372.0 1787.0 
70.0 167.0 83.0 355.0 1659.0 
91.0 151.0 106.0 294.0 1804.0 
97.0 161.0 87.0 336.0 1680.0 
77.0 137.0 110.0 361.0 1973.0 
90.0 125.0 113.0 401.0 2054.0 
64.0 138.0 105.0 355.0 1966.0 
79.0 142.0 97.0 349.0 1905.0 
79.0 136.0 96.0 426.0 1986.0 
82.0 144.0 109.0 329.0 1849.0 
93.0 168.0 83.0 316.0 1606.0 
81.0 149.0 104.0 329.0 1821.0 
83.0 153.0 101.0 299.0 1784.0 
99.0 157.0 93.0 314.0 1709.0 
78.0 147.0 97.0 349.0 1834.0 
97.0 162.0 91.0 321.0 1661.0 
77.0 143.0 96.0 377.0 1854.0 
94.0 151.0 104.0 304.0 1776.0 
84.0 165.0 87.0 318.0 1674.0 
88.0 157.0 89.0 325.0 1775.0 
82.0 143.0 108.0 322.0 1868.0 
83.0 158.0 92.0 325.0 1693.0 
72.0 142.0 101.0 379.0 1860.0 
72.0 137.0 112.0 324.0 1974.0 
69.0 145.0 93.0 379.0 1884.0 
82.0 140.0 109.0 325.0 1920.0 
81.0 147.0 97.0 356.0 1810.0 
~~~
1.359
