111110110101100100001010001011011011010101000111111000101100111001000001111111110010101000110010110101111111010111110111110001111001101101111100010111111000111011110110110000101011000111100011101110001111110000111111101010100011001110001001011010001000110000100111110101010011111110111110001011010000101001100001010110111111111111
110110100000000011000011110010000001110000011101111000111101011011000001100101011110011111111110101011001010110111110011101100110011100100001010001110011011111100001001001111111011101111110011110100000000001011111101110000111001000001011000100101010101111100000010001000111100000011010001111111100001001010101100111001101111101111
110101110001111100001011000011010010001100001011111000111101011010001001101001011011001001010000110000011101010011111011110110100111100100000110000001111011111010101111100011101111010111101001011010110100001110111101110001110100001110011110010000100010011110001100110101111011011101101100001010000010000010001000011101101111111111
110101111111101000101110000010000110010100010011111011111111000000110001001111001101000011110011100110000110110111111111100000101001100111101101011111111010111110010011100011000011110011111100110100100110101010111111000110001001000100011111111101000101000101000000010101110110001110110000001101010110001111101111011100101111111111
110101111100001100010010010100011010001001001101111101100110100111101111000111011100000101101100111101101101101111110111111101101011110011011101011011001110111010001111001011001111001011101000110000110010101010111101001000010100000010001111011110110011001100111111111010110010011111010010011111011110000111100111010101011111101111
111110100001110111111100100000001110000100001001111000110000001101001010011100100011001000000111001001101001100011110111100110100111110001010110101001010000111101111011111100010011001111100110100000011101101100111100011101100010111101100010110110111001000101011111001110101010000111100001110101000011110110100110100011101111111111
110110110001001100100100001101000111010100111001111110110100011010100011000111011010000111111000000000111000010111111111100000110111111010011100110111000101111110011001100110000111010111101010101101011110010100111110101000010001010001001000100110000000000000000001000000001010101001100010010111011101110000010100111011011111101111
110011001010100111100101110010100100010100111001111000111010100110101001001100110010001110001001001001001100100111110111110110001011100010011000010010110110111100110101000111110011011111110000000100001000010010111101111100110100111111010001010001111100000001001001010101001111000000111011000001111011000011011001011100001111111111
110101111100001100010010010100011010001001001101111101100110100111101111000111011100000101101100111101101101101111110111111101101011110011011101011011001110111010001111001011001111001011101000110000110010101010111101001000010100000010001111011110110011001100111111111010110010011111010010011111011110000111110111010101011111101111
110100100010110000001111110000000010001000111011111100100111110100101001001001101000010001011101110100001100011011110111111000100111100110101010000011010100111100110101100100010011011011101000100010001101110100111110011110111110110010000011001000101101101110001100111111011111011010011101111111010100000110101010010100101111101111
110111001010001010110001010000001100110110101101111110110111001001110101011101101100110110111100101001010010011011110111111000101111101000111010000111000000111011000101111101110011001011111110101000110010011111111110000110011001100001101110100010000110111000001111010001110011001101100111100000101011000111111011110000011111101111
111001000100011101111010110100000010010110000011111101101110001100010000010001011001011000010111011100010001010111110011110000101101110010111001011001010011111011001111011111010111111111100111000110001001101010111101100010110010100111011110100010001011011110100000101001100010101001100001011110011000101011010011000000101111101111
110011001010100111100101110010100100010100111001111000111010100110101001001100110010001110001001001001001100100111110111110110001011100010001000010010110110111100110101000111110011011111110000000100001000010010111101111100110100111111010001010001111100000001001001010101001111000000111011000001111011000011011001011100001111111111
110011100000000110101000000001110011010101100001111010111111101100000111010000000101110101001000010110011100001011111011111000101101111101001101100110110111111010000001011010001011000011111000111111000110001111111111110111110010011110110010101011110010011010010001111111001110111100101100110000011100001000010001100110111111101111
110101111100001100010010010100011010001001001101111101100110100111101111000111011100001101101100111101101101101111110111111101101011110011011101011011001110111010001111001011001111001011101000110000110010101010111101001000010100000010001111011110110011001100111111111010110010011111010010011111011110000111100111010101011111101111
111101011100110100101100000011000111111111110011111111101101101100000001111111000110100110110011101110010001111111110111110001011011110110111001100011110101111110011110001101010011110111101111100010111000100011111111111101110100011000000010011010100011110101110111000000100010000001100001100010111100111111110111101110001111111111
110010111111110000010011101011111001111111100001111110110001110101101010010110000111001010001111011010010001111111111111100101000111110101000110011100010000111010111110001011011111110011110101000000010001011010111110011011001011110010100011111100110000111000010001001000100111011010000100010011001101101000110000010010011111111111
110000001100110000001011000010111111111110010101111001101000111000100001010011101000100110010111100100100110001011110111111010000001100010001101110100100001111110111000011101011011001011111111010001011100001011111101110010010101110001011010110100110001111110100000111011100001010111010010010010101000010111100111000000111111111111
111001111000011010111111000100000000011001111001111010101100001010101100111010011001001101010000110101100010010011110011111000111001100001001010100001010000111000111000000110111011101111110100011110111001011001111110010101110111011001010110001001111001011100010000010011000010101110101010001100111011010001100110100100001111111111
110011011111000010001010110111101111000110110101111010110100111110001010111100110100100010011011111001000100111011110111111011110111111000001001100001000100111101100101110000000111000111100100111011110001001011111100110100110110011101111000111011101111011100111101111101001010011110110011111010111111111001000110010000101111101111
110010110011001010110000011001010110100100101001111000111010110100101101011100011000010001001101100011011111100011111011111100101001110010110110001111011111111000010011000111000111011011100010011011111101110111111100111011001111000100100111111000010010100001111000000110110100010101101100000000100011110100110000010010011111101111
111111111111111111111111111111011111101111111101111111101111111111111111110111111110111111111111111111011011111111110111111111011011111111111011111111111111111111111111111111111111111111111111111111101111111111111111111111111111111111111100111111111111111111111111011111111111111111101111111111111111111101111111111111111111111111
111111100010110100101010110001011101001001010011111110101100000100101101101011010101100101100100110000010010010111111111100111111011110010111111101111000010111010110111101101111111101011100000101110011000000010111100001010111011010010100101111010110101101001101011110000001100100001101000100110110111110000000100001101111111111111
111011100000111011101100100100101010101010101101111111110110111010011001100111110001001001011111111011101110111111110111100001011101111001110111101101101100111110011000001000001111100011110011000011101001001110111110100110110001101011001010001111001000011111111110101011000011000101011000111110010001000101001110001010001111111111
110110100011001101101010001010100111000010110001111000100011111100110010000110001110111011001101110000101101010011110111100010000001110110010010100110011110111110000010100011011111011111111111101100000000100100111111011100110101001010000010011001111011100101010101011101111111101100000101010011110010000111011110110110101111101111
111111111110000011011001011010011000010100111111111111111100001010000001101001110001100011010010100001111000010111110011111110111111100011101000001001001111111000100101001000000011011011111000011010010101110100111111001010100010000011011010110101100100001110111001000010100100100001010011111011100000101011011110110010111111111111
111111011100011011000111100111001111011001001011111100110010000000011000100010100110111100110011011001011011110011111111100110101101100011110010100110101110111111110010101110001111001011110001101110001010111101111100011000010000001111011000111000000110100001110001100111011110110111011000001001101111101001010011000010101111111111
110010010100000011000011110010000001110000011101111000111101011011000001100101011110011111111110101011001010110111110011101100110011100100001010001110011011111100001001001111111011101111110011110100000000001011111101110000111001000001011000100101010101111100000010001000111100000011010001111111100001001010101100111001101111101111
111111110111011110101110110000011100011110010001111101100011011000000001011110111101000001111111110010111000000011110011110000000001111111111011101111000000111000100001011010110111100011101110111100111101111100111100000000000000000000111111111000111000111111011011001111011001100111101110001111101000111000000000001111001111101111
110111001110110111111001111010000100000110010101111000100001001010110011011111111001110101011010101101011000001111110111101101001101101101101101101111100000111100111001101001010011001111111000010010010100001101111100110101110101011000000100111000000010010111110001100001101110010001011111001111100111110001000000011000101111101111
111101011111010011001110010110011110011001111001111001110011101011100010001001011100100000101111101100100001101011111011100010001001110000000011101001011111111111101011101110101111100111101101010101111001000101111111111001010101111101111111000101000011011100101101001000000001011011000000001011111101011000011010010010001111111111
111010010010111100110011111011000101110110010111111110101010101100110000111011000001000000100011000000111001110111111011110001100101110111111001101000001001111001100111011100111011100111100100011001110000101111111111111010011110001100000011001011001001111011010010111011011001000001011001001111001011111100110011110001101111111111
110111000001011111001101010110101011001000101101111011110111110110101010011101110100000000100011100011010111011011110011100110110001100100101100111010110110111010100000011110010111101011100000010101110011001000111100011010000100010011111010100100010000101001010111110110111100100011110110110101101110100011000101010100101111111111
110011011010111110111011110101111010110010010101111111110100100001111110110010011101010000011101010101001101000111111111110101010111110000010101101111000110111011110101110010011111110111101011001101100011010100111101011111110111101000111111111110001100010100111100110101000100000110000101010101110001111110100011101111011111101111
111110010010010000000101000011111000001001101001111111110100110011101101001100110000011110111111101011011111000011110111111101010111100101010000000101100100111111110110110001100011010011110100101001001011001010111100001100100111100111001001110001011010000101010010001111100110011110001110000000001010100110010011111111111111101111
110111101000100011011010111011011011011001000001111111101001010010110100110100001111000100110000000100101000001011110011101010010101110010000000000111000000111100110000110011010111000111101111110000101011001100111110010110110001000111100111000110010111101001011001000111101010110001100010000011111000111011110011010111101111101111
111010000111101001011111111101101100111010010011111010101101011101011100011110011010101110110000100110101011110111111111100011001101100111111011010100011001111011111010111010010111010011101001001111101101111011111111000110000000101100110111100110000000001110000011110111100011101101000001000111100100010110111011110001001111111111
111111001000101101111011111110100110001101111111111100101111101100011000111011100010011100011100000000000010000011111011100110110001100111101110100001111100111000010010001000111011001011101011010100111001101110111110001110101011111110111010111110001011111011110010011000000000010110010101101100101011111111100110101110001111101111
111100101110001000001101111101001010010001101101111101111000101101001110001100101101101011001011111111100001000011110011110100100011111101111011010111000101111101110010111111110011011011100000001010100101110011111110010010000011000010101000001111001001111110101000100100101110100010110010111000010010001000101001100101101111101111
110111011111101101110100010011100001000110010001111011110011010101010111100000101110000001010101100110000011110111111011100101110011110000011100110010000000111000110101111000001011000111100000001011000011100101111111100101100101111110110001101011101000101011100001111111100110001110111100000101010101000100100110110000011111101111
110010000011001100111100111111000010010111111111111001110001010001101011011000011101000000100110001000111101100011110111111010100101101000001110000110000000111011010001100110011111010011110001011001001010100101111111101111010001001111100000100001101111101010000010111111100000111101010101100010110001111110111111010011011111101111
111000111011011001111011001101111010011011011011111000111110100111000111101011011101011011101000101000000110010011111011111010100011100010000110000001111000111000110111011010100011001111100101100000001100010000111111000011101010000001100110011110101101110100111010001111111000111011000010101011001011101011001110000000001111101111
110111001110110111111001111010000100000110010101111000100001001010110011011111111001110101010010101101011000001111110111101101001101101101101101101111100000111100111001101001010011001111111000010010010100001101111100110101110101011000000100111000000010010111110001100001101110010001011111001111100111110001000000011000101111101111
111100101110001000001101111101001010010001101101111101111000101101001110001100101101101011001011111111100001000011110011110100100011111101111011010111000101111101110010111111110011011011100000001010100101110011111110010010000011000010101000001111001001111110101000100100101110100010100010111000010010001000101001100101101111101111
110010110011001010110000011001010110100100101001111000111010110100101101011100011000010001001101100011011111100011111011111100101001110010110110001111011111111000010011000111000111011011100010011011111101110111111100111011001111000100100111111000010010100001111000000110110100010101101100000000100011110100110000010010011111101111
111101100101101010101111001010111100001010111011111110100001101010010001000001100100110010001101110100100011101011110111100101100011100110010011101010101101111001101100101000001011101111100010100001011110111001111110001010110011101111010000010010111010111010000111001000101011011100101110010001011000001110001100100000011111111111
110111011110101001011011001011000001100000101001111011111111111111011111100110011110110010000011011001100011001011110011101000100111110011011010000110111110111001010001101010110111001011101001000010100000011100111100001110001001000011010001111100100011000001100110000100010111111111111100101111000000110000110000101101011111111111
111110010010010000000101000011111000001001101001111111110100110011101101001100110000010110111111101011011111000011110111111101010111100101010000000101100110111111110110110001100011010011110110101001001011001010111100001100100111100111001001110001011010000101010010001111100110011110001110000000001010100110010011111111111111101111
111110110100000010010101110001001100110001010111111110101010110110000011000111000011110001011001100000010010110011111011111111100001111110010011110001011100111001111011111011110111101011111111001111101111110000111111000101000011001010100001110101001100001111001011110111001001011110011001000110111111110101100111111001101111101111
111011110100011100001110110100010001100011101011111110110000010101000111110110101100101010110000000100001110111011110111100000000101100111010110011100110100111111111011100000000111110111100001100001101101101000111101100000011100010001010101110001001100100010111011001111010011011001101111001100100000100000111101110010001111101111
110000001100110000001011000010111111111110010101111001101000111000100001010011101000100110010111100100100110001011110111111010000001100010001101110100100001111110111000011101011011001011111111010001011100001011111101110010010101110001011010110100110001111110100000111011100001010111010010010010101000010111100111000000111111111111
110010000011001100111100111111000010010111111111111001110001010001101011011000011101000000100110001000111101100011110111111010100101101000001110000110000000111011010001100110011111010011110001011001001010100101111111101111010001001111100000100001101111101010000010111111100000111101010101100010110001111110111111010011011111101111
110000000000000000000000000000000000000000000001111100100000000000000000000100000000000000000000000000011000000011110011100010000001100000000000000000011001111000001000000000000011100011100000000000000000000000111100000000000000000000111000000000000000000000000000000000000000000000000000000000000000000000000000000000001111101111
111100111011100110100000100110010001010100011001111100111101100000101010110110100000100100011111000001000100001011110011111000011111110001100100011100100000111001010000011000101011111111111001100111000101100101111110101000010101001111111000111110100111101110001100101001100010001010010101011100101001000000101001101100011111111111
111101011100110100101100000011000111111111110011111111101101101100000001111111000110100110110011101110010001111111110111110001011011110110111001100011110101111110011110001101010011110111101111100010111000100011111111111101110100011000000010011010100011110101110111000000100010000001100001100010111100111111110111101110001111111111
110010000100001110010100010100101010001001001111111000110100101110100000000101111101010001011100101011000000000011110111111101011001101111100100111110101101111000001000100100100011110111110100001100101000101000111111100111001100110100111001011101110010111000001000010011011011001001100011010011110100011100001000011100101111111111
110011001010100111100101110010100100010100111001111000111010100110101001001100110010001110001001001001001100100111110111110110001011100010001000010010110110111100110101000111110011011111110000000100001000010010111101111100110100111111010001010001111100000001001001010101001111000000111011000001111011000011011001011100001111111111
110111001010001010110001010000001100110110101101111110110111001001110101011101101100110110111100101001010010011011110111111000101111101000111010000111000000111011000101111101110011001011111110101000110010011111111110000110011001100001101110100010000110111000001111010001110011001101100111100000101011000111111011110000011111101111
111111011001101000111100101111000011011100111001111100111010100010101000010001111101101100011110011101111100110111111111101001111111101011100011001010001011111111111010001111100111000111101000000011010110110000111111100110101100111001111111100100011010011111110101010000010010100001010101000001010001001000110000001001001111111111
110010000011001100111100111111000010010111111111111001110001010001101011011000011101000000100110001000111101100011110111111010100101101000001110000110000000111011010001100110011111010011110001011001001010100101111111101111010001001111100000100001101111101010000010111111100000111101010101100010110001111110111111010011011111101111
111110100001110111111100100000001110000100001001111000110000001101001010011100100011001000000111001001101001100011110111100110100111110001010110101001010000111101111011111100010011001111100110100000011101101100111100011101100010111101100010110110111001000101011111001110101010000111100001110101000011110110100110100011101111111111
110110100011001101101010001010100111000010110001111000100011111100110010000110001110111011001101110000101101010011110111100010000001110110010010100110011110111110000010100011011111011111111111101100000000100100111111011100110101001010000010011001111011100101010101011101111111101100000101010011110010000111011110111110101111101111
111110110010000101001110010111011000110110111001111111100000000111111000111111010101001111100000001111101110101011111111111110110111110010011000011100011000111011010111101111010011001011111011111000001000111010111100011110111011111100000010001000100010010100000000100111111100110101000010100110101110101111101000010110111111101111
110101111100001100000010110100011010001001001101111101100110100111101111000011011100000101101100111101101101101111110111111101101011110011011101011011001110111010001111001011001111001011101000110000110010101010111101001000010100000010001111011110110011001100111111111010110010011111010010011111011110000111100111010101011111101111
111000101100011101001101010110011101100101010101111001101100100011001100000011111010111111111100010001010010111011110111101111011011101001101000000010100111111011110010110100000011011111101111101001011011111100111111110101010111111111101000001011111001100001101110011101101100111111001010100100000010011010110101000111011111111111
110011101101101110001011010111111110100011100111111000111110000101010100011101000000100000011001001110010100001111110011100001000111110110110110011101010000111111100011101110111011000111101010000101111010101011111110100111010100000011010010010110101000110100011100100001100111000101011010001101001111001110100010001011101111101111
110011011010111110111011110101111010110010010101111111110100100001111110110010011101010000011101010101001101000111111111110101010111110000010101101111000110111011110101110010011111110111101011001101100011010100111101011111110111101000111111111110001100010100111100110101000100000110000101010101110001111110100011101111011111101111
110011101101101110001011010111111110100011100111111000111110000101010100011101000000100000011001001110010100001111110011100001000111110110110110011101010000111111100011101110111011000111101010000101111010101011111110100111010100000011010010010110101000110100011100100001100111000101011010001101001111001110100010001011101111101111
110010111111110000010011101011111001111111100001111110110001110101101010010110000111001010001111011010010001111111111111100101000111110101000110011100010000111110111110001011011111110011110101000000010001011010111110011011001011110010100011111100110000111000010000001000100111011010000100010011001101101000110000010010011111111111
110001101000111110111110000000011100001111001111111000100111110100100010000100110101010110010101110111010111011011111011100001001001100111101100101101111110111111110111100000011011011011100100000010111101111001111111001101010111110000000000111101110101110100000110001101010011100010011010010100000000111010000111110111111111111111
110110101011100010101101111100011101010010010011111100100110101111111011001000100000101111110001001111111001101011111111100111101011110011001001000101110100111101110001110111000111001011110100100010011000010000111110010110101011010010111010000111010011000010011001001110011100111010011010000110000101011011010001000010001111101111
111110000010000111010010010111011101100100111111111101111100001111110101100100100010001001110001000100100111001111110011110110010011100011001110001110001000111001100000000011100011111111110000100101111111100011111100000100010010110000100110111000000010100111101000010100011000111000011101011010000001001000000100110100011111101111
110110011111100110101111110100000001111000010111111100100101000001001001100111001101111110100000110111000100110111110011101001011011110001010111010000000010111011111101100110110011101111110001101101001100101111111111001010101111100110110110101110010010100011110011011001000001111001001000001100110111111101000001100010001111101111
111100001001001110001000111110100101000100111001111110101111111111111101011110000110111001011010011110010110001111110011111001000111100000001011011101011011111100011111001000011111111111110000010110101011101101111100010111000111110111110101011110001101111110001110001011010110011110111000010001000000011000000001010111101111111111
111000111000110010000110000010011011000111000001111101110100011110100001011101101000101010110000010010001000111111111111111111001011100011011010110001001011111101111110100001010011101011110011011111000111101010111101010011001001111100110010001000111111111101110001111111011011001100000010001000001000100000010001001110011111101111
110111010010100111011011100000010111101101010111111000111100000011111000001111001110111000010110001111111000001011111111100000110111111100001100010010011101111101101100100111111111010111111010100101100011100010111100110000101010111010011110000011010100111100001000000110110010001000011110101110110001000111000101000011001111111111
110100000000110111101000000100000110000000101011111101111100110111011001000001100100100001010010000101001100110011110111110011111011111010001000011100011010111011010101000110000111000011111000011101001110101110111110010010111111111010101000111010001110100011100100000100010101011111000101111100100101110110000111001000001111111111
110001011000001000001010011010100111010000100101111100100110001000111100000100110110111001100111011100010001010011111111100001001011101010010010111000100101111100100111000111110011011011100000000010000100011110111101100111000100000011001010100100110100111011010110000010111100000111100010010101100100101000101010011000001111101111
111101011100110100101100000011000111111111110011111111101101101100000001111111000110100110110011101110010001111111110111110001011011110110111001100011110101111110011110001101010011110111101111100010111000100011111111111101110100011000000010011010100011110101110111000000100010000001100001100010111100111111110111101110001111111111
111011110000011010011010111001001011101010100011111001100001100000111001110001110010101000110010001001001101001011110111101001111001101110011100010001110010111001000111001100100111001111111101110010100011101101111101010001110110001011001111001001000001100001111010010111101101001000010110101110110111101100011110010110111111111111
111101011111010011001110010110011110011001111001111001110011101011100010001001011100100000101111101100100001101011111011100010001001110000000011101001011111111111101011101110101111100111101101010101111001000101111111111001010101111101111111000101000011011100101101001000000001011011000000001011111101011000011010010010001111111111
111111111111111111111110111111011111101111101001111111110111111111111111111111111100111111111111111110011001111111111111111111001011111111111011111111111111111111111111111111111111111111111111111111101111111111111111111111111111111111111110111111111111111111111111111111011111101111101111111111111000111101111111111111111111101111
111000111011011001111011001101111010011011011011111000111110100111000111101011011101011011101000101000000110010011111011111010100011100010000110000001111000111000110111011010100011001111100101100000001100010000111111000011101010000001100110011110101101110100111010001111111000111011000010101011001011101011001110000000001111101111
110011010111110100001101111001011001110001000111111110111100011100001100101110100101100000000010100000000010111111110011100010101101110101111100000010010010111010111010101011101011000111101111011001111000011100111100111110011001010111111001001101001100011001011011000110010011000000011100000100001100110011100010011100101111111111
110011101101101110001011010111111110100011100111111000111110000101010100011101000000100000011001001110010100001111110011100001000111110110110110011101010000111111100011101110111011000111101010000101111010101011111110100111010101000011010010010110101000110100011100100001100111000101011010001101001111001110100010001011101111101111
111101011100110100101100000011000111111111110011111111101101101100000001111111000110100110110011101110010001111111110111110001011011110110111001100011110101111110011110001101010011110111101111100010111000100011111111111101110100011000000010011010100011110101110111000000100010000001100001100010111100111111110111101110001111111111
111101011111010011001110010110011110011001111001111001110011101011100010001001011100100000101111101100100001101011111011100010001001110000000011101001011111111111101011100110101111100111101101010101111001000101111111111001010101111101111111000101000011011100101101001000000001011011000000001011111101011000011010010010001111111111
110100001000101110001000100001101010111011110011111001100000000001111101001001111101111001100000110110100010111111110011111010101101100010000011100001100101111010010110001000110011101011111111101111010000110001111111100100101101111001110111001111100011101111011000011001110101110111000100111000010010000010101100000110011111101111
111111001000101101111011111110100110001101111111111100101111101100011000111011100010011100011100000000000010000011111011100110110001100111101110100001111100111000010010001000111011001011101011010100111001101110111110001110101011111110111010111110001011111011110010011000000000010110010101101100101011111111100110101110001111101111
111100011001101110111110110010011100100000100001111111101001010010110100110100001111000100110000000100101000001011110011101010010101110010000000000111000000111100110000110011110111000111101111110000101011001100111110010110110001000111100111000110010111101001011001000111101010110001100010000011111000111011110011010111101111101111
111101011111010011001110010110011110011001111001111001110011101011100010001001011100100000101111101100100001101011111011100010001001110000000011101001011111111111101011101110101111100111101101010101111001000101111111111001010101111101111111000101000011011100101101001000000001011011000000001011111101011000011010010010001111111111
110101111111101100101110000010100110010100010011111011101111000000110001001111001101000011110011100110000110110111111111100000101001100111101101011111111010111110010011100011000011110011111100110100100110101010111111000110001001000100011111111101000101000101000000010101110110001110110000001101010110001111101111011100101111111111
110110011111100110101111110100000001111000010111111100100101011100001111111100000000101100100010000000110001001011111011110001011101110000110111000010000011111001111000011100000111101111101010101000011101101010111101010000101110111111000111111010000100010000100001101001010111111011000100011001100110000011111011001111101111101111
110000100001101000101000000000011101111001110101111101100100100001001001100111001101111110100000110111000100110111110011101001011011110001010111010000000010111011111101100110110011101111110001101101001100101111111111001010101111100110110110101110010010100011110011011001000001111001001000001100110111111101000001100010001111101111
110001011011011011000101101001001101010101110001111010100011000010100110110101011101100110111001000010010010001011110011101011100001110011111010100111011100111011000011010010100111010111100011011010010011101111111101101110101010100000111100011000110111100010101110001110111010010100000110000000100010110000111101111100011111111111
111010100000001101101011001111100101111010000101111100100110000011111101000111110101101010110001110100000101100111110111110110110001110011001011100010010000111101011010100000001111001111110010001100010011110011111101001000000010111010001100100011101100000110100010011001011011011100000000011100000101111000001100110000101111101111
111111111111111111111110111111011111101111101001111111101011111111111111110110011111011111111111111110111001111111110011111011010111111111111011111111111111111111111111111111111111111111101111111111101111111111111111111111111111111111111111111111111111111111111111001111111111110111101111111111111000111111111111111111111111101111
110101010100000010111000001000100111001110001101111110111100100001111111110100001010011001001001001001001100100111110011111100011001110111101001000100100011111010000101000011110111110111100000000111110101101101111100111000001110010010001101101010111111000111100000001010110101110011111111101111000000111100101100011000001111101111
110101010100000010111000001000100111001110001101111110111100100001111111110100000010011001001001001001001100100111110011111100011001110111101001000100100011111010000101000011110111110111100000000111110101101101111100111000001110010010001101101010111111000111100000001010110101110011111111101111000000111100101100011000001111101111
111011111100001100101101011000100110000100011001111011110110001011100001111101110111100000001100011001011010100111111011100010111111100101100000001001000101111001001100001001101111011111100101010010100100010000111101111110110110011110000100111101011001111100100101110100110010000110010011101010110101000001001100011101011111111111
110111001010001010110001010000001100110110101101111110110111001001110101011101101100110110111100101001010010011011110111111000101111101000111010000111000000111011000101111101110011001011111110101000110010011111111110000110011001100001101110100010000110111000001111010001110011001101100111100000101011000111111011110000011111101111
110101010101000010010010001011000101111111010011111010100111010100100010001111011001110011110110101010110010010111111111101010011011111111010101100010011100111010011000100010110111110111111011011110001010000110111111110100010000101011001110101011100000001011101101011110011011000111111101110101010101011001111111011111011111101111
110101010101000010010010001011000101111111010011111010100111010100100010001111011001110011110110101010110010010111111111101010011011111111010101100010011100111010011000100010110111110111111011011110001010000110111111110100010000101011001110101011100000001011101101011110011011000111111101110101010101011001111111011111011111101111
111101011111010011001110010110011110011001111001111001110011101011100010001001011100100000101111101100100001101011111011100010001001110000000011101001011111111111101011101110101111100111101101010101111001000101111111111001010101111101111111000101000011011100101101001000000001011011000000001011111101011000011010010010001111111111
111000111011011001111011001101111010011011011011111000111110100111000111101011011101011011101000101000000110010011111011111010100011100010000110000001111000111000110111011010100011001111100101100000001100010000111111000011101010000001100110011110101101110100111010001111111000111011000010101011001011101011001110000000001111101111
110011101101101110001011010111111110100011100111111000111110000101010100011101000000100000011001001110010100001111110011100001000111110110110110011101010000111111100011101110111011000111101010000101111010101011111110100111010100000011010010010110101000110100011100100001100111000101011010001101001110001110100010001011101111101111
111100111011100110100000100110010001010100011001111100111101100000101010110110100000100100011111000001000100001011110011111000011111110001100100011100100000111001010000011000101011111111111001100111000101100101111110101000010101001111111000111110100111101110001100101001100010001010010101011100101001000000101001101100011111111111
110001110001111100101011011111010001110111101001111101101010001100001110101000000010111001110111000111000101111011110011111111011011111110111011111001100001111011011110101100001111011011111101101010101111001110111111110011100100010000111011101000101111101010110010011000101100100111001011001010010101011011011100110101011111111111
110100000000110111101000000100000110000000101011111101111100110111011001000001100100100001010010000101001100110011110111110011111011111010001000011100011010111011010101000110000111000011111000011101001110101110111110010010111111111010101000111010001110100011100100000100010101011111000101111100100101110110000111001000001111111111
110101111111101100101110010010100110010100010011111011101111000000110001001111001101000011110011100110000110110111111111100000101001100111101101011111111010111110010011100011000011110011111100110100100110101010111111000110001001000100011111111101000101000101000000010101110110001110110000001101010110001111101111011100101111111111
110000100001101000101000000000011101111001110101111101100100100001001001100111001101111110100000110111000100110111110011101001011011110001010111010000000010111011111101100110110011101111110001101101001100101111111111001010101111100110110110101110010010100011110011011001000001111001001000001100110111111101000001100010001111101111
111110010010010000000101000011111000001001101001111111110100110011101101001100110000010110111111101011011111000011110111111101010111100101010000000101100100111111110110110001100011010011110110101001001011001010111100001100100111100111001001110001011010000101010010001111100110011110001110000000001010100110010011111111111111101111
110010000011001100111100111111000010010111111111111001110001010001101011011000011101000000100110001000111101100011110111111010100101101000001110000110000000111011010001100110011111010011110001011001001010100101111111101111010001001111100000100001101111101010000010111111100000111101010101100010110001111110111111010011011111101111
110011010100001111010010000011100011111010111001111100110100100001110000010011100110111011000100101000110110010011110111101100001001100101101101000011111101111011010110011010011011110011100111000000101100001110111111001100011101000111000000010010110000110000011110110110110100000111101001101110110110011111000100101110001111111111
110101110011011011101110011100111100111010000101111000111000110011110111110100000001011100001110110100010011111111111111111111110101100110110100011001101011111001101100011001101111001111101000101001110010011110111100110111111000001010011011100110011101111000101110001111111111100101101010000101111111110100101010101100111111111111
111010010010111100110011111011000101110110010111111110101010101100110000111011000001000000100011000000111001110111111011110001100101110111111001101000001001111001100111011100111011100111100100011001110000101111111111111010011110001100000111001011001001111011010010111011011001000001011001001111001011111100110011110001101111111111
111110010110000000000101000011111000001001101001111111110100110011101101001100110000010110111111101011011111000011110111111101010111100101010000000101100100111111110110110001100011010011101000010110110000101111111110111000000010111100110010111001111110101100101110000101001101001110111010011011101100001111101010010101011111111111
111111100010110100101010110001011101001001010011111110101100000100101101101011010101100101100100110000010110010111111111100111111011110010111111101111000010111010110111101101111111101011100000101110011000000010111100001010111011010010100101111010110101101001101011110000001100100001101000100110110111110000000100001101111111111111
110111001110110111111001111010000100000110010101111000100001001110110011011111111001110101011010101101011000001111110111101101001101101101101101101111100000111100111001101001010011001111111000010010010100001101111100110101110101011000000100111000000010010111110001100001101110010001011111001111100111110001000000011000101111101111
111110100001101000101110100111101110111100001111111011111110100001111100000111000011000111101011110101101101101111111111111010010101111111000000011010000011111100111100111010101011010111101111101110011011011100111110001111111110101011010010001110110110101001011101100111100001100101000100010111100110010111011001100100111111101111
110011101101101110001011010111111110100011100111111000111110000101010100011101000000100000011001001110010100001111110011100001000111110110110110011101010000111111100011101110111011000111101010000101111010101011111110100111010100000011010010010110101000110100011100100001100111000101011010001101001111001110100010001011101111101111
111101001011110110101001010101111101100101000111111000100110010100111100000100001100101010001110101010111011011011110111100100001011110100011111111100001101111010011000000011001011010011110110000010000101001101111110011010001010000100110111101000101001110010001101110000011010111010011101001101010101110010010110011001101111101111
110011001010100111100101110010100100010100111001111000111010100110101001001100110010001110001001001001001100100111110111110110001011100010001000010010110110111100110101000111110011011111110000000100001000010010111101111100110100111111010001010001111100000001001001010101001111000000111011000001111011000011011001011100001111111111
111111101101001011101011011001100010101011000001111110111001001000011001010001110001010001011110000001110110100111111111111111001101100111110101101110001010111010000101111100101011001011111101001100011100110010111111110001100100000111100000011010100001000000001101011101000111100010000011010110111000100110110000110101011111111111
111101100101101010101111001101011000111000110101111110101010111101011101001000100100011000111001110110001111000111111011111000001111111100011100011101010100111001100101101000001111010011100111101011001011011010111101000101001111110101100110100001111000000110010001001101011000111101000110100110101000001111000000000110111111101111
110000110000000100111011010000100110001110100011111100110110011010101100101100111010111111111111000100001101011111110111110000000011100101101111110001001100111011111010001101101011100111111110001001001000000101111100100000011101010101001001111010110000011110001101011010111111000111110100000011111010100111011010101111001111101111
110000000000000000000000000000000000000000000001111001100000000000000000000000000000000000000000000000011000000011110011100010000001100000000000000000011100111000000001000000000011000111100000000000000000000000111100000000000000000000000100000000000000000000000000000000000000000000000000000000000000000000000000000000001111101111
111111001000101101111011111110100110001101111111111100101111101100011000111011100010011100011100000000000010000011111011100110110001100111101110100001111100111000010010001000111011001011101011010100111001101110111110001110101011111110111010111110001011111011110010011000000000010110010101101100101011111111100110101110001111101111
111010000111101001011111111101101100111010010011111010101101011101011100011111011010101110110000100110101011110111111111100011001101100111111011010100011001111011111010111010010111010011101001001111101101111011111111000110000000101100110111100110000000001110000011110111100011101101000001000111100100010110111011110001001111111111
111000110111001001001100001110011110001001101001111101110110000001001001101000011001111001010110101011001000000111111111100010100111101110110000101000101011111101001001101011101111011011110100101000010110001001111100010110110000011110000001101010001110010000111001101010110101010100110001000111100101011101100011111111001111101111
111111111011101111111100101111011001100000011001111010100000000000000000000110000000011111101111000010111001101111110111111011001011111111111011111111000000111011011110011100110111110011111111100000001110111011111111110000000001101011111110111011000001111111111100011111011010100111011111111111001101111100000011110000001111101111
111110100001101000101110100111101110111100001111111011111110100001111100000111000011000111101011110101101101101111111111111010010101111111000000011010000011111100111100111010101011010111101111101110011011011100111110001111111110101011010010001110110110101001011101100111100001100101000100010111100110010111011001100100111111101111
110111110100100110011111110010011101001111110101111101110111100000100001011111110011110001001101100000001111100011111111101111000001111000101110001110110001111011010011010101100011110111111111110001001100011011111101101111011001101110010110100100100010000100011001111111111000011100000010011110001110010110001010010111111111111111
111011010011111100111110001011100101010011011111111100100011000010001001100011010110000110111111010100100101110111110011110100001101110101100000000011110011111101100100100111110111010111111110100111001100111010111100011110000110011101011001111000000011011010110001110110001100001110101100111111010110100001101010111110001111101111
110001101101011111100010100101111100111001011111111010110001011010001100010011111111010010110110001000111111100111111111110101000101111111011000011001111111111111000001001110100111111011100011101000001111001011111110100010000000010101010101000000010111111011000001100001111111100010100111100010110011011100011110100000101111111111
111001111111011101111111110111010110110011010111111110110110110010100101100101001101111011111101111000101010101011111011111111111111111110001011000000010110111110100111100001110011110111101001100011010110011001111101110001111000001000110000001000111011001111000001000111100101110000011100111000010011011111101110111101101111111111
110011100000000110101000000001110011010101100001111010111111101100000111010000000101110101001000010110001100001011111011111000101101111101001101100110110111111010000001011010001011000011111000111111000110001111111111110111110010011110110010101011110010011010010001111111001110111100101100110000011100001000010001100110111111101111
111011111100001100101101011000100110000100011001111011110110001011100001111101110111100000001100011001011010100111111011100000111111100101100000001001000101111001001100001001101111011111100101010010100100010000111101111110110110011110000100111101011001111100100101110100110010000110010011101010110101000001001100011101011111111111
111110100001110111111100100000001110000100001001111000110000001101011010011100100011001000000111001001101001100011110111100110100111110001010110101001010000111101111011111100010011001111100110100000011101101100111100011101100010111101100010110110111001000101011111001110101010000111100001110101000011110110100110100011101111111111
111111000101010011001011011011010001111000000011111000101010001011110101010100101011111110101000100100110010001011111111100001101011101011011001101000001010111001011011010100001011101011101100000010101010000111111100011110000101111111000100011010111110011110001100110101111011011101101100001010000010000010001000011101101111111111
111011110100011100001110110100010001100011101011111110110000010101000111110110101100101010110000000100001110111011110111100000000101100111010110011100110100111111111011100000000111110111100001100001101101101000111101100000011100010001010101110001001100100010111011001111010011011001101111001100100000100000111101110010001111101111
110010011111001010000011000111000010001011000111111000111100000111111110100000100100111000010001100111010111000111111111100100100101110011110011100100001001111011111110000010011111010011101010011111110001110011111110111110010000100010110010000001110111100111010110101010010000001110001110000100001111101101110010101001011111101111
111111101101001011101011011001100010101011000001111110111001001000011001010001110001010001011110000001110110100111111111111111001101100111110101101110001010111010000101111100101011001011111101001100011100110010111111110001100100000111100000011010100001000000001101011101000111100010000011010110111000100110110000110101011111111111
111010100000001101101011001111100101111010000101111100100110000011111101000111110101101010110001110100000101100111110111110110110001110011001011100010010000111101011010100000001111001111110010001100010011110011111101001000000010111010001100100011101100000110100010011001011011011100000000011100000101111000001100110000101111101111
111110111010001100011101110100011110000100010101111101111111010000001000111101110011011000111111011000010111001011111011100011110111101100100111011101110110111101001110110100101011101011111001100111000001010000111100000001110000110010001111000001000011001110001111110000000001011100110010101111001011010111100100000110001111101111
110010000011001100111100111111000010010111111111111001110001010001101011011000011101000000100110001000111101100011110111111010100101101000001110000110000000111011010001100110011111010011110001011001001010100101111111101111010001001111100000100001101111101010000010111111100011100101101010000101111111110100101010101100111111111111
110000110000000100111011010000100110001110100011111100110110011010101100101100111010111111111111000100001101011111110111110000000011100101101111110001001100111011111010001101101011100111111110001001001000000101111100100000011101010101001001111010110000011110001101011010111111000111110100000011111010100111011010101111001111101111
110001101000111110111110000000011100001111001111111000100111110100100010000100110101010110010101110111010111011011111011100011001001100111101100101101111110111111110111100000011011011011100100000010111101111001111111001101010111110000000000111101110101110100000110001101010011100010011010010100000000111010000111110111111111111111
110001010101001101100000010010010010101001000101111111111100110100100000101100101101100100100011010101111111000111111011111010000001100101000010000111001101111011111011010001010011011111111101011100010000101011111101010010110011110111111001100011001100001110110001101101101010101010001100001010000001101011110101001100101111111111
110011100000000110101000000001110011010101100001111010111111101100000111010000000101110101001000010110001100001011111011111000101101111101001101100110110111111010000001011010001011000011111000111111000110001111111111110111110010011110110010101011110010011010010001111111001110111100101100110000011100001000010001100110111111101111
110010000100001110010100010100101010001001001111111000110100101110100000000101111101010001011100101011000000000011110111111101011001101111100100111110101101111000001000100100100011110111110100001100101000101000111111100111001100110100111001011101110010001010110010101101100100111111101101100000101001110110101101001110101111111111
110001000000100111110100100011110010110110010111111101110100011010101010000001110000010110001110111000110011101011111011101101101011111011110010101000100010111001001000101101111111101111101101111111110100100000111100010010000110101101101110011001000100010000011001001111110010010111011011001111010101111010110000110001011111111111
110011010100001111010010000011100011111010111001111100110100100001110000010011100110111011000100101000110110010011110111101100001001100101101101000011111101111011010110011010011011110011100111000000101100001110111111001100011101000111000000010010110000110000011110110110110100000111101001101110110110011111000100101110001111111111
111100010001100001101000101000101100101010000111111101101000001101011010100101110000000011100111110001011111111011111011100110111101111010010010101110011100111110111111001001010011100011100010000000010101011101111110000001101011101111000001101001111101000001000011110011110110111001111011110100010100111110100010100100111111111111
110011011010111110111011110001111010110010010101111111110100100001111110110010011101010000011101010101001101000111111111110101010111110000010101101111000110111011110101110010011111110111101011001101110011010100111101011111110111101000111111111110001100010100111100110101000100000110000101010101110001111110100011101111011111101111
111011110000011010011010111001001011101010100011111001100001100000111001110001110010101000110010001001001101001011110111101001111001101110011100010001110010111001000111001100100111001111111101110010100011101101111101010001110110001011001111001001000001100001111010010111101101001000010110101110110111101100011110010110111111111111
110110101011100010101101111100011101010010010011111100100110101111111011001000100000101111110001001111111001101011111111100111101011110011001001000101110100111101100111011100111011100111100100011001110000101111111111111010011110001100000111001011001001111011010010111011011001000001011001001111001011111100110011110001101111111111
110000001100110000001011000010111111111110010101111001101000111000100001010011101000100110010111100100100110001011110111111010000001100010001101110100100001111110111000011101011011001011111111010001011100001011111101110010010101110001011010110100110001111110100000111011100001010111010010010010101000010111100111000000111111111111
110111001010001010110001010000001100110110101101111110110111001001110101011101101100110110111100101001010010011011110111111000101111101000111010000111000000111011000101111101110011001011111110101000110010011111111110000110011001100001101110100010000110111000001111010011110011001101100111100000101011000111111011110000011111101111
111110000010000111010010010111011101100100111111111101111100001111110101100100100010001001110001000100100111001111110011110110010011100011001110001110001000111001100000000011100011111111110000100101111111100011111100000100010010110000100110111000000010100111101000010100011000111000011101011010000001001000000100110100011111101111
110110001010001010110001010000001100110110101101111110110111001001110101011101101100110110111100101001010010011011110111111000101111101000111010000111000000111011000101111101110011001011111110101000110010011111111110000110011001100001101110100010000110111000001111010001110011001101100111100000101011000111111011110000011111101111
111101011100110000101100000011000111111111110011111111101101101100000001111111000110100110110011101110010001111111110111110001011011110110111001100011110101111110011110001101010011110111101111100010111000100011111111111101110100011000000010011010100011110101110111000000100010000001100001100010111100111111110111101110001111111111
111110111010001100011101110100011110000100010101111101111111010000001000111100110011011000111111011000010111001011111011100011110111101100100111011101110110111101001110110100101011101011111001100011000001010000111100000001110000110010001111000001000011001110001111110000000001011100110010101111001011010111100100000110001111101111
111000100111000010111110000111001101011000111001111100111010110001011000000111011110000001010100100011000100000011110111101010010111101101100100010011010001111001011001100000101011001011111000001001011100100100111101001111100101101110111010110000100010110010111000010100101001111000001010110001101010110001001111101111111111111111
110001101111111000001000100001011001111101001101111000100010111110110110011011000011101011110101101111011000000011111011101101111011100101000000011010101000111000010000111111110111011111101111101001110011010011111100100000100111110001000001111011101100111110001001000010001001111110100100001000110001101010110101101100101111101111
110011010100001111010010000011100011111010111001111100110100100001110000010011100110111011000100101000110110010011110111101100001001100101101101000011111101111011010110011010011011110011100111000000101100001110111111001100011101000111000000010010110000110100011110110110110100000111101001101110110110011111000100101110001111111111
111000111000110010000110010010011011000111000001111101110100011110100001011101101000101010110000010010001000111111111111111111001011100011011010110001001011111101111110100001010011101011110011011111000111101010111101010011001001111100110010001000111101111101110001111111011011001100000010001000001000100000010001001110011111101111
110000000000001110101100000000000000000000000001111001100000000000000000000000000000000000000000000000000000000011110011100010000001100000000000000000011100111000000001000000000011100011100000000000000000000000111100000000000000000000000100000000000000000000000000000000000000000000000000000000000000000000000000000000001111101111
111011110100011100001110110100010001100011101011111110110000010101000111110110101100101010110000000100001110111011110111100000000101100111010110011100110100111111111011100000000111110111100001100001101101101000111101100000011100010001010101110001001100100010111011001111010011011001101111001100100000100000111101110010001111101111
111101001011110110101001010101111101100101000111111000100110010100111100000100001100101010001110101010111011011011110111100100001011110100011111111100001101111010011000000011001011010011110110000010000101001101111110111010001010000100110111101000101001110010001101110000011010111010011101001101010101110010010110011001101111101111
110001010101001101100000010010010010101001000101111111111100110100100000101100101101100100100011010101111111000111111011111010000001100101000010000111001101111011111011010001010011011111111101011100010000101011111101010010110011110111111001100011001100001110110001101101101010101010001100001010000001101011110101001100101111111111
111110000001101010111001100000000000100001100001111100100111111001011010111001010101011111100010010001110001111111110011100100101011100111101111110101000111111011011101111010011011001111111001010010111110100111111110010100110111010001101000010000110001000001000101000110100101010001100010111111110011000101011001101111101111101111
110110001100011001101110011101010010111110011101111101101110011000001011111001111001101010110010011110101110010011110011101001011111110001111110110000100000111010010110111000101011011011100101101000110010101000111110100100101010010110111100011110110000100110110000100000001110101101010110001001001010001111110110111001001111111111
110000110000011111100100100111011111010111000001111001100011000110010010010001100001100000110111111011010000011011111011110111111111111000101101100100101000111010000010100000011111000111111111001111010100001101111110100000110010011010010001101110100000011111011111100001100001111100000110111111101111011111111011011111001111101111
110100000000110111101000000100000110000000101011111101111100110111011001000001100100100001010010000101001100110011110111110011111011111010001000011100011010111011010101000110000111000011111000011101001110101110111110010010111111111010101000111010001110100011100100000100010101011111000101111100100101110110000111001000001111111111
110001101111111000001000100001011001111101001101111000100010111110110110011011000011101011110101101111011000000011111011101101111011100101000000011010101000111000010000111111110111011111101111101001110011010011111100100000100110110001000001111011101100111110001001000010001001111110100100001000110001101010110101101100101111101111
110001101101011111100010100101111100111001011111111010110001011010001100010011111111010010110110001000111111100111111111110101000101111111011000011001111111111111000001001110100111111011100011101000001111001011111110100010000000010101010101000000010111111011000001100001111111100010100111100010110011011100011110100000101111111111
110100100010110000001111110010000011001000111011111100100111110100101001001001101000010001011101110100001100011011110111111000100111100110101010000011010100111100110101100100010011011011101000100010001101110100111110011110111110110010000011001000101101101110001100111111011111011010011100111111010100000110101010010100101111101111
110101111100001100010010010100011010001001001101111101100110100111101111000111011100000101101100111101101101101111110111111101101011110011011101011011001110111010001111001011001111001011101000110000110010101010111101001000010100000010001111011110110011001100111111111010110010011111010010011111011110000111100111010101011111101111
110110101011100010101101111100011101010010010011111100100110101111111011001000100000101111110001001111111001101011111111100111101011110011001001000101110100111101110001110111000111001011110100100010011000010000111110010110101011010010111010000111010011000010011001001110011100111010011010000110000101011011010001000010001111101111
111010000111101001011111111101101100111010010011111010101101011101011100011111011010101110110000100110101011110111111111100011001101100111111011010100011001111011111010111010010111010011101001001111101101111011111111000110000000101100110111100110000000001110000011110111100011101101000001000111100100010110111011110001001111111111
110001011011011011000101101001001101010101110001111010100011000010100110110101011101100110111001000010010010001011110011101011100001110011111010100111011100111011000011010010100111010111100011011010010011101111111101101110101010100000111100011000110111100010101110001110111010010100000110000000100010110000111101111100011111111111
110110001101011010100001001110011000101001101001111100111101011111011111011101011011010001110011100001010000101111111011100001111001100110000010101000011111111100010111001011110111001111100111111101010000011011111100011011001100110110010001011010010100101000101111111010001011111101110100000111011001101111100100001010001111101111
111000111000110010000110010010011011000111000001111101110100011110100001011101101000101010110000010010001000111111111111111111001011100011011010110001001011111101111110100001010011101011110011011111000111101010111101010011001001111100110010001000111111111101110001111111011011001100000010001000001000100000010001001110011111101111
110101010101000010010010001011000101111111010011111010100111010100100010001111011001110011110110101010110010010111111111101010011011111111010101100010011100111010011000100010110111110111111011011110001010000110111111110100010000101011001110101011100000001011101101011110011011000111111101110101010101011001111111011111011111101111
111110110101100100001010001011011011010101000111111000101100111001000001111111110010101000110010110101111111010111110111110001111001101101111100010111111000111011110110110000101011000111100011101110001111110000111111101010101011001110001001011010001000110000100111110101010011111110111110001011010000101001100001010110111111111111
111001111111101110010101010000010100100011100001111001101110111101110010000110111111011011001100001001100000000011111011100110111001111101000010010111100000111101110001000111100111011011101010100010110100001010111101101011110000010110001110001001100100000000110000111010111011011011111110110000111011001111001100000011111111101111
111010010010111100110011111011000101110110010111111110101010101100110000111011000001000000100011000000111001110111111011110001100101110111111001101000001001111001100111011100111011100111100100011001110000101111111111111010011110001100000111001011001001111011010010111011011001000001011001001111001011111100110011110001101111111111
111100001001001111001000111110100101000100111001111110101111111111111101011110000110111001011010011110010110001111110011111001000111110000001011011101011011111100011111001000011111111111110000010110101011101101111100010111000111110111110101011110001101111110001110001011010110011110111000010001000000011000000001010111101111111111
110111010010100111011011100000010111101101010111111000111100000011111000001111001110110000010110001111111000001011111111100000110111111100001100010010011101111101101100100111111111010111111010100101100011100010111100110000101010111010011110000011010100111100001000000110110010001000011110101110110001000111000101000011001111111111
110011011111000010001010110111101111000110110101111010110100111110001010111100110100100010011011111001000100111011110111111011110111111000001001100001000100111101100101110000000111000111100100111011110001001011111100110100110110011101111000111011101111011100111101111101001010011110110011111010111111111001000110010000101111101111
111011110000011010011010111001001011101010100011111001100001100000111001110001110010101000110010001001001101001011110111101001111001101110011100010001110010111001000111001100100111001111111101110010100011101101111101010001110110001011001111001001000001100001111010010111101101001000010110101110110111101100011110010110111111111111
111100010001100001101000101000101100101010000111111101101000001101011010100101110000000011100111110001011111111011111011100110111101111010010010101110011100111110111111001001010011100011100010000000010101011101111110000001101011101111000001101001111101000001000011110011110110111001111011110100010100111110100010100100111111111111
110111011111101101110100010011100001000110010001111011110011010101010111100000101110000001010101100110000011110111111011100101110011110000011100110010000000111000110101111000001011000111100000001011000011100101111111100101100101111110110001101011101000101011100001111111100110001110111100000101010101000100100110110000011111101111
110101110011011011101110011100111100111010000101111000111000110011110111110100000001011100001110110100010011111111111111111111110101100110110100011001101011111001101100011001101111001111101000101001110010011110111100110111111000001010011011100110011101111000101110001111111111100101101010000101111111110100101010101100111111111111
110001000000100111110100100011110010110110010111111101110100011010101010000001110000010110001110111000110011101011111011101101101011111011110010101000100010111001001000101101111111101111101101111111110100100000111100010010000110101101101110011001000100010000011001001111110010010111011011001111010101111010110000110001011111111111
111011111100001100101101011000100110000100011001111011110110001011100001111101110111100000001100011001011010100111111011100000111111100101100000001001000101111001001100001001101111011111100101010010100100010000111101111110110110011110000100111101011001111100100101110100110010000110010011101010110101000001001100011101011111111111
110000001100110000001011000010111111111110010101111001101000111000100001010011101000100110010111100100100110001011110111111010000001100010001101110100100001111110111000011101011011001011111111010001011100001011111101110010010101110001011010110100110001111110100000111011100001010111010010010010101000010111100111000000111111111111
111111111110000011011001011010011000010100111111111111111100001010000001101001110001100011010010100001111000010111110011111110111111100011101000001001001111111000100101001000000011011011111000011010010101110100111111001010100010000011011010110101100100001110111001000010100100100001010011111011100000101011011110110010111111111111
110101010100000010111000001000100111001110001101111110111100100001111111110100001010011001001001001001001100100111110011111100011001110111101001000100100011111010000101000011110111110111100000000111110101101101111100111000001110010010001101101010111111000111100000001010110101110011111111101111000000111100101100011000001111101111
110011011100000000011111100100010010011100111011111010101000111011110001101010111010001000001111100101010111000011111111111100001011101010101010001010110100111100000000011100101011110011101101101100010100101101111101101001110100100110101101111111010011101000011011100111010000000010010110011101111111011101100101010100011111101111
110010110100101000000010010100000100110000100001111010101011010100111100001000110011011011111000000001101001001011110011110100000111111100111000100111011001111011110111011011111111011111111010100110100011110001111100111101001001100110111110100000100110010001110001101110010100111001010110101101000111000101111010010001111111111111
111100111011100110100000100110010001010100011001111100111101100000101010110110100000100100011111000001000100001011110011111000011111110001100100011100100000111001010000011000101011111111111001100111000101100101111110101000010101001111111000111110100111101110001100101001100010001010010101011100101001000000101001101100011111111111
110110100011001101101010001010100111000010110001111000100011111100110010000110001110111011001101110000101101010011110111100010000001110110010010100110011110111110000010100011011111011111111111101100000000100100111111011100110101001010000010011001111011100101010101011101111111101100000101010011110010000111011110111110101111101111
111110100001110111111100100000001110000100001001111000110000001101001010011100100011001000000111001001101001100011110111100110100111110001010110101001010000111101111011111100010011001111100110100000011101101100111100011101100010111101100010110110111001000101011111001110101010000111100001110101000011110110100110100011101111111111
110011011010111110111011110101111010110010010101111111110100100001111110110010011101010000011101010101001101000111111111110101010111110000010101101111000110111011110101110010011111110111101011001101100011010100111101011111110111101000111111111110001100010100111100110101000100000110000101010101110001111110100011101111011111101111
111100011001101110111110110010011100100000100001111111101001010010110100110100001111000100110000000100101000001011110011101010010101110010000000000111000000111100110000110011110111000111101111110000101011001100111110010110110001000111100111000110010111101001011001000111101010110001100010000011111000111011110011010111101111101111
110010110011001010110000011001010110100100101001111000111010110100101101011100011000010001001101100011011111100011111011111100101001110010110110001111011111111000010011000111000111011011100010011011111101110111111100111011001111000100100111111000010010100001111000000110110100010101101100000000100011110100110000010010011111101111
110011001010100111100101110010100100010100111001111000111010100110101001001100110010001110001001001001001100100111110111110110001011100010001000010010110110111100110101000111110011011111110000000100001000010010111101111100110100111111010001010001111100000001001001010101001111000000111011000001111011000011011001011100001111111111
110001101000111110111110000000011100001111001111111000100111110100100010000100110101010110010101110111010111011011111011100011001001100111101100101101111110111111110111100000011011011011100100000010111101111001111111001101010111110000000000111101110101110100000110001101010011100010011010010100000000111010000111110111111111111111
111111011011101100011101111110110000100110000101111111100000111100100100011110101011110001111110110110101010100111111111100100111001110000001101010101000101111000001001000011100111011111101011100001001111011011111100110000111000001011110111001110100001011101110010011110111111110100111000101011000010110010001100110100011111101111
110010011111001010000011000111000010001011000111111000111100000111111110100000100100111000010001100111010111000111111111100100100101110011110011100100001001111011111110000010011111010011101010011111110001110011111110111110010000100010110010000001110111100111010110101010010000001110001110000100001111101101110010101001011111101111
110101111001110111100010111010010101101101101011111110111100011010011111011010001100100001101011011000010001101011110011111100100101101010101110100000011111111101111010110000000111000111111010011001001010010011111101110100110011111000111001011110011001100011000011111110011111001101101001000011100001111011010011001100011111101111
111001000100011101111010110100000010010110000011111101101110001100010000010001011001011000010111011100010001010111110011110000101101110010111001011001010011111011001111011111010111111111100111000110001001101010111101100010110010100111011110100010001011011110100000101001100010101001100001011110011000101011010011000000101111101111
111001111000011010111111000100000000011001111001111010101100001010101100111010011001001101010000110101100010010011110011111000111001100001001010100001010000111000111000000110111011101111110100011110111001011001111110010101110111011001010110001001111001011100010000010011000010101110101010001100111011010001100110100100001111111111
111110110100000010010101110001001100110001010111111110101010110110000011000111000011110001011001100000010010110011111011111111100001111110010011110001011100111001111011111011110111101011111111001111101111110000111111000101000011001010100001110101001100001111001011110111001001011110011001000110111111110101100111111001101111101111
111000111011011001111011001101111010011011011011111000111110100111000111101011011101011011101000101000000110010011111011111010100011100010000110000001111000111000110111011010100011001111100101100000001100010000111111000011101010000001100110011110101101110100111010001111111000111011000010101011001011101011001110000000001111101111
111111011100011011000111100111001111011001001011111100110010000000011000100010100110111100110011011001011011110011111111100110101101100011110010100110101110111111110010101110001111001011110001101110001010111101111100011000010000001111011000111000000110100001110001100111011110110111011000001001101111101001010011000010101111111111
110010111111110000010011101011111001111111100001111110110001110101101010010110000111001010001111011010010001111111111111100101000111110101000110011100010000111010111110001011011111110011110101000000010001011010111110011011001011110010100011111100110000111000010000001000100111011010000100010011001101101000110000010010011111111111
110001011000001000001010011010100111010000100101111100100110001000111100000100110110111001100111011100010001010011111111100001001011101010010010111000100101111100100111000111110011011011100000000010000100011110111101100111000100000011001010100100110100111011010110000010111100000111100010010101100100101000101010011000001111101111
110011010111110100001101111001011001110001000111111111111100011100001100101110100101100000000010100000000010111111110011100010101101110101111100000010010010111010111010101011101011000111101111011001111000011100111100111110011001010111111001001101001100011001011011000110010011000000011100000100001100110011100010011100101111111111
110110011111100110101111110100000001111000010111111100100101011100001111111100000000101100100010000000110001001011111011110001011101110000110111000010000011111001111000011100000111101111101010101000011101101010111101010000101110111111000111111010000100010000100001101001010111111011000100011001100110000011111011001111101111101111
111110010010010000000101000011111000001001101001111111110100110011101101001100110000010110111111101011011111000011110111111101010111100101010000000101100100111111110110110001100011010011110110101001001011001010111100001100100111100111001001110001011010000101010010001111100110011110001110000000001010100110010011111111111111101111
111111000101010011001011011011010001111000000011111000101010001011110101010100101011111110101000100100110010001011111111100001101011101011011001101000001010111001011011010100001011101011101100000010101010000111111100011110000101111111000100011010111110011110001100110101111011011101101100001010000010000010001000011101101111111111
110110110001001100100100001101000111010100111001111110110100011010100011000111011010000111111000000000111000010111111111100000110111111010011100110111000101111110011001100110000111000111101010101101011110010100111110101000010001010001001000100110000000000000000001000000001010101001100010010111011101110000010100111011011111101111
111001111111011101111111110111010110110011010111111110110110110010100101100101001101111011111101111000101010101011111011111111111111111110001011000000010110111110100111100001110011110111101001100011010110011001111101110001111000001000110000001000111011001111000001000111100101110000011100111000010011011111101110111101101111111111
111000110111001001001100001110011110001001101001111101110110000001001001101000011001111001010110101011001000000111111111100010100111101110110000101000101011111101001001101011101111011011110100101000010110001001111100010110110000011110000001101010001110010000111001101010110101010100110001000111100101011101100011111111001111101111
110010000100001110010100010100101010001001001111111000110100101110100000000101111101010001011100101011000000000011110111111101011001101111100100111110101101111000001000100100100011110111110100001100101000101000111111100111001100110100111001011101110010111000001000010011011011001001100011010011110100011100001000011100101111111111
111011100000111011101100100100101010101010101101111111110110111010011001100111110001001001011111111011101110111111110111100001011101111001110111101101101100111110011000001000001111100011110011000011101001001110111110100110110001101011001010001111001000011111111110101011000011000101011000111110010001000101001110001010001111111111
110101111111101100101110000010100110010100010011111011101111000000110001001111001101000011110011100110000110110111111111100000101001100111101101011111111010111110010011100011000011110011111100110100100110101010111111000110001001000100011111111101000101000101000000010101110110001110110000001101010110001111101111011100101111111111
111010100000001101101011001111100101111010000101111100100110000011111101000111110101101010110001110100000101100111110111110110110001110011001011100010010000111101011010100000001111001111110010001100010011110011111101001000000010111010001100100011101100000110100010011001011011011100000000011100000101111000001100110000101111101111
110110000011010010101011010001101111000011110001111001110110111101100100000000110001001100000010011100010100101111111011101011111111101110001100010101110000111110111011101001110011011111111011101110010100100111111100100110110111010111011110111011011000001110110010001010111000100100001110011111010001000001000011010011001111111111
111110000010000111010010010111011101100100111111111101111100001111110101100100100010001001110001000100100111001111110011110110010011100011001110001110001000111001100000000011100011111111110000100101111111100011111100000100010010110000100110111000000010100111101000010100011000111000011101011010000001001000000100110100011111101111
111101011100110100101100000011000111111111110011111111101101101100000001111111000110100110110011101110010001111111110111110001011011110110111001100011110101111110011110001101010011110111101111100010111000100011111111111101110100011000000010011010100011110101110111000000100010000001100001100010111100111111110111101110001111111111
110010000011001100111100111111000010010111111111111001110001010001101011011000011101000000100110001000111101100011110111111010100101101000001110000110000000111011010001100110011111010011110001011001001010100101111111101111010001001111100000100001101111101010000010111111100000111101010101100010110001111110111111010011011111101111
110111101000100011011010111011011011011001001011111010110001010011111101010001001111101110110000011011110001100111111011111000101001100000001101110010100001111111011100111000001111100111111101000000001010101111111101010101110100111111100101001101010000001010110010101101100100111111101101100000101001110110101101001110101111111111
110001110001111100101011011111010001110111101001111101101010001100001110101000000010111001110111000111000101111011110011111111011011111110111011111001100001111011011110101100001111011011111101101010101111001110111111110011100100010000111011101000101111101010110010011000101100100111001011001010010101011011011100110101011111111111
111000110111011101011111100010111100011100000101111010110010100111010001100110110000010100101100010010111011010111110111100000101001110001001010100111111101111011110010101100110111011111100101110001111100111111111110010001010010100011111111111000001000111001100001010110100100001100101110001101110010011101011101011001111111111111
111110100001101000101110100111101110111100001111111011111110100001111100000111000011000111101011110101101101101111111111111010010101111111000000011010000011111100111100111010101011010111101111101110011011011100111110001111111110101011010010001110110110101001011101100111100001100101000100010111100110010111011001100100111111101111
110111110001111010001010111100111011110101100001111100100101011001001011100110111111000101100011111110101011110111111111111100111011100101010111000011001100111110110010111111111011110011100001111011001110100000111110100010000111001101101101101100110010000011010001101101001101100000101111011100001111110011001001101100011111101111
110100100001100100111010111111010011011100000101111000101100011100011101110111100001000000111100110110010011001011111011100000101011111101001001100011111011111010000001010111111111101111100011001000110010110011111110010110101010100000101010011101000111101001000110010100010011111010100101010000101100111101010100001010011111111111
111110111010001100011101110100011110000100010101111101111111010000001000111100110011011000111111011000010111001011111011100011110111101100100111011101110110111101001110110100101011101011111001100011000001010000111100000001110000110010001111000001000011001110001111110000000001011100110010101111001011010111100100000110001111101111
111101011111010011001110010110011110011001111001111001110011101011100010001001011100100000101111101100100001101011111011100010001001110000000011101001011111111111101011101110101111100111101101010101111001000101111111111001010101111101111111000101000011011100101101001000000001011011000000001011111101011000011010010010001111111111
110111001110110111111001111010000100000110010101111000100001001010110011011111111001110101011010101101011000001111110111101101001101101101101101101111100000111100111001101001010011001111111000010010010100001101111100110101110101011000000100111000000010010111110001100001101110010001011111001111100111110001000000011000101111101111
111110110010000101001110010111011000110110111001111111100000000111111000111111010101011111100000001111101110101011111111111110110111110010011000011100011000111011010111101111010011001011111011111000001000111010111100011110111011111100000010001000100010010100000000100111111100110101000010100110101110101111101000010110111111101111
110011010100001111010010000011100011111010111001111100110100100001110000010011100110111011000100101000110110010011110111101100001001100101101101000011111101111011010110011010011011110011100111000000101100001110111111001100011101000111000000010010110000110000011110110110110100000111101001101110110110011111000100101110001111111111
110111011110101001011011001011000001100000101001111011111111111111011111100110011110110010000011011001100011001011110011101000100111110011011010000110111110111001010001101010110111001011101001000010100000011100111100001110001001000011010001111100100011000001100110000100010111111111111100101111000000110000110000101101011111111111
110011100000000110101000000001110011010101100001111010111111101100000111010000000101110101001000010110001100001011111011111000101101111101001101100110110111111010000001011010001011000011111000111111000110001111111111110111110010011110110010101011110010011010010001111111001110111100101100110000011100001000010001100110111111101111
111101110111011111000001110111111100001111101001111011111011000000110000101111010001010010011100000011010101100111110011110101111011111111101100110011010001111111111111011100001011101011101110011011101001100100111101111000111110000110000100110100011001011111100111100011000111001100011011001100111010010000101000011111001111101111
111111001000101101111011111110100110001101111111111100101111101100011000111011100010011100011100000000000010000011111011100110110001100111101110100001111100111000010010001000111011001011101011010100111001101110111110001110101011111110111010111110001011111011110010011000000000010110010101101100101011111111100110101110001111101111
110110100000000011000011110010000001110000011101111000111101011011000001100101011110011111111110101011001010110111110011101100110011100100001010001110011011111100001001001111111011101111110011110100000000001011111101110000111001000001011000100101010101111100000010001000111100000011010001111111100001001010101100111001101111101111
111000100111000010111110000111001101011000111001111100111010110001011000000111011110000001010100100011000100000011110111101010010111101101100100010011010001111001011001100000101011001011111000001001011100100100111101001111100101101110111010110000100010110010111000010100101001111000001010110001101010110001001111101111111111111111
111111011001101000111100101111000011011100111001111100111010100010101000010001111101101100011110011101111100110111111111101001111111101011100011001010001011111111111010001111100111000111101000000011010110110000111111100110101100111001111111100100011010011111110101010000010010100001010101000001010001001000110000001001001111111111
111000110010110111110100010111011001111100001101111001101111010011100001110100010101101011101010001010101011100111110111101010110111111101100111100111100111111101010001110110111111100011110001110011101111111110111101101101110010011111101001001111101000100011110100010101111111110001110110101101111110000101100110101000111111111111
111101100101101010101111001101011000111000110101111110101010111101011101001000100100011000111001110110001111000111111011111000001111111100011100011101010100111001100101101000001111010011100111101011001011011010111101000101001111110101100110100001111000000110010001001101011000111101000110100110101000001111000000000110111111101111
110101111111011111100010110011001110100101010111111011101101111011111110110001001001101000010101011111101000110011111111100000111111100010011101111011111011111001111000111001001011111011101111101001011011111100111111110101010111111111101000001011111001100001101110011101101100111111001010100100000010011010110101000111011111111111
111100101110001000001101111101001010010001101101111101111000101101001110001100101101101011001011111111100001000011110011110100100011111101111011010111000101111101110010111111110011011011100000001010100101110011111110010010000011000010101000001111001001111110101000100100101110100010110010111000010010001000101001100101101111101111
110000110000000100111011010000100110001110100011111100110110011010101100101100111010111111111111000100001101011111110111110000000011100101101111110001001100111011111010001101101011100111111110001001001000000101111100100000011101010101001001111010110000011110001101011010111111000111110100000011111010100111011010101111001111101111
110111110100100110011111110010011101001111110101111101110111100000100001011111110011110001001101100000001111100011111111101111000001111000101110001110110001111011010011010101100011110111111111110001001100011011111101101111011001101110010110100100100010000100011001111111111000011100000010011110001110010110001010010111111111111111
110011101101101110001011010111111110100011100111111000111110000101010100011101000000100000011001001110010100001111110011100001000111110110110110011101010000111111100011101110111011000111101010000101111010101011111110100111010100000011010010010110101000110100011100100001100111000101011010001101001111001110100010001011101111101111
110100000111111011001101010000101001010100011111111001111010011111101000110010100101100001000111101000111110101111110111110100011011100010010011101111001011111101111001010101101111111111101111000001001111000110111110000110100000001011110110001000101101010010011100011011100100110111000111000110110110001110100000011111111111101111
110111001010001010110001010000001100110110101101111110110111001001110101011101101100110110111100101001010010011011110111111000101111101000111010000111000000111011000101111101110011001011111110101000110010011111111110000110011001100001101110100010000110111000001111010001110011001101100111100000101011000111111011110000011111101111
111111101101001011101011011001100010101011000001111110111001001000011001010001110001010001011110000001110110100111111111111111001101100111110101101110001010111010000101111100101011001011111101001100011100110010111111110001100100000111100000011010100001000000001101011101000111100010000011010110111000100110110000110101011111111111
111111100010110100101010110001011101001001010011111110101100000100101101101011010101100101100100110000010110010111111111100111111011110010111111101111000010111010110111101101111111101011100000101110011000000010111100001010111011010010100101111010110101101001101011110000001100100001101000100110110111110000000100001101111111111111
110111000001011111001101010110101011001000101101111011110111110110101010011101110100000000100011100011010111011011110011100110110001100100101100111010110110111010100000011110010111101011100000010101110011001000111100011010000100010011111010100100010000101001010111110110111100100011110110110101101110100011000101010100101111111111
110010100100010000110111111100000000111100010001111110110110101111101100000110000101110011101110011011100010100011111111101001000101110011011010110010010000111010100001001001100111101111100100001101010111001001111101110110000100001101111100000100101000000010101111011000110010101110011000011100100011000000000101010101111111111111
110000100001101000101000000000011101111001110101111101100100100001001001100111001101111110100000110111000100110111110011101001011011110001010111010000000010111011111101100110110011101111110001101101001100101111111111001010101111100110110110101110010010100011110011011001000001111001001000001100110111111101000001100010001111101111
~~~
79.0 139.0 100.0 348.0 1922.0 
78.0 157.0 92.0 359.0 1724.0 
89.0 156.0 92.0 315.0 1751.0 
68.0 146.0 111.0 313.0 1855.0 
77.0 137.0 103.0 353.0 1901.0 
85.0 155.0 88.0 338.0 1702.0 
85.0 167.0 89.0 316.0 1629.0 
94.0 162.0 88.0 327.0 1676.0 
76.0 136.0 104.0 353.0 1911.0 
92.0 155.0 85.0 366.0 1745.0 
86.0 146.0 109.0 309.0 1802.0 
86.0 157.0 93.0 317.0 1744.0 
94.0 163.0 88.0 320.0 1666.0 
77.0 151.0 99.0 331.0 1823.0 
77.0 136.0 103.0 362.0 1916.0 
79.0 132.0 109.0 407.0 1974.0 
81.0 149.0 102.0 315.0 1838.0 
77.0 156.0 94.0 315.0 1768.0 
77.0 160.0 93.0 306.0 1716.0 
81.0 135.0 101.0 365.0 1966.0 
100.0 154.0 98.0 287.0 1717.0 
0.0 18.0 173.0 581.0 3146.0 
84.0 145.0 99.0 328.0 1886.0 
81.0 138.0 96.0 381.0 1868.0 
85.0 149.0 109.0 312.0 1805.0 
92.0 152.0 90.0 338.0 1816.0 
85.0 144.0 92.0 387.0 1879.0 
77.0 157.0 92.0 360.0 1731.0 
0.0 146.0 97.0 351.0 1839.0 
76.0 150.0 94.0 371.0 1797.0 
70.0 143.0 98.0 382.0 1873.0 
78.0 143.0 106.0 313.0 1878.0 
84.0 151.0 95.0 342.0 1769.0 
83.0 128.0 106.0 390.0 2019.0 
92.0 151.0 92.0 336.0 1783.0 
77.0 159.0 89.0 313.0 1729.0 
62.0 135.0 114.0 353.0 1984.0 
75.0 140.0 102.0 378.0 1889.0 
77.0 151.0 103.0 310.0 1802.0 
88.0 155.0 104.0 294.0 1739.0 
91.0 150.0 103.0 296.0 1863.0 
72.0 152.0 94.0 352.0 1828.0 
76.0 151.0 93.0 371.0 1791.0 
76.0 152.0 103.0 306.0 1792.0 
100.0 154.0 98.0 287.0 1717.0 
85.0 154.0 89.0 358.0 1737.0 
78.0 151.0 97.0 356.0 1826.0 
96.0 150.0 92.0 331.0 1787.0 
84.0 136.0 112.0 342.0 1907.0 
94.0 157.0 86.0 378.0 1707.0 
77.0 156.0 94.0 315.0 1768.0 
91.0 150.0 103.0 296.0 1863.0 
0.0 280.0 28.0 104.0 497.0 
92.0 161.0 89.0 327.0 1707.0 
79.0 132.0 109.0 407.0 1974.0 
69.0 163.0 95.0 290.0 1682.0 
94.0 163.0 88.0 320.0 1666.0 
86.0 146.0 109.0 309.0 1802.0 
66.0 143.0 102.0 364.0 1869.0 
91.0 150.0 103.0 296.0 1863.0 
85.0 155.0 88.0 338.0 1702.0 
84.0 148.0 109.0 312.0 1820.0 
76.0 141.0 100.0 374.0 1917.0 
77.0 138.0 102.0 357.0 1888.0 
74.0 135.0 109.0 352.0 1929.0 
103.0 152.0 99.0 303.0 1713.0 
83.0 128.0 106.0 390.0 2019.0 
103.0 152.0 99.0 303.0 1713.0 
80.0 149.0 101.0 319.0 1835.0 
76.0 145.0 98.0 357.0 1846.0 
90.0 151.0 88.0 365.0 1826.0 
90.0 165.0 89.0 315.0 1684.0 
78.0 146.0 101.0 357.0 1837.0 
66.0 137.0 108.0 358.0 1919.0 
69.0 152.0 105.0 277.0 1782.0 
85.0 149.0 97.0 310.0 1837.0 
77.0 160.0 90.0 343.0 1713.0 
93.0 172.0 84.0 318.0 1558.0 
79.0 132.0 109.0 407.0 1974.0 
90.0 148.0 88.0 373.0 1827.0 
70.0 143.0 98.0 382.0 1873.0 
0.0 27.0 170.0 551.0 3050.0 
72.0 152.0 94.0 352.0 1828.0 
72.0 155.0 93.0 337.0 1756.0 
105.0 151.0 100.0 303.0 1719.0 
79.0 132.0 109.0 407.0 1974.0 
74.0 144.0 97.0 382.0 1860.0 
74.0 151.0 102.0 356.0 1815.0 
75.0 140.0 102.0 378.0 1889.0 
73.0 159.0 92.0 310.0 1721.0 
70.0 143.0 98.0 382.0 1873.0 
69.0 145.0 111.0 322.0 1866.0 
79.0 154.0 93.0 339.0 1793.0 
74.0 153.0 95.0 335.0 1779.0 
78.0 152.0 100.0 343.0 1800.0 
87.0 163.0 91.0 308.0 1678.0 
0.0 31.0 167.0 568.0 3012.0 
88.0 154.0 93.0 337.0 1779.0 
87.0 155.0 92.0 337.0 1771.0 
84.0 152.0 98.0 331.0 1804.0 
86.0 146.0 109.0 309.0 1802.0 
85.0 135.0 114.0 334.0 1922.0 
85.0 135.0 114.0 334.0 1922.0 
70.0 143.0 98.0 382.0 1873.0 
72.0 152.0 94.0 352.0 1828.0 
102.0 153.0 99.0 302.0 1706.0 
92.0 161.0 89.0 327.0 1707.0 
76.0 130.0 112.0 384.0 2070.0 
77.0 160.0 90.0 343.0 1713.0 
70.0 144.0 112.0 322.0 1875.0 
74.0 153.0 95.0 335.0 1779.0 
95.0 151.0 92.0 329.0 1773.0 
91.0 150.0 103.0 296.0 1863.0 
94.0 154.0 91.0 327.0 1727.0 
77.0 127.0 109.0 373.0 2016.0 
76.0 142.0 106.0 317.0 1885.0 
83.0 144.0 97.0 352.0 1847.0 
85.0 144.0 99.0 329.0 1896.0 
75.0 149.0 95.0 371.0 1811.0 
82.0 129.0 113.0 355.0 2017.0 
103.0 152.0 99.0 303.0 1713.0 
86.0 154.0 104.0 307.0 1748.0 
94.0 163.0 88.0 320.0 1666.0 
86.0 151.0 96.0 329.0 1807.0 
98.0 149.0 97.0 313.0 1833.0 
77.0 147.0 100.0 318.0 1852.0 
0.0 283.0 24.0 104.0 456.0 
75.0 140.0 102.0 378.0 1889.0 
62.0 134.0 115.0 353.0 1998.0 
82.0 155.0 94.0 324.0 1785.0 
0.0 128.0 115.0 382.0 2017.0 
82.0 129.0 113.0 355.0 2017.0 
82.0 135.0 103.0 359.0 1947.0 
83.0 141.0 93.0 432.0 1969.0 
82.0 140.0 95.0 398.0 1891.0 
85.0 126.0 115.0 400.0 2028.0 
79.0 152.0 98.0 331.0 1816.0 
85.0 153.0 97.0 331.0 1791.0 
86.0 154.0 88.0 343.0 1713.0 
78.0 154.0 95.0 316.0 1727.0 
94.0 157.0 86.0 378.0 1707.0 
90.0 153.0 95.0 317.0 1785.0 
86.0 151.0 96.0 329.0 1807.0 
87.0 163.0 91.0 308.0 1678.0 
72.0 150.0 95.0 358.0 1787.0 
91.0 150.0 104.0 289.0 1820.0 
77.0 147.0 100.0 318.0 1852.0 
75.0 144.0 99.0 357.0 1859.0 
84.0 153.0 101.0 283.0 1800.0 
79.0 152.0 98.0 331.0 1816.0 
70.0 156.0 96.0 322.0 1752.0 
79.0 147.0 97.0 363.0 1831.0 
94.0 154.0 91.0 327.0 1727.0 
83.0 148.0 96.0 340.0 1826.0 
83.0 128.0 105.0 398.0 2021.0 
90.0 148.0 88.0 373.0 1827.0 
72.0 134.0 104.0 354.0 1938.0 
77.0 156.0 94.0 315.0 1768.0 
87.0 145.0 109.0 309.0 1812.0 
90.0 165.0 89.0 315.0 1684.0 
86.0 147.0 108.0 309.0 1791.0 
78.0 133.0 108.0 407.0 1965.0 
73.0 152.0 93.0 358.0 1761.0 
77.0 158.0 92.0 308.0 1742.0 
72.0 149.0 104.0 322.0 1866.0 
96.0 153.0 91.0 333.0 1736.0 
70.0 152.0 106.0 270.0 1776.0 
0.0 279.0 26.0 114.0 498.0 
94.0 157.0 86.0 378.0 1707.0 
84.0 153.0 105.0 307.0 1758.0 
84.0 153.0 101.0 283.0 1800.0 
81.0 148.0 98.0 346.0 1805.0 
75.0 147.0 98.0 345.0 1904.0 
64.0 144.0 106.0 341.0 1866.0 
77.0 160.0 90.0 343.0 1713.0 
72.0 150.0 103.0 322.0 1860.0 
82.0 140.0 95.0 398.0 1891.0 
93.0 154.0 85.0 370.0 1749.0 
77.0 137.0 103.0 353.0 1901.0 
90.0 151.0 88.0 365.0 1826.0 
62.0 134.0 115.0 353.0 1998.0 
78.0 152.0 100.0 343.0 1800.0 
74.0 143.0 102.0 334.0 1851.0 
70.0 151.0 106.0 277.0 1791.0 
85.0 135.0 114.0 334.0 1922.0 
79.0 138.0 101.0 348.0 1934.0 
86.0 151.0 97.0 315.0 1754.0 
76.0 142.0 106.0 317.0 1885.0 
65.0 135.0 109.0 359.0 1936.0 
85.0 150.0 97.0 301.0 1822.0 
81.0 135.0 101.0 365.0 1966.0 
90.0 148.0 88.0 373.0 1827.0 
83.0 148.0 96.0 340.0 1826.0 
88.0 155.0 104.0 294.0 1739.0 
77.0 127.0 109.0 373.0 2016.0 
79.0 147.0 97.0 363.0 1831.0 
85.0 153.0 97.0 331.0 1791.0 
77.0 156.0 94.0 315.0 1768.0 
92.0 152.0 90.0 338.0 1816.0 
88.0 154.0 93.0 337.0 1779.0 
79.0 148.0 91.0 386.0 1832.0 
84.0 151.0 101.0 299.0 1778.0 
92.0 161.0 89.0 327.0 1707.0 
84.0 148.0 109.0 312.0 1820.0 
85.0 155.0 88.0 338.0 1702.0 
83.0 128.0 106.0 390.0 2019.0 
73.0 159.0 92.0 310.0 1721.0 
100.0 154.0 98.0 287.0 1717.0 
94.0 163.0 88.0 320.0 1666.0 
75.0 144.0 99.0 357.0 1859.0 
78.0 141.0 109.0 342.0 1852.0 
90.0 153.0 95.0 317.0 1785.0 
81.0 140.0 106.0 317.0 1907.0 
86.0 157.0 93.0 317.0 1744.0 
77.0 160.0 93.0 306.0 1716.0 
84.0 136.0 112.0 342.0 1907.0 
72.0 152.0 94.0 352.0 1828.0 
85.0 144.0 92.0 387.0 1879.0 
80.0 150.0 101.0 315.0 1829.0 
93.0 172.0 84.0 318.0 1558.0 
73.0 154.0 94.0 337.0 1770.0 
79.0 154.0 93.0 339.0 1793.0 
95.0 151.0 92.0 329.0 1773.0 
78.0 154.0 95.0 316.0 1727.0 
85.0 168.0 88.0 316.0 1615.0 
85.0 126.0 115.0 400.0 2028.0 
82.0 155.0 94.0 324.0 1785.0 
69.0 163.0 95.0 290.0 1682.0 
81.0 138.0 96.0 381.0 1868.0 
69.0 145.0 111.0 322.0 1866.0 
87.0 163.0 91.0 308.0 1678.0 
79.0 146.0 95.0 367.0 1909.0 
90.0 165.0 89.0 315.0 1684.0 
79.0 132.0 109.0 407.0 1974.0 
91.0 150.0 103.0 296.0 1863.0 
75.0 141.0 102.0 354.0 1934.0 
76.0 130.0 112.0 384.0 2070.0 
78.0 140.0 107.0 349.0 1951.0 
82.0 129.0 113.0 355.0 2017.0 
79.0 134.0 103.0 384.0 1990.0 
103.0 152.0 102.0 297.0 1827.0 
73.0 152.0 93.0 358.0 1761.0 
70.0 143.0 98.0 382.0 1873.0 
76.0 150.0 94.0 371.0 1797.0 
75.0 140.0 101.0 374.0 1923.0 
94.0 154.0 91.0 327.0 1727.0 
78.0 151.0 97.0 356.0 1826.0 
79.0 152.0 98.0 331.0 1816.0 
81.0 136.0 100.0 349.0 1903.0 
75.0 140.0 102.0 378.0 1889.0 
78.0 157.0 92.0 359.0 1724.0 
77.0 158.0 92.0 308.0 1742.0 
66.0 143.0 102.0 364.0 1869.0 
95.0 122.0 110.0 416.0 2086.0 
98.0 149.0 97.0 313.0 1833.0 
78.0 121.0 115.0 397.0 2127.0 
77.0 151.0 103.0 310.0 1802.0 
77.0 147.0 100.0 318.0 1852.0 
82.0 135.0 103.0 359.0 1947.0 
103.0 152.0 99.0 303.0 1713.0 
75.0 142.0 97.0 379.0 1893.0 
86.0 146.0 109.0 309.0 1802.0 
86.0 151.0 96.0 329.0 1807.0 
85.0 144.0 99.0 329.0 1896.0 
84.0 151.0 95.0 342.0 1769.0 
81.0 161.0 95.0 311.0 1641.0 
74.0 153.0 95.0 335.0 1779.0 
~~~
1.268
