110001111111000011000010111100001011010111111101111001111011101111110110011000110101011010100111110001001011101011111011101100011101101000010111101001101010111101001000111100001011011111111101111011101111100000111111110001011000111010011101001001101111010010010010101001111111001110111010001011101000101111010010011011011111101111
111000111111011010101000110101100000101010110111111000101000001011100101011001000010000010011010100110110111011011110111110100100111110111111011001011101001111110100110000011111111110011100010111110100110111111111111110100101001000001010011111011001111110111111100000001000000110001101001001011010111110111101001110011111111111111
111000101111111001111111100100100111110111111101111101111101111111010010110100111101011111111011110011110001010011110111110001001101111011100011001111001000111111000100000010111011010011101101100001001110111100111100011010100110000101110111000101001111000101101001100110011011010010110011011100011011011010111100111011011111101111
110111101001110010110010111010100101010111011011111011100101111011011101110101001000100000100111011001000100100011110011111011101011111111110000001011101000111111111000110110011011001011101111000011000010000110111110011110000001100001010110000001011111000011111000000000001011110110000111110000100000000101011011110001111111111111
111111010000001010100010010111001001001101100011111011110001010010101001000010011010111011001111101111100110100011110011111101000101100100110111000001000001111101110010010010111011101111100011000011001111010011111111100010011010011011100010011111011100110111000000001101101010111000011011110110000110010011000011101100101111101111
111100100100110011110010001110000000110101111111111100111111011100100010010111000001000110001111110110010010000011110111110010101111101001001010000101111010111100010111101011111011000011100010011101110010110000111101101001101001111010101010100110000110111011110110010101111101111110010011000111101010101101100100101100111111111111
111011111111100110111011010111010110110011001011111100100011100001000011010010000011111100010001000010010100100111110111110101110101110110101001111001011101111100010001101100110111111011101101001111100010000011111111000001001010111001000001010001101000011001000011101000100011111101111101000001110010010101110011100010101111111111
111001001000001010110000110101001100000101100001111000100001000100000000011110001010101001010101010001011111101011110011101000011011100101010010110001111100111011110011010000010011100011110100100010000010001001111110011000101111101001111100010111011001011001111010001111000001001100110110101001001101000000001001001001011111111111
111001011101110011111000100111001010001011101101111000111111000011111111010101101010101101100000000001001101010011110111100001110011110110101100001011101011111000000101001100011111000011101100010000000100111001111101100111101000100010111100001111011000010000001110111000000001010001011100000000010111101011111110111011101111101111
111000101111111001111111100100100111110111111101111101111101111111010010110100111101011111111011110011110001010011110111110001001101111011100011001111001000111111000100000010111011010011101100100001001110111100111100011010100110000101110111000101001111000101101001100110011011010010110011011100011011011010111100111011011111101111
111010110010101111110100101011110001101101000101111101101100101000100001010010000010100101110110111100101110001011111111100100101101111001101100011001101011111011000000000100000011110011101100110001101101101010111110010011111001111110000100100000100011011000010110001111010100101111011010111001101101000111001010001000111111101111
111111010000001010100010010111001001001101100011111011110001010010101001000010011010111011001111101111100110100011110011111101000101100100110111000001000001111101110010010010111011101111100011000011001111010010111100011101001001110010011000110010001100100001011101010101110100101010101000000111110001110011111000010001111111101111
110111110111011111110010100111011011011101101011111100100001111111011110110000110110011101011010001010101000000011111011100010100101111111100100000100110110111111111001001100000111111011110100010101010111110010111110010000010110000101101110011111111000100101000011101011001101000111100111110001011101110101011111010110101111111111
110010111000100010101100000100001111011010100011111010110001100100111100001011011010010001110001101111101101110111110011110010001011101001101101000101001100111000001111010010011111101111110001001010010011000010111110100001100011100100111100011110000100001101001101111101000011000110101111010010100010000101111011110110101111111111
110100000000001101101000001001100010000100110001111000101110100110110000001000011100010100000011000011110010000111111111100001001101101110011111010000101000111101101110001011001011011011101111111101101101111000111100000111101000011010110110011011000111010101111000110101010110101100001101001001101100101110100100111010001111101111
110000000000001110011100100000011111001110011001111001110011011110101110100100011000011011111111001010011101111111111011100011010011111110000000000111111010111110001110111000010011011111101100111101010000111101111111111111101010000000000110111101001110111111111111001111111010110111001110001111001000000001111100001110001111101111
110100001000011001100010101000001101100110101111111111101001110111010000111100111100001110010110011000010011001011110111111001011001110101110111001010001110111110010100000000011011101111110001010101100110011010111100111111111001011100001001000010101110100110101110001100001000110011010000011001110010000001001110000111011111111111
110100000100000100111011010110110100010001100101111010100010110100000110011100110101000000111010000000000100010111110111100010100111110000100010011110100100111100001000001001000011010111110100001111011011101011111100101001111101011010010100011011011000100011111111101101011110010111011001110001000110100000100010101001111111111111
110000000001111000100111111001110000101010011011111101110000000011100010001101100101010011010001101000001011000011110011111101101001100100001000110100001100111100010001001111000011000111111011101000110110011101111100000011111011111111000111101100010111110101010001010111111011011110100010011100000010010001010001100010001111111111
111001001000001010110000110111001100000101100001111000100001000100000000011110001010101001110101010001011111101011110011101000011011100101010010110001111100111011110011010000010011100011110100100010000010001001111110011000101111101001111100010111011001011001111010001111000001001100110110101001011101000000001001001001011111111111
110101100111101111100111001100011101111111101001111001100101100101100100100111010001011000111010000110110111010111111011110010000101100111110111000001101000111100010101011010110011100011101110011111100001010000111110100110101000011000100110000010001010101101000100110010100000010111101101010110000111011100101110010111001111101111
110010100011010010000111101111110100010110000101111110101110000001111011110100011011000010000001110001001100011111111111110101000101110001000010010110000101111111010010000001000111100011100000111000110001110000111100111001010011100100101010001001001011001101000010101111101101101010110111001110011000001111111001001000111111101111
110110010001101111100110011110000000111100100011111001111110101111001110001100001000011110111000110000100011001111111111110011110101101101010010100111100100111100110001100011111111110111100110101110011000000000111100000100010000001010101110100001101001000010011000111010101001001001000001101000011110000000000110110000111111101111
111110110011111111100001010110101010010110011011111100100100110111101000010100111100011011001110100000001000110111110011100100000001101001000001011011110001111010000000100111000011011111110000000111110011000011111111111010001110000001110001111010101011111101100101101101100100100011110001010011100011011001111010110101011111101111
110000111001011000001100001101001011011011110001111111100101000001000101110110100001011100101001010000010100110011111111101010100011101001010110011110010010111010010101110001001011011111101010100011001101000111111100011100000001001010001101001111011110011000001010011011011101000110011111011001010110000001010101111101101111111111
111110110101000011100001111101001011011010010011111100100101100011000110011010111111000100000101011011111101101111110111110100010101101101010000100100101010111110100101110000101111101011111110010100011101101111111100010010011001010011000100011011001011011001011101001011011111111011111010100001011010001011100011011101011111111111
110100000000001101101000001001100010000101110001111000101110100110110000001000011100010100000011000011110010000111111111100001001101101110011111010000101000111101101110001011001011011011101111111101101101111000111100000111101000011010110110011011000111010101111000110101010110101100001101001001101100101110100100111010001111101111
110100000000001101101000001001100010000101110001111000101110100110110000001000011100010100000011000011110010000111111111100001001101101110011111010000101000111101101110001011001011011011101111111101101101111000111100000111101000011010110110011011000111010101111000110101010110101100001101001001101100101110100100111010001111101111
111100110011001000101111001011111111000101001101111111100111100000001010100010111000101101011101001110001100010011111111111111010111101001011101100000011101111000111111100000110011101011110111011110111000010101111111001001110010001000010011110010011100011001000100111111011000111100010000111010100110111011111011110101001111101111
110001111111000011000010111100001011010111111101111001111011101111110110011000110101011010100111110001001011101011111011101100011101101000010111101001101010111101001000111100001011011111111101111011101111100000111111110001011000111010011101001001101111010010010010101001111111001110111010001011101000101111010010011011011111101111
110101100111101111100111001100011101111111101001111001100101100101100100100111010001011000111010000110110111010111111011110010000101100111110111000001101000111100010101011010110011100011101110011111100001010000111110100110101000011000100110000010001010101101000100110010100000010111101101010110000111011100101110010111001111101111
110111010111101110011000111001000100111001101011111110111001101100111100011110100111110000011010010000100100110011111111110101010111100001011000000111110110111000001011100111000111110111111010010100111011100000111110110011111011101110000001001111000010010010111010110001010001000011110010000110110001110111011010010111001111101111
110000001011111011011110100001000001011111000101111000111111111110001000001010011100001101011101000110001101011011110111111001000001110010100100110110011001111011111100101000110111001011110111100001111001101011111101010100101001110111010111110110001111111001010010110011111000010000010000101011001110001010000100000100001111111111
111101001111010011111000110110110101000000111001111111111000011110001010010110000100101100011010011011110011011111110011100101111011100110000000111010110111111001010110111000111111110111110101011000100001010100111101111111110011110111100110111000110010111110111111101000001001001101011011001101001101011011111001011011101111101111
111000000011011001011110011011100110111100101111111111111011101101110100010010001010101011101011010111111101110111110011101111110001111110000100100000000011111101000110111111100011100011101011101111101001110110111111110110110111101110000010010011110100100111101011000110111111010101011110000111100101010101011101001100011111101111
110000010101101110001111010010100000010100010111111100101000100110000001010001011000110100111100111010100011110111110111101010100011111010001111110000000110111011100101000001010111100011110010010011111000101000111101011011101110010001010111010010010010100111111101111011000101101000101100000010011001110010100111100000011111111111
110100100111000011000011001111101011111010100011111100101100000011011110011101101011110010010000111000100001100111110111101111001101101101000000100111101101111101101001001011011011110111101100101001101010100011111110111101110011011010001010011101101010100100000001011111100100101011000010100000110000100100100001000111011111111111
110000000111010010000010011100000101001101010011111111101001011111111001100011000101100001001110010100101110111011110111100000111011100011100101101001000001111011010001111010111011111111101000010001011000001100111100110000011001000100001000110100001111111000001110101110001110000101101110111111010110000011001111000101011111101111
111011010100000000110110101001001111001101111111111100101100100000011010101001101000110111110110000100001100000011110111100101100111110110111010110100010010111101100011110111100011001011111010000010010100000001111101100011101001000011000001011001000000100100100000100000110100000110100010000100000110010001011001000001001111101111
111111000010001111010100101011011001011101100111111000100011011001111100011011111110010000111001011011111110110111110111100000001111100111000010100101001110111101001001111110000011100111110000010110001110001110111100000110011001001000010011001011001100010011000111001000101100011011110010111111111010110111110010111011101111101111
111111100011000000001010100010111111111010110001111111101010010110001000011101001001100111110010011011001010111011110111101011110011111110100010001110000001111011100111101101111011001111101110110000010001110001111110010110111110000000100100110111100011010001101111100111110011101010000010110101000110111110000000000100011111111111
111101000101101000011111000110110110110000001111111110100100010010001101010011101000101010101001100111100101001011110111101001010011101011011000010011010001111110101110110100010011011011111100101110001011101101111101111000010001100111111010011000110110111010110100000010011110110011010101010001101001110101011000011100111111101111
110000000000000000000000000000000000000000000001111100100000000000000000000100000000000000000000000000011000000011110011100010000001100000000000000000011100111000000010000000000011010011100000000000000000000000111100000000000000000000111000000000000000000000000000000000000000000000000000000000000000000000000000000000001111101111
111001000111110101101101100100111011111101010111111011111001000001011001001110011010110011110110100110001000011011111111100100011111100010011010100111000011111000111111000111011011010011100111000010011000000001111111010000010111101011010001001010010000111011111000100000001000000011000110001010110011101001100010011100101111111111
110000110100011100001111100001000000100011101001111000110111010101001111001111001000010011110011101010001101001111110111101010010011100100000011100110100001111000010000111010111111100011100101110101100110101010111100111001101001110110110001100001111001000000000110101001101000011010111110000001111001101010101101100010111111101111
111111101001101101111101101111111100001101101101111110110100011110111010011110000001010000001110111101000111010011111111100011111011111000011001101010001010111010100000011000010111010111100101001010101111111110111110010110110011110010001100011000011110110100001010000000111000100010100000111110101101000110010111101101111111101111
110101110000101111011100011111110001101000011011111101101010100011110010010000010110111110000110010010111010111011111011101010100001110000011010010100100100111000000110011001101011001011101001001101101111001000111110111111110111010110010011111111010001100100011101001000111000011101011100011111001001001010101011111100111111111111
111000100100101101111000010111110011110001110111111101101100011011000000110110011011011110011100100000111101011011111011111011011111110110010011100110011101111100101010001111101011011011111101010010101111000010111110111100001011100100110010001001100010110000001100000000000100010010101110000100001111010100111011010010001111111111
111111111011101111101111001111111111101101011111111101100011111111100011011100011110100001101111111000011101111111111011110001001011111111111011011111011111111001011010011100000011101011101111011110000000111010111111111111111101111100111101111111110111111111011011100000000000000000000110001111011110111001110011111101111111101111
111011100111101101000000110001101110100000111001111100101111101100011111100001100010001011100000010001101011001111111111111110000101111001011100010011010001111001010011011010011011111011111101100110100111011011111111000110000000001010111000111111110101001001001010111000000101101110101100101010101100101000000100010111111111101111
111110110101000011100001111101001011011010010011111100100101100011000110011010111111000100000101011011111101101111110111110100010101101101010000100100101010111110100101110000101111101011111110010100011101101111111100010010011001010011000100011011001011011001011101001011011111111011111010100001011010001011100011011101011111111111
110100001000011001100010101000001101100110101111111111101001110111010000111100111100001110010110011000010011001011110111111001011001110101110111001010001110111110010100000000011011101111110001010101100110011010111100111111111001011100001001000010101110100110101110001100001000110011010000011001110010000001001110000111011111111111
110111000001111101011100111001011011010001000101111001111110100000001110001111010101110001000110101011000010110011111011110110101101110001011111110111011010111110000011011101011111000111101010011011111111010001111100101011101000101110010000101000110001010101101100110000100000010111001101011110101000101001101010001100101111111111
111100101001011000111110001111010100111100111001111010100010100001111111001101011000111111101111101111100001001111111111111110011111100110000011000100011101111011101100011011111011100011110100100000001100110000111111011001110010101010000110100111100111111001010000001010100011110001100000010010000101101001010111110100111111111111
110001101100110010000100100000000110000100010101111101111111111000101000111111011111010000101000010001000000000111110011111110111001100111111111000011101010111000000011001101110011010111100100011011011001100011111100100010100110001001011000101100000110101100111001100001010001000100100000001100000100110011100110000111011111111111
110001000001111000100111111001110000101010011011111101110000000011100010001101100101010011010001101000001011000011110011111101101001100100001000110100001100111100010001001111000011000111111011101000110110011101111100000011111011111111000111101100010111110101010001010111111011011110100010011100000010010001010001100010001111111111
111000100100101101111000010111110011110001110111111101101100011011000000110110011011011110011100100000111101011011111011111011011111110110010011100110011101111100101010001111101011011011111101010010101111000010111110111100001011100100111110111011001101011100101110101000010100100010111010100111011110111111011010000110111111101111
111111111111101110101111001111111010111101110011111010111111111110010010110110111000011100000000000010000000000011110111100010000001111111111011101110111011111111110001000000000011011011111111100000000000111010111111111110000001110101000101111001000001111111111111001111111001111111101110111111111001000110000000001101001111101111
111101100001100100011100000011011010100111001111111100101100010011111011111100100000111000111000101111100100111011111111101010000001110011000101000100011111111111111110101010100011010011100100100000100110010001111111101100110111011011111100110000010000001110011001100111110101000010100000011010101111111001011011000010111111111111
110001101100110010000100100000000110000100010101111101111111111000101000111111011111010000101000010001000000000111110011111110111001100111111111000011101010111000000011001101110011010111100100011011011001100011111100100010100110001001011000101100000110101100111001100001010001000100100000001100000100110011100110000111011111111111
111010001111110111111011011100101001011011101011111000111101101011000001000000010000011001010100101100100111100011111011101101100111111011110111100011010010111010001000001111011111001111101100110011111000100010111100110001111010110111001000011011100000100100001001101000111011001100110001000011001010010100110010000011011111101111
110111110111011111110010100111011011011101101011111100100001111111011110110000110110011101011010001010101000000011111011100010100101111011100100000100110110111111111001001100000111111011110100010101010111110010111110010000010110000101101110011111111000100101000011101011001101000111100111110001011101110101011111010110101111111111
111111101110001001111001000110000111110100111011111110110101010000011011011111100010110010100000000001100011101111111011111110011101110000110000001111001011111111011101000100111111100111110111100010100000100011111111010101011011111001111010111000100111001010000100001101111100111000100100011110011011010111101001010110111111101111
110010001011110101001101100110011011001011111111111001100010100010010100101000100101011111011100101101110010011011111111100011101101100100000000100110100001111001001001101101101111110011111101111111010101011100111111110001100011010000101111000011110111011101100001000110010011000111010110101001111001000001101111111100101111101111
111011010100000000110110101001001111001101111011111100101100100000011010101001101000110111110110000100001100000011110111100101100111110110111010110100010010111101100011110111100011001011111010000010010100000001111101100011101001000011000001011001000000100100100000100000110100000110100010000100000110010001011001000001001111101111
110111010010000011111010011101110000001011001101111011100000110101000001001100100001111001011111101100000110111111111011100111100111101001011011111011110100111010001011001111100011100011110100111111011011111000111101101110111001011101001010101001101100111011111001011100101001011001101010010011101001110101101001011110011111101111
110000000111010010000010011100000101001101010011111111101001011111111001100011000101100001001110010100101110111011110111100000111011100011100101101001000001111011010001111010111011111111101000010001011000001100111100110000011001000100001000110100001111111000001110101110001110000101101110111111010110000011001111000101011111101111
111011000010010001001000110010001000100011101101111001101001011011011001000010101110100101001101001100101000010111110011100010110011111100100111010111111101111000111001100111011011010011100010110011000000111111111111110011010000010011000111000010110000101001011010110101001101110110110010101000010000111110100010110001011111101111
110010010001111001011001000010101110101010011011111100101001000011110000110110110111111100010100000100110011000111111011100100011101100010000000101101011000111001111100111111001011011011101011100110101010011111111101111011000000000010011011100000000101101001000000011000111001001001101100011000011111101001100100001100011111101111
110100110110000000101001011011011010101101000111111011100011101011011101000100010100111000010000100111110101000111110111110010111011110000011110001110110010111001101100000011010011111111111001011001101000001101111101100001000110010100100111000111000000100001001100011010111100100011011010110011101100010001100111110000001111101111
110000000111010010000010011100000101001101010011111111101001011111111001100011000101100001001110010100101110111011110111100000111011100011100101101001000001111011010001111010111011111111101000010001011000001100111100110000011001000100001000110100001111111000001110101110001110000101101110111111010110000011001111000101011111101111
111100110011001000101111001011111111000101001101111111100111100000001010100010111000101111011101001110001100010011111111111111010111101001011101100000011101111000111111100000110011101011110111011110111000010101111111001001110010001000010011110010011100011001000100111111011000111100010000111010100110111011111011110101001111101111
111101000101101000011111000110110110110000001111111110100100010010001101010011101000101010101001100111100101001011110111101001010011101011011000010011010001111110101110110100010011011011111100101110001011101101111101111000010001100111111010011000110110111010110100000010011110110011010101010001101001110101011000011100111111101111
110100100100010110100011011000111000100001111011111001100011100101000000000001010000101001100111100100001001000111110111111011011011111011001000111110110011111110001000011111100111001111111111111001101110011010111100000100110001000110111000001100011101000011001001101110111101100110110010100101001111100011111001101110101111111111
111111100101100010101110111111011000100111010101111110100001111010100111100101011001011110110111001010101101011011111111110001010011111001000010011111111100111101010010101011011011000011110010100011011110110010111111010110000111010011011110011011000010001010011010001001011001100100100000010100000110011000000101110110001111101111
110010100101001010100101001101101111001000110001111010111100110100001010110110110011010001000111001111010110011111110011101010000001110001000010100111010000111010110101101001000011100111100000010100011001011101111101110101101000100011110111010100100001000011010100110011000001001111011110100000000001011010000110010101111111111111
110001010100100001100001011111111100010100111011111001110011101000000010110000100010001000000010101010100000000111110111101011111011101101010111011111011101111111001101110000000111010011110111001111010000111100111100101110000111101000100110111100100011001001110000010101101001111000000101001100011010111100000100100010011111101111
111110111011011001000111011110110101101100111001111001111010111111101010001010101101111010111000111100010110111011110011110011011111111000000101010100001010111000110110111111010111010111101111001010101001100111111111100010100010100100110001000100000010000011000010011111011001110101010111101111011001101100001000011110111111101111
110110010001101111100110011110000000111100100011111001111110101111001110001100001000011110111000110000100011001111111111110011110101101101010010100111100100111100110001100011111111110111100110101110011000000000111100000100010000001010101110100001101001000010011000111010101001001001000001101000011110000000000110110000111111101111
111000100001101000110010100010100000101100101001111010110101110000010110100011011000100101000111010010001001101111111111101001001111101101011111010011101000111111110011110101010011000111100000011110100101101101111100111111101110100011001001100001010001000010000011011011000010101011111111101110000001001000100011001011101111111111
111111111111111111111110101111011111101111101011111111100011111111111111110111111110011111101111111111011111111111110011111111111011111111111111111111111111111111111111011111111111111111111111111111111111111111111111111111111111111111111100111111111111111111111111111111011111100111101111111111111010111101111111111111111111111111
111011011010101010101000000000000001011111011111111000100011110010110100111110110010111010011011001100000110100011111011101111001011111000101010000101100001111010010111011110100111100011101110101000010101110101111110100111010000000100010100111010111100011010011000101110010101100011000000010011000101000111011110010000111111101111
110000110100011100001111100001000000100011101001111000110111010101001111001111001000010011110011101010001101001111110111101010010011100100000011100110100001111000010000111010111111100011100101110101100110101010111100111001101001110110110001100001111001000000000110101001101000011010111110000001111001101010101101100010111111101111
111001011101110011111000100111001010001011101101111000111111000011111111010101101010101101100000000001001101010011110111100001110011110110101100001011101011111000000101001100011111000011101100010000000100111001111101100111101000100010111100001111011000010000001110111000000001010001011100000000010111101011111110111011101111101111
111111110011100100000000101100010011111000101001111011100001001101111100001100100001001000110010110011001000010011110011110000110101111100101010001000110100111010110001111100011011100011101111010011101010010000111101001110010110111110111110011100000111000011010000010000001010100110111010001100111100010100011000110010111111101111
110111010010000011111010011101110000001011001101111011100000110101000001011100100001111001011111101100000110111111111011100111100111101001011011111011110100111010001011001111100011100011110100111111011011111000111101101110111001011101001010101001101100111011111001011100101001011001101010010011101001110101101001011110111111101111
111011011111011001111110111000010010111100100101111100110110100100110010010010100101110000101001110010010101010111110011100000110011111000000101010110110101111010100110001011010111100111101000010000001101101100111100100110101111110100100110100001111001000000000110101001101000011010111110000001111001101010101101100010111111101111
110111001100001100011101001000110101011001010001111001101001100001110101011001101001111101111011110000100011101011111011110110010101100101000111010000100000111010000000110010000011010111100100001101010100101001111101100001000000000001100100111011000000111010101111011100001111101100111011111000001100011001000110001100001111101111
111101110100000100000010101011011001111000110101111000101010010100110011111001000110010000110100100101011010100111111111111011101111110100000110011000100011111010100001111011001011101111100001010010010010111100111110010011100100010101000001100000001101000101111111010001100000010010000001100001010111110101000100010000111111111111
111001001000001010110000110111001100000101100001111000100001000100000000011110001010101001010101010001011111101011110011101000011011100101010010110001111100111011110011010000010011100011110100100010000010001001111110011000101111101101111100010111011001011001111010001111000001001100110110101001011101000000001001001001011111111111
110110010001101111100110011110000000111100100011111001111110101111001110001100001000011110111000110000100011001111111111110011110101101101010010100111100100111100110001100011111111110111100110101110011000000000111100000100010000001010101110100001101001000010011000111010101001001001000001101000011110000000000110110000111111101111
110001010011011000101001010000100110101011001011111010111101000101000111100010111001000101100010101101100001101011110011101100010001100100011010010001100000111000000110111110101011101111100110000001000011001010111110011001100111111111100100101111000000010111101101000001010100110001000100011110001111010100011101011011111111101111
110010100011010010000111101111110100010110000101111110101110000001111011110000011011000010000001110001001100011111111111110101000101110001000010010110000101111111010010010001000111100011100000111000110001110000111100111001010011100100101010001001001011001101000010101111101101101010110111001110011000001111111001001000111111101111
111111001011100001000100111001101000001100100011111111110010101010011011000111101101011011011111001110111001001111111111101101100011111010010000011001111111111110010010001010011011100111101110101111001100000011111101000010011111101101010101111111101110111011100111001000011011000000110100001101011000110110001010110011001111101111
111001000111110101101101100100111011111101010111111011111001000001011001001110011010110011110110100110001000011011111111100100011111100010011010100011000011111000111111000111011011010011100111000010011000000001111111010000010111101011010001001010010000111011111000100000001000000011000110001010110011101001100010011100101111111111
111000111111011010101000110101100000101010110111111000101000001011100101011001000010000010011010100110110111011011110111110100100111110111111011001011101001111110100110000011111111110011100010111110100110111111111111110100101001000001010011111011001111110111111100000001000000110001101001001011010111110111101001110011111111111111
111000100110001010010110000100111111111101001111111011111110110000101100010111000010100001011011100110010001010011111111101110000001101001100000110100101010111010110011011010111111100111110010101100100110110111111111000011100110110011010001110101110010110110010001101000011100101110101110110001000000110100001110110110011111111111
110101000100011000100011101101011100001010001001111000111000100000100011000110000001011011111100011001001101111111111111101011000111100101110001011011011011111110101110111100010111101011110001110001001011101000111101100011100010110001111010011000011000000101101000101011010010011010100110010111110011111001011110101010101111111111
111101110100000100000010101011011001111000110101111000101010010100110011111001000110010000110100100101011010100111111111111011101111110100000110011000100011111010100001111011001011101111100001010010010010111100111110010011100100010101000001100000001101000101111111010001100000010010000001100001010111110101000100010000111111111111
111111010101101110001010011110101101010000110111111010101010011110000111101101001100101000001011111010001010011011111111100111111011100110000100110100011000111010100110100111111111110111110011100100011100101011111110101110100101111111110111101101011010000000011010101111011111110001010001011001000001111010001011000000001111101111
110000100011000111101000000000000001011111011111111000100011110010110100111110110010111010011011001100000110100011111111110101000101110001000010010110000101111111010010000001000111100011100000111000110001110000111100111001010011100100101010001001001011001101000010101111101101101010110111001110011000001111111001001000111111101111
111011111000000000100100101011001010011000011011111111111000101001110001010110111111101101011111100111110000111111110111111101011001100011100101101000111011111110100101111000010111000111100011000110011001100100111111011100100100001001000111001010110111000101010001011110111101011010100100001011101010000001011110001100111111101111
110101010001110100011000100111001010001011101101111000111111000011111111010101101010101101100000000001001101010011110111100001110011110110101100001011101011111000000101001100011111000011101100010000000100111001111101100111101000100010111100001111011000010000001110111000000001010001011100000000010111101011111110111011101111101111
110011000001101010101000110000101110011110111111111001111100001000110101110110101001110010101100110111111101111011110011111101111111100111101100011011111011111010101111001111100011110011110000011111010010011111111100111011100000000101111111101000001000010111000000101000000100010110110011101011011100110101011110011111101111111111
111111101110001001111001000110000111110100111011111110110101010000011011011111100010110010100000000001100011101111111011111110011101110000110000001111001011111111011101000100111111100111110111100010100000100011111111010101011011111001111010111000100111001010000100001101111100111000100100011110011011010111101001010110111111101111
111011011001001001101110100100101110001001111111111011110100001001111010111010011000101011000001001111110101101011110111111001010101101000100000001111000101111000011111101100000011111011100001000111101010011011111110111011101011100111000111111111010100100111111100000100101111101110010000100100000101011010111011100111111111101111
111101110100000100000010101011011001111000110101111000101010010100110011111001000110010000110100100101011010100111111111111011101111110100000110011000011000111010110100110010010111001111110100000010110011110110111111011110111101111000010100111111011100001101000101100010100110000010101100001000011100101100000010011101001111111111
110101100100101010101010011111001011110000011011111010100001011001001101101100110110110001111010100000000101110111110111101011010001111001000111010010011000111011111101101100000111000111111110011011010001100000111100100111110000100111000011101001011100100100010111000010001111010100001101111101101001111100110010000110101111111111
110101100100101010101010011111001011110000011011111010100001011001001101101100110110110001111010100000000101110111110111101011010001111001000111010010011000111011111101101100000111000111111110011011010001100000111100100111110000100111000011101001011100100100010111000010001111010100001101111101101001111100110010000110101111111111
110100100111000011000011001111101011111010100011111100101100000011011110011101101011110010010000111000100001100111110111101111001101101101000000100111101101111101101001001011011011110111101100101001101010100011111110111101110011011010001010011101101010100100000001011111100100101011000010100000110000100100100001000111011111111111
110111001100001100011101001000110101011001010001111001101001100001110101011001101001111101111011110000101011101011111011110110010101100101000111010000100000111010000000110010000011010111100100001101010100101001111101100001000000000001100100111011000000111010101111011100001111101100111011111000001100011001000110001100001111101111
110000001011111011011110100001000001011111000101111000111111111110001000001010011100001101011101000110001101011011110111111001000001110010100100110110011001111011111100101000110111001011110111100001111001101011111101010100101001110111010111110110001111111001010010110011111000010000010000101011001110001010000100000100001111111111
110111101001110010110010111010100101010111011011111011100101111011011101110101001000100000100111011001000100100011110011111011101011111111110000001011101000111111111000110110011011001011101111000011000010000110111110011110000001100001010110000001011111000010111000000000001011110110000111110000100000000101011011110001111111111111
111000100110001010010110000100111111111101001111111011111110110000101100010110000010100001011011100110010001010011111111101110000001101001100000110100101010111010110011011010111111100111110010101100100110110111111111000011100110110011010001110101110010110110010001101000011100101110101110110001000000110100001110110110011111111111
111110110101010101000011111010001101000110111101111110110111100110111101010011011110110100100010011101110010110111110111100001010011111100011000110101000011111101001110100100111111000011111110101011110000010001111100111010100000010111011111111001110001111010011110011000111000111011010110001101111111010110110110011110011111111111
111111100101100110011100010011100100000000110111111101101101101000101000101110011100001000111111110101010010011111110011100011000101110101100011100101111100111000111100110101111111101111110010000100000010110000111100000011101000111110101110101011000111110001111111100010101000100011111010110010101010101110111011011101001111111111
111111100011000000001010100010111111111010110001111111101010010110001000011101001001100111110010011011001010111011110111101011110011111110100010001110000001111011100111101101111011001111101110110000010001110001111110010110111110000000100100110111100011010001101111100111110011101010000010110101000110111110000000000100011111111111
110001101000000001101011110000110101101010000101111110111100011111010001011000100000111010110000001000001010011011111111111100001011110101010111110111001000111000000001101110011111100111110000101010000111110000111100001100000111001111101000011110001010110010111100100101101001111011101000100010111110101000101001110001111111101111
111111010000001010100010010111001001001101100011111011110001010010101001000010011010111011001111101111100110100011110011111101000101100100110111000001000001111101110010010010111011101111100011000011001111010011111111100010011010011011100010011111011100110111000000001101101010111000011011110110000110010011000011101100101111101111
111100101001011000111110001111010100111100111001111010100010100001111111001101011000111111101111101111100001001111111111111110011111100110000011000100011101111011101100011011111011100011110100100000001100110000111111011001110010101010000110100111100111111001010000001010100011110001100000010010000101101001010111110100111111111111
110001110000010111111110100110000101110011010001111001110000000001100010011110110011110000111100000100000100100011111011111110010001100101010111011101000011111100111110111000011011001011111100000001101110111010111101001001010001010001001011010001001100011010001111110001010010010100100101100001001011100000111001011111111111111111
111011101000000110111101011101100101011101110101111011101100011010101011010111111000110000011110011100011011000011111011101100100101100010011111010001011110111011111111011101101011011011101011000111100000010000111100001110010100010010100110101001111110011110111111010101011000011100110000001010100100011000111100011001111111101111
110100100100010110100011011000111010100001111011111001100011100101000000000001010000101001100111100100001001000111110111111011011011111011001000111110110011111110001000011111100111001111111111111001101110011010111100000100110001000110111000001100011101000011001001101110111101100110110010100101001111100011111001100110101111111111
111001011101110011111000100111001010001011101101111000111111000011111111010101101010101101100000000001001101010011110111100001110011110110101100001011101011111000000101001100011111000011101100010000000100111001111101100111101000100010111100001111011000010000001110111000000001010001011100000000010111101011111110111011101111101111
111111101001101101111101101111111100001101101101111110110100010110111010011110000001010000001110111101000111010011111111100011111011111000011001101010001010111010100000011000010111010111100101001010101111111110111110010110110011110010001100011000011010110100001010000000111000100010100000111110101101000110010111101101111111101111
110000000000000000000000000000000000000000000001111001100000000000000000000000000000000000000000000000011000000011110011100010000001100000000000000000011100111000000001000000000011010011100000000000000000000000111100000000000000000000000100000000000000000000000000000000000000000000000000000000000000000000000000000000001111101111
111100110011001000101111001011111111000101001101111111100111100000001010100010111000101101011101001110001100010011111111111111010111101001011101100000011101111000111111100000110011101011110111011110111000010101111111001001110010001000010011110010011100011001000100111111011000111100010000111010100110111011111011110101001111101111
110001010100100001100001011111111100010100111011111001110011101000000010110000100010001000000010101010100000000111110111100011111011101101010111011111011101111111001101110000000111010011110111001111010000111100111100101110000111101000100110111100100011001001110000010101101001111000000101001100011010111100000100100010011111101111
110000010100010101001011100110101000001000100001111101101100010000010110101111100011100111111100100101100001110111111011110111100111100111100110000011100001111010010111010000100011001111110001001100001000001000111111111100011001000010011000101111010000100011101010110100001100111100011110110011000001000111100110101011111111111111
110101100111101111100111001100011101111111101001111001100101100101100100100111010001011000111010000110110111010111111011110010000101100111110111000001101000111100010101011010110011100011101110011111100001010000111110100110101000011000100110000010001010101101000100110010100000010111101101010110000111011100101110010111001111101111
110111110111011111110010100111011011011101101011111100100001111111011110110000110110011101011010001010101000000011111011100010100101111011100100000100110110111111111001001100000111111011110100010101010111110010111110010000010110000101101110011111111000100101000011101011001101000111100111110001011101110101011111010110101111111111
111110110011111111100001010110101010010110011011111100100100110111101000010100111100011011001110100000001000110111110011100100000001101001000001011011110001111010000000100111000011011111110000000111110011000011111111111010001110000001110001111010101011111101100101101101100100100011110001010011100011011001111010110101011111101111
110100000100000100111011010110110100010001100101111010100010110100000110011100110101000000111010000000000100010111110111100010100111110000100010011110100100111100001000001001000011010111110100001111011011101011111100101001111101011010010100011011011000100011111111101101101001110010110101100110000001111000110111100010011111101111
110010100101011110100110110110010011100001010011111110100001110010011011100110111101100101100100110001111001110111110111110011100011101011110000111010001011111000000110111000100011110111110111100100001111100101111100011101111101010100100010101010101101111000100000101110011110111110111100111010111001001110101100010000101111101111
111110110101000011100001111101001011011010010001111100100101100011000110011010111111000100000101011011111101101111110111110100010101101101010000100100101010111110100101110000101111101011111110010100011101101111111100010010011001010011000100011011001011011001011101001011011111111011111010100001011010001011100011011101011111111111
111100110011101100111010000000100111101010110111111001100110001111000110011000100001000010111100001000010001101011111111101111100101101010001001000111011010111100001100111011010111001011100101010111110000000011111110011111011000011010011011111100101010101100111011101110000000010101100010101100010010001101010000010100111111101111
110111000011110110001100111011111000011101010101111100100101100010010011011100100010001001011010011100010000111011110011101100110111111110011000101101011111111101100111110101110011101011111011111011011101001101111110011110011001000111101111110110110110101000011101000010110100110011011010001111000110000101010001100111011111111111
110100001000011001100010101000001101100110101111111111101001110111010000111100111100001110010110011000010011001011110111111001011001110101110111001010001110111110010100000000011011101111110001010101100110011010111100111111111001011100001001000010101110100110101110001100001000110011010000011001110010000001001110000111011111111111
110000010101100000011100100001101100101100010101111011111010110011100101010100100110001011000111000001101101100111110011101101111011110000101101100000010010111000101001100001000111111011101111101011010100101010111100010101100101100001000001110000111010100100111000111001100010011111011001001010010100001001011011111000001111111111
110001110000010111111110100110000101110011010001111001110000000001100010011110110011110000111100000100000100100011111011111110010001100101010111011101000011111100111110111000011011001011111100000001101110111010111101001001010001010001001011010001001100011010001111110001010010010100100101100001001011100000111001011111111111111111
110111010111101110011000111101000100111001101011111110111001101100111100011110100111110000011010010000100100110011111111110101010111100001011000000111110110111000001011100111000111110111111010010100111011100000111110110011111011101110000001001111000010010010111010110001010001000011110010000110110001110111011010010111001111101111
111100110011001000101111001011111111000101001101111111100111100000001010100010111000101101011101001110001100010011111111111111010111101001011101100000011101111000111111100000110011101011110111011110111000010101111111001001110010001000010011110010011100011001000100111111011000111100010000111010100110111011111011110101001111101111
111010110101010100101011111110010011110100011101111010100110111000000000000000010101110001000010001000000111001111111111111000101001111111011001011011101011111001011100011010011011000011111110011011100011111100111100111011011000010101000110011011010011011011101000010101111010101001001010101100001000001101000100100010011111111111
110111101001110010110010111010100101010111011011111011100101111011011101110101001000100000100111011001000100100011110011111011101011111111110000001011101000111111111000110110011011001011101111000011000010000110111110011110000001100001010110000001011111000011111000000000001011110110000111110000100000000101011011110001111111111111
111000100001101000110010100010100000101100101001111010110101110000010110100011011000100101000111010010001001101111111111101001001111101101011111010011101000111110000101110101011011100111101000111010000111111000111111000100000001000101000111100110001000001010110001101110010110001000100000000101101000100010011101010110001111101111
110011100101111110001001100000010110101011111101111101101101100000100101000001011000101001001001000101100100010011110111100011000011110110110111111111010001111011100011111000100111110111100111111101100110000001111110111000011110010101111111101110100101101000001000000000001010100100110000101101111010111100111101101010011111101111
111011010100000000110110101001001111001101111111111100101100100000011010101001101000110111110110000100001100000011110111100101100111110110111010110100010010111101100011110111100011001011111010000010010100000001111101100011101001000011000001011001000000100100100000100000110100000110100010000100000110010001011001000001001111101111
111111010000001010100010010111001001001101100011111011110001010010101001000010011010111011001111101111100110100011110011111101000101100100110111000001000001111101110010010010111011101111100011000011001111010011111111100010011010011111000000010001101101000001010000101101110100010110011001010101000110101101100101001011011111111111
110010111000101010101100000100001111011010100011111010110001100100111100001011011010010001110001101111101101110111110011110010001011101001101101000101001100111000001111010010011111101111110001001010010011000010111110100001100011100100111100011110000100001101001101111101000011000110101111010010100010000101111011110110101111111111
110000001011111011011110100001000001011111000101111000111111111110001000001010011100001101011101000110001101011011110111111001000001110010100100110110011001111011111100101000110111001011110111100001111001101011111101010100101001110111010111110110001111111001010010110011111000010000010000101011001110001010000100000100001111111111
111111110011100100000000101100010011111000101001111011100001001101111100001100100001001000110010110011001000010011110011110000110101111100101010001000110100111010110001111100011011100011101111010011101010010000111100001110010110111110111110011100000111000011010000010000001010000110111010001100111100010100011000110010111111101111
111011010100000000110110101001001111001101111111111100101100100000011010101001101000110111110110000100001100000011110111100101100111110110111010110100010010111101100011110111100011001011111010000010010100000001111101100011101001000011000001011001000000100100100000100000110100000110100010000100000110010001011001000001001111101111
110101000011101111111101101110101111101100101001111000101111111100001110011111101011000011101010101001111100011011110111110011010101110010001101101010111111111110110011001101000111101011110001010010111011110101111111101101110111100111110110000001001100001111010011001011111101011000111110110011110001111010010001011100001111101111
111011111000000000100100101011001010011000011011111111111000101001110001010110111111101101011111100111110000111111110111111101011001100011100101101000111011111110100101111000010111000111100011000110011001100100111111011100100100001001000111001010110111000101011001011110111101011010100100001011101010000001011110001100111111101111
110000000001111000100111111001110000101010011011111101110000000011100010001101100101010011010001101000001011000011110011111101101001100100001000110100001100111100010001001111000011000111111011101000110110011101111100000011111011111111000111101100010111110101010001010111111011011110100010011100000010010001010001100010001111111111
111100010100100111001000000111001010110100101111111001111011011101100010010100110000100110000101100100011011010011110011110011101101101001101000001010010011111110000011111010100011000011110101111010011010111010111100101011110000010110101101111010101100101110110001010111101011111111110010101000001111111000010101110100011111111111
111010001111110111111011011100101001011011101011111000111101101011000001000000010000011001010100101100100111100011111011101101100111111011110111100011010010111010001000001111011111001111101100110011111000100010111100110001111010110111001000011011100000100100001001101000111011001100110001000011001010010100110010000011011111101111
110110100100110000111100100001111001010010100101111000110100111001010110100101011101101001100000101110101001011111110111110001010101110101011100111011001010111011100111000001110111000111110011000110000111000000111100011011100000000011111010010100111101010111010010001100011101100011100001011100110111010000000100100010101111111111
111001001000001010110000110111001100000101100001111000100001000100000000011110001010101001010101010001011111101011110011101000011011100101010010110001111100111011110011010000010011100011110100100010000010001001111110011000101111101001111100010111011001011001111010001111000001001100110110101001011101000000001001001001011111111111
110111000000111100101000110010110001010100010011111010111111000011100010100100001001100011111010101111010001111011111011101100000101101111000010110010101011111110000010111011111011010011110011011110010011100010111100011101001001110010011000110010001100100001011101010101110100101010101000000111110001110011111000010001111111101111
111001011101110011111000100111001010001011101101111000111111000011111111010101101010101101100000000001001101010011110111100001110011110110101100001011101011111000000101001100011111000011101100010000000100111001111101100111101000100010111100001111011000010000001110111000000001010001011100000000010111101011111110111011101111101111
110101100111101111100111001100011101111111101001111001100101100101100100100111010001011000111010000110110111010111111011110010000101100111110111000001101000111100010101011010110011100011101110011111100001010000111110100110101000011000100110000010001010101101000100110010100000010111101101010110000111011100101110010111001111101111
110110100100110000111100100001111001010010100101111000110100111001010110100101011101101001100000101110101001011111110111110001010101110101011100111011001010111011100111000001110111000111110011000110000111000000111100011011100000000011111010010100111101010111010010001100011101100011100101011100110111010000000100100010101111111111
111100110011101100111010000000100111101010110111111001100110001111000110011000100001000010111100001000010001101011111111101111100101101010001001000111011010111100001100111011010111001011100101010111110000000011111110011111011000011010011011111100101010101100111011101110000000010101100010101100010010001101010000010100111111101111
110100100100010110100011011000111000100001111011111001100011100101000000000001010000101001100111100100001001000111110111111011011011111011001000111110110011111110001000011111100111001111111111111001101110011010111100000100110001000110111000001100011101000011001001101110111101100110110010100101001111100011111001100110101111111111
110010100011010010000111101111110100010110000101111110101110000001111011110000011011000010000001110001001100011111111111110101000101110001000010010110000101111111010010000001000111100011100000111000110001110000111100111001010011100100101010001001001011001101000010101111101101101010110111001110011000001111111001001000111111101111
111101000101101000011111000110110110110000001111111110100100010010001101010011101000101010101001100111100101001011110111101001010011101011011000010011010001111110101110110100010011011011111100101110001011101101111101111000010001100111111010011000110110111010110100000010011110110011010101010001101001110101011000011100111111101111
111100100000101100010011101000000010101011000101111101100001110011101100110010001010011100000010001010101000111111110111101011001011110100010011011011011000111010110100110010010111001111110100000010110011110110111111011110111101111000010100111111011100001101000101100010100110000010101100001000011100101100000010011101001111111111
111111111110001011111011110000110101101010000101111110111100011111010001011000100000111010110000001000001010011011111111111100001011110101010111110111001000111000000001101110011111100111110000101010000111110000111100001100000111001111101000011110001010110010111100100101101001111011101000100010111110101000101001110001111111101111
110111110111011111110010100111011011011101101011111100100001111111011110110000110110011101011010001010101000000011111011100010100101111011100100000100110110111111111001001100000111111011110100010101010111110010111110010000010110000101101110011111111000100101000011101011001101000111100111110001011101110101011111010110101111111111
111101000010110010101010111000010011010000001001111101100001010001110001110100110010111100101010001010010011111011111011111111001111100100011011001110111000111110101101001010100111100011101101110111001011100100111100001001100010011000110101011000111101111110110001100101111001000110100010111100100011100100011001011001011111111111
110101100100101010101010011111001011110000011011111010100001011001001101101100110110110001111010100000000101110111110111101011010001111001000111010010011000111011111101101100000111000111111110011011010001100000111100100111110000100111000011101001011100100100010111000010001111010100001101111101101001111100110010000110101111111111
111110111011011001000111011110110101101100111001111001111010111111101010001010101101111010111000111100010110111011110011110011011111111000000101010100001010111000110110111111010111010111101111001010101001100111111111100010100010100100110001000100000010000011000010011111011001110101010111101111011001101100001000011110111111101111
111111010101101110001010011110101101010000110111111010101010011110000111101101001100101000001011111010001010011011111111100111111011100110000100110100011000111010100110100111111111110111110011100100011100101011111110101110100101111111110111101101011010000000011010101111011111110001010001011001000001111010001011000000001111101111
111000100100101101111000010111110011110001110111111101101100011011000000110110011011011110011100100000111101011011111011111011011111110110010011100110011101111100101010001111101011011011111101010010101111000010111110111100001011100100111110111011001101011100101110101000010100100010111010100111011110111111011010000110111111101111
111111100101100010101110111111011000100111010101111110100001111010100111100101011001011110110111001010101101011011111111110001010011111001000010011111111100111101010010101011011011000011110010100011011110110010111111010110000111010011011110011011000010001010011010001001011001100100100000010100000110011000000101110110001111101111
110000010101101110001111010010100000010100010111111100101000100110010001010001011000110100111100111010100011110111110111101010100011111010001111110000000110111011100101000001010111100011110010010011111000101000111101011011101110010001010111010010010011100111111101111011000101101000101100000010011001110010100111100000011111111111
110001110100111011000010101111101111001101100111111001110010000010011001010110100100000001000011001111000001100011110111101000101101111100010000011010000111111010011100101110110111110011100111100110010111001001111111111100111001010100101111011101101100110001010111010010100110110100000100000100001101110001110011001101111111111111
110111010111101110011000111101000100111001101011111110111001101100111100011110100111110000011010010000100100110011111111110101010111100001011000000111110110111000001011100111000111110111111010010100111011100000111110110011111011101110000001001111000010010010111010110001010001000011110010000110110001110111011010010111001111101111
110011001011011100011011100010100010100100000111111111110111111000001011001111110000011011111000010100011010001111110111110000101111111110000001110001011001111110010010000110000011011111100001000011010101000001111110110111001001010101011100100110001101001100001111110110101101001110100001001111111111110011000111110101111111101111
110111101001110010110010111010100101010111011011111011100101111011011101110101001000100000100111011001000100100011110011111011101011111111110000001011101000111111111000110110011011001011101111000011000010000110111110011110000001100001010110000001011111000011111000000000001011110110000111110000100000000101011011110001111111111111
111110110011111111100001010110101010010110011011111100100100110111101000010100111100011011001110100000001000110111110011100100000001101001000001011011110001111010000000100111000011011111110000000111110011000011111111111010001110000001110001111010101011111101100101101101100100100011110001010011100011011001111010110101011111101111
110100000000001101101000001001100010000101110001111000101110100110110000001000011100010100000011000011110010000111111111100001001101101110011111010000101000111101101110001011001011011011101111111101101101111000111100000111101000011010110110011011000111010101111000110101010110101100001101001001101100101110100100111010001111101111
110100001000011001100010101000001101100110101111111111101001110111010000111100111100001110010110011000010011001011110111111001011001110101110111001010001110111110010100000000011011101111110001010101100110011010111100111111111001011100001001000010101110100110101110001100001000110011010000011001110010000001001110000111011111111111
110000100011000111101000000000000001011111011111111000100011110010110100111110110010111010011011001100000110100011111011101111001011111000101010000100100001111010010111011110100111100011101110101000010101110101111110100111010000000100010100111010111100011010011000101110010101100011000000010011000101000111011110010000111111101111
110010100101011110100110110110010011100001010011111110100001110010011011100110111101100101100100110001111001110111110111110011100011101011110000111010001011111000000110111000100011110111110111100100001111100101111100011101111101010100100010101010101101111000100000101110011110111110111100111010111001001110101100010000101111101111
110000000001111000100111111001110000101010011011111101110000000011100010001101100101010011010001101000001011000011110011111101101001100100001000110100001100111100010001001111000011000111111011101000110110011101111100000011111011111111000111101100010111110101010001010111111011011110100010011100000010010001010001100010001111111111
111011111111100110111011010111010110110011001011111100100011100001000011010010000011111100010001000010010100100111110111110101110101110110101001111001011101111100010001101100110111111011101101001111100010000011111111000001001010111001000001010001101000011000000011101000100011111101111101000001110010010101110011100010101111111111
111000101111111001111111100100100111110111111101111101111101111111010010110100111101011111111011110011110001010011110111110001001101111011100011001111001000111111000100000010111011010011101100100001001110111100111100011010100110000101110111000101001111000101101001100110011011010010110011011100011011011010111100111011011111101111
110010100101001010100101001101101111001000110001111010111100110100001010110110110011010001000111001111010110011111110011101010000001110001000010100111010000111010110101101001000011100111100000010100011001011101111101110101101000100011110111010100100001000011010100110011000001001111011110100000000001011010000110010101111111111111
111111101110001001111001000110000111110100111011111110110101010000011011011111100010110010100000000001100011101111111011111110011101110000110000001111001011111111011101000100111111100111110111100010100000100011111111010101011011111001111010111000100111001010000100001101111100111000100100011110011011010111101001010110111111101111
110010111000101010101100000100001111011010100011111010110001100100111100001011011010010001110001101111101101110111110011110010001011101001101101000101001100111000001111010010011111101111110001001010010011000010111110100001100011100100111100011110000100001101001101111101000011000110101111010010100010000101111011110110101111111111
111010001111110111111011011100101001011011101011111000111101101011000001000000010000011001010100101100100111100011111011101101100111111011110111100011010010111010001000001111011111001111101100110011111000100010111100110001111010110111001000011011100000100100001001101000111011001100110001000011001010010100110010000011011111101111
110001010100100001100001011111111100010100111011111001110011101000000010110000100010001000000010101010100000000111110111100011111011101101010111011111011101111111001101110000000111010011110111001111010000111100111100101110000111101000100110111100100011001001110000010101101001111000000101001100011010111100000100100010011111101111
111110110101010101000011111010001101000110111101111110110111100110111101010011011110110100100010011101110010110111110111100001010011111100011000110101000011111101001110100100111111000011111110101011110000010001111100111010100000010111011111111001110001111010011110011000111000111011010110001101111111010110110110011110011111111111
111100100100110011110010001110000000110101111111111100111111011100100010010111000001000010001111110110010010000011110111110010101111101001001010000101111010111100010111101011111011000011100010011101110010110000111101101001101001111010101010100110000110111011110110010101111101111110010011000111101010101101100100101100111111111111
110000010100010101001011100110101000001000100001111101101100010000010110101111100011100111111100100101100001110111111011110111100111100111100110000011100001111010010111010000100011001111110001001100001000001000111111111100011001000010011000101111010000100011101010110100001100111100011110110011000001000111000110101011111111111111
110000111001011000001100001101001011011011110001111111100101000001000101110110100001011100101001010000010100110011111111101010100011101001010110011110010010111010010101110001001011011111101010100011001101000111111100011100000001001010001101001111011110011000001010011011011101000110011111011001010110000001010101111101101111111111
110010001101010111010011001001001101101110010001111010101100110011011101110010010000010110011100000000011100001011111111110001111011110000110110001011010010111100001011000101010011001111100010000100011001100100111101010101010110001000100111011100110111101011100101011010011001111100000011111001001111101101011101010110101111111111
111111001011100001000100111001101000001100100011111111110010101010011011000111101101011011011111001110111001001111111111101101100011111010010000011001111111111110010010001010011011100111101110101111001100000011111101000010011111101101010101111111101110111011100111001000011011000000110100001101011000110110001010110011001111101111
111101001111010011111000110110110101000000111001111111111000011110001010010110000100101100011010011011110011011111110011100101111011100110000000111010110111111001010110111000111111110111110101011000100001010100111101111111110011110111100110111000110010111110111111101000001001001101011011001101001101011011111001011011101111101111
111011101000000110111101011101100101011101110101111011101100011010101011010111111000110000011110011100011011000011111011101100100101100010011111010001011110111011111111011101101011011011101011000111100000010000111100001110010100010010100110101001111110011110111111010101011000011100110000001010100100011000111100011001111111101111
111000111111011010101000110101100000101010110111111000101000001011100101011001000010000010011010100110110111011011110111110100100111110111111011001011101001111110100110000011111111110011100010111110100110111111111111110100101001000001010011111011001111110111111100000001000000110001101001001011010111110111101001110011111111111111
110010101010101000111110110101010100001111010001111001101101100101100010101101000001111000101000110101100100011011110011101001000011100010000000001011001011111100001010011010110111000111110000110101011001010001111111100100010111111010000011001011001100000110001000010011101111000011100100100000100110110011010100000101011111101111
111000100110001010010110000100111111111101001111111011111110110000101100010110000010100001011011100110010001010011111111101110000001101001100000110100101010111010110011011010111111100111110010101100100110110111111111000011100110110011010001110101110010110110010001101000011100101110101110110001000000110100001110110110011111111111
111111100011000000001010100010111111111010110001111111101010010110001000011101001001100111110010011011001010111011110111101011110011111110100010001110000001111011100111101101111011001111101110110000010001110001111110010110111110000000100100110111100011010001101111100111110011101010000010110101000110111110000000000100011111111111
110101111001001000100010100100110100001000011001111011101111110010100100010111100110010010110000000001111111010011110111100001111001110110011110011100000001111000000101001100000011011111110000010011100100010100111110101000100111010001111110100100010010100001010101110101111110101010011110100110100110010011101010100100011111111111
110011000001101010101000110000101110011110111111111001111100001000110101110110101001110010101100110111111101111011110011111101111111100111101100011011111011111010101111001111100011110011110000011111010010011111111100111011100000000101111111101000001000010111000000101000000100010110110011101011011100110101011110011111101111111111
111010110010101111110100101011110001101101000101111101101100101000100001010010000010100101110110111100101110001011111111100100101101111001101100011001101011111011000000000100000011110011101100110001101101101010111110010011111001111110000100100000100011011000010110001111010100101111011010111001101101000111001010001000111111101111
110000001011111011011110100001000001011111000101111000111111111110001000001010011100001101011101000110001101011011110111111001000001110010100100110110011001111011111100101000110111001011110111100001111001101011111101010100101001110111010111110110001111111001010010110011111000010000010000101011001110001010000100000100001111111111
111011011111011001111110111000010010111100100101111100110110100100110010010010100101110000101001110010010101010111110011100000110011111000000101010110110101111010100110001011010111100111101000010000001101101100111100100110101111110100100110111110111111101000111100101111000010100110010010010111110010000110101111100111111111101111
110001010011011000101001010000100010101011001011111010111101000101000111100010111001000101100010101101100001101011110011101100010001100100011010010001100000111000000110111110101011101111100110100001000011001010111110011001100111111111100100101111000000010101101101000001010100110001000100011110001111010100011101011011111111101111
110101110000101111011100011111110001101000011011111101101010100011110010010000010110111110000110010010111010111011111011101010100001110000011010010100100100111000000110011001101011001011101001001101101111001000111110111111110111010110010011111111010001100100011101001000111000011101011100011111001001001010101011111100111111111111
111000010111010001011100000001100001000100110111111100100001100110111000000111101111101110110000110001111000000011111111111010011111100000001111111001111110111110100101000001001011111011111000000010011010101101111111011101011110101010000101111000111100001001011111001100111100110001111101001100110000000100010100000001101111111111
110001110000010111111110100110000101110011010001111001110000000001100010011110110011110000111100000100000100100011111011111110010001100101010111011101000011111100111110111000011011001011111100000001101110111010111101001001010001010001001011010001001100011010001111110001010010010100100101100001001011100000111001011111111111111111
110000100110101001110101010000001101000010001111111011110101101011100001011111001010110111111010010111010011100111110111101011010001111111000111001100100100111110001010001101011011101111110111100010100001100001111101001001111010100001100101011110010011010000100111100001100100000101011000001110001110110000010001110111001111111111
110000000111010010000010011100000101001101010011111111101001011111111001100011000101100001001110010100101110111011110111100000111011100011100101101001000001111011010001111010111011111111101000010001011000001100111100110000011001000100001000110100001111111000001110101110001110000101101110111111010110000011001111000101011111101111
110001101100110010000100100000000110000100010101111101111111111000101000111111011111010000101000010001000000000111110011111110111001100111111111000011101010111000000011001101110011010111100100011011011001100011111100100010100110001001011000101100000110101100111001100001010001000100100000001100000100110011100110000111011111111111
111111101001101101111101101111111100001101101101111110110100010110111010011110000001010000001110111101000111010011111111100011111011111000011001101010001010111010100000011000010111010111100101001010101111111110111110010110110011110010001100011000011010110100001010000000111000100010100000111110101101000110010111101101111111101111
110010010001111001011001000010111110101010011011111100101001000011110000110110110111111100010100000100110011000111111011100100011101100010000000101101011000111001111100111111011011011011101011100110101010011111111101111011000000000010011011100000000101101001000000011000111001001001101100011000011111101001100100001100011111101111
110000011110001000010110100010000011101011110111111100111011011010110000111001101111000101110101010011000001111111111011110110100101101011111001110101111100111100001001100010101011111011100010111101110100011100111111110001110000100100111010111100011000110101010100001011000111101111111001010010100100000101110000001101101111101111
111101100001100100011100000011011010100111001111111100111100010011111011111100100000111000111000101111100100111011111111101010000001110011000101000100011111111111111110101010100011010011100100100000100110010001111111101100110111011011111100110000010000001110011001100111110101000010100000011010101111111001011011000010111111111111
110110010001101111100110011110000000111100100011111001111110101111001110001100001000011110111000110000100011001111111111110011110101101101010010100111100100111100110001100011111111110111100110101110011000000000111100000100010000001010101110100001101001000010011000111010101001001001000001101000011110000000000110110000111111101111
110000010101100000011100100001101100101100010101111011111010110011100101010100100110001011000111000001101101100111110011101101111011110000101101100000010010111000101001100001000111111011101111101011010100101010111100010101100101100001000001110000111010100100111000111001100010011111011001001010010100001001011011111000001111111111
111111110101000011011011101110101011110111001111111010100100001011100001010100011001111100011100101000111011111111111011111111101001111000000101001110111011111000101001001111111111100011111011000011001001001000111110000001110001001011110010011111110101010111000110001101100101111010101001001000110110100110001110100010011111111111
110101000011101111111101101110101111101100101001111000101111111100001110011111101011000011101010101001111100011011110111110011010101110010001101101010111111111110110011001101000111101011110001010010111011110101111111101101110111100111110110000001001100001111010011001011111101011000111110110011110001111010010001011100001111101111
110111011110100011001011010010110101100111001101111100110000000000110000011011101110000000010011111011111111011111111111111000110101110010000100110000101000111111001001000011001011111011100110100110011101000000111111000100101000100101001011100010100101111111110001010101011111001100100011110011011010011010011101001011001111101111
111111000010001111010100101011011001011101100111111000100011011001111100011011111110010000111001011011111110110111110111100000001111100111000010100101001110111101001001111110000011100111110000010110001110001110111100000110011001001000010011001011001100010011000111001000101100011011110010111111111010110111110010111011101111101111
111011011001001001101110100100101110001001111111111011110100001001111010111010011000101011000001001111110101101011110111111001010101101000100000001111000101111000011111101100000011111011100001000111101010011011111110111011101011100111000111111111010100100111111100000100101111101110010000100000000101011010111011100111111111101111
111111010000001010100010010111001001001101100011111011110001010010101001000010011010111011001111101111100110100011110011111101000101100100110111000001000001111101110010010010111011101111100011000011001111010011111111100010011010011011100010011111011100110111000000001101101010111000011011110110000110010011000011101100101111101111
111101100010011011111110001011101110111101111101111111101101110011010111110001110101001111001110001101001010010011110111111001100111111010100110010001001111111111111011011100100111010111111100101111000011001101111111100000111001101010110011100000011001001100101110101010000110100000111001100010111100001001000010010011001111111111
111101110100000100000010101011011001111000110101111000101010010100110011111001000110010000110100100101011010100111111111111011101111110100000110011000100011111010100001111011001011101111100001010010010010111100111110010011100100010101000001100000001101000101111111010001100000010010000001100001010111110101000100010000111111111111
111011010100000000110110101001001111001101111111111100101100100000011010101001101000110111110110000100001100000011110111100101100111110110111010110100010010111101100011110111100011001011111010000010010100000001111101100011101001000011000001011001000000100100100000100000110100000110100010000100000110010001011001000001001111101111
111000100001101000110010100010100000101100101001111010110101110000010110100011011000100101000111010010001001101111111111101001001111101101011111010011101000111111110011110101010011000111100000011110100101101101111100111111101110100011001001100001010001000010000011011011000010101011111111101110000001001000100011001011101111111111
111011111000000000100100101011001010011000011011111111111000101001110001010110111111101101011111100111110000111111110111111101011001100011100101101000111011111110100101111000010111000111100011000110011001100100111111011100100100001001000111001010110111000101011001011110111101011010100100001011101010000001011110001100111111101111
111001001000001010110000110111001100000101100001111000100001000100000000011110001010101001010101010001011111101011110011101000011011100101010010110001111100111011110011010000010011100011110100100010000010001001111110011000101111101001111100010111011001011001111010001111000001001100110110101001011101000000001001001001011111111111
110000111100111111010101100101110101110111010011111000101100000000001100000010010100000010110101001010010101110011111011111100100101100111100001100110000100111101110101001100110011111011111000111101000011000101111101011011000100001101110101101001010110100011101111001011100001111111101010001010111011111010110000010011111111111111
110100110110000000101001011011011010101101000111111011100011101011011101000100010100111000010000100111110101000111110111110010111011110000011110001110110010111001101100000011010011111111111001011001101000001101111101100001000110010100100111000111000000100001001100011010111100100011011010110011101100010001100111110000001111101111
111100101001011000111110001111010100111100111001111010100010100001111111001101011000111111101111101111100001001111111111111110011111100110000011000100011101111011101100011011111011100011110100100000001100110000111111011001110010101010000110100111100111111001010000001010100011110001100000010010000101101001010111110100111111111111
111011100111101101000000110001101110100000111001111100101111101100011111100001100010001011100000010001101011001111111111111110000101111001011100010011010001111001010011011010011011111011111101100110100111011011111111000110000000001010111000111111110101001001001010111000000101101110101100101010101100111000000100010111111111101111
110101000100011000100011101101011100001010001001111000111000100000100011000110000001011011111100011001001101111111111111101011000111100101110001011011011011111110101110111100010111101011110001110001001011101000111101100011100010110001111010011000011000000101101000101011010010011010100110010111110011111001011110101010101111111111
111001000111110101101101100100111011111101010111111011111001000001011001001110011010110011110110100110001000011011111111100100011111100010011010100111000011111000111111000111011011010011100111000010011000000001111111010000010111101011010001001010010000111011111000100000001000000011000110001010110011101001100010011100101111111111
110000110100011100001111100001000000100011101001111000110111010101001111001111001000010011110011101010001101001111110111101010010011100100000011100110100001111000010000111010111111100011100101110101100110101010111100111001101001110110110001100001111001000000000110101001101000011010111110000001111001101010101101100010111111101111
111011000010010001001000110010001000100011101101111001101001011011011001000010101110100101001101001100101000010111110011100010110011111100100111010111111101111000111001100111011011010011100010110011000000111111111111110011010000010011000111000010110000101001011010110101001101110110110010101000010000111110100010110001011111101111
111100110011001000101111001011111111000101001101111111100111100000001010100010111000101101011101001110001100010011111111111111010111101001011101100000011101111000111111100000110011101011110111011110111000010101111111001001110010001000010011110010011100011001000100111111011000111100010000111010100110111011111011110101001111101111
110011100110101010000111111110001111001010000011111011111101111011111111100010100100000110101000111011100100011111110011111111100111100000111001010111101001111101101111000101011111110111100110001101111011001101111101001100001101110111111001101111010101011101011111101000000000011111111001011011010110011010000110011101111111101111
110010001011110101001101100110011011001011111111111001100010100010010100101000100101011111011100101101110010011011111111100011101101100100000000100110100001111001001001101101101111110011111101111111010101011100111111110001100011010000101111000011110111011101100001000110010011000111010110101001111001000001101111111100101111101111
110111000011110110001100111011111000011101010101111100100101100010010011011100100010001001011010011100010000111011110011101100110111111110011000101101011111111101100111110101110011101011111011111011011101001101111110011110011001000111101111110110110110101000011101000010110100110011011010001111000110000101010001100111011111111111
110100100111000011000011001111101011111010100011111100101100000011011110011101101011110010010000111000100001100111110111101111001101101101000000100111101101111101101001001011011011110111101100101001101010100011111110111101110011011010001010011101101010100100000001011111100100101011000010100000110000100100100001000111011111111111
110100100101110111011101000000010100110100100001111010101010101001100100010010010101100010101000110111110001011011111111100010000111100011111000100110011110111011100010011110010011010011110011010001101000010001111111100000011011001001101001100000110111011011100000110001110000001111010000111101010011010110100101011100011111111111
110000011101101100100110010011100011000000011011111101100001110010111100110101101111101111010100001111011101001111110011101111100001111101001101100011101000111000000100010000010011001011111111100100110110110110111110110101111101110011111100111010101101110101100011111101010100001101010111000100010111101101010111000000101111101111
111111110011100100000000101100010011111000101001111011100001001101111100001100100001001000110010110011001000010011110011110000110101111100101010001000110100111010110001111100011011100011101111010011101010010000111101001110010110111110111110011100000111000011010000010000001010100110111010001100111100010100011000110010111111101111
110111001100001100011101001000110101011001010001111001101001100001110101011001101001111101111011110000100011101011111011110110010101100101000111010000100000111010000000110010000011010111100100001101010100101001111101100001000000000001100100111011000000111010101111011100001111101100111011111000001100011001000110001100001111101111
110011100101111110001001100000010110101011111101111101101101100000100101000001011000101001001001000101100100010011110111100011000011110110110111111111010001111011100011111000100111110111100111111101100110000001111110111000011110010101111111101110100101101000001000000000001010100100110000101101111010111100111101101010011111101111
110000000101110001110000011010100111000110010111111101101011100001010100001101101001100000111000100011001010011111111111100000110001110101111111100111101000111101010110010101000011101111101110010110100000111101111101111100111110100010000100010000110101001110001101110000101010001010011010011111101000111111000011000110001111111111
110100000100000100111011010110110100010001100101111010100010110100000110011100110101000000111010000000000100010111110111100010100111110000100010011110100100111100001000001001000011010111110100001111011011101011111100101001111101011010010100011011011000100011111111101101011110010111011001110001000110100000100010101001111111111111
110000011011000010100011111010001010010111011101111110111100101000100010101110110101101011110110100000011101010111110111110110001101110001110010000011111101111110111101110101010111111011100011000111011101100100111100000011001010001011011000111000101000011111000111101111000100000100101110000100000111101110111011101101101111111111
110111010111010110011011000100010000111011010101111010101101010010101000101110110011111100001110111101001001100111110111101110110101101001011011111010100011111010100100101011011111110111111110001101110101110111111111011100010010000010110010001001100010110000001100000000000100010010101110000100001111010100111011010010001111111111
111010010101110011100101110000001101010000101011111110110000101110010010000010011101100001111011101100000000111111110111110001001011111011001011100011111000111111000010001100100011100011100011011000011111000101111110101010110101001100011001110111001100010000101000001010100111011011101100000110011010111100111000000110011111101111
110001101000000001101001001100011110011100111001111001110110011110111101100100000010001011010101010100000001110011111011101011000101100011111001111011111100111001110100011011000011101011100100110011101011111100111101111110000100001101011000011110100110100111111111010100010100000010000011110011110111011100010110011010101111101111
110111010010000011111010011101110000001011001101111011100000110101000001011100100001111001011111101100000110111111111011100111100111101001011011111011110100111010001011001111100011100011110100111111011011111000111101101110111001011101001010101001101100111011111001011100101001011001101010010011101001110101101001011110111111101111
110001111111000011000010111100001011010111111101111001111011101111110110011000110101011010100111110001001011101011111011101100011101101000010111101001101010111101001000111100001011011111111101111011101111100000111111110001011000111010011101001001101111010010010010101001111111001110111010001011101000101111010010011011011111101111
111110110101000011100001111101001011011010010011111100100101100011000110011010111111000100000101011011111101101111110111110100010101101101010000100100101010111110100101110000101111101011111110010100011101101111111100010010011001010011000100011011001011011001011101001011011111111011111010100001011010001011100011011101011111111111
111111100101100110011100010011100100000000110111111101101101101000101000101110011100001000111111110101010010011111110011100011000101110101100011100101111100111000111100110101111111101111110010000100000010110000111100000011101000111110101110101011000111110001111111100010101000100011111010110010101010101110111011011101001111111111
~~~
80.0 131.0 103.0 402.0 2043.0 
78.0 136.0 106.0 342.0 1958.0 
81.0 127.0 102.0 444.0 2053.0 
76.0 151.0 92.0 387.0 1808.0 
83.0 151.0 104.0 294.0 1762.0 
84.0 141.0 109.0 319.0 1923.0 
82.0 148.0 109.0 294.0 1783.0 
85.0 171.0 86.0 285.0 1585.0 
79.0 155.0 91.0 331.0 1763.0 
80.0 128.0 102.0 435.0 2042.0 
85.0 152.0 91.0 345.0 1797.0 
87.0 156.0 106.0 275.0 1699.0 
70.0 133.0 96.0 405.0 1989.0 
86.0 154.0 99.0 302.0 1732.0 
71.0 161.0 95.0 329.0 1730.0 
0.0 137.0 101.0 394.0 1933.0 
88.0 154.0 88.0 381.0 1740.0 
96.0 163.0 89.0 304.0 1650.0 
85.0 160.0 90.0 347.0 1689.0 
85.0 168.0 89.0 285.0 1608.0 
84.0 151.0 101.0 297.0 1791.0 
93.0 160.0 96.0 289.0 1699.0 
93.0 162.0 96.0 288.0 1654.0 
71.0 151.0 101.0 350.0 1782.0 
80.0 156.0 86.0 389.0 1753.0 
74.0 139.0 99.0 376.0 1913.0 
71.0 160.0 95.0 335.0 1743.0 
71.0 160.0 95.0 335.0 1743.0 
73.0 139.0 101.0 382.0 1977.0 
80.0 131.0 103.0 402.0 2043.0 
84.0 151.0 101.0 297.0 1791.0 
85.0 145.0 97.0 335.0 1798.0 
75.0 151.0 92.0 356.0 1848.0 
71.0 131.0 105.0 386.0 2032.0 
75.0 128.0 108.0 374.0 2020.0 
95.0 158.0 86.0 338.0 1681.0 
85.0 151.0 97.0 300.0 1791.0 
83.0 157.0 90.0 355.0 1723.0 
100.0 175.0 76.0 313.0 1575.0 
79.0 143.0 100.0 375.0 1827.0 
75.0 145.0 101.0 340.0 1832.0 
79.0 147.0 100.0 347.0 1833.0 
0.0 280.0 27.0 109.0 491.0 
81.0 154.0 89.0 343.0 1779.0 
88.0 159.0 97.0 300.0 1740.0 
63.0 141.0 104.0 342.0 1903.0 
67.0 144.0 99.0 372.0 1869.0 
71.0 148.0 101.0 351.0 1835.0 
0.0 103.0 132.0 411.0 2288.0 
78.0 147.0 102.0 337.0 1855.0 
74.0 139.0 99.0 376.0 1913.0 
88.0 154.0 88.0 381.0 1740.0 
81.0 146.0 98.0 343.0 1833.0 
75.0 142.0 107.0 318.0 1897.0 
87.0 167.0 91.0 298.0 1660.0 
88.0 159.0 91.0 347.0 1700.0 
74.0 130.0 113.0 374.0 2019.0 
0.0 131.0 104.0 405.0 2008.0 
84.0 147.0 96.0 330.0 1845.0 
87.0 167.0 91.0 298.0 1660.0 
88.0 152.0 93.0 324.0 1817.0 
73.0 134.0 95.0 405.0 1981.0 
86.0 138.0 112.0 314.0 1949.0 
75.0 142.0 103.0 392.0 1896.0 
99.0 176.0 75.0 313.0 1560.0 
88.0 136.0 111.0 326.0 1926.0 
83.0 157.0 90.0 355.0 1723.0 
77.0 157.0 94.0 350.0 1727.0 
89.0 161.0 84.0 385.0 1712.0 
83.0 158.0 89.0 350.0 1737.0 
83.0 157.0 90.0 355.0 1723.0 
73.0 138.0 102.0 382.0 1983.0 
79.0 147.0 100.0 347.0 1833.0 
80.0 149.0 90.0 378.0 1882.0 
77.0 146.0 100.0 375.0 1827.0 
91.0 163.0 88.0 305.0 1671.0 
65.0 159.0 97.0 332.0 1696.0 
75.0 137.0 107.0 341.0 1957.0 
93.0 162.0 96.0 288.0 1654.0 
79.0 155.0 91.0 301.0 1801.0 
0.0 27.0 166.0 572.0 3033.0 
72.0 156.0 93.0 344.0 1767.0 
88.0 159.0 97.0 300.0 1740.0 
79.0 155.0 91.0 331.0 1763.0 
90.0 161.0 92.0 323.0 1668.0 
87.0 134.0 112.0 328.0 1942.0 
94.0 155.0 99.0 296.0 1731.0 
80.0 166.0 93.0 306.0 1653.0 
96.0 163.0 88.0 309.0 1666.0 
86.0 168.0 88.0 285.0 1608.0 
93.0 162.0 96.0 288.0 1654.0 
85.0 161.0 94.0 315.0 1684.0 
96.0 160.0 95.0 293.0 1704.0 
72.0 138.0 107.0 390.0 1898.0 
81.0 155.0 88.0 343.0 1770.0 
78.0 136.0 106.0 342.0 1958.0 
79.0 146.0 99.0 320.0 1899.0 
91.0 150.0 100.0 302.0 1784.0 
96.0 163.0 88.0 309.0 1666.0 
78.0 139.0 107.0 348.0 1937.0 
76.0 162.0 87.0 320.0 1677.0 
77.0 144.0 99.0 372.0 1832.0 
81.0 159.0 89.0 328.0 1717.0 
65.0 132.0 108.0 351.0 2010.0 
86.0 138.0 112.0 314.0 1949.0 
75.0 139.0 106.0 367.0 1941.0 
91.0 154.0 96.0 305.0 1760.0 
77.0 151.0 96.0 314.0 1763.0 
77.0 151.0 96.0 314.0 1763.0 
85.0 151.0 97.0 300.0 1791.0 
81.0 165.0 93.0 311.0 1664.0 
75.0 151.0 92.0 356.0 1848.0 
76.0 152.0 91.0 387.0 1803.0 
79.0 147.0 98.0 320.0 1885.0 
82.0 130.0 107.0 385.0 2006.0 
78.0 142.0 103.0 337.0 1895.0 
75.0 145.0 101.0 340.0 1832.0 
86.0 156.0 94.0 320.0 1726.0 
83.0 151.0 104.0 294.0 1762.0 
75.0 142.0 107.0 318.0 1897.0 
90.0 158.0 95.0 305.0 1732.0 
71.0 142.0 98.0 350.0 1930.0 
81.0 149.0 91.0 378.0 1879.0 
79.0 155.0 91.0 331.0 1763.0 
65.0 143.0 104.0 335.0 1877.0 
0.0 283.0 24.0 104.0 462.0 
73.0 139.0 101.0 382.0 1977.0 
64.0 160.0 96.0 332.0 1682.0 
90.0 158.0 89.0 320.0 1737.0 
84.0 151.0 101.0 297.0 1791.0 
73.0 134.0 95.0 405.0 1981.0 
71.0 151.0 101.0 350.0 1782.0 
97.0 163.0 92.0 287.0 1637.0 
77.0 141.0 101.0 391.0 1879.0 
73.0 140.0 99.0 369.0 1908.0 
82.0 155.0 97.0 309.0 1753.0 
84.0 135.0 92.0 454.0 1947.0 
88.0 154.0 88.0 381.0 1740.0 
91.0 161.0 86.0 342.0 1701.0 
90.0 158.0 95.0 305.0 1732.0 
84.0 144.0 98.0 335.0 1805.0 
73.0 139.0 101.0 382.0 1977.0 
84.0 153.0 95.0 318.0 1784.0 
76.0 151.0 92.0 387.0 1808.0 
88.0 167.0 92.0 293.0 1658.0 
78.0 148.0 102.0 331.0 1845.0 
100.0 175.0 76.0 313.0 1575.0 
97.0 155.0 102.0 276.0 1725.0 
83.0 153.0 100.0 302.0 1738.0 
75.0 151.0 92.0 356.0 1848.0 
88.0 163.0 90.0 323.0 1648.0 
100.0 175.0 76.0 313.0 1575.0 
70.0 126.0 108.0 372.0 2030.0 
77.0 143.0 99.0 374.0 1839.0 
85.0 160.0 90.0 347.0 1689.0 
78.0 146.0 103.0 336.0 1870.0 
88.0 152.0 93.0 324.0 1817.0 
95.0 157.0 85.0 373.0 1717.0 
86.0 169.0 88.0 285.0 1598.0 
76.0 153.0 109.0 303.0 1764.0 
79.0 155.0 91.0 331.0 1763.0 
84.0 151.0 101.0 297.0 1791.0 
96.0 156.0 85.0 379.0 1726.0 
82.0 155.0 97.0 309.0 1753.0 
81.0 150.0 90.0 378.0 1867.0 
95.0 161.0 95.0 289.0 1691.0 
79.0 147.0 100.0 347.0 1833.0 
85.0 158.0 95.0 333.0 1722.0 
83.0 147.0 100.0 326.0 1813.0 
73.0 134.0 95.0 405.0 1981.0 
73.0 149.0 100.0 358.0 1831.0 
77.0 151.0 96.0 314.0 1763.0 
75.0 137.0 107.0 341.0 1957.0 
78.0 139.0 107.0 348.0 1937.0 
74.0 130.0 113.0 374.0 2019.0 
77.0 146.0 100.0 375.0 1827.0 
95.0 156.0 87.0 343.0 1706.0 
76.0 149.0 101.0 335.0 1855.0 
84.0 144.0 98.0 335.0 1805.0 
75.0 145.0 107.0 353.0 1821.0 
76.0 151.0 92.0 387.0 1808.0 
71.0 151.0 101.0 350.0 1782.0 
71.0 160.0 95.0 335.0 1743.0 
88.0 154.0 88.0 381.0 1740.0 
71.0 160.0 89.0 342.0 1723.0 
77.0 141.0 101.0 391.0 1879.0 
85.0 160.0 90.0 347.0 1689.0 
81.0 149.0 108.0 294.0 1778.0 
80.0 128.0 102.0 435.0 2042.0 
91.0 163.0 88.0 305.0 1671.0 
86.0 138.0 112.0 314.0 1949.0 
83.0 153.0 100.0 302.0 1738.0 
88.0 152.0 93.0 324.0 1817.0 
64.0 160.0 96.0 332.0 1682.0 
82.0 130.0 107.0 385.0 2006.0 
83.0 142.0 109.0 311.0 1912.0 
90.0 159.0 88.0 320.0 1727.0 
80.0 156.0 86.0 389.0 1753.0 
91.0 153.0 89.0 349.0 1763.0 
72.0 138.0 107.0 390.0 1898.0 
71.0 131.0 105.0 386.0 2032.0 
71.0 142.0 98.0 350.0 1930.0 
78.0 136.0 106.0 342.0 1958.0 
89.0 167.0 94.0 300.0 1641.0 
79.0 147.0 98.0 320.0 1885.0 
75.0 145.0 101.0 340.0 1832.0 
96.0 160.0 90.0 320.0 1664.0 
65.0 132.0 108.0 351.0 2010.0 
85.0 152.0 91.0 345.0 1797.0 
75.0 151.0 92.0 356.0 1848.0 
76.0 144.0 109.0 298.0 1855.0 
87.0 162.0 93.0 318.0 1676.0 
67.0 144.0 99.0 372.0 1869.0 
75.0 152.0 96.0 375.0 1788.0 
90.0 158.0 95.0 305.0 1732.0 
81.0 152.0 93.0 349.0 1786.0 
83.0 157.0 90.0 355.0 1723.0 
87.0 167.0 91.0 298.0 1660.0 
65.0 143.0 104.0 335.0 1877.0 
88.0 159.0 85.0 387.0 1727.0 
77.0 145.0 95.0 382.0 1851.0 
84.0 146.0 97.0 330.0 1857.0 
93.0 162.0 96.0 288.0 1654.0 
91.0 161.0 86.0 342.0 1701.0 
77.0 138.0 103.0 376.0 1902.0 
70.0 126.0 108.0 372.0 2030.0 
85.0 150.0 104.0 297.0 1843.0 
79.0 143.0 100.0 375.0 1827.0 
74.0 140.0 105.0 367.0 1936.0 
83.0 151.0 104.0 294.0 1762.0 
79.0 135.0 99.0 387.0 1984.0 
96.0 163.0 88.0 309.0 1666.0 
100.0 175.0 76.0 313.0 1575.0 
79.0 155.0 91.0 301.0 1801.0 
77.0 143.0 99.0 374.0 1839.0 
86.0 169.0 88.0 285.0 1598.0 
87.0 148.0 90.0 361.0 1821.0 
83.0 158.0 89.0 350.0 1737.0 
75.0 142.0 107.0 318.0 1897.0 
77.0 146.0 103.0 337.0 1865.0 
91.0 150.0 100.0 302.0 1784.0 
81.0 154.0 89.0 343.0 1779.0 
88.0 159.0 97.0 300.0 1740.0 
77.0 157.0 94.0 350.0 1727.0 
73.0 139.0 101.0 382.0 1977.0 
89.0 127.0 114.0 357.0 2033.0 
75.0 142.0 103.0 392.0 1896.0 
84.0 135.0 92.0 454.0 1947.0 
85.0 151.0 97.0 300.0 1791.0 
93.0 159.0 95.0 296.0 1719.0 
79.0 141.0 98.0 401.0 1893.0 
90.0 161.0 92.0 323.0 1668.0 
80.0 166.0 93.0 306.0 1653.0 
78.0 148.0 102.0 331.0 1845.0 
76.0 153.0 92.0 334.0 1748.0 
96.0 163.0 89.0 304.0 1650.0 
82.0 143.0 97.0 353.0 1880.0 
71.0 148.0 91.0 385.0 1862.0 
85.0 156.0 91.0 368.0 1717.0 
77.0 149.0 96.0 360.0 1850.0 
87.0 134.0 112.0 328.0 1942.0 
80.0 131.0 103.0 402.0 2043.0 
74.0 139.0 99.0 376.0 1913.0 
78.0 142.0 103.0 337.0 1895.0 
~~~
2.453
