110110111100001110111011101111110001001110010011111110100101100011001100110001011011011110111010100101100111011011110111100101011101110000010011010011111011111111100001101100111111010011100010010110111111100011111101000011101111101000101011110000011000111000100100101010011011001001011011000011000111111101101000000010011111101111
111000010010101110111011111111101001101110101011111001100001100110000111010101010110010010100101000101111111001011110111110010111111110111011111001100101011111101001011001100000111010011110010110111000011010100111100010001100000001100001011101001001001111101011001010101001000101001110100001100100101010100000011011100001111101111
111011100000111101000001000100100100100001000101111100100110000011010100101100111101100100101110100000100101001111110111101000110001101111000010100111011101111000010100000111100011011011110010110011101111100100111111000100110010100000111000100001100100001111001010110101101011110110001101101111110110110000000111100010001111101111
110010110101110111111111100111001100110101101101111011110110100111001101100100010110111110110101011001011110010111110111111011001111110010111110101100110001111110001110101101101011010011101011111110100110100101111111010000101101010000101101001010100101110001111000110000101010110101010111011101001100010001110111011111101111111111
110010110100110010100100011001100111111110100111111101100111011011110010001011111110111001101111000110010111000011111111111101001101100001101010111101101111111111100000110010001111100011110111100011010010101101111110101011110110101010000001111100011000101011011110111100111101011101100010101011001111101110011111110010001111111111
110110001110011101100110010111101010010111100001111101100011111000011101100111100010100110100011111011011111110011110011110111111111111101000111001101110011111011001000101010011111111011111100011011000011100111111111111100101000101111111110000110000111100100001011111001110111110111101011110100101010100100100010100001001111101111
111010011111101100001011111011011001010100010011111101110000111011001111010010000111111000111000000101011011111011110011111101001011111000000101001110010111111000011011011010110011011111100111011011011001001111111110101111010000011111001111100010010111111110011111011010001001001010010111100000101001110101000111000111101111101111
111000001111100010110110010001001011011000011001111000111011101100011001000011111001110111010110001000101100100111111111111001100111100000101101110001010100111001010111100011011111101011110001010000101111001001111100001100101001010001010000011111000000111111001100001111111000110001110000110001111011001110101000010101001111111111
110111110100100011000010011000011000100101110111111011101110010000011000001110010110000011010111101101010001011111110111111101101011110111110111001100011101111000111000101001100111111111101100000101101011111010111110001001111111010100110010111111000100101000001101000001011101101001100110111000100110001100110100100000101111111111
111100010101110100000001101000100101000001011001111101110000101100000011000100000101100000000000011011011011011111110111110011110001110010001100111011110101111111111000000001010011100111101000000100010111001100111110011010001100111111001111001010100010111100010100000110010110000100000100000100001011101111001100100000101111111111
111011110101100110111011100001000011100111100001111001111010011110101111111111011000100100010101101000111000010011110011111111111011110101110000010111001110111110001011011100100011000111100110000000111101011110111100111111110011111111001111111010001100011010001110111011001100111001111011001010011100000111111110100101001111101111
110111111101111101110000100100011111011010100011111111110110101001111000010110111000111000000010010001100000011011110011110011000011100010001011110001100011111001100110100001101011010111110011001000101001100001111101101110001001110111100100100011011100110000001110010001001011011010101100111010101010000111110001010100001111101111
111010010100101000101110000010001010011000101111111100100001111010001110000010100011011011011110011010001001101011111011110111000001110011010111001001011110111111111111100100000111001111110001000010000010110110111101101010000001011001100110001000110111110111001100100000100101000000001001000011101010110010001100100111001111101111
110010110010010000000011101010110011001010001011111101100100111111010001111101001011010110100000000101111000110011111011100110110101111010011010001000111101111111101001111001000011101011111100101000001011100101111100100010100100010111000001111000000101010100100001111101000110011000110001110000101110001100110110101000001111101111
110010010010011001001010001101101000111010111011111001110000011100111001100111011101110001010101010000001100001011110111111101001111100111111101101000101010111100101101101100011111010111101110001001101010001001111100000011111100011101100101001101000010110111011000000111101100000101011111010100101000101110101111100010001111101111
111010011111101100001011111011011001010100010011111101110000111011001111010010000111111000111000000101011011111011110011111101001011111000000101001110010111111000011011011010110011011111100111011011011001001111111110101111010000011111001111100010010111111110011111011010001001001010010111100000101001110101000111000111101111101111
111010111010000001000011111100000001111010000001111010110101000110100100100111101111010010110010001001101101010011110011111000011101111110100110100000010000111011010101000000101111100111110011111010110101000110111101011010011000011100100010111110111001000010111110111100111010101101001000000001000000000101011111000111001111111111
110001010011110101001111010001011100000011101011111011101100100000011000011101010001100000010110011000001110010111110111111010010101100110000011001110111001111010100000110011001111011111110001100101111111000011111100111101101010001101010111001001010010100110001111000010001010000001110011011010111011100100010111010011101111101111
111011110101100110111011100001000011100111100001111001111010011110101111111111011000100100010101101000111000010011110011111111111011110101110000010111001110111110001011011100100011000111100110000000111101011110111101111111110011111111001111111010001100011010001110111011001100111001111011001010011100000111111110100101001111101111
111100110000010011011011100011001011010000111101111100110000111001001011001101111010010001000001010100111000111111111111110101000101101110100101010010010100111001101110100100110111101011101110000100101100101111111110110010110111101001000001001001011101100001111101110001000000010111100000000100110010101010110100011101111111111111
110100110100111000000000011111011000011101011001111101101111001001000011110100101111001011001111001011111011110111110111100110100001110001101001000101110100111011100011011111011111000111100010110110011010110001111100011101011110111011100010111100100101000100110000010111100111100000001010100100110100111100010011010101001111101111
111000001000010010111000111010011000011110101101111000110010011111101100111010110101011111000110101111100100010011110111110100011011111100010000100010110100111001000010100101011111100011111100011111010100101111111110001001010001001101101000110010110011111011001000111000101111001101001111111100000001000110101010001100001111101111
110001100100000011000010010101101010011011100011111001110110100010101010011000100001100100111110101101010110111011111011100010110101101011110001101010001000111000011100110100001111000111110101100100110010111010111101010010111100010110110101011101110000010010010011101100111010011110101010110100011010100010110011000011001111111111
111011110101100110111011100001000011100111100001111001111010011110101111111111011000100100010101101000111000010011110011111111111011110101110000010111001110111110001011011100100011000111100110000000111101011110111100111111110011111111001111111010001100011010001110111011001100111001111011001010011100000111111110100101001111101111
110101000010010010011110000001000001100100000011111110100100111110110111011101011010101001000000011001010100100011111111100010100101110100010011110111101111111001101101111011001011101011110110100000111000110010111111010100011100000011001111101000001011110100011010010010001000000011000010111100001101111101000010011100011111111111
111101011011111111001111000100101110100000011111111100100001100111100010100110001110001000000001001111011011011011110111111010100011100001100101101000000000111100010100111101000011001111110111101001000110011101111111011101011011101001011101000100111000010101010010101001000010111000101000001000110110110101100111011111101111111111
110110111111001111111000000100001011100110010001111101100011001000010011101101011001001100100011100111001001110111110011111110001101110011100000011111101100111101101010101001001011010111111010111100010000010101111110001101001000011000110101000011011100000100000010011011011100111011010100111001110000110101011101011010101111101111
111111101011011100011110100001000011010010100001111110100100000001011111110100011101001010000001011101000100111011110111100001100001101010000110000000111010111000101101001110001111100011100101000011111110010110111100001001110100001000010000010101100100011100111100000011010011011111100000001100110101110000001011111001001111111111
111111001000011011111100110010001100101100101011111011100101100110100111001010010011011110001001111100111101101111110111110111111011100001111101001111111011111001101111101010101111111011101000110000100100001111111101110101100001110100110011001001111000110011100110100111101001111001111101000011001010100010110011100010111111101111
111111010001010001111111111010100011010000000101111010100100001001001111000110111100110011010100110000010111101111111011100111110001110011001111010110101111111111001111100110110011110011110010010011110111000110111111001101001000010001101100100111000001001100100101101100000010110101111000010010011001011000101010010010001111101111
111100100000010011011011100011001011010000111101111000110000111001001011001101111010010001000001010100111000111111111111110101000101101110100101010010010100111001101110100100110111101011101110000100101100101111111110110010110111101001000001001001011101100001111101110001000000010111100000000100110010101010110100011101111111111111
110000010110110001001010111010100000011100010011111001111000110100000101011100100000110000000001100111000000010111111111111100100011100101100010010010001000111001000000011101011111100011110101100011000110011111111110101010100001110110000101100000111001000100100101010101010111110011010000000001101001111111010011011000111111101111
111011011001101100110101100000011001000000000111111000100111010011101100011010100100111100001110110101010101001011110011100101010111100101010110001101011000111001001000000011100111011111110000000110101100001001111111100011111100100001100111111111011111000010011011111110100100000011110000010011010000100100001100011010001111101111
110101010110010010010010010001111100011101101101111000100010111011101010100000100001010111100111110110100110011011111111101111101111110111111011010010001101111100101111000110001111010011101010011001110000100101111101101000110001111111101000101000110011001101001101000100001111101011100110010000101110000110101010000100001111101111
111101101001010011101011001101000110010001110001111101111101011100100001010100000100101111011010111000100110010111110011111110011101101110011101100010001100111000111100001110101011001011100101000100011010010000111110111111110111010111010101111000010101100100000111001101001010011011111100001110000101010010100010000011001111101111
110010110001001110011010101000010000110100000111111111100110101001010100001110101100011001010110011011011101001111111011100011001011110111100101001000000001111011000111100110110011101011100011101100101110111001111100001010000011110100001100011111000111001001011011111111110111101011111011001110011100001111101011100011001111101111
110001111001010100111100011101010110001010111001111101101101010000001000111110001000100000010001100111100110100011110011101000100111100000101010100011011011111011110111100110000011010011110101011100110000010011111100011110010000011100010011010011011101110001111111001111101101101010111001101000001001101101000010001111001111101111
111100001011010100000100011101111001001100010001111011110111011111000101010010111001110010010100100110001101100111111011111111010111110000100001010110000000111110110011100110011111001111101000110100100000110011111100101011110110010000011011010001111101111101010101111001101011111001001011000001000011010001101111011001111111101111
111101101001010011101011001101000110010001110001111101111101011100100001010100000100101111011010111000100110010111110011111110011101101110011101100010001100111000111100001110101011001011100101000100011010010000111110111111110111010111010101111000010101100100000111001101001010011011111100001110000101010010100010000011001111101111
111010010100011010011101001110000110100110110011111000100100111110011110110110001110101000111000011101111000110011110111101111100001111000100100000011011100111001100010110110001011001011100010000101000011000100111101010111111101010101011011111010001101101000111111100110100101101010000010110001011110111011101001100110111111111111
111101011011111111001111000100101110100000011111111100100001100111100010100110001110001000000001001111011011011011110111111010100011100001100101101000000000111100010100111101000011001111110111101001000110011101111111011101011011101001011111000100111000010101010010101001000010111000101000001000110110110101100111011111101111111111
110101000010010010011110000001000001100100000011111110100100111110110111011101011010101001000000011001010100100011111111100010100101110100010011110111101111111001101101111011001011101011110110100000111000110010111111010100011100000011001111101000001011110100011010010010001000000011000010111100001101111101000010011100011111111111
111101100111011111010110101101100100000010010011111000111001110110111110001010101100011010001010001011010010010111111111110011110111100101101111101101000000111101000011100100010111000111111111100011110010000011111100011001110100010011110010001110101001111100010111011001000110101010100000111111101010010001001001000101111111111111
111100000000100011011101010101000001000110011101111001101110110011111100000010100101101010101001101001011011000111110011110111011111111011000011001111111011111010110011010110000111110111100101000110110000011110111101101100100111101010010001000010010110011101111001101110111100110011110110000010001010000001100110010001001111101111
111010010100101000101110000010001010011000101111111100100001111010001110000010100011011011011110011010001001101011111011110111000001110011010111001001011110111111111111100100000111001111110001000010000010110110111101101010000001011001100110001000110111110111001100100000100101000000001001000011101010110010001100100111001111101111
110101101011011000010101001110010001010011011011111101100001111001000001110001101111000001000010000100011011000011111111101101010001100010101000000001010100111001001011000000111111000011100101000000001011011010111110110110010011110111111110110000100000010010010110111011000001000110111001011010001001000111000101011011101111111111
110010010010011001001010001101101000111010111011111001110000011100111001100111011101110001010101010000001100001011110111111101001111100111111101101000101010111100101101101100011111010111101110001001101010001001111100000011111100011101100101001101000010110111011000000111101100000101011111010100101000101110101111100010001111101111
110000100101011010100110000010010110000110011101111010100010100010001001111100000011110110111100000101010000000111110011100111101111111001011110010001011011111011001000110001111111000011101001001100111100111011111101001001011000001111100100111000110101010001010100100000000010101101001010100011111101011001010001101001001111101111
111111010010110111101011000101010001001111111111111000110011000001000111101011010010010111111110001001000111100011110111110111111111110000100100001001101110111110111111001011001111010111110111011011100001011011111110110101001111001100000000011011011011100110000100110011101101100001111011110010011111111110000101000000001111101111
111001111011011100000100011011000101111000011001111011110100100011111110111010101000110000101111010011010100001111110111110011011011101010011110111110100011111011100110001001110011010111101111111101000100001010111111001111000111101010100111111011111110011000000011111010100010010111011001001010011011111100011001011101001111101111
110010010000111001010101001101101011000011000101111001111011001011011001000011101001110100111110000100011100010011110111110100101001100000010111110000001100111011000000111101111111011111111011011100110001111101111111011100100111101111001111001000110111101100110000011111110001010000011111001101001001110100000110100101011111111111
110001010011110101001111010001011100000011101011111011101100100000011000011101010001100000010110011000001110010111110111111010010101101110000011001110111001111010100000110011001111011111110001100101111111000011111100111101101010001101010111001001010010100110001111000010001010000001110011011010111011100100010111010011101111101111
110111011100011111001010000001001101110100100001111100110001001011000111100101000111110101101011111101000001000111110111100000100101110010010110101111111011111101110000110100100011010111110111100001001111011100111111011100000000011110110011010000010010010010111010110101001100111001001000000111110101010001101001001101001111111111
111111111010011011101010010011001010110010000111111011111101101110100001010001111100000001011011011000011011110011111111111000100001110001101000101011111100111010101001111101110011010011111000100101101110010011111110010000100010000010001101001000101000100000100100101110001001101101000110101111110001110011011000111011011111111111
110010000010110101100001101000101111111011100101111110101110000011100100010010111110111011101111110000100000001011111111110001101101110110110011100010001110111010111100011000011011011111100010011101001101111011111101111010101001011000011010011100111010111100110010011110000010111110100100010101011000110111100000001001001111101111
110101000000010010011110000001000001100100000011111110100100111110110111011101011010101001000000011001010100100011111111100010100101110100010011110111101111111001101101111011001011101011110110100000111000110010111111010100011100000011001111101000001011110100011010010010001000000011000010111100001101111101000010011100011111111111
111000111011001011101111011010100100110001110001111000100001000010100100100110101000010110100010010110111111011011111011111100001001111001100100010000001101111010100110010100010011011011100010110000000011011010111111001011110000111011111001110001000100110001000110111100111111001001100001010011000110011010010000011111101111101111
110101000100000000001011000111111010000100010101111100110111001010101111001110100011100000111101010000100100111011110111110100111111101101001110100000111101111000001000100100100011001011111010011101101000011001111101110111000010100110101010111110110100101010011010001010110001010100010101000110110111110000001010110110001111111111
110000010101101111111010011111000001100100110111111101111001001110111000100101010101010111011011100111110010011011111111101101001001101001101010100100101101111011001000011110011011100011111010010110001010000011111110111111110000011110110100111011010010110100001100010010010011100111101100101100010111000100110110011011101111101111
111010111010000001000011111100000001111010000001111010110101000110100100100111101111010010110010001001101101010011110011111000011101111110100110100000010000111011010101000000101111100111110011111010110101000110111101011010011000011100100010111110111001000010111110111100111010101101001000000001000000000101011111000111001111111111
111000000011001011010101100010101100110101010001111110101011100000110001010101101001110011000111011000010101010011111011110101001011111011010110001100011000111100111010010110100111010011111111100100001011000000111100110010000111010100010001001001010100011111011110000011101000101100010001001100000110111011110001011011101111111111
110001110001111000011101111111010010100001100111111001110100101000100100000010000000010000101001111001011100100111110111110000011101100010111001100110000011111011111010110001000111011011111000101100101110100000111100111000001011110011110010110010001010000011011011001100011101111011110110110001110001001011000100110010101111111111
110110111100001110111011101111110001001110010011111110100101100011001100110001011011011110111010100101100111011011110111100101011101110000010011010011111011111111100001101100111011010011100010010110111111100011111101000011101111101000101011110000011000111000100100101010011011001001011011000011000111111101101000000010011111101111
111001111011011100000100011011000101111000011001111011110100100011111110111010101000110000101111010011010100001111110111110011011011101010011110111110100011111011100110001001110011010111101111111101000100001010111111001111000111101010100111111011111110011000000011111010100010010111011001001010011011111100011001011101001111101111
111010111111101110010110001101100010010011100011111001101011110001011111111110001000001001001010110111100100010011110111100000011011111110111011011000100011111110110010001100100011011011111001100110000000000111111111011000100110001100001101011001101111001010101011101000000010100001000000010100001111010101000010110000001111101111
111010111010000001000011111100000001111010000001111010110101000110100100100111101111010010110010001001101101010011110011111000011101111110100110100000010000111011010101000000101111100111110011111010110101000110111101011010011000011100100010111110111001000010111110111100111010101101001000000001000000000101011111000111001111111111
110010000010110101100001101000101111111011100101111110101110000011100100010010111110111011101111110000100000001011111111110001101101110110110011100010001110111010111100011000011011011111100010011101001101111011111101111010101001011000011010011100111010111100110010011110000010111110100100010101011000110111100000001001001111101111
110100101101001111011100110010110011110011011011111010101101101001001101010101111001000010011110000101111101010011110011111010011111101100100110100011100011111100101001011011110011111111110110100000001011111010111111100000110011010110111110110100110000111000111110101001011000011010110010101000101100000110110011110010001111111111
110011001111001000110001111110010010000010111001111110111010011010001000111001111011111100100010001110100110000011111011111110000101110000100100000111010110111111101101100001100011010011110111000001000000110000111100101101000110100000110110011010000010110011010101100110011110011001111001000001001010101110010111010000111111111111
111110110100111010101101110101001010101110100001111010101111100000110000001010001100100101101001011101001000110011111111110010101011101001111111110101101101111000011001101100101111011111100101010011100000001000111101001001010011110011101110111100101001101011011100011010111100100111101101011010100001001110001000111101011111101111
111101100111011111010110101101100100000010010011111000111001110110111110001010101100011010001010001011010010010111111111110011110111100101101111101101000000111101000011100100010111000111111111100011110010000011111100011001110100010011110010001110101001111100010111011001000110101010100000111111101010010001001001000101111111111111
111110100111001011111010101001001010110001101101111011100111010001000000100010111000011011100001000011101011010011110011110001100111101000010011111101011010111111110111110111111011001011110001001000101100110101111111101110101000100111010011101010001001000110011100111011011001111010111001100010111111111011011101001101011111111111
110010010010011001001010001101101000111010111011111001110000011100111001100111011101110001010101010000001100001011110111111101001111100111111101101000101010111100101101101100011111010111101110001001101010001001111100000011111100011101100101001101000010110111011000000111101100000101011111010100101000101110101111100010001111101111
111111111010011010101010010011001010110010000111111011111101101110100001010001111100000001011011011000011011110011111111111000100001110001101000101011111100111010101001111101110011010011111000100101101110010011111110010000100010000010001101001000101000100000100100101110001001101101000110101111110001110011011000111011011111111111
110011111010000010001110110110011101100101000001111100101000001111110101000110100010111110001010001011110111001011110011100001100011111101001000011011110110111110100100110101010111000111110110010110000001010001111110011001100011111000010011010111000110001110010000011110111001000111001100101010110100010110100000101100011111101111
110101000100000000001011000111111010000100010101111100110111001010101111001110100011100000111101010000100100111011110111110100111111101101001110100000111101111000001000100100100011001011111010011101101000011001111101110111000010100110101010111110110100101010011010001010110001010100010101000110110111110000001010110110001111111111
110101100111111101101100101010000001010111111101111011110100111101110110111101111101000010001111110011010101111111110111100101000001111001110101100111100011111101111011000101001011000011111000111001100000001111111111000101111101001101000111010110010100110010100101101110011000110010101100010001010111010011010111111100111111101111
111000000011001011010101100010101100110101010001111110101011100000110001010101101001110011000111011000010101010011111011110101001011111011010110001100011000111100111010010110100111010011111111100100001011000000111100110010000111010100010001001001010100011111011110000011101000101100010001001100000110111011110001011011101111111111
110011100011010101101010011011011000100001010011111011100100111000010101100011100011100011000111101001110111010011110111110111011011110100111101011000110001111010010101011011111111000111110011010101100010001110111111111110101111110010000111101001000011011000000000010000101100001111011110110100110110001110001101100100101111101111
110001010011110101001111010001011100000011101011111011101100100000011000011101010001100000010110011000001110010111110111111010010101100110000011001110111001111010100000110011001111011111110001100101111111000011111100111101101010001101010111001001010010100110001111000010001010000001110011011010111011100100010111010011101111101111
110111110100100011000010011000011000100101110111111011101110010000011000001110010110000011010111101101010001011111110111101101101011110111110111001100011101111000111000101001100111111111101100000101101011111010111110001001111111010100110010111111000100101000001101000001011101101001100110111000100110001100110100100000101111111111
111101100111011111010110101101100100000010010011111000111001110110111110001010101100011010001010001011010010010111111111110011110111100101101111101101000000111101000011100100010111000111111111100011110010000011111100011001110100010011110010001110101000111100010111011001000110101010100000111111101010010001001001000101111111111111
111001101011101000001101110000100101101111101101111101110001100110111010000100111101010010111111100101101111100111110111110110100111110100011110111101111000111101110001111000110011011111100001111101110000000100111100001000001001110100100101110100010010010110011011111101101000100001000111010111111011001001010111100110101111101111
110110100111011001110111010011101101111110001001111100110010011111100110101011101111010111100011111001011100010111110111110110011101110010000101110000110100111111101000000101101011110111110101010111000111001011111111111110111111110000110101001110100110000011100111001100011001011011111010111001001000011001001001100110001111111111
111111010001010001111111111010100011010000000101111010100100001001001111000110111100110011010100110000010111101111111011100111110001110011001111010110101111111111001111100110110011110011110010010011110111000110111111001101001000010001101100100111000001001100100101101100000010110101111000010010011001011000101010010010001111101111
110011100011010101101010011011011000100001010011111011100100111000010101100011100011100011000111101001110111000011110111110111011011110100111101011000110001111010010101011011111111000111110011010101100010001110111111111110101111110010000111101001000011011000000000010000101100001111011110110100110110001110001101100100101111101111
110010000010110101100001101000101111111011100101111110101110000011100100010010111110111011101111110000100000001011111111110001101101110110110011100010001110111010111100011000011011011111100010011101001101111011111101111010101001011000011010011100111010111100110010011110000010111110100100010101011000110111100000001001001111101111
110010010010011001001010001101101000111010111011111001110000011100111001100111011101110001010101010000001100001011110111111101001111100111111101101000101010111100101101101100011111010111101110001001101010001001111100000011111100011101100101001101000010110111011000000111101100000101011111010100101000101110101111100010001111101111
110011010101010111111111110001011111100101111111111110100110010011001111011110111001010000100011001100100000000011111111111100110001111110011001011101011011111001110110101110101111011011110101001111100100111001111111100101001110110010001110011010011100011010100110100010001010110000011000000111100010011010001111111000001111111111
111111111111111111111110101111111111101111101001111111110011111111111111111110111111111111111111111111111011111111110111111011001011111111111011111111111111111111111111011111111111111111101110111111101111111111111111111111111111111111111101111111111111111111111111001111111111110111101111111111111000111101111111111111111111111111
110011100011010101101010011011011000100001010011111011100100111000010101100011100011100011000111101001110111010011110111110111011011110100111101011000110001111010010101011011111111000111110011010101100010001110111111111110101111110010000111101001000011011000000000010000101100001111011110110100110110001110001101100100101111101111
110001101010001001100000001111011111101011111111111011111011010101010011000011110011000111110010110111100011011011111011101111101101100100000000010100001100111001101101001110010111110111110110010100111101001000111101100000110011100000011101011111101010101010110110100110111111001001111110101101111010010110100100000011111111111111
111111111010011011101010010011001010110010000111111011111101101110100001010001111100000001011011011000011011110011111111111000100001110001101000101011111100111010101001111101110011010011111000100101101110010011111110010000100010000010001101001000101000100000100100101110001001101101000110101111110001110011011000111011011111111111
110111011100011111001010000001001101110100100001111100110001001011000111100101000111110101101011111101000001000111110111100000100101110010010110101111111011111101110000110100100011010111110111100001001111011100111111011100000000011110110011010000010010010010111010110101001100111001001000000111110101010001101001001101001111111111
110000000000001111001110100000011001111111001011111001110011100000000000000100011100111110000000000010111101110111110011100011000011100000000000000000011010111011011101111011110011100111110000000000000000111100111111111111101111100111000100111011000010110000000000001111011100100110101000000011110000000001111100001101001111101111
110111110100100011000010011000011000100101110111111011101110010000011000001110010110000011010111101101010001011111110111101101101011110111110111001100011101111000111000101001100111111111101100000101101011111010111110001001111111010100110010111111000100101000001101000001011101101001100110111000100110001100110100100000101111111111
111011111101110011001101110011010101010010011101111101100110110000111010101100111101111101000111000011011000111011111111110111000111101111101111000010011011111110010111111110000011110011110011000100101001000100111111010101100001111011101011101010001001000110011100111001110110110000000111100110001011010111101110011010111111101111
110111111101111101110000100100011111011010100011111111110110101001111000010110111000111000000010010001100000011011110011110011000011100010001011110001100011111001100110100001101011010111110011001000101001100001111101101110001001110111100100100011011100110000001110010001001011011010101100111010101010000111110001010100001111101111
110010010000111001010101001101101011000011001101111001111011001011011001000011101001110100111110000100011100010011110111110100101001100000010111110000001100111011000000111101111111011111111011011100110001111101111111011100100111101111001111001000110111101100110000011111110001010000011111001101001001110100000110100101011111111111
111111001000011011111100110010001100101100101011111011100101100110100111001010010011011110001001111100111101101111110111110111111011100001111101001111111011111001101111101010101111111011101000110000100100001111111101110101100001110100110011001001111000110011100110100111101001111001111101000011001010100010110011100010111111101111
111010011111101100001011111011011001010100010011111101110000111011001111010010000111111000111000000101011011111011110011111101001011111000000101001110010111111000011011011010110011011111100111011011011001001111111110101111010000011111001111100010010111111110011111011010001001001010010111100000101001110101000111000111101111101111
111000000011001011010101100010101100110101010001111110101011100000110001010101101001110011000111011000010101010011111011110101001011111011010110001100011000111100111010010110100111010011111111100100001011000000111100110010000111010100010001001001010100011111011110000011101000101100010001001100000110111011110001011011101111111111
110000000000000000000000000000000000000000000001111001100000000000000000000000000000000000000000000000011000000011110011100010000001100000000000000000011010111000010000000000000011010011100000000000000000000000111100000000000000000000000100000000000000000000000000000000000000000000000000000000000000000000000000000000001111101111
110001010011110101001110010001011100000011101011111011101100100000011000011101010001100000010110011000001110010111110111111010010101100110000011001110111001111010100000110011001111011111110001100101111111000011111100111101101010001101010111001001010010100110001111000010001010000001110011011010111011100100010111010011101111101111
111111111111111111111110111111111111111111101011111111111111111111111111111111011111111111101111111110111001111111111111111111110011111111111111111111111111111111111111111111111111111111111110111111101111111111111111111111111111111111111100111111111111111111111111001111111111111111111111111111111111111111111111111111111111101111
110011010101010111111111110001011111100101111111111110100110010011001111011110111001010000100011001100100000000011111111111100110001111110011001011101011011111001110110101110101111011011110101001111100100111001111111100101001110110010001110011010011100011010100110100010001010110000011000000111100010011010001111111000001111111111
111011110101100110111011100001000011100111100001111001111010011110101111111111011000100100010101101000111000010011110011111111111011110101110000010111001110111110001011011100100011000111100110000000111101011110111100111111110011111111001111111010001100011010001110111011001100111001111011001010011100000111111110100101001111101111
111010111111011000111000001111101100000100001001111101110011101011000011111100100011100011010111011001101010111011110111101011001011110101000000001101100100111000000000001000011111000011101100100000101000010000111111100101101110111001111101010101000011001011000000001011101001010001100101110010101000101001001111000111011111111111
111101011011111111001111000100101110100000011111111100100001100111100010100110001110001000000001001111011011011011110111111010100011100001100101101000000000111100010100111101000011001111110111101001000110011101111111011101011011101001011111000100111000010101010010101001000010111000101000001000110110110101100111011111101111111111
110011111111000000010001000101110111011100000101111000101111011100001000111000110000111010111001101100101001000011110011100101000011110001000000110011011000111011001011011100101111010111101000001111100110101111111111111100011100111110000001010101100010100010010110011100000010000100010110100100000111001011110001101111011111101111
110010110010010000000011101010110011001010001011111101100100111111010001111101001011010110100000000101111000110011111011100110110101111010011010001000111101111111101001111001000011101011111100101000001011100101111100100010100100010111000001111000000101010100100001111101000110011000110001110000101110001100111110101000001111101111
111101100111011111010110101101100100000010010011111000111001111110111110001010101100011010001010001011010010010111111111110011110111100101101111101101000000111101000011100100010111000111111111100011110010000011111100011001110100010011110010001110101001111100010111011001000110101010100000111111101010010001001001000101111111111111
110001010101001000001011101000000011101110000011111100101001110110000110000001010001011100001010001100101110010011111111110011100111100010000011000111110010111101011100001011111011100111100010001000101110101100111111011111010010100101101101010000111101100001101110111010101001100000111001111011111001101101110010101101001111111111
110010000010110101100001101000101111111011100101111110101110000011100100010010111110111011101111110000100000001011111111110001101101110110110011100010001110111010111100011000011011011111100010011101001101111011111101111010101001011000011010011100111010111100110010011110000010111110100100010101011000110111100000001001001111101111
111110001011101001111110000110011101100001111001111001101100010011101011111111111001000001010011110000110001111011111011110011010001101010010101001101111111111010100000111100000011000111110010000101000011000010111110110011011100100000000100011100011101111100111111001101111001101001100111110010110011110000110110110010011111111111
111000011100010100111110110011010110011000011111111110100001100100110001001010111110010000101100000001100011010111110111100101010101100000000010100100011001111000110101100111001011001011101101111101010110001111111110101100010011010000010101100010100110100110001100001000100101101111001101111110010000100101001001011011001111101111
111010111111011000111000001111101100000100001001111101110011101011000011111100100011100011010111011001101010111011110111101011001011110101000000001101100100111000000000001000011111000011101100100000101000010000111111100101101110111001111101010101000011001011000000001011101001010001100101110010101000101001001111000111011111111111
111101100111011111010110101101100100000010010011111000111001110110111110001010101100011010001010001011010010010111111111110011110111100101101111101101000000111101000011100100010111000111111111100011110010000011111100011001110100010011110010001110101001111100010111011001000110101010100000111111101010010001001001000101111111111111
110111001111001011011100100001101111000011110011111000111001001010110001100011100101101001011001000010001000111111110111101110111011100001000000001001010011111101000110110001001011000011100101000110101001001011111101010111111100000011100101111110001100010010010011001110110101001111101001110011001011100000100000101100001111111111
111011111101110011001101110011010101010010011101111101100110110000111010101100111101111101000111000011011000111011111111110111000111101111101111000010011011111110010111111110000011110011110011000100101001000100111111010101100001111011101010101001000100100100000100110001101110111011100001011011010101111111100010101000111111111111
110001100010100000111100101110000111110000001111111100100100100001000001101101001010010111110111010000110010100011111111110010100001101111110110011001010000111100100101101011000011111011101000000100011010111110111100111001001000101011100100011100110010111000110110111111100011001001001010001111100010000110110111100101111111111111
110010100111110111011010100000001100011000110101111010111111110110010001011001010110001100011111110000111001100111111011100111100101111101101011110001001001111101110110001100011111111111111111000011111100000011111110011000101100101110011100110100011101100000000010011001000011111001111111100100111000000000001101100100011111101111
110010110001001110011010101000010000110100000111111111100110101001010100101110101100011001010110011011011101001111111011100011001011110111100101001000000001111011000111100110110011101011100011101100101110111001111100001010000011110100001100011111000111001001011011111111110111101011111011001110011100001111101011100011001111101111
110100000111001010001110010010110111101100011111111100111100000110000101000111101011100111000110111100110111101011111111110110110001100001101010000010001110111010010101111000010011001111110100101100011010011001111101110110000110100101111110111011001110101001011000101111010101001010111001110000110101010001100000011100011111101111
110110011111111001011101010110010111100010111111111001101001101100101000010101011111111010011010000010001000101011110011100011110011100101101000101011010111111100000001100100111011110011110100100101011101100100111101101111100010011111111111110100101110100100011011011111011000100111011011110011101101101000000111100000001111101111
110011110010010011101100101011101011011100111001111000100110101011000111010101100010010001010011111110011001111111110111101010001011100101010110111100101010111101110110111111000011001011110001111100000001010011111110000101011000101011011110010100111000111000001000011101010010111001011101010100001010111010101001001110101111101111
110001110001111000011101111111010010100001100111111001110100101000100100000010000000010000101001111001011100100111110111110000011101100010111001100110000011111011111010110001000111011011111000101100101110100000111100111000001011110011110010110010001010000011011011001100011101111011110110110001110001001011000100110010101111111111
110010000010110101100001101000101111111011100101111110101110000011100100010010111110111011101111110000100000001011111111110001101101110110110011100010001110111010111100011000011011011111100010011101001101111011111101111110101001011000011010011100111010111100110010011110000010111110100100010101011000110111100000001001001111101111
110010010010011001001010001101101000110010111011111001110000011100111001100111011101110001010101010000001100001011110111111101001111100111111101101000101010111100101101101100011111010111101110001001101010001001111100000011111100011101100101001101000010110111011000000111101100000101011111010100101000101110101111100010001111101111
110110010110001110011101010101101011101010001101111001101100110001110010110001111100000001010011001110000111000011110011100001000011110110011101010001000001111010101011011010101011110111101011011010110110011001111100100111101101111010100011110110100010110100000010110011001110001000110010010101100001101100010000111011111111111111
111100100100100010000100100101111100101100111011111110111100010110100110010101111111000000000011010011001101110011110011110111010111110000110111101001011111111001011100101111000011001111110000111000110111111001111110101111100110010100101000111101010010101011111001110110010011000111101110010111001011001011001011110111101111111111
110011001111001000110001111110010010000010111001111110111010011010001000111001111011111100100010001110100110000011111011111110000101110000100100000111010110111111101101100001100011010011110111000001000000110000111100101101000110100000110110011010000010110011010101100110011110011001111001000001001010101110010111010000111111111111
110000100101011010100110000010010110000110011101111010100010100010001001111100000011110110111100000101010000000111110011100111101111111001011110010001011011111011001000110001101111000011101001001100111100111011111101001001011000001111100100111000110101010001010100100000000010101101001010100011111101011001010001101001001111101111
110101000100000000001011000111111010000100010101111100110111001010101111001110100011100000111101010000100100111011110111110100111111101101001110100000111101111000001000100100100011001011111010011101101000011001111101110111000010100110101010111110110100001010011010001010110001010100010101000110110111110000001010110110001111111111
111111111010011011101010010111001010110010000111111011111101101110100001010001111100000001011011011000011011110011111111111000100001110001101000101011111100111010101001111101110011010011111000100101101110010011111110010000100010000010001101001000101000100000100100101110001001101101000110101111110001110011011000111011011111111111
110000000000001111001100000000000000000000000001111100100000000000000000000100000000000000000000000000000000000011110011100010000001100000000000000000011100111000000100000000000011010011100000000000000000000000111100000000000000000000111000000000000000000000000000000000000000000000000000000000000000000000000000000000001111101111
110001010011110101001111010001011100000011101011111011101100100000011000011101010001100000010110011000001110010111110111111010010101100110000011001110111001111010100000110011001111011111110001100101111111000011111100111101101010001101010111001001010010100110001111000010001010000001110011011010111011100100010111010011101111101111
111000000011001011010101100010101100110101010001111110101011100000110001010101101001110011000111011000010101010011111011110101001011111011010110001100011000111100111010010110100111010011111111100100001011000000111100110010000111010100010001001001010100011111011110000011101000101100010001001100000110111011110001011011101111111111
111010111010000001000011111100000001111010000001111010110101000110100100100111101111010010110010001001101101010011110011111000011101111110100110100000010000111011010101000000101111100111110011111010110101000110111101011010011000011100100010111110111001000010111110111100111010101101001000000001000000000101011111000111001111111111
110000010110110001001010111010100000011100010011111001111000110100000101011100100000110000000001100111000000010111111111111100100011100101100010010010001000111001000000011001011111100011110101100011000110011111111110101010100001110110000101100000111001000100100101010101010111010011010000000001101001111111010011011000111111101111
110111111101111101110000100100011111011010100011111111110110101001111000010110111000111000000010010001100000011011110011110011000011100010001011110001100011111001100110100001101011010111110011001000101001100001111101101110001001110111100100100011011100110000001110010001001011011010101100111010101010000111110001010100001111101111
111111010110101111101110101111010011000001110101111110111000100100101011011001001100100000001010010111110001011111111011111100011111100110110001001000100010111111100100010011001111011011110011001111001000011011111101000000101110010001101001100111011000111101111111010001001011010000101010011110110110001100111111011011111111111111
110000000000001110101100000000000000000000000001111100100000000000000000000100000000000000000000000000000000000011110011110000000001100000000000000000011100111010000000000000000011001011100000000000000000000000111100000000000000000000111000000000000000000000000000000000000000000000000000000000000000000000000000000000001111101111
111111000000111111011101011010010010101100101011111101100011111010111101000110001000110111111010010110100100110111110111101110110111101001000010011111011110111101100011101001111011101111111110110101010011111101111101101000011010111000000110000011101110001000011000101011011010000010110101011100110110111001010011011011001111101111
111010111111101110010110001101100010010011100011111001101011110001011111111110001000001001001010110111100100010011110111100000011011111110111011011000100011111110110010001100100011011011111001100110000000000111111111011000100110001100001101011001101111001010101011101000000010100001000000010100001111010101000010110000001111101111
110010010001011111001101011000011100000100100011111100101000110010000001011110010000100000101111011110011111001011111111100001111011100011101110011101000000111100000110110111010011111011101100101110001110010001111111011110010001000001111010001001000010000010000100100101110011110000110101110000111101111111100100100011111111101111
110000010110110001001010111010100000011100010011111001111000110100000101011100100000110000000001100111000000010111111111111100100011100101100010010010001000111001000000011101011111100011110101100011000110011111111110101010100001110110000101100000111001000100100101010101010111110011010000000001101001111111010011011000111111101111
110111111101111101110000100100011111011010100011111111110110101001111000010110111000111000000010010001100000011011110011110011000011100010001011110001100011111001100110100001101011010111110011001000101001100001111101101110001001110111100100100011011100110000001110010001001011011010101100111010101010000111110001010100001111101111
110101011000111010001110101111011100000001011101111100110001100100001011011110100001110111001101110001011100100011111011100010101001110110000100001110000110111100010010010100000111110011101000001010001110001111111101000001000110010110001101100100010010001111000010101001100010001101101000101000001110010110001000001010111111101111
110101000100000000001011000111111010000100010101111100110111001010101111001110100011100000111101010000100100111011110111110100111111101101001110100000111101111000001000100100100011001011111010011101101000011001111101110111000010100110101010111110110100101010011010001010110001010100010101000110110111110000001010110110001111111111
110101101011011000010101001110010001010011111011111101100001111001000001110001101111000001000010000100011011000011111111101101010001100010101000000001010100111001001011000000111111000011100101000000001011011010111110110110010011110111111110110000100000010010010110111011000001000110111001011010001001000111000101011011101111111111
110001101010001001100000001111011111101011111111111011111011010101010011000011110011000111110010110111100011011011111011101111101101100100000000010100001100111001101101001110010111110111110110010100111101001000111101100000110011100000011101011111101010101010110110100110111111001001111110101101111010010110100100000011011111111111
111111101011011100011110100001000011010010100001111110100100000001011111110100011101001010000001011101000100111011110111100001000001101010000110000000111010111000101101001110001111100011100101000011111110010110111100001001110100001000010000010101100100011100111100000011010011011111100000001100110101110000001011111001001111111111
110110111100001110111011101111110001001110010011111110100101100011001100110001011011011110111010100101100111011011110111100101011101110000010011010011111011111111100001101100111111010011100010010110111111100011111101000011101111101000101011110000011000111000100100101010011011001001011011000011000111111101101000000010011111101111
111011100000111101000001000100100100100001000101111100100110000011010100101100111101100100101110100000100101001111110111101000110001101111000010100111011101111000010100000111100011011011110010110011101111100100111111000100110010100000111000100001100100001111001010110101101011110110001101101111110110110000000111100010001111101111
110001010101001000001011101000000011101110000011111100101001110110000110000001010001011100001010001100101110010011111111110011100111100010000011000111110010111101011100001011111011100111100010001000101110101100111111011111010010100101101101010000111101100001101110111010101001100000111001111011111001101101110010101101001111111111
110111111101111101110000100100011111011010100011111111110110101001111000010110111000111000000010010001100000011011110011110011000011100010001011110001100011111001100110100001101011010111110011001000101001100001111101101110001001110111100100100011011100110000001110010001001011011010101100111010101010000111110001010100001111101111
111111010010110111101011000101010001001111111111111000110011000001000111101011010010010111111110001001000111100011110111110111111111110000100100001001101110111110111111001011001111010111110111011011100001011011111110110101001111001100000000011011011011100110000100110011101101100001111011110010011111111110000101000000001111101111
110010111001000111100100111011011101101100000001111100101110101001111011111011010010111010011010110011111101111011111111101010001011100011100011010101100111111100001010001000100111110011101010101110101100100001111100000100100001011000010110100110110011010000010100010111010000110111101001110101011100110110000111101001101111101111
111010111111011000111000001111101100000100001001111101110011101011000011111100100011100011010111011001101010111011110111101011001011110101000000001101100100111000000000001000011111000011101100100000101000010000111111100101101110111001111101010101000011001011000000001011101001010001100101110010101000101001001111000111011111111111
110001111001010100111100011101010110001010111001111101101101010000001000111110001000100000010001100111100110100011110011101000100111100000101010100011011011111011110111100110000011010011110101011100110000010011111100011110010000011100010011010011011101110001111111001111101101101010111001101000001001101101000010001111001111101111
110111011100011111001010000001001101110100100001111100110001001011000111100101000111110101101011111101000001000111110111100000100101110010010110101111111011111101110000110100100011010111110111100001001111011100111111011100000000011110110011010000010010010010111010110101001100111001001000000111110101010001101001001101001111111111
110001010111010010100101100010011010111101101001111000100110110100001110101100010101100000111100010101101000001111110011111101111101110011011000110011100001111101100000101010011011000011111001101010100011011110111101011010111001000110101101101101001010110100011110111011100000001000001101011111010000010100101010000010011111101111
110000001001001101100011000010101000100110100001111010110100001001010001001000010000111001110101000110100100110111111011101111010101110000100101100110101000111001110110011001000011101111110001001110110001100001111110100100111011111100001000000011000110110100000000000011100100011001100111111111001000110110101010111011011111111111
111111010100101010111011101100010110010110000101111100100001100011100111101110101011001000100111111001110011110011111011101110001101101010000000011010100111111000001001001000100011010111100101001111101001100001111110001110110001100101000000011111000101110111001000001111111111110000111001111000010101001100001011100011001111111111
111111001000011011111100110010001100101100101011111011100101100110100111001010010011011110001001111100111101101111110111110111111011100001111101001111111011111001101111101010101111111011101000110000100100001111111101110101100001110100110011001001111000110011100110100111101001111001111101000011001010100010110011100010111111101111
110111111010000001110011001011101111111101110111111001110100101001001011001000100001110101100000100010101100101011111111110110110001101010011011111010101000111100000100111000111011000011110000010101111100101001111101001011100111100110000001001111010100110111011100100111010001110010111010110010001110111111010100001000101111111111
110110011111111001011101010110010111100010111111111001101001101100101000010101011111111010011010000010001000101011110011100011110011100101101000101011010111111100000001100100111011110011110100100101011101100100111101101111100010011111111111110100101110100100011011011111011000110111011011110011101101101000000111100000001111101111
110011010101010111111111110001011111100101111111111110100110010011001111011110111001010000100011001100100000000011111111111100010001111110011001011101011011111001110110101110101111011011110101001111100100111001111111100101001110110010001110011010011100011010100110100010001010110000011000000111100010011010001111111000001111111111
110100000111001010001110010010110111101100011111111100111100000110000101000111101011100111000110111100110111101011111111110110110001100001101010000010001110111010010101111000010011001111110100101100011010011001111101110110000110100101111110111011001110101001011000101111010101001010111001110000110101010001100000011100011111101111
111011100000111101000001000100100100100001000101111100100110000011010100101100111101100100101110100100100101001111110111101000110001101111000010100111011101111000010100000111100011011011110010110011101111100100111111000000110010100000111000100001100100001111001010110101101011110110001101101111110110110000000111100010001111101111
111100010101110100000001101000100101000001011001111101110000101100000011000100000101100000000000011011011011011111110111110011110001110010001100111011110101111111111000000001010011100111101000000100010111001100111110011010001100111111001111001010100010111100010100000110010110000100000100000100001011101111001100100000101111111111
110111111010000001010011110100001100001010010001111000100010010101011110010000010101100001101010110111010111001111110011101101100101111010010101000111010110111100001011011100111111001011101010101110111001101110111111111011010010101100010010100101000000100011111000100011101011111100001000110010110010000011110011101011001111111111
110001010101001000001011101000000011101110000011111100101001110110000110000001010001011100001010001100101110010011111111110011100111100010000011000111110010111101011100001011111011100111100010001000101110101100111111011111010010100101101101010000111101100001101110111010101001100000111001111011111001101101110010101101001111111111
110111011100011111001010000001001101110100100001111100110001001011000111100101000111110101101011111101000001000111110111100000100101110010010110101111111011111101110000110100100011010111110111100001001111011100111111011100000000011110110011010000010010010010111010110101001100111001001000000111110101010001101001001101001111111111
110111111000001111110110000010010000100101100101111000110100100110100011101101011111000100000101001101101010101111111011100000000101100000000011011011000000111010110011101110100111101111101101000000000110101000111110001001011001011100111000101011110010001000011110101111101011011000001011111001001101100000000010010111111111101111
111111000000111111011101011010010010101100101011111101100011111010111101000110001000110111111010010110100100110111110111101110110111101001000010011111011110111101100011101001111011101111111110110101010011111101111101101000011010111000000110000011101110001000011000101011011010000010110101001100110110111001010011011011001111101111
111010110011010100101010100111011000010010001001111101111101100001101001111000100010011110100010010110111101011111110111111101010111100101110001000101010011111011111010001000011111000011111111101100101001000000111111011110000100101000100011000011111000110100110000001010000010001000010101110101010110000111010001101001101111111111
111000000100010110100000101001010100010101011111111101110101000100001110000000100101010110111010100110100110010011111011100110000001100000111100001100001111111110000111101001001111110011110001111001101101010100111111111010101111010100110000000101101100110001101010010101110000010100011001001101101001010110100001101111011111101111
111000001000010010111000111010011000011110101101111000110010011111101100111010110101011111000110101111100100010011110111110100011011111100010000100010110100111001000010100101011111100011111100011111010100101111111110001001010001001101101000110010110011111011001000111000101111001101001111111100000001000110101010001100001111101111
110101100111111101101100101010000001010111111101111011110100111101110110111101111101000010001111110011010101111111110111100101000001111001110101100111100011111101111011000101001011000011111000111001100000001111111111000101111101001101000111010110010100110010100101101110011000110010101100010001010111010011010111111100111111101111
110001111001010100111100011101010110001010111001111101101101010000001000111110001000100000010001100111100110100011110011101000100111100000101010100011011011111011110111100110000011010011110101011100110000010011111100011110010000011100010011010011011101110001111111001111101101101010111001101000001001101101000010001111001111101111
110000100101011010100110000010010110000110011101111010100010100010001001111100000011110110111100000101010000000111110011100111101111111001011110010001011011111011001000110001101111000011101001001100111100111011111101001001011000001111100100111000110101010001010100100000000010101101001010100011111101011001010001101001001111101111
110001010111010010100101100010011010111101101001111000100110110100001110101100010101100000111100010101101000001111110011111101111101110011011000110011100001111101100000101010011011000011111001101010100011011110111101011010111001000110101101101101001010110100011110111011100000001000001101011111010000010100101010000010011111101111
110111001111001011011100100001101111000011110011111000111001001010110001100011100101101001011001000010001000111111110111101110111011100001000000001001010011111101000110110001001011000011100101000110101001001011111101010111111100000011100101111110001100010010000011001110110101001111101001110011001011100000100000101100001111111111
110011010101010111111111110001011111100101111111111110100110010011001111011110111001010000100011001100100000000011111111111100110001111110011001011101011011111001110110101110101111011011110101001111100100111001111111100101001110110010001110011010011100011010100110100010001010110000011000000111100010011010001111111000001111111111
110010110010010000000011101010110011001010001011111101100100111111010001111101001011010110100000000101111000110011111011100110110101111010011010001000111101111111101001111001000011101011111100101000001011100101111100100010100100010111000001111000000101010100100001111101000110011000110001110000101110001100111110101000001111101111
110110011111111001011101010110010111100010111111111001101001101100101000010101011111111010011010000010001000101011110011100011110011100101101000101011010111111100000001100100111011110011110100100101011101100100111101101111100010011111111111110100101110100100011011011111011000100111011011110011101101101000000111100000001111101111
110010110101100111111111100111001100110101101101111011110110100111001101100100010110111110110101011001011110010111110111111011001111110010111110101100110001111110001110101101101011010011101011111110100110100101111111010000101101010000101101001010100101110001111000110000101010110101010111011101001100010001110111011111101111111111
110101001100100000011010010011010101110001010001111000100111000001111110011011001100010011110001010000011010101011110011101110111011111110100010100001101011111101010000110010101011010111100110111110101001000000111111100111110000000000111000001111110101011110000000100101011010110100111111000001000010111000111010011100001111101111
111111010001010001111111111010100011010000000101111010100100001001001111000110111100110011010100110000010111101111111011100111110001110011001111010110101111111111001111100110110011110011110010010011110111000110111111001101001000010001101100100111000001001100100101101100000010110101111000010010011001011000101010010010001111101111
110101011000111010001110101111011100000001011101111100110001100100001011011110100001110111001101110001011100100011111011100010101001110110000100001110000110111100010010010100000111110011101000000010001110001111111101000001000110010110001101100100010010001111000010101001100010001101101000101000001110010110001000001010111111101111
110011111110110101000110001111100000001110001111111111100100010011010001110110001001011000000110001101111001010011111111100110011011101001000000100111100111111100001111111010010011011011111111110100110001110100111100011110111000101101011000000000011011011000010100000001101000100000011011101110100101010100000110100011001111101111
110111111010000001010011110100001100001010010001111000100010010101011110010000010101100001101010110111010111001111110011101101100101111010010101000111010110111100001011011100111111001011101010101110111001101110111111111011010010101100010010100101000000100011111000100011101011111100001000110010110010000011110011101011001111111111
110110001110011101100110010111101010010111100001111101100011111000011101100111100010100110100011111011011111110011110011110111111111111101000111001101110011111011001000101010011111111011111100011011000011100111111111111100101000101111111110000110000111100100001011111001110111110111101011110100101010100100100010100001001111101111
111011100011000110101010000011110111011101011001111100111111110000010101110011000100100110101100011000000110000111110011111001010001111100100000010011001000111110111111100011010011110111101001000101101101100111111100100100110111000110000001111101110001110001110100111111011011000010001010100001000000100001101101001100111111101111
111110110100111010101101110101001010101110100001111010101111100000110000001010001100100101101001011101001000110011111111110010101011101001111111110101101101111000011001101100101111011111100101010011100000001000111101001001010011110011101110111100101001101011011100011010111100100111101101011010100001001110001000111101011111101111
111111111010011011101010010011001010110010000111111011111101101110100001010001111100000001011011011000011011110011111111111000100001110001101000101011111100111010101001111101110011010011111000100101101110010011111110010000100010000010001101001000101000100000100100101110001001101101000110101111110001110011011000111011011111111111
110010100111110111011010100000001100011000110101111010111111110110010001011001010110001000011111110000111001100111111011100111100101111101101011110001001001111101110110001100011111111111111111000011111100000011111110011000101100101110011100110100011101100000000010011001000011111001111111100100111000000000001101100100011111101111
111011110101100110111011100001000011100111100001111001111010011110101111111111011000100100010101101000111000010011110011111111111011110101110000010111001110111110001011011100100011000111100110000000111101011110111100111111110011111111001111111010001100011010001110111011001100111001111011001010011100000111111110100101001111101111
110100110100111000000000011111011000011101011001111101101111001001000011110100101111001011001111001011111011110111110111100110100001110001101001000101110100111011100011011111011111000111100010110110011010110001111100011101011110111011100010111100100101000100110000010111100111100000001010100100110100111100010011010101001111101111
110111000011110111101110010010011011011000100001111011111011111000101101010111111111101000000110100111011110001011110011100010100101110111001100001100101010111100111100011110111111000011111011101100101101110001111101101011010100100010011110101111010100111100100100101010001000100110100000110101001010110010010100101011011111111111
111000000111000111010010100100010110111111010001111000111111010011010000111110000111101010110100011110010001110011111011100111010101100011111000000100110010111010000111111000100011011011111100010101000010111110111100100000011011111011001100000101010110111010010011111101011111111111111001110000111101110011100011011010101111111111
110110100111011001110111010011101101111110001001111100110010011111100110101011101111010111100011111001011100010111110111110110011101110010000101110000110100111111101000000101101011110111110101010111000111001011111111111110111111110000110101001110100110000011100111001100011001011011111010111001001000011001001001100110001111111111
111010111111011000111000001111101100000100001001111101110011101011000011111100100011100011010111011001101010111011110111101011001011110101000000001101100100111000000000001000011111000011101100100000101000010000111111100101101110111001111101010101000011001011000000001011101001010001100101110010101000101001001111000111011111111111
110001010011110101001111010001011100000011101011111011101100100000011000011101010001100000010110011000001110010111110111111010010101100110000011001110111001111010100000110011001111011111110001100101111111000011111100111101101010001101010111001001010010100110001111000010001010000001110011011010111011100100010111010011101111101111
110011110010010011101100101011101011011100111001111000100110101011000111010101100010010001010011111110011001111111110111101010001011100101010100111100101010111101110110111111000011001011110001111100000001010011111110000101011000101011011110010100111000111000001000011101010010111001011101010000001010111010101001001110101111101111
110010010001011111001101011000011100000100100011111100101000110010000001011110010000100000101111011110011111001011111111100001111011100011101110011101000000111100000110110111010011111011101100101110001110010001111111011110010001000001111010001001000010000010000100100101110011110000110101110000111101111111100100100011111111101111
111010111111101110010110001101100010010011100011111001101011110001011111111110001000001001001010110111100100010011110111100000011011111110111011011000100011111110110010001100100011011011111001100110000000000111111111011000100110001100001101011001101111001010101011101000000010100001000000010100001111010101000010110000001111101111
110001100010100000111100101110000111110000001111111100100100100001000001101101001010010111110111010000110010100011111111110010100001101111110110011001010000111100100101101011000011111011101000000100011010111110111100111001001000101011100100011100110010111000110110111111100011001001001010001111100010000110110111100101111111111111
110111111101111101110000100100011111011010100011111111110110101001111000010110111000111000000010010001100000011011110011110011000011100010001011110001100011111001100110100001101011010111110011001000101001100001111101101110001001110111100100100011011100110000001110010001001011011010101100111010101010000111110001010100001111101111
110000010110110001001010111010100000011100010011111001111000110100000101011100100000110000000001100111000000010111111111111100100011100101100010010010001000111001000000011101011111100011110101100011000110011111111110101010100001110110000101100000111001000100100101010101010111110011010000000001101001111111010011011000111111101111
111000001111100010110110010001001011011000011001111000111011101100011001000011111001110111010110001000101100100111111111111001100111100000101101110001010100111001010111100011011111101011110001010000101111001001111100001100101001010001010000011111000000111111001100001111111000110001110000110001111011001110101000010101001111111111
110101000010010010011110000001000001100100000011111110100100111110110111011101011010101001000000011001010100100011111111100010100101110100010011110111101111111001101101111011001011101011110110100000111000110010111111010100011100000011001111101000001011110100011010010010001000000011000010111100001101111101000010011100011111111111
111111010010110111101011000101010001001111111111111000110011000001000111101011010010010111111110001001000111100011110111110111111111110000100100001001101110111110111111001011001111010111110111011011100001011011111110110101001111001100000000011011011011100110000100110011101101100001111011110010011111111110000101000000001111101111
110010001011111100001001000111110100100010111011111000111110101011101100001010010010000000101011011010011001000011110011100111000011111111111011100110110110111110001001101010100111110111111011100110111110101101111100110100110100111011111010010010110000000111110010110110001010011111100010011101110001110100011101001100011111111111
110101101011011000010101001110010001010011111011111101100001111001000001110001101111000001000010000100011011000011111111101101010001100010101000000001010100111001001011000000111111000011100101000000001011011010111110110110010011110111111110110000100000010010010110111011000001000110111001011010001001000111000101011011101111111111
111001101011101000001101110000100101101111101101111101110001100110111010000100111101010010111111100101101111100111110111110110100111110100011110111101111000111101110001111000110011011111100001111101110000000100111100001000001001110100100101110100010010010110011011111101101000100001000111010111111011001001010111100110101111101111
111100010101110100000001101000100101000001011001111101110000101100000011000100000101100000000000011011011011011111110111110011110001110010001100111011110101111111111000000001010011100111101000000100010111001100111110011010001100111111001111001010100010111100010100000110010110000100000100000100001011101111001100100000101111111111
111111010100101010111011101100010110010110000101111100100001100011100111101110101011001000100111111001110011110011111011101110001101101010000000011010100111111000001001001000100011010111100101001111101001100001111110001110110001100101000000011111000101110111001000001111111111110000111001111000010101001100001011100011001111111111
110011001111001000110001111110010010000010111001111110111010011010001000111001111011111100100010001110100110000011111011111110000101110000100100000111010110111111101101100001100011010011110111000001000000110000111100101101000110100000110110011010000010110011010101100110011110011001111001000001001010101110010111010000111111111111
110001100100000011000010010101101010011011100011111001110110100010101010011000100001100100111110101101010110111011111011100010110101101011110001101010001000111000011100110100001111000111110101100100110010111010111101010010111100010110110101011101110000010010010011101100111010011110101010110100011010100010110011000011001111111111
111000011100010100111110110011010110011000011111111110100001100100110001001010111110010000101100000001100011010111110111100101010101100000000010100100011001111000110101100111001011001011101101111101010110001111111110101100010011010000010101100010100110100110001100001000100101101111001101111110010000100101001001011011001111101111
111001111011011100000100011011000101111000011001111011110100100011111110111010101000110000101111010011010100001111110111110011011011101010011110111110100011111011100110001001110011010111101111111101000100001010111111001111000111101010100111111011111110011000000011111010100010010111011001001010011011111100011001011101001111101111
110000010101101111111010011111000001100100110111111101111001001110111000100101010101010111011011100111110010011011111111101101001001101001101010100100101101111011001000011110011011100011111010010110001010000011111110111111110000011110110100111011010010110100001100010010010011100111101100101100010111000100110110011011101111101111
111010111010000001000011111100000001111010000001111010110101000110100100100111101111010010110010001001101101010011110011111000011101111110100110100000010000111011010101000000101111100111110011111010110101000110111101011010011000011100100010111110111001000010111110111100111010101101001000000001000000000101011111000111001111111111
111011100000111101000001000100100100100001000101111100100110000011010100101100111101100100101110100000100101001111110111101000110001101111000010100111011101111000010100000111100011011011110010110011101111100100111111000100110010100000111000100001100100001111001010110101101011110110001101101111110110110000000111100010001111101111
110111110100100011000010011000011000100101110111111011101110010000011000001110010110000011010111101101010001011111110111101101101011110111110111001100011101111000111000101001100111111111101100000101101011111010111110001001111111010100110010111111000100101000001101000001011101101001100110111000100110001100110100100000101111111111
110010010000111001010101001101101011000011001101111001111011001011011001000011101001110100111110000100011100010011110111110100101001100000010111110000001100111011000000111101111111011111111011011100110001111101111111011100100111101111001111001000110111101100110000011111110001010000011111001101001001110100000110100101011111111111
111010001110111001000111100010100001000111011001111001100010001000010000010111110000110000000101000010111111011011110011110001010011110010000101010110001010111011001010101100110111101111101001011011011001110101111100111001010001010110110011100110010010001001111011010010110010001001101011010011101110111000101010001101011111101111
111011111101110011001101110011010101010010011101111101100110110000111010101100111101111101000111000011011000111011111111110111000111101111101111000010011011111110010111111110000011110011110011000100101001000100111111010101100001111011101010101001000100100100000100110001101110111011100001011011010101111111100010101000111111111111
110010111001000011100100111011011101101100000001111100101110101001111011111011010010111010011010110011111101111011111111101010001011100011100011010101100111111100001010001000100111110011101010101110101100100001111100000100100001011000010110100110110011010000010100010111010000110111101001110101011100110110000111101001101111101111
111000111011001011101111011010100100110001110001111000100001000010100100100110101000010110100010010110111111011011111011111100001001111001100100010000001101111010100110010100010011011011100010110000000011011010111111001011110000111011111001110001000100110001000110111100111111001001100001010011000110011010010000011111101111101111
111110001011101001111110000110011101100001111001111001101100010011101011111111111001000001010011110000110001111011111011110011010001101010010101001101111111111010100000111100000011001111110010000101000011000010111110110011011100100000000100011100011101111100111111001101111001101001100111110010110011110000110110110010011111111111
110110111100001110111011101111110001001110010011111110100101100011001100110001011011011110111010100101100111011011110111100101011101110000010011010011111011111111100001101100111111010011100010010110111111100011111101000011101111101000101011110000011000111000100100101010011011001001011011000011000111111101101000000010011111101111
110010000010110101100001101000101111111011100101111110101110000011100100010010111110111011101111110000100000001011111111110001101101110110110011100010001110111010111100011000011011011111100010011101001101111011111101111010101001011000011010011100111010111100110010011110000010111110100100010101011000110111100000001001001111101111
111001000011001110001000100000010000110110110001111101100010110100100000001001000100100001011111000000110111010111110011101100001101111000011101110111111000111000000011101100001011010111111110010011110000101011111110011101100111010011011110111010110111000000100110100001110001111001001011010101111000011001101000010100001111111111
111010010100101000101110000010001010011000101111111100100001111010001110000010100011011011011110011010001001101011111011110111000001110011010111001001011110111111111111100100000111001111110001000010000010110110111101101010000001011001100110001000110111110111001100100000100101000000001001000011101010110010001100100111001111101111
111101101001010011101011001101000110010001110001111101111101011100100001010100000100101111011010111000100110010111110011111110011101101110011101100010001100111000111100001110101011001011100101000100011010010000111110111111110111010111010101111000010101100100000111001101001010011011111100001110000101010010100010000011001111101111
110101010110010010010010010001111100011101101101111000100010111011101010100000100001010111100111110110100110011011111111101111101111110111111011010010001101111100101111000110001111010011101010011001110000100101111101101000110001111111101000101000110011001101001101000100001111101011100110010000101110000110101010000100001111101111
110101000100000000001011000111111010000100010101111100110111001010101111001110100011100000111101010000100100111011110111110100111111101101001110100000111101111000001000100100100011001011111010011101101000011001111101110111000010100110101010111110110100101010011010001010110001010100010101000110110111110000001010110110001111111111
110110111111001111111000000100001011100110010001111101100011001000010011101101011001001100100011100111001001110111110011111110001101110011100000011111101100111101101010101001001011010111111010111100010000010101111110001101001000011000110101000011011100000100000010011011011100111011010100111001110000110101011101011010101111101111
111000010010101110111011111111101001101110101011111001100001100110000111010101010110010010100101000101111111001011110111110010111111110111011111001100101011111101001011001100000111010011110010110111100011010100111100010001100000001100001011101001001001111101011001010101001000101001110100001100100101010100000011011100001111101111
110000110110100000010010000101011100000011010101111010101000010110001100010111011001100110011000100100111001001011111011101110100101101000101011000110110010111100011110111110001011101011110110011101000011011000111110100110001100111100111001001100000010001001100001001011101001000110100000111000111111110010111011110100111111111111
111101011011111111001111000100101110100000011111111100100001100111100010100110001110001000000001001111011011011011110111111010100011100001100101101000000000111100010100111101000011001111110111101001000110011101111111011101011011101001011111000100111000010101010010101001000010111000101000001000110110110101100111011111101111111111
110001101010001001100000001111011111101011111111111011111011010101010011000011110011000111110010110111100011011011111011101111101101100100000000010100001100111001101101001110010111110111110110010100111101001000111101100000110011100000011101011111101010101010110110100110111111001001111110101101111010010110100100000011011111111111
110001110001111000011101111111010010100001100111111001110100101000100100000010000000010000101001111001011100100111110111110000011101100010111001100110000011111011111010110001000111011011111000101100101110100000111100111000001011110011110010110010001010000011011011001100011101111011110110110001110001001011000100110010101111111111
111011011001101100110101100000011001000000000111111000100111010011101100011010100100111100001110110101010101001011110011100101010111100101010110001101011000111001001000000011100111011111110000000110101100001001111111100011111100100001100111111111011111000010011011111110100100000011110000010011010000100100001100011010001111101111
111100110000010011011011100011001011010000111101111000110000111001001011001101111010010001000001010100111000111111111111110101000101101110100101010010010100111001101110100100110111101011101110000100101100101111111110110010110111101001000001001001011101100001111101110001000000010111100000000100110010101010110100011101111111111111
111111101011011100011110100001000011010010100001111110100100000001011111110100011101001010000001011101000100111011110111100001000001101010000110000000111010111000101101001110001111100011100101000011111110010110111100001001110100001000010000010101100100011100111100000011010011011111100000001100110101110000001011111001001111111111
110011111111000000010001000101110111011100000101111000101111011100001000111000110000111010111001101100101001000011110011100101000011110001000000110011011000111011001011011100101111010111101000001111100110101111111111111100011100111110000001010101100010100010010110011100000010000100010110100100000111001011110001101111011111101111
110000001001001101100011000010101000100110100001111010110100001001010001001000010000111001110101000110100100110111111011101111010101110000100101100110101000111001110110011001000011101111110001001110110001100001111110100100111011111100001000000011000110110100000000000011100100011001100111111111001000110110101010111011011111111111
110110010110001110011101010101101011101010001101111001101100110001110010110001111100000001010011001110000111000011110011100001000011110110011101010001000001111010101011011010101011110111101011011010110110011001111100100111101101111010100011110110100010110100000010110011001110001000110010010101100001101100010000111011111111111111
111100000000100011011101010101000001000110011101111001101110110011111100000010100101101010101001101001011011000111110011110111011111111011000011001111111011111010110011010110000111110111100101000110110000011110111101101100100111101010010001000010010110011101111001101110111100110011110110000010001010000001100110010001001111101111
110100101101001111011100110010110011110011011011111010101101101001001101010101111001000010011110000101111101010011110011111010011111101100100110100011100011111100101001011011110011111111110110100000001011111010111111100000110011010110111110110100110000111000111110101001011000011010110010101000101100000110110011110010001111111111
110110100101111111001000000101011011101111101111111111111111101000001100111100100010100001001000100110101110001111110111100001000111101011110100111010111010111011111010011110101111001011110111011011000101100010111101111110100101101011010111111010010101001010110100001111101111001100011010100101001110101100010110110010001111111111
110100000111001010001110010010110111101100011111111100111100000110000101000111101011100111000110111100110111101011111111110110110001100001101010000010001110111010010101111000010011001111110100101100011010011001111101110110000110100101111110111011001110101001011000101111010101001010111001110000110101010001100000011100011111101111
111000000001111011011110000000100011000110111101111111100001001100000000000110110001010100010101101101101111110111110011101111111001111100101000000111011010111101110110111100000011100111100001001011001100011110111110100110001010110000011010111100110101100011000101001010111110010010110111000100101010011011100111100001101111111111
110010110001001110011010101000010000110100000111111111100110101001010100001110101100011001010110011011011101001111111011100011001011110111100101001000000001111011000111100110110011101011100011101100101110111001111100001010000011110100001100011111000111001001011011111111110111101011111011001110011100001111101011100011001111101111
111111001000011011111100110010001100101100101011111011100101100110100111001010010011011110001001111100111101101111110111110111111011100001111101001111111011111001101111101010101111111011101000110000100100001111111101110101100001110100110011001001111000110011100110100111101001111001111101000011001010100010110011100010111111101111
111101100111011111010110101101100100000010010011111000111001110110111110001010101100011010001010001011010010010111111111110011110111100101101111101101000000111101000011100100010111000111111111100011110010000011111100011001110100010011110010001110101001111100010111011001000110101010100000111111101010010001001001000101111111111111
111010011101100100110100111010011110111101001001111111111111011100010010010000000001110000010110100111100010101111111011101111000001100111000010110100111001111001010110000111101011001111111001011000000100000100111101111010011011011101100110011011110001110000000110010111011001001010101101000111111000011100100011110010011111111111
110011111010000010001110110110011101100101000001111100101000001111110101000110100010111110001010001011110111001011110011100001100011111101001000011011110110111110100100110101010111000111110110010110000001010001111110011001100011111000010011010111000110001110010000011110101001000111001100101010110100010110100000101100011111101111
111100001011010100000100011101111001001100010001111011110111011111000101010010111001110010010100100110001101100111111011111111010111110000100001010110000000111110110011100110011111001111101000110100100000110011111100101011110110010000011011010001111101111101010101111001101011111001001011000001000011010001101111011001111111101111
111000000011001011010101100010101100110101010001111110101011100000110001010101101001110011000111011000010101010011111011110101001011111011010110001100011000111100111010010110100111010011111111100100001011000000111100110010000111010100010001001001010100011111011110000011101000101100010001001100000110111011110001011011101111111111
110010010010011001001010001101101000111010111011111001110000011100111001100111011101110001010101010000001100001011110111111101001111100111111101101000101010111100101101101100011111010111101110001001101010001001111100000011111100011101100101001101000010110111011000000111101100000101011111010100101000101110101111100010001111101111
110011100011010101101010011011011000100001010011111011100100111000010101100011100011100011000111101001110111010011110111110111011011110100111101011000110001111010010101011011111111000111110011010101100010001110111111111110101111110010000111101001000011011000000000010000101100001111011110110100110110001110001101100100101111101111
111010011111101100001011111011011001010100010011111101110000111011001111010010000111111000111000000101011011111011110011111101001011111000000101001110010111111000011011011010110011011111100111011011011001001111111110101111010000011111001111100010010111111110011111011010001001001010010111100000101001110101000111000111101111101111
111010011001101111011010000101010010010100001101111110111000111110000111001011010011010011011001010001110000010011110111111010011011110000111001111101111110111111100100100011111111011111110001010111000001111101111110000011101000101001001111111011111010100100011010011000001011101100111101010101110111110011000110000111111111101111
111100100100100010000100100101111100101100111011111110111100010110100110010101111111000000000011010011001101110011110011110111010111110000110111101001011111111001011100101111000011001111110000111000110111111001111110101111100110010100101000111101010010101011111001110110010011000111101110010111001011001011001011110111101111111111
110111111010000001110011001011101111111101110111111001110100101001001011001000100001110101100000100010101100101011111111110110110001101010011011111010101000111100000100111000111011000011110000010101111100101001111101001011100111100110000001001111010100110111011100100111010001110010111010110010001110111111010100001000101111111111
~~~
74.0 139.0 100.0 345.0 1906.0 
80.0 151.0 100.0 310.0 1791.0 
89.0 161.0 90.0 340.0 1675.0 
78.0 126.0 113.0 397.0 2071.0 
87.0 126.0 108.0 386.0 2086.0 
83.0 128.0 115.0 365.0 1988.0 
78.0 135.0 110.0 351.0 1927.0 
78.0 153.0 95.0 321.0 1786.0 
83.0 145.0 104.0 315.0 1858.0 
84.0 169.0 87.0 338.0 1581.0 
60.0 131.0 105.0 360.0 2013.0 
88.0 155.0 99.0 293.0 1737.0 
69.0 162.0 88.0 317.0 1646.0 
94.0 160.0 87.0 362.0 1703.0 
74.0 149.0 96.0 342.0 1855.0 
78.0 135.0 110.0 351.0 1927.0 
96.0 158.0 98.0 300.0 1726.0 
82.0 154.0 87.0 362.0 1793.0 
61.0 130.0 106.0 360.0 2018.0 
72.0 152.0 96.0 310.0 1760.0 
82.0 147.0 98.0 342.0 1817.0 
82.0 151.0 95.0 349.0 1821.0 
89.0 155.0 86.0 349.0 1761.0 
60.0 131.0 105.0 360.0 2013.0 
72.0 159.0 84.0 361.0 1735.0 
72.0 150.0 99.0 365.0 1795.0 
81.0 151.0 92.0 372.0 1846.0 
83.0 165.0 80.0 374.0 1648.0 
73.0 131.0 110.0 374.0 1966.0 
94.0 150.0 101.0 308.0 1790.0 
72.0 154.0 95.0 305.0 1741.0 
87.0 168.0 93.0 278.0 1629.0 
74.0 160.0 91.0 318.0 1706.0 
89.0 148.0 100.0 304.0 1823.0 
86.0 152.0 88.0 374.0 1829.0 
77.0 144.0 101.0 335.0 1820.0 
91.0 155.0 90.0 337.0 1795.0 
94.0 146.0 107.0 296.0 1863.0 
86.0 152.0 88.0 374.0 1829.0 
80.0 147.0 98.0 360.0 1827.0 
72.0 149.0 100.0 365.0 1801.0 
72.0 159.0 84.0 361.0 1735.0 
75.0 145.0 100.0 378.0 1794.0 
78.0 150.0 91.0 377.0 1817.0 
69.0 162.0 88.0 317.0 1646.0 
83.0 166.0 82.0 325.0 1588.0 
74.0 149.0 96.0 342.0 1855.0 
99.0 162.0 89.0 309.0 1688.0 
89.0 136.0 106.0 327.0 1951.0 
77.0 135.0 113.0 323.0 1967.0 
69.0 145.0 100.0 342.0 1889.0 
82.0 153.0 87.0 369.0 1804.0 
75.0 152.0 88.0 376.0 1828.0 
73.0 149.0 90.0 365.0 1866.0 
78.0 145.0 110.0 314.0 1875.0 
72.0 160.0 83.0 361.0 1723.0 
81.0 159.0 98.0 292.0 1733.0 
95.0 157.0 95.0 292.0 1743.0 
82.0 141.0 109.0 333.0 1898.0 
96.0 158.0 98.0 300.0 1726.0 
87.0 158.0 90.0 346.0 1701.0 
79.0 157.0 94.0 344.0 1772.0 
74.0 140.0 99.0 345.0 1893.0 
77.0 135.0 113.0 323.0 1967.0 
77.0 158.0 91.0 348.0 1739.0 
96.0 158.0 98.0 300.0 1726.0 
78.0 145.0 110.0 314.0 1875.0 
82.0 140.0 95.0 374.0 1853.0 
84.0 158.0 93.0 311.0 1730.0 
76.0 143.0 107.0 330.0 1888.0 
75.0 145.0 100.0 378.0 1794.0 
83.0 136.0 105.0 347.0 2003.0 
74.0 149.0 96.0 342.0 1855.0 
73.0 150.0 89.0 365.0 1856.0 
82.0 156.0 91.0 348.0 1737.0 
95.0 157.0 95.0 292.0 1743.0 
79.0 133.0 101.0 378.0 1982.0 
87.0 158.0 90.0 346.0 1701.0 
73.0 145.0 109.0 318.0 1815.0 
82.0 154.0 87.0 362.0 1793.0 
83.0 146.0 103.0 315.0 1848.0 
75.0 146.0 99.0 378.0 1780.0 
78.0 139.0 97.0 381.0 1903.0 
81.0 131.0 107.0 400.0 2008.0 
94.0 150.0 101.0 308.0 1790.0 
72.0 146.0 108.0 318.0 1809.0 
78.0 145.0 110.0 314.0 1875.0 
74.0 149.0 96.0 342.0 1855.0 
69.0 137.0 107.0 335.0 1972.0 
0.0 29.0 167.0 565.0 3029.0 
73.0 145.0 109.0 318.0 1815.0 
92.0 137.0 114.0 314.0 1960.0 
73.0 149.0 90.0 365.0 1866.0 
75.0 152.0 88.0 376.0 1828.0 
0.0 175.0 84.0 284.0 1562.0 
83.0 146.0 103.0 315.0 1848.0 
83.0 132.0 108.0 356.0 1980.0 
88.0 155.0 99.0 293.0 1737.0 
70.0 144.0 100.0 345.0 1898.0 
73.0 131.0 110.0 374.0 1966.0 
78.0 135.0 110.0 351.0 1927.0 
87.0 158.0 90.0 346.0 1701.0 
0.0 283.0 25.0 98.0 479.0 
82.0 155.0 86.0 362.0 1781.0 
0.0 17.0 173.0 582.0 3142.0 
69.0 137.0 107.0 335.0 1972.0 
60.0 131.0 105.0 360.0 2013.0 
83.0 159.0 93.0 319.0 1746.0 
72.0 149.0 100.0 365.0 1801.0 
89.0 158.0 92.0 329.0 1712.0 
93.0 159.0 88.0 362.0 1717.0 
73.0 144.0 100.0 382.0 1806.0 
84.0 152.0 91.0 349.0 1777.0 
78.0 145.0 110.0 314.0 1875.0 
70.0 144.0 102.0 331.0 1843.0 
96.0 160.0 84.0 378.0 1717.0 
83.0 159.0 93.0 319.0 1746.0 
75.0 145.0 100.0 378.0 1794.0 
83.0 157.0 86.0 373.0 1765.0 
77.0 134.0 105.0 369.0 1953.0 
78.0 154.0 97.0 320.0 1669.0 
78.0 144.0 94.0 361.0 1878.0 
76.0 143.0 101.0 342.0 1833.0 
80.0 147.0 99.0 327.0 1816.0 
76.0 139.0 99.0 399.0 1917.0 
81.0 146.0 102.0 325.0 1881.0 
79.0 157.0 94.0 344.0 1772.0 
76.0 144.0 111.0 314.0 1885.0 
74.0 150.0 96.0 342.0 1844.0 
85.0 152.0 95.0 329.0 1781.0 
75.0 135.0 105.0 350.0 1956.0 
84.0 158.0 93.0 311.0 1730.0 
98.0 163.0 88.0 309.0 1681.0 
95.0 158.0 94.0 292.0 1733.0 
74.0 148.0 91.0 365.0 1873.0 
0.0 276.0 28.0 123.0 532.0 
82.0 154.0 87.0 362.0 1793.0 
87.0 158.0 90.0 346.0 1701.0 
96.0 158.0 98.0 300.0 1726.0 
87.0 170.0 92.0 273.0 1599.0 
88.0 155.0 99.0 293.0 1737.0 
88.0 138.0 110.0 325.0 1923.0 
0.0 276.0 29.0 119.0 528.0 
82.0 135.0 107.0 358.0 1921.0 
77.0 158.0 91.0 348.0 1739.0 
80.0 156.0 95.0 339.0 1703.0 
87.0 168.0 93.0 278.0 1629.0 
88.0 155.0 99.0 293.0 1737.0 
90.0 168.0 84.0 315.0 1589.0 
95.0 157.0 95.0 292.0 1743.0 
84.0 165.0 82.0 326.0 1602.0 
91.0 138.0 113.0 314.0 1953.0 
83.0 166.0 80.0 374.0 1635.0 
74.0 139.0 100.0 345.0 1906.0 
89.0 161.0 90.0 340.0 1675.0 
84.0 152.0 91.0 349.0 1777.0 
88.0 155.0 99.0 293.0 1737.0 
89.0 136.0 106.0 327.0 1951.0 
93.0 147.0 106.0 310.0 1809.0 
83.0 159.0 93.0 319.0 1746.0 
91.0 155.0 90.0 337.0 1795.0 
75.0 152.0 88.0 376.0 1828.0 
100.0 155.0 88.0 339.0 1722.0 
74.0 165.0 91.0 279.0 1705.0 
78.0 151.0 99.0 324.0 1829.0 
73.0 131.0 110.0 374.0 1966.0 
82.0 146.0 96.0 336.0 1874.0 
76.0 138.0 99.0 404.0 1930.0 
68.0 138.0 107.0 335.0 1959.0 
80.0 147.0 99.0 327.0 1816.0 
87.0 161.0 89.0 345.0 1678.0 
84.0 169.0 87.0 338.0 1581.0 
91.0 151.0 94.0 320.0 1792.0 
84.0 152.0 91.0 349.0 1777.0 
75.0 152.0 88.0 376.0 1828.0 
76.0 161.0 93.0 319.0 1699.0 
81.0 136.0 107.0 352.0 1913.0 
89.0 155.0 94.0 329.0 1754.0 
100.0 159.0 94.0 329.0 1692.0 
82.0 151.0 95.0 349.0 1821.0 
79.0 133.0 101.0 378.0 1982.0 
91.0 155.0 90.0 337.0 1795.0 
98.0 163.0 88.0 309.0 1681.0 
100.0 155.0 88.0 339.0 1722.0 
81.0 158.0 85.0 373.0 1758.0 
69.0 137.0 107.0 335.0 1972.0 
93.0 159.0 88.0 362.0 1717.0 
76.0 139.0 99.0 399.0 1917.0 
78.0 127.0 113.0 389.0 2056.0 
80.0 159.0 97.0 284.0 1780.0 
94.0 150.0 101.0 308.0 1790.0 
88.0 169.0 83.0 315.0 1575.0 
87.0 156.0 88.0 363.0 1747.0 
91.0 151.0 94.0 320.0 1792.0 
83.0 128.0 115.0 365.0 1988.0 
86.0 154.0 93.0 332.0 1746.0 
76.0 143.0 107.0 330.0 1888.0 
73.0 149.0 90.0 365.0 1866.0 
79.0 145.0 94.0 353.0 1867.0 
60.0 131.0 105.0 360.0 2013.0 
82.0 147.0 98.0 342.0 1817.0 
77.0 142.0 97.0 365.0 1922.0 
77.0 141.0 98.0 369.0 1885.0 
81.0 131.0 107.0 400.0 2008.0 
83.0 159.0 93.0 319.0 1746.0 
82.0 154.0 87.0 362.0 1793.0 
79.0 148.0 100.0 325.0 1869.0 
80.0 156.0 95.0 339.0 1703.0 
77.0 158.0 91.0 348.0 1739.0 
78.0 154.0 97.0 320.0 1669.0 
88.0 155.0 99.0 293.0 1737.0 
87.0 168.0 93.0 278.0 1629.0 
78.0 153.0 95.0 321.0 1786.0 
72.0 159.0 84.0 361.0 1735.0 
89.0 136.0 106.0 327.0 1951.0 
74.0 141.0 102.0 372.0 1860.0 
84.0 165.0 82.0 326.0 1602.0 
78.0 139.0 97.0 381.0 1903.0 
84.0 169.0 87.0 338.0 1581.0 
78.0 151.0 99.0 324.0 1829.0 
84.0 158.0 93.0 311.0 1730.0 
89.0 155.0 86.0 349.0 1761.0 
96.0 160.0 84.0 378.0 1717.0 
77.0 135.0 113.0 323.0 1967.0 
82.0 141.0 109.0 333.0 1898.0 
96.0 158.0 98.0 300.0 1726.0 
89.0 161.0 90.0 340.0 1675.0 
83.0 146.0 103.0 315.0 1848.0 
70.0 144.0 100.0 345.0 1898.0 
96.0 157.0 98.0 314.0 1727.0 
77.0 134.0 105.0 369.0 1953.0 
93.0 148.0 105.0 310.0 1800.0 
81.0 159.0 98.0 292.0 1733.0 
70.0 143.0 103.0 331.0 1852.0 
74.0 139.0 100.0 345.0 1906.0 
78.0 145.0 110.0 314.0 1875.0 
80.0 160.0 91.0 304.0 1718.0 
69.0 162.0 88.0 317.0 1646.0 
86.0 152.0 88.0 374.0 1829.0 
89.0 148.0 100.0 304.0 1823.0 
95.0 157.0 95.0 292.0 1743.0 
81.0 151.0 92.0 372.0 1846.0 
80.0 150.0 100.0 311.0 1804.0 
82.0 158.0 100.0 294.0 1750.0 
72.0 149.0 100.0 365.0 1801.0 
91.0 138.0 113.0 314.0 1953.0 
79.0 157.0 94.0 344.0 1772.0 
74.0 160.0 91.0 318.0 1706.0 
72.0 153.0 96.0 305.0 1754.0 
83.0 166.0 80.0 374.0 1635.0 
89.0 158.0 92.0 329.0 1712.0 
74.0 165.0 91.0 279.0 1705.0 
85.0 152.0 95.0 329.0 1781.0 
78.0 150.0 91.0 377.0 1817.0 
82.0 140.0 95.0 374.0 1853.0 
66.0 133.0 100.0 387.0 1975.0 
80.0 147.0 99.0 327.0 1816.0 
80.0 151.0 94.0 371.0 1812.0 
77.0 144.0 101.0 335.0 1820.0 
73.0 131.0 110.0 374.0 1966.0 
75.0 145.0 100.0 378.0 1794.0 
91.0 148.0 106.0 313.0 1793.0 
84.0 157.0 90.0 348.0 1724.0 
94.0 146.0 107.0 296.0 1863.0 
87.0 158.0 90.0 346.0 1701.0 
74.0 149.0 96.0 342.0 1855.0 
73.0 145.0 109.0 318.0 1815.0 
78.0 135.0 110.0 351.0 1927.0 
87.0 136.0 123.0 289.0 1920.0 
75.0 135.0 105.0 350.0 1956.0 
82.0 146.0 96.0 336.0 1874.0 
~~~
1.509
