110101100101001010011110110010100101100110011011111010110111110100010100011111011010011101001010100010010011101111110011111111101011101101001000101000100000111101110010010110001111001111100011101001110100001110111111011011010101010000000101110010001001001001001000100101010010101010101000111100000110000101010000111110101111101111
110110100100010100111000011001010001110010111011111111111111001100110000101000011101110101101110110111111010110111111011111100111011100010111011111000101110111011100101111001111111011111111101100111100011011110111101100010110010101100011110001110110011001011110111000000010101000011000000000001001100101110111100100000101111111111
111110100001101100111011010010110000111001001111111011111011110101010010100000001001110101110100001101011101001011111111111000100101110011111010000010001000111110011001010010110111001011101001010001100001010001111101100001000001110011101010001001110010101101100001000011100010001100010001100001001100101010110101110010011111101111
110110111111110110001110010001011011110100011111111010110100001100000010100000001100000000010110011011100001111011111011111000111101111111001010010111111110111111100010111101010111011111101001010101100001110010111111001010111001110011011010110000001001101011100110100100000010101000111110011010101001001100000001000101111111101111
111100100001111011100110010011100010011000000101111011101011101110110000000000100010100101000100111000110000110111110011111011111001111010001011010000010001111110000101101011011011101011100100001101000001100101111100000010011100111001000010001000110101000000000010001110011100111010111011010101001100100010110111011011001111111111
110011110000111011001011000111110100110101010111111100110110010011101000000000100001010100001011110001100001101011111111110100011001111001100100011000100010111111110010010010000111000011111010010100011000100101111111100101001011111001111000101110101101010010100000001000101100110010111000111001011001000000110110101101101111101111
110110010000000111001001001001111000110001000011111110111100001010011010010001010001010000001100010001101000110011111011101011010001100010100101100000111001111000000100000100111011000111110001101010001010011010111110010010110010110010010011001011000100011111001011001110010010100101100110110101111111000010000001100011001111101111
111010001001111101011001011110101000110010100101111100100010001101100011111000101010100101110000100110000110100111111011111000011001101101001011010110011111111101110100100011100011100111100110000101101100000100111110101001000011000010011001001100000010101011000100010011110101010001110100111000010100010001110000001011001111111111
111110111011101111001110001110010100011100101001111101100001100111000101011100010010101100111000000101000010100011111111111011011111101110011000111000100001111100101101000101110111110011101110001101000100010001111100011110100110001010100100110000110111111101000101100101110010101001100001001100001101110110001000001000011111101111
111101011100001001100011010110000011010001100001111010101011001001011110000010101110111011010011111000110101000011110111110010000101101101100010100101001110111010010001111101110011011011111101001110101100101001111110100010100010001011100000110000000111111010111010110101000111011101000101001110011010100111110001001000011111111111
110000000010001010110110100110111001001000001011111100111110111111101001101110101001110101101000100111111101110011111011100110100101111100111100010000011110111100000000010111010111110011100001010010010110101001111100011101110000101111110111100111101001011011011101111110101110110110000010110011001001001101010100011111101111101111
110000101101111010101101011011000001101111101101111001100011011001000000001010110110100000110000100000101100111111111111110110110111100111001001001111110001111011001001101100010111100111101110101110011111000001111101101111000001011111101111000001101000111110100100100101111011101001001011110011011000010101001011010001111111111111
110110010000111000001111100000010100001100000001111101101011100000010011001101000010110111101001110100111101111011110111100100111111111001110100110110001010111001110111111011110011001011111000001100010000110000111100001011101000111100100010111001110011011010010001010011000111010100001101011001010010010000100100111001011111101111
110100001100011110110101101101110000111011101101111111101111110011101111111100111010100110010100011011111100001111111011110100101101110101000000111000010110111000100010011000101011100111110010000010100001000100111101001111101010100111101100111000000110011000010101000010000111010001000001001010001110000101100000111001011111101111
111101110010011100000111000001100110110101001101111010101101001111001100010110101110011001001010101100111111110111111111100010110011110110111101110001011001111101100011110101000011011111100100111001100010001011111111011000101100010111001010111010011010000001101000001010000111101101110110011100101101010111001110010100111111111111
110000000110010101111010111011101111010100011011111001110011101001011110100001101010111101001011100101001001110011111011100111011101101010000010110010000110111011000101010010101011110011100001100000001101010110111100110011111011110100100011011000111100100010101010110111000100100001100100000100010001001101000000000011011111101111
110100101111001110000001001001101000111111010001111110110101101100001100010001000010101010010101111001010111110011111011100110000001111011010101101100011010111010000001000010110011100111111111111101010010111010111100110010011101111001011011001011010010011011100000111000010111100111011111001010010010100100000010101111001111101111
111100001000110110011110001010010011010101111101111010100111111111000111011110111011001011111001000100100111001011110111111110011111111000010110111100100010111001101110011000101111111011101011000101111010101111111101110011111011010001011010011100111100011011111001100000110101010110111100010011011011010111101111000100011111101111
111001111000011101010110101100111110100010001001111110101100000100011101001100000100111101111011111010111100110111111111100011111111101001101011011100101010111101101101101110001011111011101111111100100111001010111110101011010011000011101111010101101100111101011111111100010010111101111111010101011001011100100011111001011111111111
110110111011011100101011100110010000000010010001111111110101001111010011011011001000000000010100111011011100001111110111111011111101100101011111000100011111111001100011010010110011110111110000001010000010001001111110110100111101101000010010110110000010110111110101110010001110110010101110001101111110111011100101111110101111101111
111100100001111011100110010011100010011000000101111011101011101110110000000000100010100101000100111000110000110111110011111011111001111010001011010000010001111110000101101011011011101011100100001101000001100101111100000010001100111001000010001000110101000000000010001110011100111010111011010101001100100010110111011011001111111111
111101000011010100000001011010010001000000110101111010111100000010001000011110011000100010111111001001111110011011110011101100111001100100110001011111110110111001110000101110101011011011111001000010110000011010111100111110110000000111010000110101101100011110100011110010010010001011101100000100010011101101101100101010111111111111
110000011001000011101000000101100001101000101011111110101101101100100001000101111011101111010110110001011100110111110011101001011111100111111010100110000111111101111111000010000111001011100000011000111001100101111110000111000010001110101001001100101111011000101011011111001010100111100010010001001000000100010110010110101111111111
110110010000110011101000111010001101111010101011111111100011100010110011101110011110001100000000000001100001100111111011100111011011110101111010111110111000111111011111111101100011011011111111100110000100001111111111101110001011110001011100001010100111011101111010011111011111001000101011100111001000010010010011110101101111111111
110011111110011100101101100101011011011011001111111101111010101101011001100001110010010000000010001011101011110011110111111010100011101100110000001010001110111011011001101000110011010011110101101110010010000100111101000111111100110001101110000111010000111111111001101110001000111101111010110001001011101010011000101011101111101111
111111110100001100000010101001111011101110010111111110100110000000001000010010100101101011001000100110100001001111110111101100001011110110011001001001000000111000100011100101000011001011111000011001110100100010111101100100011010100011000010011000101011001001010000101001100110001110101010101011111000100110111111000000101111111111
111010011000111111110100001110011000001000010001111100111110110011100110111000011011101100110111101110100111010011111111110011000111111001110111010110110100111100100010101011111011111111111000100101011001110100111110111010110100111001001101000110111110111010100101110101110000000010101100001111011100011001111001010110001111111111
111100010111010010000011110101100001011001011001111101111111110000001010001010010100101001100011110011111100011011110011101101010001100110010101111110100101111010110001101111111011101011100101111110000101011111111100010011101001111100001111001000001001001101010111101110111101100001110101011001011010101011110010001000001111111111
110010010110001010010101111000110010010110101001111000111000101110100110000010001000011000000110010100101001010111110111100001110011101000011100011110111100111011110010101111110011000011110001100101010111001000111100000010000011010001010100101110101010100111010100110100010110011100100010001100111110010100110111010110011111111111
111110111011101111001110001110010100011100101001111101100001100111000101011100010010101100111000000101000000100011111111111011001111101110011000111000100101111100101101000101110111110011101110001101000100010001111100011110100110001010100100110000110111111101000101100101110010101001100001001100001101110110001000001000011111101111
110001010100001110111100010000100101001100000001111000110011000100010010100000100110110000011100001000000000101111111011110000101101111011111100000111110110111100101100111100001111011111111100100110100010010100111111000110011000000101000001011000110011000110011000011010010111111110110100011010011010001110011000111111001111111111
110000000000001111001100000000000000000000000001111001100000000000000000000000000000000000000000000000000000000011110011100010000001100000000000000000011001111000000010000000000011100011100000000000000000000000111100000000000000000000000100000000000000000000000000000000000000000000000000000000000000000000000000000000001111101111
110110100100010100111000011001010001110000111011111111111111001100110000101000011101110101101110110111111010110111111011111100111011100010111011111000101111111011100101111001111111011111111101100111100011011110111101100010110010101100011110001110110011001011110111000000010101000011000000000001001100101110111100100000101111111111
110011011110000100011111100010011000100111000011111101111010000100110001010001000010110010011010100100010111110111110111111011110111110000001001010000100100111001100010011000000011101111111001110010000111110011111111101111001100000110011100000100101111001101101100011101110011101100100111111000101011100000000000000001001111111111
110101110100100100111011110010010000011100011001111001110110100101110111001001010010110101001001000110000011111011111111100001100001100110001001000110001011111111111101000001001111000011101100001110111011101001111110000011011001100011100011000001110101110001100101011001101110110101111001011011111001111111001010011100011111111111
111100111001000000111001000100100000000010100101111100101110000011110111111000111101011001101100100011110000000011110111101000100011100001110000110011010010111001000110010000011011011111110010011110011010011010111101010110000111101101010100101001110010000001011011000101001101010110111110100010001100110001110000111010101111101111
110010010111101000001101011010100010010011000001111000110010010110100100101000000001100100100011100000010010100011110011110100010001101110001111111010110011111011001110000110000011001111100000111011100011110000111110100111000101000110001010101000000011101011000001001101101011111111111101011100100101010101101011101110011111111111
111011000111111010101100110100011000100001000111111100111000110111111000000110000100111110000010011011000101111011110011100010000011110110010111001100001110111001011010011001001011001011111111101010011101111101111101011010000000110101111100101100110100100110101011110110010110110111010111101100110110011000000000011010011111101111
110000100001000000011101100110111011001000100011111100110010010110101110101000101100000010110000111110100101101111111011111011001101111100101100000100101010111101001111011001000011001111100110011010101100010001111110000011000000101100101001100010001010000011001101010010111001000001000101011101010000001001000011000001111111101111
111110111011101111001110001110010100011100101001111101100001100111000101011100010010101100111000000101000010100011111111111011011111101110011000111000100101111100101101000101110111110011101110001101000100010001111100011110100110001010100100110000110111111101000101100101110010101001100001001100001101110110001000001000011111101111
111000110100111011010011011000011010010000001011111011100110101011011101000101110000011100101100011010111110101011110011100010001001111111000010001011001110111110010001100011111011011111111110101110001011111111111101000000001000110011100110000000000101010111000101011011100010001100110001101010100100000100001000111011011111101111
111010000000011101001110001100100000010110101001111000111000101110100110000010001000011000000110010100101001010111110111100001110011101000011100011110111100111011110010101111110011000011110001100101010111001000111100000010000011010001010100101110101010100111010100110100010110011100100010001100111110010100110111010110011111111111
111000010001101110100011011100001110100100000011111001101000001100000111100111001000011011000111110100001000000011111011111110001001100110101001100001110111111001110000001010101011011011111101101000100100110010111110001110000110111000001110011010101000000111101001010100110110100010111100100010010011010010101100100010101111101111
111101100010100010011000001111101110110011000101111010100101110001011111000101110001100000000010111100001111100011110011111001101001111001111001010001010010111001101110101001100011111111100010010101101010101100111110100010010011100010100000011001000000101111011111011110100111011111010111011110011111000100011010010100011111101111
110101110100100100111011110010010000011100011001111001110110100101110111001001010010110101011001000110000011111011111111100001100001100110001001000110001011111111111101000001001111000011101100001110111011101001111110000011011001100011100011000001110101110001100101011001101110110101111001011011111001111111001010011100011111111111
111101010011111111100110100101000011010001100001111001111010110101011001111010010001110001110010100011010101110011111011110011100111110110111111000111101110111110001111111011111111000011101001110111001100000001111100010011110011100100100001000110001101110011001111110110001010101110010111101100001100000010111111101100101111111111
110001010100011001000000101110100100111000110111111001100011100011011000101010001111010000010011111001100011010011110111111111001101101100001010000000110110111110011001111101010011011011101001100110010000000101111110100001000000101000001101010100011000100010010110101001110111000100101111000001111100100110010111010100001111101111
110000100001000000011101100110111011001000100011111100110010010110101110101000101100000010110000111110100101101111111011111011001101111100101100000100101010111101001111011001000011001111100110011010101100010001111110000011000000101100101001100010001010000011001101010010111001000001000101011101010000001001000011000001111111101111
110110010000110011101000111010001101111010101011111111100011100010110011101110011110001100000000000001100001100111111011100111011011110101111010111110111000111111011111111101100011011011110010010100010110001100111100001010111011110000010111110010000010001011111011100001100101010001000110101101101100000110001110101011111111101111
110001010100011001000000101110100100111000110111111001100011100011011000101010001111010000010011111001100011010011110111111111001101101100001010000000110110111110011001111101010011011011101001100110010000000101111110100001000000101000001101010100011000100010010110101001110111000100101111000001111100100110010111010100001111101111
110111000001101011011010001000000100000111110101111100111011001101001011011100001011011000111111110101100010101011110011100111101011100101111010111111001100111001111000010000101111000111111000101111101110111010111100010010001101110000101110101111111010011011010001101110111001101010111111010000010110010001010111101001101111101111
110000100010110010011101011100101111100001111011111100100010111000001001000100000100110100101110011001101111111111110111101000010001100111100100001100101110111100100101111110110111011111111010010011100110000110111101011111000001100001011100011011001010000110011001100101101110110110000010110011101001001101010100111111101111101111
110000011101001110111000101111000100000010100001111001100101011111101111010110011101000010101101000000100101000011110111111100000101101111111010101111110000111101010010010001001011001111100111011110111110110000111111000000011000111101110011001100101010001011101000110010011011111010101100000101111110010011001111111011011111101111
110101110100100100111011110010010000011100011001111001110110100101110111001001010010110101011001000110000011111011111111100001100001100110001001000110001011111111111101000001001111000011101100001110111011101001111110000011011001100011100011000001110101110001100101011001101110110101111001011011111001111111001000011100011111111111
111001001101000010111100001000001101110110000001111100111001100111001001010000110010001001000110001111101011000111110111110111110011110101100000001111001101111101100111011010001011111011111100100010001000011110111100110110001010011110001000010010101111000110000101000111100111011000000101010001111010111000001111110011101111111111
110000100001000000011101100110111011001000100011111100110010010110101110101000101100000010110000111110100101101111111011111011001101111100101100000100101010111101001111011001000011001111100110011010101100010001111110000011000000101100101001100010001010000011001101010010111001000001000101011101010000001001000011000001111111101111
110110111111110110001110010001011011110100011111111010110100001100000010100000001100000000010110011011100001111011111011111000111101111111001010010111111110111111100010111101010111011111101001010101100001110010111111001010111001110011011010110000001001101011100110100100000010101000111110011010101001001100000001000101111111101111
110101100001100010110101000110000001100111111001111101110011101010010001000111111100110100011110111011111010011011110111100000010101110011111111110101011000111010001110010011011011000111111000100010111000101101111100110001101001000101000110101100000111001001111000000111010000101001010110000100110101101001011001111110111111101111
111000110100111011010011011000011010010000001011111011100110101011011101000101110000011100101100011010111110101011110011100010001001111111000010001011001110111110010001100011111011011111111110101110001011111111111101000000001000110011100110000000000101010111000101011011100010001100111001101010100100000100001000111011011111101111
110101111111100011100000101111100000010100111101111001101011101111100101010111110001101000101110000010010001110011110111101000110111111110001011010111011101111010111100110001111011010111100111111110110001111010111110100010000100000001000101111100001000111001101111010110101111000100001100001010010100001001011101011110101111101111
111001000111011000001010110001011100100111101101111101101101000011111010100000000011000000111111011101111011011111110011100011101001111101111110100100110010111011111010011001001011110111101100011001001011001100111110101110001000001100000111101110100001100011001100110101111011001010011010110110101100011111101001111110011111101111
111100011000101010111011001001001100100011000111111000101000011110011100000100001010010011010000000010100110001011110111100110011101101110001001110101011000111001000000000110011111000111100100011001011001010111111101010100011111101100110100110100100011111101111001000111011110011000101100000011000111111000011111110100001111101111
111001111000011101010110101100111110100010001001111110101100000100011101001100000100111101111011111010111100110111111111100011111111101001101011011100101010111101101101101110001011111111101111111100100111001010111110101011010011011111011011011110111001010111101101111111110100101000100001110001101100010011110111100011001111111111
111010000000011101001110001000100000010110101001111000111000101110100110000010001000011000000110010100101001010111110111100001110011101000011100011110111100111011110010101111110011000011110001100101010111001000111100000010000011010001010100101110101010100111010100110100010110011100100010001100111110010100110111010110011111111111
110001010100001110111100010000100101001100000001111000110011000100010010100000100110110000011100001000000000101111111011110000101101111011111100000111110110111100101100111100001111011111111100100110100010010100111111000110011000000101000001011000110011000110011000011010010111111110110100011010011010001110011000111111001111111111
110010010110001010010101111000110010111010101011111001110001101010100001011000001010011000101011110101110010010011110111111111101011111010101111011010101100111001010001111111010111111011111001001011100110100000111100100010001101000010110100111000110001110111010011000111100011000101011000001011010100110100010000000001111111101111
111101111111000101101100011110110000110110011111111010101001001111000100011100011001000000111000101110001011000111111111100111110111100100111001110011111101111011111101111101110011011011111001110111110101101000111110100001101100111101110000011010011010110010101000111101011010010110111011010000110101100000111111111100011111101111
111111111111000011011101100101011001101010110111111100100101001110001101110111100111101110101011100100010101010111110011100111110001101000010110100000010111111001011100110011110011000011101111000100100000100011111110011100010011100111001110000100110011010011001111000100001100101110010011011000000011111011110111101111111111111111
110100010010001000101100100011111111010101110101111100110001100010010100011011100100001111110010000001110111111011110111111010111001101010011010000110011111111100101010000111010011100011111110100010010001100000111101011101100101001110100001110000010011111000101001101010110001110110111001110101001111011101010010101000011111101111
110101101010111001000100010111100110001010111111111000100000000011100111110101100000111010010111000010110111011111111011100001000101101101111100011000100000111101111011001001011011101111110110000011011011101011111100101011101001110010110000110111010011111101111010101110101010011101001100110111011011110000000111111100011111111111
111010011000100101111111010001111001100110101101111010110110111101011001111011000100100000010110011011110011101011111011110100010001111001111101001000100010111011111101000010001011101111111001101111010010010000111100001100001000000010001110010110100001110110100010011010010011000101111110010101011001111101111110010001101111111111
110110010000000111001001001001111000110001000011111110111100001010011010010001010001010000001100100110000100011111111011110111010011110001110000001100001010111101010011011000001111000011110111011111010101001011111111110111010110000111011011101011001011111111110110001101100010011100111110110110101110101100110000110110001111111111
111011000111111010101100110100011000100001000111111100111000110111111000000110000100111110000010011011000101111011110011100010000011110110010111001100001110111001011010011001001011001011111111101010011101111101111101011010000000110101111100101100110100100110101011110110010110110111010111101100110110011000000000011010011111101111
111000001001000010101110000001001011001100111001111000100101100010111100001101100111000110000010011100001110000111111011101010010101101001010001000100101010111000000011111111111011111111111101001111001110001111111100001001011101000011010100111111000110010011100011011011000100110100101111010011000011000110000110001011011111101111
110000000110010101111010111011101111010100011011111001110011101001011110100001101010111101001011100101001001110011111011100111011101101010000010110010000110111011000101010010101011110011100001100000001101010110111100110011111011110100100011011000111100100010101010110111000100100001100100000100010001001101000000000011011111101111
110100100001000010111110110001011010000010010111111001101101010101100010010100110101111110001000111011000011100111110011101111100101110110011101100110000000111101111101111110111111011111110011100101000001111000111111101100111011100011111100111010000111100011110111010011110011000011110001001110010111000000001011011101001111101111
111111100010000111000111000001010001100000101001111010110001101110110000011010110101011001010001110110010110001111110011111100100111110111010000000000110101111110000110111011011111001011101111101010111001110010111101101000100001110101010101001000110001011100001101011010011011111001110111100101001100100101000010111111101111101111
111010101011010011010011000101101111011110000011111011101000010010001010101111100000010011100011111000010110010011110011110101000001111010100101010101000101111101011001001100110111010011100101001000101000101000111111111110111101110111001101011010101001001011111000100001000010110110110011110001010101110010001001100010011111101111
110100010010001000101100100011111111010101110101111100110001100010010100011011100100001111110010000001110111111011110111111010111001101010011010000110011111111100101010000111010011100011111110100010010001100000111101011101101101001110100001110000010011111000101001101010110001110110111001110101001111011101010010101000011111101111
110100000011010100100110110011001000011010000111111100111110000110111110110110001101100001000101100101100011001111110011100101101011100000000000110001111101111010100101000111011011101011111000100001001010011110111110001111011000000111000011000100101001011111001000000101101000001101000001100001000000101110011110011010001111111111
111010101011010011010011000101101111011110000011111011101000010010001010101111100000010011100011111000010110010011110011110101000001111010100101010101000101111101011001001100110111010011100101001000101000101000111111111110111101110111001101011010101001001011111000100001000010110110110011110001010101110010001001100010011111101111
110110101101100110100101110100110000111100100011111101100100110000111010100000101101111101000110001011111100111111110011100001101011101010001111010000001000111011000011111111011111111111111100111000001010111001111110100101110100101010101111000110100000001100010110001110010101001011110110100100001111000111010000100000101111101111
111000001001000010101110000001001011001100111001111000100101100010111100001101100111000110000010011100001110000111111011101010010101101011010001000100101010111000000011111111111011111111111101001111001110001111111100001001011101000011010100111111000110010011100011011011000100110100101111010011000011000110000110001011011111101111
111111101000001100011010000011011010001100001011111100111110111100110110010100010000100111001000111100100111110011110111110100111101110000101001110111111100111010010001000000100111010111110100111101001100000011111101101000111010000100110010100010001100100000111000000111001101110001100000111110000101010011000010110101101111101111
110110010000000111001001001001111000110001000011111110111100001010011010010001010001010000001100100110000100011111111011110111010011110001110000001100001010111101010011011000001111000011110111011111010101001011111111110111010110000111011011101011001011111111110110001101100010011100111110110110101110101100110000110110001111111111
111001001101000010111100001000001101110110000001111100111001100111001001010000110010001001000110001111101011000111110111110111110011110101100000001111001101111101100111011010001011111011111100100010001000011110111100110110001010011110001000010010101111000110000101000111100111011000000101010001111010111000001111110011101111111111
111101000011010100000001011010010001000000110101111010111100000010001000011110011000100010111111001001111110011011110011101100111001100100110001011111110110111001110000101110101011011011111001000010110000011010111100111110110000000111010000110101101100011110100011110010010010001011101100000100010011101101101100101010111111111111
110010010111101000001101011010100010010011000001111000110010010110100100101000000001100100100011100000010010100011110011110100010001101110001111111010110011111011001110000110000011001111100000111011100011110000111110100111000101000110001010101000000011101011000001001101101011111111111101011100100101010101101011101110011111111111
110010010110001010010101111000110010111010101011111001110001101010100001011000001010011000101011110101110010010011110111111111101011111010101111011010101100111001010001111111010111111011111001001011100110100000111100100010001101000010110100111000110001110111010011000111100011000101011000001011010100110100010000000001111111101111
110010100011101100001100010011100111101110000001111111101010100100000010100000000010000110011010000101100111011111111011101011001101110111100011001000100001111001100011000100010111010111111111110001101001101010111101111011110110001000111001100010011010010001000001001110100110000011011100100010010111000000001000001111101111101111
111111100010000111000111000001010001100000101001111010110001101110110000011010110101011001010001110110010110001111110011111100100111110111010000000000110101111110000110111011011111001011101111101010111001110010111101101000100001110101010101001000110001011100001101011010011011111001110111100101001100100101000010111111101111101111
111010100011010111000111010010000101110000111011111011101110011000001010111010011000110110010010110010010100010111110111111001100111110001001100010000111000111010111110011011100111100111110011111100010010000000111100000010010000101100001011011100100011100100001110110010001101100101000000011100101000001111101110001011101111101111
111101110010011100000111000001100110110101001101111010101101001111001100010110101110011001001010101100111111110111111111100010110011110110111101110001011001111101100011110101000011011111100100111001100010001011111111011000101100010111001010111010011010000001101000001010000111101101110110011100101101010111001110010100111111111111
110000111101100011111111001010000010011001100001111010110101011100010011100010110000100100000001011110011001001111110011111010100011111111101100011100101001111001110010101010011111111111101010100011010100111011111100000010001000010011001000110010110111111000111111001010000001111001110001000011111001101111111111101001101111111111
110111100011010001111111101111011011110100000011111111100010110101111000100110101010001111111110000001001101110111111011110011001111100110001101001001001001111001011010111100011111010111101101101111100010101100111100010011011011110111011110100010010010101100100100010101100001111011001111011101110100010100111100011100011111101111
110000010000111001001000001010011110000110010011111010111110101011111001001011000001100101110011111111101110010111110111110001010011100010100100010000100001111100010100011111000011101111111000110110001111011000111101000001100101110100010100000011111110110110110100111000100001001111010011010101000001010101011011000000101111101111
110000000101111110101011011000110101011000100111111001100101101011111011101000000111100110111011111111001111110111110111110010000101111100011000001100101111111010110100100010110111111111111100110010110101010101111110011001111101101110111111111100000001111001101001000001000101001110111111111111100011010010101001110011011111101111
110110010000110011101000111010001101111010101011111111100011100010110011101110011110001100000000000001100001100111111011100111011011110101111010111110111000111111011111111101100011011011110010010100010110000100111100001010111011110000010111110010000010001011111011100001100101010001000110110000000000111001101111011001001111111111
110001110101100000101010100111101000000001101111111000111100110011010000100111110000001011001100101000100101101111111011100111101111100110011111011001001010111100110011111100111011101011100000100111001111100101111101111001000001100100011000001101011111111000010011001100101100000001001110110010100001000111110000000001101111111111
110010100011101100001100010011100111101110000001111111101010100100000010100000000010000110011010000101100111011111111011101011001101110111100011001000100001111001100011000100010111010111111111110001101001101010111101111011110110001000111001100010011010010001000001001110100110000011011100100010010111000000001000001111101111101111
111110100001101100111011010010110000111001001111111011111011110101010010100000001001110101110100001101011101001011111111111000100101110011111010000010001000111110011001010010110111001011101001010001100001010001111101100001000001110011101010001001110010101101100001000011100010001100010001100001001100101010110101110010011111101111
111100010111010010000011110101100001011001011001111101111111110000001010001010010100101001100011110011111100011011110011101101010001100110010101111110100101111010110001101111111011101011100101111110000101011111111100010011101001111100001111001000001001001101010111101110111101100001110101011001011010101011110010001000001111111111
110010110100101111101110001011000111000000001001111000111001111111100000111110000111010100110010011010101011000011111111101110110001101101100010000111001011111011101010011011011011101111111110010001100100101011111101100000001000100100000100011001101110110000000011100111111111100000011110110100100111001010010111100000001111111111
110111100011010001111111101111011011110100000011111111100010110101111000100110101010001111111110000001001101110111111011110011001111100110001101001001001001111001011010111100011111010111101101101111100010101100111100010011011011110111011110100010010010101100100100010101100001111011001111011101110100010100111100011100011111101111
111011011000100000000101101111111110111010111001111100100111111000011001110011001100000011011100110011111100111011110111110010101101100101001011111100110100111111101100110011110011000011111111100110000100001111111111101110001011110001011100001010100111011101111010011111011111001000101011100111001000010010010011110101101111111111
111101110010011100000111000001100110110101001101111010101101001111001100010110101110011001001010101100111111110111111111100010110011110110111101110001011001111101100011110101000011011111100100111001100010001011111111011000101100010111001010111010011010000001101000001010000111101101110110011100101101010111001110010100111111111111
111100100001111011100110010011100010011000000101111011101011101110110000000000100010100101000100111000110000110111110011101011111001111010001011010000010001111110000101101011011011101011100100001101000001100101111100000010001100111001000010001000110101000000000010001110011100111010111011010101001100100010110111011011001111111111
110000100001000000011101100110111011001000100011111100110010010110101110101000101100000010110000111110100101101111111011111011001101111100101100000100101010111101001111011001000011001111100110011010101100010001111110000011000000101100101001100010001010000011001101010010111001000001000101011101010000001001000011000001111111101111
110000010000111001001000001010011110000110010011111010111110101011111001001011000001100100110011111111101110010111110111110001010011100010100100010000100001111100010100011111000011101111111000110110001111011000111101000001100101110100010100001000000011101011000001001101101011111111111101011100100101010101101011101110011111111111
110001010100001110111100010000100101001100000001111000110011000100010010100000100110110000011100001000000000101111111011110000101101111011111100000111110110111100101100111100001111011111111100100110100010010100111111000110011000000101000001011000110011000110011000011010010111111110110100011010011010001110011000111111001111111111
111000010001101110100011011100001110100100000011111001101000001100000111100111001000011011000111110100001000000011111011111110001001100110101001100001110111111001110000001010101011011011111101101000100100110010111110001110000110111000001110011010101000000111101001010100110110100010111100100010010011010010101100100010101111101111
111111100010000111000111000001010001100000101001111010110001101110110000011010110101011001010001110110010110001111110011111100100111110111010000000000110101111110000110111111011111001011101111101010111001110010111101101000100001110101010101001000110001011100001101011010011011111001110111100101001100100101000010111111101111101111
111110001000010010000110000001011110001000111011111100110101100000011001110101110000011011011000011000100001010111110111101101110101111000000001011111011111111101111100111111001011101111111110111111101001001011111101111100000001100100001100010011111101101010010001110010011111011010110011010011101101110110001101010001001111111111
111010100011010111000111010010000101110000111011111011101110011000001010111010011000110110010010110010010100010111110111111001100111110001001100010000111000111010111110011011100111100111110011111100010110000000111100000010010000101100001011011100100011100100001110110010001101100101000000011100101000001111101110001011101111101111
111110001000010010000110000001011110001000111011111100110101100000011001110101110000011011011000011000100001010111110111101101110101111000000001011111011111111101111100111111001011101111111110111110101001001011111101111100000001100100001100010011111101101010010001110010011111011010110011010011101101110110001101010001001111111111
111101010011111111100110100101000011010001100001111001111010110101011001111010010001110001110010100011010101110011111011110011100111110110111111000111101110111110001111111011111111000011101001110111001100000001111100010011110011100100100001000110001101110011001111110110001010101110010111101100001100000010111111101100101111111111
110101100001100010110101000110000001100111111001111101110011101010010001000111111100110100011110111011111010011011110111100000010101110011111111110101011000111010001110010011011011000111111000100010111000101101111100110001101001000101000110101100000111001001111000000111010000101001010110000100110101101001011001111110111111101111
110100001100011110110101101101110000111011101101111111101111110011101111111100111010100110010100011011111100001111111011110100101101110101000000111000010110111000100010011000101011100111110010000010100001000100111101001111101010100111101100111000000110011000010101000010000111010001000001001010001110000101100000111001011111101111
110110011011011110011010101000111011010110001111111111100101100110111011110111001001000000110101011101010010101011111011110000010111110100010111101000001101111010110000101111100011010011110111100101110000001110111101001100100000111010001111001111101010011111010011010111101101000001011111100111000111110000001000110001111111111111
110111100011010001111111101111011011110100000011111111100010110101111000100110101010001111111110000001001101110111111011110011001111100010001101001001001001111001011010111100011111010111101101101111100010101100111100010011011011110111011110100010010010101100100100010101100001111011001101011101110100010100111100011100011111101111
110000100001000000011101100110111011001000100011111100110010010110101110101000101100000010110000111110100101101111111011111011001101111100101100000100101011111101001111011001000011001111100110011010101100010001111110000011000000101100101001100010001010000011001101010010111001000001000101011101010000001001000011000001111111101111
111101100010100010011000001111101110110011000101111010100101110001011111000101110001100000000010111100001111100011110011111001101001111001111001010001010010111001101110101001100011111111100010010101101010101100111110100010010011100010100000011001000000101111011111011110100111011111010111011110011111000100011010010100011111101111
111100100001111011100110010011100010011000000101111011101011101110110000000000100010100101000100111000110000110111110011111011111001111010001011010000010001111110000101101011011011101011100100001101000001100101111100000010001100111001000010001000110101000000000010001110011100111010111011010101001100100010110111011011001111111111
110110011001100010110000000110111110100111011101111011101010110010111101010010101000011101100110101001101101110011110111110001101001110010000000000011110010111000011011001011101111010011101101101001110101001011111111000101100111001100001111011011001010001011100110101000000001101101100110001011110011001110010000011111011111111111
111110111100100010010001101101011001110010010001111110111111010001001101010101001110111010101001000111100000000011110111110111000101111000101110001100111110111101100001001010101011101111111000011110000101101010111101011010100100101110110001110001100110101011111000111000001000110000100110011111101100000011011111110101011111111111
111101111110100001011100111011100000101000000011111100110001100110000111011111110100010001100100000000101110001111110011100010000011110010110111000011011101111110010100111111001111101011101010011001100111001111111100001100011000101100100101010001000011011011111011011000010011101001001100000110011000001000100111000110001111111111
111111101000001100011010000011011010001100001011111100111110111100110110010100010000100111001000111100100111110011110111110100111101110000101001110111111100111010010000000000100111010111110100111101001100000011111101101000111010000100110010100010001100100000111000000111001101110001100000111110000101010011000010110101101111101111
111100110110001101111011000110001100101011100101111000111011101100111010010111111011101110111111010011010010111011111011101111001001101110011100001011110010111111001010101110100011001111110100001101100110001100111111000001001101110011100110000100101101011000110000001110000010110011000011111001100001000010101011100010001111111111
110000111101100011111111001010000010011001100001111010110101011100010011100010110000100100000001011110011001001111110011111010100011111111101100011100101001111001110010101010011111111111101010100011010100111011111100000010001000010011001000110010110111111000111111001010000001111001110001000011111001101111111111101001101111111111
110001100101011001101001010010110101010101111011111100111001111001110011000100110010011111101011111111110011100011110111110011101011110001100001011100111100111100100111000010010011111111101101111011001010111000111100100111010000000101011000111110001101111010111011100101001000001000010001001010111011100111111100001010101111101111
111111111111111111111111101111011111111111101001111111110111111111111111110110111100111111101111111110011001111111110011111011100011111111111111111111111111111111111111111111111111111111101110111111111111111111111111111111111111111111111100111111111111111111111111001111011111111111111111111111111001111111111111111111111111111111
111110001000010010000110000001011110001000111011111100110101100000011001110101110000011011011000011000100001010111110111101101110101111000000001011111011111111101111100111111001011101111111110111110101001001011111101111100000000100100001100010011111101101010010001110010011111011010110011010011101101110110001101010001001111111111
110001010100001110111100010000100101001100000001111000110011000100010010100000100110110000011100001000000000101111111011110000101101111011111100000111110110111100101100111100001111011111111100100110100010010100111111000110011000000101000001011000110011000110011000011010010111111110110100011010011010001110011000111111001111111111
110011010110010110001010001010101101000100100111111110110010001000111011001000110000000011100110011100001110001111111111101110101111100011111111100101001011111110110011110111011111101011101000100111100100110101111100101011000000000111001111010011010000010000101100110110110011100001100101001000000111110000101000011101111111111111
110101101100001100011101010111101011111111101101111001101100000100100011101110101101101010010000110000111111101111110111101000111111101101110110000001110110111111111110000000001011111111110000111110001000001010111110010101111001010011100011001011011011111010111111001110001000010001100100110101101010111001101100111111101111111111
110110011001100010110000000110111110100111011101111011101010110010111101010010101000011101100110101001101101110011110111110001101001110010000000000011110010111000011011001011101111010011101101101001110001001011111111000101100111001100001111011011001010001011100110101000000001101101100110001011110011001110010000011111011111111111
111011010011010101111010100100000000011110010101111100110011111111111101110100001001110101000101111011110011010011110011100100010101100101100011000101001001111100010011000011111111100011101001001100010101011010111111010010001100111101000111010111110110111001000100100100000011011011000010000001101011111010110000001011111111111111
110100101111001110000001001001101000111111010001111110110101101100001100010001000010101010010101111001010111110011111011100110000001111011010101101100011010111010000001000010110011100111111111111101010010111010111100110010011101111001011011001011010010011011100000111000010101100111011111001010010110100100000010101111001111101111
110110100101111110110100011111110001111001110101111110100110011000010011001010001001100010110010011100111111110111110111110100111001101000111001010100000011111111000110111011000011010011101010011001100001001010111110100011001110101001011001101000100001110100011101101010100001111111110000010011110111111110001000101101001111101111
111101100100010110000000101110100100111000110111111001100011100011011000101010001111010000010011111001100011010011110111111111001101101100001010000000110110111110011001111101010011011011101001100110010000000101111110100001000000101000001101010100011000100010010110101001110111000100101111000001111100100110010111010100001111101111
111111110100001100000010101001111011101110010111111110100110000000001000010010100101101011001000100110100001001111110111101100001011110110011001001001000000111000100011100101000011001011111000011001110100100010111101100100011010100011000010011000101011001001010000101001100110001110101010101011111000100110111111000000101111111111
110010010110001010010101111000110010111010101011111001110001101010100001011000001010011000101011110101110010010011110111111111101011111010101111011010101100111001010001111111010111111011111001001011100110100000111100100010001101000010110100111000110001110111010011000111100011000101011000001011010100110100010000000001111111101111
110000000000001110011110001111100000000000011101111010101011111111101011010110011000000001100000000011111101110011110111100010000001100000000000000000011001111000110111011011001011110011101111111100111110000000111111111111111011111110000000111011111000110000000000001111011010101110101000000011100001111111110011111100101111101111
111110111001101000100001000010000011100001001001111101110010000010011000111111000001111010001010011011111010010011111111110100011011110010001100001110111101111101001111100011000011000011110000011011001011110010111100011110011011100000100100111010100000111101110010100001110100110000111110100110100111111001011011100010011111101111
111101001111000100110111100100111010001000000111111010100101111001001100101110101110000111100100010001000011011111110011110110100101111101000000110001000010111010000001001110101011010111110100100100101010100101111110100000110101011000010100110011100101001000011110000111000110101010110111110000100110000101110001010111111111111111
111111101000001100011010000011011010001100001011111100111110111100110110010100010000100111001000111100100111110011110111110011101011110001100001011100111100111100100111000010010011111111101101111011001010111000111100100111010000000101011000111110001101111110111011100101001000001000010001001010111011100111111100001010101111101111
111010101011010011010011000101101111011110000011111011101000010010001010101111100000010011100011111000010110010011110011110101000001111010100101010101000101111101011001001100110111010011100101001000101000101000111111110110111101110111001101011010101001001011111000100001000010110110110011110001010101110010001001100010011111101111
110110111001000011000111011001011101011101111001111001100001011111001010010100100110000110010110001000000010111111110111111100010101111010011111001011000010111100111010100111110111000111100100110111000010011100111110111101111101000110101000000101101000000100010111001110101011010000110001010010001110011100110110111110001111111111
110000100001010011001111000000110111110010101001111111110000100101011111011110110000011010110110110010001111010111111011100111111101101011000000110001011011111110001110110010010111001011100001100010010001000011111100001000100100101111111010010011111111001001101100010001100001101000100101000001100101111010100000100111011111101111
110010011000000000000010100011011101010110000011111100110100111110000000011001100011110000100001111110000101001111111111110110101101111110100101011111100100111001100001000010110111111111110110101110110001001101111101111000101001110001110000101100010000101100100101110001010011111000011101001101000101111111101100000111011111111111
111100111001000000111001000100100000000010100101111100101110000011110111111000111101011001101100100011110000000011110111101000100011100001110000110011010010111001000110010000011011011111110010011110011010011010111101010110000111101101010100101001110010000001011001000101001101010110111110100010001100110001110000111010101111101111
111110000000101001110001000001101011001001010001111011101110000011001111111010010000110111111101010010000111100011110011111111001001110110101111011110011001111001010000000100000011110011101101010011010001000111111101111001010010111100101010000111010101011011110100010000000011000110010100001101111111010100011010010011111111101111
111101111111000101101100011110110000110110011111111010101001001111000100011100011001000000111000101110001011000111111111100111110111100100111001110011111101111011111101111101110011011011111001110111110101101000111110100001101100111101110000011010011010110010101000111101011010010110111011010000110101100000111111111100011111101111
110011010001001101100011111110000110000010110101111011100011010011000001011001100110000000001010111010010000111011111111100011001011110111001001001111101011111101011000000001110011100011100000110111110010011010111110010011110101011100010101010010111010010110100111111001100111100010001010000111110101001010100100010000011111101111
110101110100100100111011110010010000011100011001111001110110100101110111001001010010110101011001000110000011111011111111100001100001100110001001000110001011111101111101000001001111000011101100001110111011101001111110000011011001100011100011000001110101110001100101011001101110110101111001011011111001111111001010011100011111111111
111000001001000010101110000001001011001100111001111000100101100010111100001101100111000110000010011100001110000111111011101010010101101011010001000100101010111000000011111111111011111111111101001111001110001111111100001001011101000011010100111111000110010011100011011011000100110100101111010011000011000110000110001011011111101111
110001010100010111010000000011000000011111011101111111101001101101001110010011111111011101010000110010010000101011110111101011111111100100000010101001100110111100001110011110011011100111101000101110101100101011111101001010000001010010101000010100100100111010110100100011100101000011111111100010110000110001000010001110001111111111
110101101010111001000100010111100110001010111111111000100000000011100111110101100000111010010111000010110111011111111011100001000101101101111100011000100000111101111011001001011011101111110110000011011011101011111100101011101001110010110000110111010011111101111010101110101010011101001100110111011011110000000111111100011111111111
110000100001010011001111000000110111110010101001111111110000100101011111011110110000011010110110110010001111010111111011100111111101101011000000010001011011111110001110110010010111001011100001100010010001000011111100001000100100101111111010010011111111001001101100010001100001101000100101000001100101111010100000100111011111101111
110010110100101111101110001011000111000000001001111000111001111111100000111110000111010100110010011010101011000111111111101110110001101101100010000111001011111011101010011011011011101111111110010001100100101011111101100000001000100100000100011001101110110000000011100111111111100000011110110100100111001010010111100000001111111111
111001011000101110111111011110001101110100001011111000110110100111101000001010111000101000011001011110111001111011111111101000001101100011001001000010110010111111111110100100110011101111101101001110100011110101111110001100100100110100000000111110110010100011100011101010010010110011010001111001010100111000110010100111011111111111
110100101111001110000001001001101000111111010001111110110101101100001100010001000010101010010101111001010111110011111011100110000001111011010101101100011010111010000001000010110011100111111111111101010010111010111100110010011101111001011011001011010010011011100000111000010111100111011111001010010010100100000010101111001111101111
110110000010110100000100010001100111011010010101111100110011101100001100111110010011010110000000101011000101110111110111100101000011100010001101011100000001111000101011111001000111010111111101001101000010101100111101000011110111101010001111100110100100111001011001010110100100100101110001100100101110000101001010110101011111101111
111000111001111110111001001100100101110001110111111101100000001100011001011010100101011011111010010001000100111011110111111111000011110010110000000011111110111011001001111001101111000111101011101001101100011101111110001110000100000001000111100000010010100001001110001010111100010011001001100001110000100101000110111001001111101111
110111110011100111010000000111010000110000100101111010100101010100100000111001101010110000111100011010010010000011111111100001000101100101100000101110001101111111010010101001100011001011110110110011010011101000111111101101010100010011100001101100010111010001000101101010100010110110000110010101011000011100000001010010111111111111
111101010110111111100111010011000101001111110111111111111010101110000000111001001000011111110010110110111100110111110011111001101001101001010111011111101110111001111100010001001111101111100101100001011001111000111100010110000100101000111100110111100000110000001100010011001011101001001110110011100111100010100111011101111111101111
111010001001111101011001011110101000110010100101111100100010001101100011111000101010100101110000100110000110100111111011111000011001101101001011010110011111111101110100100011100011100111100110000101101100000100111110101001000011000010011001001100000010101011000100010011110101010001110100111000010100010001110000001011001111111111
110011110000111011001011000111110100110101010111111100110110010011101000000000100001010100001011110001100001101011111111110100011001111001100100011000100010111111110010010010000111000011111010010100011000100101111111100101001011111001111000101110101101010010100000001000101100110010111000111001011001000000110110101101101111101111
111110111011101111001110001110010100011100101001111101100001100111000101011100010010101100111000000101000010100011111111111011011111101110011000111000100101111100101101000101110111110011101110001101000100010001111100011110100110001010100100110000110111111101000101100101110010101001100001001100001101110110001000001000011111101111
110100100001000010111110110001011010000010010111111001101101010101100010010100110101111110001000111011000011100111110011101111100101110110011101100110000000111101111101111110111111011111110011100101000001111000111111101100111011100011111100111010000111100011110111010011110011000011110001001110010111000000001011011101001111101111
110011111110011100101101100101011011011011001111111101111010101101011001100001110010010000000010001011101011110011110111111010100011101100110000001010001110111011011001101000110011010011110101101110010010000100111101000111111100110001101110000111010000111111111001101110001000111101111010110001001011101010011000101011101111101111
110000010000111001001000001010011110000110010011111010111110101011111001001011000001100100110011111111101110010111110111110001010011100010100100010000100001111100010100011111000011101111111000110110001111011000111101000001100101110100010100000011111110110110110100111000100001001111010011010101000001010101011011000000101111101111
111001111000011101010110101100111110100010001001111110101100000100011101001100000100111101111011111010111100110111111111100011111111101001101011011100101010111101101101101110001011111111101111111100100111001010111110101011010011011111011011011110111001010111101101111111110100101000100001110001101100010011110111100011001111111111
110100001100011110110101101101110000111011101101111111101111110011101111111100111010100110010100011011111100001111111011110100101101110101000000111000010110111000100010011000101011100111110010000010100001000100111101001111101010100111101100111000000110011000010101000010000111010001000001001010001110000101100000111001011111101111
110110010000000111001001001001111000110001000011111110111100001010011010010001010001010000001100100110000100011111111011110111010011110001110000001100001010111101010011011000001111000011110111011111010101001011111111110111010110000111011011101011001011111111110110001101100010011100111110110110101110101100110000110110001111111111
111100100001111011100110010011100010011000000101111011101011101110110000000000100010100101000100111000110000110111110011111011111001111010001011010000010001111110000101101011011011101011100100001101000001100101111100000010001100111001000010001000110101000000000010001110011100111010111011010101001100100010110111011011001111111111
110111000001101011011010001000000100000111110101111100110110000011111101001101011111001110010010110010101001111111110111101011010001101101110010001111010110111110101100001001010111001011100100100110010101011000111111100000011111111011011000011001111001000000111100010101001101001110001000011100100011010111101000101111111111111111
111011010000000010011110110011111111100110011011111001101100110101110111001101001100001010011100000101010101001111110011100000111001101101001000101101111101111010000111000000000011100111101111010001010010010110111110001001010000001111111000100001011110110011111001001101101110001011110100011000000001001110000011101110001111111111
111110111001101000100001000010000011100001001001111101110010000010011000111111000001111010001010011011111010010011111111110100011011110010001100001110111101111101001111100011000011000011110000011011001011110010111100011110011011100000100100111010100000111101110010100001110100110000111110100110100111111001011011100010011111101111
110001000000011001001011110000011100101110110001111010110001101101100111011010011010101001010011111011100111110011110111101101010101101001101101010000100110111000010000001011111011101111100000010011001000011100111101000111000111111010101101011000010111001111000101101001110011011110001101011011100101101010011110010001111111111111
111001000111010000001010110001011100100111101101111101101101000011111010100000000011000000111111011101111011011111110011100011101001111101111110100100110010111011111010011001001011110111101100011001001011001100111110101110001000001100000111101110100101100011001100110101111011001010011010110110101100011111101001111110011111101111
111111100010000111000111000001010001100000101001111010110001101110110000011010110101011001010001110110010110001111110011111100100111110111010000000000110101111110000110111011011111001011101111101010111001110010111101101000100001110101010101001000110001011100001101011010011011111001110111100101001100100101000010111111101111101111
110101111111100011101000101111100000010100111101111001101011101111100101010111110001101000101110000110010001110011110111101000110111111110001011010111011101111010111100110001111011010111100111111110110001111010111110100010000100000001000101111100001000111001101111010110101111000100001100001010010100001001011101011110101111101111
110110100100010100111000011001010001110000111011111111111111001100110000101000011101110101101110110111111010110111111011111100111011100010111011111000101111111011100101111001111111011111111101100111100011011110111101100010110010101100011110001110110011001011110111000000010101000011000000000001001100101110111100100000101111111111
110101101010111001000100010111100110001010111111111000100000000011100111110101100000111010010111000010110111011111111011100001000101101101111100011000100000111101111011001001011011101111110110000011011011101011111100101011101001110010110000110111010011111101111010101110101010011101001100110111011011110000000111111100011111111111
110010010111101000001101011010100010010011000001111000110010010110100100101000000001100100100011100000010010100011110011110100010001101110001111111010110011111011001110000110000011001111100000111011100011110000111110100111000101000110001010101000000011101011000001001101101011111111111101011100100101010101101011101110011111111111
110010001111001000100011110110100111001100010101111100110011110001111110001100110100101001110100010001101000110011111011101011010001100010100101100000111001111000000100000100111011000111110001101010001010011010111110010010110010110010010011001011000100011111001011001110010010100101100110110101111111000010000001100011001111101111
110101100101001010011110110010100101100110011011111010110111110100010100011111011010011101001010100010010011101111110011111111101011101101001000101000100000111101110010010110001111001111100011101001110100001110111111011011010101010000000101010010001001001001001000100101010010101010101000111100000110000101010000111110101111101111
111101111111000101101100011110110000110110011111111010101001001111000100011100011001000000111000101110001011000111111111100111110111100100111001110011111101111011111101111101110011011011111001110111110101101000111110100001101100111101110000011010011010110010101000111101011010010110111011010000110101100000111111111100011111101111
111000110110001101101000111100011001001010010011111100110101101101011010010110111000010101100110000000111101110011110111100110110011110111000000101001111111111000101101011011001011000111110010000001001011010110111101011000101010101110110100110110110011011100011011010101111010011010100111101110111110100111111000101010101111101111
110111011011011110011010101000111011010110001111111111100101100110111011110111001001000000110101011101010010101011111011110000010111110100010111101000001101111010110000101111100011010011110111100101110000001110111101001100100000111010001111001111101010011111010011010111101101000001011111100111000111110000001000110001111111111111
111101111110100001011100111011100000101000000011111100110001100110000111011111110100010001100100000000101110001111110011100010000011110010110111000011011101111110010100111111001111101011101010011001100111001111111100001100011000101100100101010001000011011011111011011000010011101001001100000110011000001000100111000110001111111111
110011100010010110011001110111010110110100100111111010101111010000001001101010101101001011101011010111000101010111110011100111100011111100010010111101011000111100101010010011011111111111111011001011000001011001111101111111101001110000111010111101111001100111001111110001011001100010100100001011110001111111000100100100001111101111
110000011001000011101000000101100001101000101011111110101101101100100001000101111011101111010110110001011100110111110011101001011111100111111010100110000111111101111111000010000111001011100000011000111001100101111110000111000010001110101001001100101111011000101011011111001010100111100010010001001000000100010110010110101111111111
110100000011010100100110110011001000011010000111111100111110000110111110110110001101100001000101100101100011001111110011100101101011100000000000110001111101111010100101000111011011101011111000100001001010011110111110001111011000000111000011000100101001011111001000000101101000001101000001100001000000101110011110011010001111111111
110011010001001101100011111110000110000010110101111011100011010011000001011001100110000000001010111010010000111011111111100011001011110111001001001111101011111101011000000001110011100011100000110111110010011010111110010011110101011100010101010010111010010110100111111001100111100010001010000111110101001010100100010000011111101111
110000000010001010110110100110111001001000001011111100111110111111101001101110101001110101101000100111111101110011111011100110100101111100111100010000011110111100000000010111010111110011100001010010010110101001111100011101110000101111110111100111101001011011011101111110100101010010011010010011001100111110001111110000111111101111
110010010011111101001000101110101001000110111011111010110011000100011101111011011111011110111010111001010001010011110011100111011011111001011100001000110000111001100001010101110111011111101001001111000110001100111101011111000000000101001001111011011010000110001101001101100010111010110010010110010000100000011100000001001111111111
110001010100011001000000101110100100111000110111111001100011100011011000101010001111010000010011111001100011010011110111111111001101101100001010000000110110111110011001111101010011011011101001100110010000000101111110100001000000101000001101010100011000100010010110101001110111000100101111000001111100100110010111010100001111101111
110110111001000011000111011001011101011101111001111001100001011111001010010100100110000110010110001000000010111111110111111100010101111010011111001011000010111100111010100111110111000111100100110111000010011100111110111101111101000110101000000101101000000100010111001110101011010000110001010010001110011100110110111110001111111111
111010011000100101111111010001111001100110101101111010110110111101011001111011000100100000010110011011110011101011111011110100010001111001111101001000100010111011111101000010001011101111111001101111010010010000111100001100001000000010001110010110100001110110100010011010010011000101111110010101011001111101111110010001101111111111
110000101101111010101101011011000001101111101101111001100011011001000000001010110110100000110000100000101100111111111111110110110111100111001001001111110001111011001001101100010111100111101110101110011111000001111101101111000001011111101111000001101000111110100100100101111011101001001011110011011000010101001011010001111111111111
111110000000101001110001000001101011001001010001111011101110000011001111111010010000110111111101010010000111100011110011111111001001110110101111011110011001111001010000000100000011110011101101010011010001000111111101111001010010111100101010000111010101011011110100010000000011000110010100001101111111010100011010010011111111101111
110110111111110110001110010001011011110100011111111010110100001100000010100000001100000000010110011011100001111011111011111000111101111111001010010111111110111111100010111101010111011111101001010101100001110010111111001010111001110011011010110000001001101011100110100100000010101000111110011010101001001100000001000101111111101111
110001100101011001101001010010110101010101111011111100111001111001110011000100110010011111101011111111110011100011110111110011101011110001100001011100111100111100100111000010010011111111101101111011001010111000111100100111010000000101011000111110001101111110111011100101001000001000010001001010111011100111111100001010101111101111
111000110100111011010011011000011010010000001011111011100110101011011101000101110000011100101100011010111110101011110011100010001001111111000010001011001110111110010001100011111011011111111110101110001011111111111101000000001000110011100110000000000101010111000101011011100010001100111001101010100100000100001000111011011111101111
111010011000111111110100001110011000001000010001111100111110110011100110111000011011101100110111101110100111010011111111110011000111111001110111010110110100111100100010101011111011111111111000100101011001110100111110111010110100111001001101000110111110111010100101110101110000000010101100001111011100011001111001010110001111111111
110110100101111110110100011111110001111001110101111110100110011000010011001010001001100010110010011100111111110111110111110100111001101000111001010100000011111111000110111011000011010011101010011001100001001010111110100011001110101001011001101000100001110100011101101010100001111111110000010011110111111110001000101101001111101111
111000001001000010101110000001001011001100111001111000100101100010111100001101100111000110000010011100001110000111111011101010010101101011010001000100101010111000000011111111111011111111111101001111001110001111111100001001011101000011010100111111000110010011100011011011000100110100101111010011000011000110000110001011011111101111
110000100001010011001111000000110111110010101001111111110000100101011111011110110000011010110110110010001111010111111011100111111101101011000000110001011011111110001110110010010111001011100001100010010001000011111100001000100100101111111010010011111111001001101100010001100001101000100101000001100101111010100000100111011111101111
110001010100001110111100010000100101001100000001111000110011000100010010100000100110110000011100001000000000101111111011110000101101111011111100000111110110111100101100111100001111011111111100100110100010010100111111000110011000000101000001011000110011000110011000011010010111111110110100011010011010001110011000111111001111111111
110001010100010111010000000011000000011111011101111111101001101101001110010011111111011101010000110010010000101011110111101011111111100100000010101001100110111100001110011110011011100111101000101110101100101011111101001011000001010010101000010100100100111010110100100011100101000011111111100010110000110001000010001110001111111111
110000100010110010011101011100101111100001111011111100100010111000001001000100000100110100101110011001101111111111110111101000010001100111100100001100101110111100100101111110110111011111111010010011100110000110111101011111000001100001011100011011001010000110011001100101101110110110000010110011101001001101010100111111101111101111
111100010111010010000011110101100001011001011001111101111111110000001010001010010100101001100011110011111100011011110011101101010001100110010101111110100101111010110001101111111011101011100101111110000101011111111100010011101001111100001111001000001001001101010111101110111101100001110101011001011010101011110010001000001111111111
110000000110010101111010111011101111010100011011111001110011101001011110100001101010111101001011100101001001110011111011100111011101101010000010110010000110111011000101010010101011110011100001100000001101010110111100110011111011110100100011011000111100100010101010110111000100100001100100000100010001001101000000000011011111101111
111010000000011101001110001100100000010110101001111000111000101110100110000010001000011000000110010100101001010111110111100001110011101000011100011110111100111011110010101111110011000011110001100101010111001000111100000010000011010001010100101110101010100111010100110100010110011100100010001100111110010100110111010110011111111111
110010100011101100001100010011100111101110000001111111101010100100000010100000000010000110011010000101100111011111111011101011001101110111100011001000100001111001100011000100010111010111111111110001101001101010111101111011110110001000111001100010011010010001000001001110100110000011011100100010010111000000001000001111101111101111
110011010110010110001010001010101101000100100111111110110010001000111011001000110000000011100110011100001110001111111111101110101111100011111111100101001011111110110011110111011111101011101000100111100100110101111100101011000000000111001111010011010000010000101100110110110011100001100101001000000111110000101000011101111111111111
110110111011011100101011100110010000000010010001111111110101001111010011011011001000000000010100111010011100001111110111111011111101100101011111000100011111111001100011010010110011110111110000001010000010001001111110110100111101101000010010110110000010110111110101110010001110110010101110001101111110111011100101111110101111101111
111001100101010110001011111001110101111001110011111001111011010111100011111010010101110010001110010111101001101011110111110011010101101100001000101111101011111101010110000011010011100111101101110111001100011101111111100110110000011010011111101111001011110001010101001001001011101010101101001011011100010000010111001110101111111111
111111101000001100011010000011011010001100001011111100111110111100110110010100010000100111001000111100100111110011110111110100111101110000101001110111111100111010010000000000100111010111110100111101001100000011111101101000111010000100110010100010001100100000111000000111001101110001100000111110000101010011000010110101101111101111
111111111101111010100100100100101111110001100101111000110011111011010010101000011010011011010010011111100100111111111111110011111001111001010111101010000101111110000000101011100111000011110001011101010101001110111111101001110011101011010011011110101101110001111100010100111100011110010001000000101110111001010010111000111111111111
111110100001101100111011010010110000111001001111111011111011110101010010100000001001110101110100001101011101001011111111111000100101110011111010000010001000111110011001010010110111001011101001010001100001010001111101100001000001110011101010001001110010101101100001000011100010001100010001100001001100101010110101110010011111101111
110010010110001010010101111000110010111010101011111001110001101010100001011000001010011000101011110101110010010011110111111111101011111010101111011010101100111001010001111111010111111011111001001011100110100000111100100010001101000010110100111000110001110111010011000111100011000101011000001011010100110100010000000001111111101111
111101001111000100110111100100111010001000000111111010100101111001001100101110101110000111100100010001000011011111110011110110100101111101000000110001000010111010000001001110101011010111110100100100101010100101111110100000110101011000010100110011100101001000011110000111000110101010110111110000100110000101110001010111111111111111
111010001111010000011100100000111011010100110011111010100100100011001001100100001110001110011000100010110100011011111111100110100001111111111101111001011100111000101011011001101111111111101110101000000010010011111111111101100010100011111011000000101001101010111000011100001100110100000100111011010111110111001101101001001111111111
111101100010100010011000001111101110110011000101111010100101110001011111000101110001100000000010111100001111100011110011111001101001111001111001010001010010111001101110101001100011111111100010010101101010101100111110100010010011100010100000011001000000101111011111011110100111011111010111011110011111000100011010010100011111101111
111010100011010111000111010010000101110000111011111011101110011000001010111010011000110110010010110010010100010111110111111001100111110001001100010000111000111010111110011011100111100111110011111100010110000000111100000010010000101100001011011100100011100100001110110010001101100101000000011100101000001111101110001011101111101111
111001100000001111010011011110010101010110100001111010100111110001100110111001100001000110000110000001010101110111111011101000011001110000001111100010010001111110001010101010110111001011100100100101010101000011111100001111000100001100011011000010110001101000010011101101001101000100110111000100111101011111010101010101001111111111
110000000101111110101011011001110101011000100111111001100101101011111011101000000111100110111011111111001111110111110111110010000101111100011000001100101111111010110100100010110111111111111100110010110101010101111110011001111101101110111111111100000001111001101001000001000101001110111111111111100011010010101001110011011111101111
110101101100001100011101010111101011111111101101111001101100000100100011101110101101101010010000110000111111101111110111101000111111101101110110000001110110111111111110000000001011111111110000111110001000001010111110010101111001010011100011001011011011111010111111001110001000010001100100110101101010111001101100111111101111111111
110100010010001000101100100011111111010101110101111100110001100010010100011011100100001111110010000001110111111011110111111010111001101010011010000110011111111100101010000111010011100011111110100010010001100000111101011101100101001110100001110000010011111000101001101010110001110110111001110101001111011101010010101000011111101111
110110010000110011101000111010001101111010101011111111100011100010110011101110011110001100000000000001100001100111111011100111011011110101111010111110111000111111011111111101100011011011110010010100010110001100111100001010111011110000010111110010000010001011111011100001100101010001000110101101101100000110001110101011111111101111
111011000111111010101100110100011000100001000111111100111000110111111000000110000100111110000010011011000101111011110011100010000011110110010111001100001110111001011010011001001011001011111111101010011101111101111101011010000000110101111100101100110100100110101011110110010110110111010111101100110110011000000000011010011111101111
111111111111000011011101100101011001101010110111111100100101001110001101110111100111101110101011100100010101010111110011100111110001101000010110100000010111111001011100110011110011000011101111000100100000100011111110011100010011100111001110000100110011010011001111000100001100101110010011011000000011111011110111101111111111111111
110110101101100110100101110100110000111100100011111101100100110000111010100000101101111101000110001011111100111111110011100001101011101010001111010000001000111011000011111111011111111111111100111000001010111001111110100101110100101010101111000110100000001100010110001110010101001011110110100100001111000111010000100000101111101111
111000001001000010011010100101101101011111001101111110101010001010111011001101111010001001001000010101101010110011110111111001001011110110001101100011001110111100100110110100010111010011111111011111001010111100111101010001010111011110101010001101011101101011001110001000000010101111101111010010010111001000000100100111111111101111
111101110010011100000111000001100110110101001101111010101101001111001100010110101110011001001010101100111111110111111111100010110011110110111101110001011001111101100011110101000011011111100100111001100010001011111111011000101100010111001010111010011010000001101000001010000111101101110110011100101101010111001110010100111111111111
110010010000101000001111101010111000111110110011111000100110110101000010000000011111011110110011000001101000100111110111101011111011101100010111000011000110111101101011001000100011101111100001011101100000000101111101111111110110111101010011110101110010010101111101010001111101101010010000011011110000111000010010100111101111101111
111100001000110110011110001010010011010101111101111010100111111111000111011110111011001011111001000100100111001011110111111110011111111000010110111100100010111001101110011000101111111011101011000101111010101111111101110011111011010001011010011100111100011011111001100000110001010110111100010011011011010111101111000100011111101111
110101100001100010110101000110000001100111111001111101110011101010010001000111111100110100011110111011111010011011110111100000010101110011111111110101011000111010001110010011011011000111111000100010111000101101111100110001101001000101000110101100000111001001111000000111010000101001010110000100110101101001011001111110111111101111
111010101011010011010011000101101111011110000011111011101000010010001010101111100000010011100011111000010110010011110011110101000001111010100101010101000101111101011001001100110111010011100101001000101000101000111111111110111101110111001101011010101001001011111000100001000010110110110011110001010101110010001001100010011111101111
111101010011111111100110100101000011010001100001111001111010110101011001111010010001110001110010100011010101110011111011110011100111110110111111000111101110111110001111111011111111000011101001110111001100000001111100010011110011100100100001000110001101110011001111110110001010101110010111101100001100000010111111101100101111111111
110010001101000111010100101110011110101000001101111100100010001001001010000111001011010101001001001000011010100111111011111111011111100111101011001100000010111001001000000001110011101111101110000010100110001010111101110001110010111111111000010011100010000000100001011101111011001110011011110100001000100101011101010010001111111111
110110010000111000001111100000010100001100000001111101101011100000010011001101000010110111101001110100111101111011110111100100111111111001110100110110001010111001110111111011110011001011111000001100010000110000111100001011101000111100100010111001110011011010010001010011000111010100001101011001010010010000100100111001011111101111
110000011101001110111000101111000100000010100001111001100101011111101111010110011101000010101101000000100101000011110111111100000101101111111010101111110000111101010010010001001011001111100111011110111110110000111111000000011000111101110011001100101010001011101000110010011011111010101100000101111110010011001111111011011111101111
111110001000010010000110000001011110001000111011111100110101100000011001110101110000011011011000011000100001010111110111101101110101111000000001011111011111111101111100111111001011101111111110111110101001001011111101111100000001100100001100010011111101101010010001110010011111011010110011010011101101110110001101010001001111111111
110110100011010001001000101010001010011100010111111100110101111000100000010010110111100101011110001010011101100111110111110011111111110111100010110010110001111010011100011000100111111111100001101001001110000001111111101000001010100011101111010101101100111101011111111100010010111101011111010101011001011100100011111001011111111111
111100111001000000111001000100100000000010100101111100101110000011110111111000111101011001101100100011110000000011110111101000100011100001110000110011010010111001000110010000011011011111110010011110011010011010111101010110000111101101010100101001110010000001011001000101001101010110111110100010001100110001110000111010101111101111
111001001101000010111100001000001101110110000001111100111001100111001001010000110010001001000110001111101011000111110111110111110011110101100000001111001101111101100111011010001011111011111100100010001000011110111100110110001010011110001000010010101111000110000101000111100111011000000101010001111010111000001111110011101111111111
111110111100100010010001101101011001110010010001111110111111010001001101010101001110111010101001000111100000000011110111110111000101111000101110000100111110111101100001001010101011101111111000011110000101101010111101011010100100101110110001110001100110101011111000111000001000110000100110011111101100000011011111110101011111111111
111101101010011111001000001011010111101000111011111111110110011111110001100011111100000010101110100011000100010111111111111100011011100010010000111011001101111010111100110010010111110011100010010110000011000011111110101010010110011001011000010100010101111101000010101110101010010001100110010011100110000110010100100110101111101111
111000111101101110101010001101010110001111111001111110110110110100110001001110000110010000010011101101001101111111111011101100101011111110101111011101010100111101010110110111101111110111111111000111111111010111111110011101100100010101111010011001011011101010100000101000100110100100101000010001101001110000000000010010111111111111
111100110110001101111011000110001100101011100101111000111011101100111010010111111011101110111111010011010010111011111011101110001001101110011100001011110010111111001010101110100011001111110100001101100110001100111111000001001111110011100110000100101101011000110000001110000010110011000011111001100001000010101011100010001111111111
110110011001100010110000000110111110100111011101111011101010110010111101010010101000011101100110101001101101110011110111110001101001110010000000000011110010111000011011001011101111010011101101101001110001001011111111000101100111001100001111011011001010001011100110101000000001101101100110001011110011001110010000011111011111111111
110000100001000000011101100110111011001000100011111100110010010110101110101000101100000010110000111110100101101111111011111011001101111100101100000100101010111101001111011001000011001111100110011010101100010001111110000011000000101100101001100010001010000011001101010010111001000001000101011101010000001001000011000001111111101111
110000010100111000111101101110001101010100101111111111110110010110100011001010110110010110111100001110100000110111110111101101011111101101100110001001100101111011000111010100011011111011111111010011001010001010111101111110011111101111110101110011001111110010100100110001111111110110110100111111110001110001001111100100111111101111
110010011000000000000010100011011101010110000011111100110100111110000000011001100011110000100001111110000101001111111111110110101101111110100101011111100100111001100001000010110111111111110110101110110001001101111101111000101001110001110000101100010000100100100101110001010011111000011101001101000101111111101100000111011111111111
111111110100001100000010101001111011101110010111111110100110000000001000010010100101101011001000100110100001001111110111101100001011110110011001001001000000111000100011100101000011001011111000011001110100100010111101100100011010100011000010011000101011001001010000101001100110001110101010101011111000100110111111000000101111111111
110000111101100011111111001010000010011001100001111010110101011100010011100010110000100100000001011110011001001111110011111010100011111111101100011100101001111001110010101010011111111111101010100011010100111011111100000010001000010011001000110010110111111000111111001010000001111001110001000011111001101111111111101001101111111111
110101110100100100111011110010010000011100011001111001110110100101110111001001010010110101011001000110000011111011111111100001100001100110001001000110001011111111111101000001001111000011101100001110111011101001111110000011011001100011100011000001110101110001100101011001101110110101111001011011111001111111001010011100011111111111
110001110101100000101010100111101000000001101111111000111100110011010000100111110000001011001100101000100101101111111011100111101111100110011111011001001010111100110011111100111011101011100000100111001111100101111101111001000001100100011000001101011111111000010011001100101100000001001110110010100001000111110000000001101111111111
110111100011010001111111101111011011110100000011111111100010110101111000100110101010001111111110000001001101110111111011110011001111100110001101001001001001111001011010111100011111010111101101101111100010101100111100010011011011110111011110100010010010101100100100010101100001111011001111011101110100010100111100011100011111101111
111000010001101110100011011100001110100100000011111001101000001100000111100111001000011011000111110100001000000011111011111110001001100110101001100001110111111001110000001010101011011011111101101000100100110010111110001110000110111000001110011010101000000111101001010100110110100010111100100010010011010010101100100010101111101111
111101000011010100000001011010010001000000110101111010111100000010001000011110011000100010111111001001111110011011110011101100111001100100110001011111110110111001110000101110101011011011111001000010110000011010111100111110110000000111010000110101101100011110100011110010010010001011101100000100010011101101101100101010111111111111
111011011000100000000101101111111110111010111001111100100111111000011001110011001100000011011100110011111100111011110111110010101101100101001011111100110100111111101100110011110011000011111111100110000100001111111111101110001011110001011100001010100111011101111010011111011111001000101011100111001000010010010011110101101111111111
~~~
89.0 155.0 90.0 378.0 1717.0 
78.0 135.0 105.0 400.0 1955.0 
102.0 160.0 98.0 287.0 1701.0 
80.0 147.0 100.0 332.0 1855.0 
80.0 165.0 95.0 290.0 1653.0 
88.0 159.0 94.0 328.0 1713.0 
81.0 173.0 84.0 321.0 1566.0 
92.0 163.0 88.0 336.0 1732.0 
75.0 154.0 97.0 322.0 1747.0 
87.0 153.0 102.0 295.0 1812.0 
73.0 141.0 97.0 366.0 1872.0 
79.0 142.0 104.0 346.0 1884.0 
84.0 158.0 97.0 298.0 1720.0 
86.0 155.0 88.0 343.0 1770.0 
80.0 140.0 102.0 349.0 1884.0 
89.0 160.0 85.0 361.0 1735.0 
81.0 151.0 93.0 365.0 1761.0 
89.0 128.0 110.0 375.0 2015.0 
85.0 122.0 115.0 388.0 2076.0 
75.0 142.0 106.0 344.0 1875.0 
79.0 166.0 95.0 286.0 1644.0 
85.0 157.0 90.0 329.0 1712.0 
78.0 155.0 93.0 325.0 1728.0 
64.0 133.0 108.0 407.0 1977.0 
79.0 143.0 98.0 355.0 1876.0 
85.0 167.0 92.0 271.0 1620.0 
83.0 134.0 105.0 385.0 1946.0 
78.0 142.0 105.0 360.0 1893.0 
90.0 162.0 92.0 341.0 1689.0 
75.0 155.0 97.0 318.0 1741.0 
74.0 163.0 83.0 355.0 1713.0 
0.0 279.0 28.0 106.0 497.0 
77.0 135.0 106.0 395.0 1951.0 
89.0 158.0 93.0 320.0 1709.0 
100.0 147.0 105.0 281.0 1856.0 
73.0 163.0 85.0 340.0 1674.0 
83.0 162.0 96.0 313.0 1675.0 
65.0 148.0 93.0 408.0 1822.0 
91.0 170.0 87.0 309.0 1618.0 
76.0 153.0 97.0 327.0 1753.0 
86.0 156.0 93.0 327.0 1719.0 
77.0 165.0 91.0 338.0 1667.0 
84.0 165.0 101.0 280.0 1696.0 
84.0 150.0 100.0 315.0 1795.0 
100.0 146.0 105.0 283.0 1867.0 
79.0 136.0 109.0 349.0 1927.0 
96.0 165.0 91.0 338.0 1626.0 
91.0 170.0 87.0 309.0 1618.0 
75.0 145.0 96.0 411.0 1850.0 
96.0 165.0 91.0 338.0 1626.0 
79.0 140.0 111.0 328.0 1904.0 
85.0 148.0 90.0 391.0 1798.0 
65.0 147.0 101.0 357.0 1848.0 
99.0 147.0 104.0 283.0 1858.0 
82.0 154.0 90.0 346.0 1744.0 
91.0 170.0 87.0 309.0 1618.0 
80.0 147.0 100.0 332.0 1855.0 
82.0 150.0 93.0 366.0 1774.0 
85.0 155.0 93.0 329.0 1724.0 
66.0 143.0 106.0 334.0 1903.0 
74.0 141.0 103.0 359.0 1924.0 
83.0 160.0 96.0 310.0 1715.0 
85.0 123.0 114.0 393.0 2086.0 
78.0 166.0 90.0 338.0 1660.0 
74.0 163.0 83.0 355.0 1713.0 
88.0 153.0 100.0 313.0 1744.0 
71.0 130.0 107.0 393.0 2030.0 
84.0 140.0 94.0 394.0 1913.0 
82.0 150.0 92.0 373.0 1790.0 
86.0 139.0 109.0 333.0 1904.0 
83.0 147.0 98.0 343.0 1834.0 
81.0 148.0 97.0 356.0 1801.0 
65.0 148.0 93.0 408.0 1822.0 
74.0 158.0 86.0 365.0 1770.0 
89.0 160.0 85.0 361.0 1735.0 
72.0 141.0 100.0 361.0 1936.0 
79.0 149.0 91.0 375.0 1826.0 
75.0 154.0 96.0 308.0 1763.0 
82.0 149.0 93.0 373.0 1802.0 
99.0 166.0 88.0 312.0 1663.0 
75.0 154.0 96.0 308.0 1763.0 
79.0 149.0 100.0 361.0 1778.0 
75.0 157.0 86.0 369.0 1778.0 
78.0 159.0 89.0 324.0 1731.0 
81.0 148.0 97.0 356.0 1801.0 
82.0 154.0 90.0 346.0 1744.0 
85.0 157.0 90.0 329.0 1712.0 
83.0 162.0 96.0 313.0 1675.0 
88.0 153.0 100.0 313.0 1744.0 
92.0 164.0 89.0 314.0 1655.0 
79.0 149.0 91.0 375.0 1826.0 
89.0 160.0 94.0 305.0 1704.0 
80.0 140.0 102.0 349.0 1884.0 
77.0 146.0 105.0 316.0 1898.0 
80.0 135.0 111.0 349.0 1936.0 
86.0 159.0 94.0 333.0 1709.0 
80.0 129.0 104.0 420.0 2048.0 
69.0 149.0 91.0 407.0 1851.0 
74.0 155.0 91.0 338.0 1770.0 
92.0 164.0 89.0 314.0 1655.0 
102.0 160.0 98.0 287.0 1701.0 
78.0 142.0 105.0 360.0 1893.0 
62.0 152.0 100.0 303.0 1788.0 
80.0 135.0 111.0 349.0 1936.0 
82.0 133.0 110.0 375.0 1975.0 
80.0 140.0 102.0 349.0 1884.0 
79.0 167.0 94.0 286.0 1634.0 
91.0 170.0 87.0 309.0 1618.0 
75.0 153.0 96.0 349.0 1781.0 
74.0 163.0 83.0 355.0 1713.0 
84.0 165.0 101.0 280.0 1696.0 
79.0 148.0 91.0 380.0 1841.0 
77.0 142.0 98.0 352.0 1898.0 
89.0 159.0 94.0 314.0 1716.0 
77.0 143.0 97.0 352.0 1892.0 
79.0 136.0 109.0 349.0 1927.0 
82.0 150.0 93.0 366.0 1774.0 
86.0 155.0 88.0 343.0 1770.0 
79.0 140.0 100.0 387.0 1920.0 
83.0 137.0 110.0 347.0 1916.0 
91.0 169.0 88.0 309.0 1629.0 
84.0 150.0 100.0 315.0 1795.0 
79.0 166.0 95.0 286.0 1644.0 
79.0 148.0 100.0 330.0 1832.0 
78.0 145.0 103.0 340.0 1865.0 
78.0 157.0 98.0 311.0 1705.0 
78.0 160.0 89.0 321.0 1725.0 
81.0 145.0 104.0 316.0 1857.0 
77.0 146.0 105.0 316.0 1898.0 
77.0 141.0 104.0 365.0 1865.0 
0.0 30.0 165.0 560.0 3028.0 
78.0 144.0 96.0 352.0 1886.0 
74.0 163.0 83.0 355.0 1713.0 
107.0 150.0 94.0 317.0 1816.0 
84.0 133.0 104.0 368.0 2015.0 
79.0 149.0 100.0 321.0 1820.0 
96.0 150.0 106.0 309.0 1770.0 
81.0 151.0 92.0 372.0 1768.0 
89.0 145.0 102.0 320.0 1838.0 
96.0 163.0 91.0 340.0 1639.0 
85.0 167.0 92.0 271.0 1620.0 
88.0 153.0 100.0 313.0 1744.0 
0.0 158.0 99.0 289.0 1738.0 
78.0 154.0 101.0 320.0 1716.0 
89.0 158.0 92.0 324.0 1754.0 
76.0 148.0 101.0 320.0 1778.0 
76.0 155.0 96.0 304.0 1752.0 
85.0 149.0 92.0 344.0 1780.0 
98.0 155.0 90.0 331.0 1750.0 
84.0 151.0 96.0 312.0 1788.0 
75.0 164.0 85.0 333.0 1669.0 
91.0 154.0 104.0 303.0 1732.0 
71.0 130.0 107.0 393.0 2030.0 
96.0 157.0 100.0 310.0 1690.0 
100.0 147.0 104.0 283.0 1857.0 
75.0 157.0 86.0 369.0 1778.0 
89.0 157.0 88.0 354.0 1734.0 
86.0 139.0 109.0 333.0 1904.0 
97.0 156.0 90.0 324.0 1739.0 
63.0 151.0 100.0 309.0 1800.0 
79.0 145.0 100.0 347.0 1902.0 
81.0 151.0 93.0 365.0 1761.0 
90.0 159.0 100.0 314.0 1663.0 
76.0 156.0 84.0 390.0 1756.0 
93.0 164.0 98.0 260.0 1631.0 
79.0 136.0 105.0 380.0 1969.0 
92.0 163.0 88.0 336.0 1732.0 
88.0 159.0 94.0 328.0 1713.0 
76.0 153.0 97.0 327.0 1753.0 
72.0 141.0 100.0 361.0 1936.0 
79.0 143.0 98.0 355.0 1876.0 
88.0 160.0 93.0 333.0 1699.0 
85.0 123.0 114.0 393.0 2086.0 
86.0 155.0 88.0 343.0 1770.0 
81.0 148.0 97.0 356.0 1801.0 
79.0 166.0 95.0 286.0 1644.0 
69.0 147.0 100.0 353.0 1812.0 
100.0 155.0 85.0 385.0 1726.0 
78.0 154.0 101.0 320.0 1716.0 
89.0 148.0 101.0 316.0 1820.0 
75.0 141.0 102.0 362.0 1932.0 
79.0 149.0 91.0 375.0 1826.0 
61.0 141.0 106.0 343.0 1931.0 
77.0 135.0 106.0 395.0 1951.0 
86.0 139.0 109.0 333.0 1904.0 
83.0 162.0 96.0 313.0 1675.0 
91.0 163.0 93.0 331.0 1665.0 
88.0 156.0 89.0 378.0 1702.0 
71.0 130.0 107.0 393.0 2030.0 
83.0 142.0 91.0 377.0 1854.0 
79.0 139.0 101.0 387.0 1931.0 
78.0 157.0 98.0 311.0 1705.0 
86.0 139.0 111.0 340.0 1849.0 
78.0 155.0 93.0 325.0 1728.0 
99.0 166.0 88.0 312.0 1663.0 
96.0 157.0 100.0 310.0 1690.0 
77.0 141.0 98.0 373.0 1845.0 
81.0 154.0 93.0 373.0 1759.0 
96.0 165.0 91.0 338.0 1626.0 
85.0 149.0 92.0 344.0 1780.0 
83.0 147.0 98.0 343.0 1834.0 
79.0 142.0 104.0 346.0 1884.0 
91.0 154.0 104.0 303.0 1732.0 
80.0 147.0 100.0 332.0 1855.0 
75.0 140.0 104.0 371.0 1874.0 
85.0 155.0 93.0 329.0 1724.0 
83.0 134.0 105.0 385.0 1946.0 
89.0 145.0 102.0 320.0 1838.0 
75.0 157.0 86.0 369.0 1778.0 
98.0 155.0 90.0 331.0 1750.0 
74.0 163.0 83.0 355.0 1713.0 
91.0 156.0 89.0 354.0 1746.0 
85.0 148.0 90.0 391.0 1798.0 
78.0 142.0 105.0 360.0 1893.0 
89.0 160.0 85.0 361.0 1735.0 
77.0 165.0 91.0 338.0 1667.0 
92.0 164.0 89.0 314.0 1655.0 
107.0 150.0 94.0 317.0 1816.0 
75.0 143.0 105.0 344.0 1868.0 
82.0 134.0 107.0 388.0 1963.0 
78.0 160.0 89.0 321.0 1725.0 
75.0 135.0 107.0 402.0 1962.0 
102.0 160.0 98.0 287.0 1701.0 
88.0 153.0 100.0 313.0 1744.0 
89.0 158.0 92.0 324.0 1754.0 
75.0 147.0 93.0 388.0 1870.0 
84.0 150.0 100.0 315.0 1795.0 
89.0 159.0 94.0 314.0 1716.0 
94.0 161.0 98.0 277.0 1669.0 
79.0 128.0 105.0 420.0 2059.0 
84.0 133.0 104.0 368.0 2015.0 
82.0 150.0 92.0 373.0 1790.0 
75.0 145.0 96.0 411.0 1850.0 
65.0 148.0 93.0 408.0 1822.0 
84.0 140.0 94.0 394.0 1913.0 
79.0 149.0 100.0 361.0 1778.0 
86.0 145.0 95.0 356.0 1803.0 
80.0 140.0 102.0 349.0 1884.0 
78.0 148.0 95.0 366.0 1813.0 
88.0 129.0 110.0 367.0 2001.0 
82.0 150.0 93.0 366.0 1774.0 
75.0 154.0 96.0 308.0 1763.0 
79.0 136.0 109.0 349.0 1927.0 
75.0 159.0 99.0 286.0 1671.0 
84.0 158.0 97.0 298.0 1720.0 
65.0 147.0 101.0 357.0 1848.0 
77.0 143.0 97.0 352.0 1892.0 
77.0 139.0 102.0 371.0 1917.0 
75.0 164.0 85.0 333.0 1669.0 
82.0 154.0 90.0 346.0 1744.0 
77.0 146.0 103.0 331.0 1859.0 
94.0 149.0 101.0 311.0 1788.0 
86.0 135.0 105.0 352.0 1975.0 
81.0 145.0 103.0 317.0 1864.0 
79.0 149.0 100.0 321.0 1820.0 
91.0 170.0 87.0 309.0 1618.0 
88.0 126.0 108.0 425.0 2014.0 
85.0 152.0 95.0 312.0 1774.0 
85.0 167.0 92.0 271.0 1620.0 
77.0 146.0 105.0 316.0 1898.0 
100.0 146.0 105.0 283.0 1867.0 
74.0 155.0 91.0 338.0 1770.0 
80.0 135.0 111.0 349.0 1936.0 
84.0 165.0 101.0 280.0 1696.0 
85.0 157.0 90.0 329.0 1712.0 
82.0 133.0 110.0 375.0 1975.0 
~~~
1.038
