110000110100100011110101100110010001110110111001111110111010000011001100101000011010011111111000001110111001100011110111101110010011100000000000101100100000111010100011010111100011110111110010010110011100000000111100000110111100100100011000101100000111110100100100001010110101000100110101011001110111011110110100111100101111101111
110000011011100101111010110010011101010100101101111101110010011011110000001011111101100111110011010000111001101011110011111110001101101010011100011011101110111111111010110010010111110011100000110000011111011001111110111100111100110010000111011010101010011000011111111110110100010111110100100000000001110000010001100100111111111111
111001110100000110101110001000010000101011011111111011110100101011100101001001100011001011110110110100101011010011110011100101010111110100111100000101011111111001100000100110000111101011100001111101100001011011111111001100000011011110110000110111111010001001010000010011010110011101101010011100101100100000100010101100001111111111
111100000101001100000110100000111110000100000011111100101100111110101101101011100101001010010000011110100010101011111011111001011011111111010101000110001110111010011011100001111111100111111111101111100101111100111100000001101100000100100110110001010100110100111010100000111101001110111111100101101001000001100010100000111111101111
111111000100010110111010011011010110000100001101111011100011111100001110101100011110111101010010100100010110010011110011110110101111100100110101110010001001111100001110001110010111001011100000010001000001100111111111000100000111010110100101011111111110000101011001000111000001000100110001011111100100000011100111101011101111111111
110110100110111000010110111111001100101100100001111001110000111001110100100000101010010011010100001110011110001111110011111010010101110011000001110100100110111001011001101111100111110011110011100000000100011110111111010001000000000100100110110010010100001101000000100010001110110111111011101101101011110101010010111010101111111111
111111111111011111111100101111111100001111001001111001100111111110100011100010011110011011100000000010011101110111110011111010000001100000000000000000011010111110101000011100110011111111111100011101000000111101111111110000000001101000000100111001001111111111011011001111011111101110111000000011010000000101111111111100101111101111
111001101110011011001100000110111000011000100011111010101111111110011110000011011111011110111110000100100001000011111011101001000111111001110010011100001001111100001101010110110011111011101111110011110101111011111100010001110100111000101110001111110101010010110110110000001100101001110011101001010011111001101001011111001111111111
110100000100010011010011011110101111101111100001111001100100101001001001001000010011010001101000111111110101111111111111111001101011111010111000101001001010111001100101101000000111011111111110011000000101110000111111001011001100111110101101000000001100111010011111100111100000100000010000001001110001000000011001100110111111101111
110101100011010111110101100110000010110000000111111001111100010010001011111110111011010000010011001001000001100111110111101110000011110110110001011101011001111011110111010011000011101011111001111000010100111000111100001011001110000100011111001011101001000000001101010101011101000010101000000010110010011101110111011010111111101111
111000111100110111111111001010011101011000101011111000111100110010011110101001111100110011001110111100010010100111110011111001110111110101110010100101100010111111011100000100101011000011111111100101111110001101111101110010111000011010011111101110001011001101000100011001000100011000111000010101110011010011011100110000001111111111
111011110111101111101001011110011110000001100101111110110001000111000010010101011011100100000110111001000000001011111111100000101011111011010101010001001000111001110000111100001111011111111110010100111110001010111101110111010111010000111111100000101011110110011110001001110101111101101000010111011110011010001001001111101111101111
110010010101001001111111111101100111101010000011111001101101101001100000011001110001000001001111011010111000000111110011111111010101110010000001110011100001111010001010110101010011010011101111111111110001110011111100111011010001100111100000100001000011110110100111010110111111001000001110001010110000101000110101011100001111111111
110001110100000000001001000001001100000101100101111001110100110110010101100100010010011000000110110010010100000111111111110111011111101010101101010100100011111110111001000011111111011111110110110000000100010111111100010110101111100110010011011111111000001010110010110101010000101001101011011001111111110101001011011100001111111111
110110100110111000010110111111001100101100100001111001110000111001110100100000101010010011010100001110011110001111110011111010010101110011000001110100100110111001011001101111100111110011110011100000000100011110111111010001000000000100100110110010010100001101000000100010001110110111111011101101101011110101010010111010101111111111
111001010111000100001001001101001101000100011011111110111110110100010100111011011011011111110001000001110111010111111111111001010011111000000001000111010101111010010110111111101011111111100100011110000000001110111100000011100111001111100100111000110001101000010001100001000000100101101111010001000001001010000101111110111111111111
111111011100101100101110110110001110101000100111111110101011011001010011011010110101101111010110001011010010011111110111101110000101101110111000001010010001111011001010111001100111001111110110111011100100000110111110110101101111011110001100101100101101011111001011011100111101101010000111011010111011110010111011010000001111111111
110001110011001000010001000111111011010100110101111011110100001010101010101100110100011100000100001001100000100011111111101111011001100101111100101010011000111011101110010001111011000011100110111110010101000111111110110011111100010001000000011000001010100011111000010010010111010010001010101011001011111010010011000111101111101111
111000101110010111000110001101011011011101001111111100100100011010101100011000000111111100111010110011001110110011111111110100101011111110010101110011101110111110000001001000100011110111100011110010011001100000111111010010100110000001000011001011011110000100100100111011001111101111010011101100100001111111000000010111001111111111
111111111000101110001101011101000011011001111011111110111001000111110100000110001100000101011000000111101100100111110111100101010011100101011100110110100110111011110111001110011011111111110101110111110111000100111111111011110000111001111100010110100110001000101111011100100000010101001111010001110001011101100101010001001111111111
111100000010100101111100001000110001000001100001111101100010010001000010010001111001110101101001000000111101100011110011111011011111111001110001100001011101111010000011010101100011001111100100110001010111010110111101111010010011011100100011000110000000111011100011001111110011110110100010110100111000011100100101000001001111111111
111100111110111011110101001100011001001010110101111100101111010000100101110011001101110111000010110110000001000011111111100100010001101000000001000011001010111011111100110101010111010011101100001101011011100000111110100010100110111110110000000010111000111000001100010111011010010011010100110000110010010001010110001110111111111111
111011111101101001011010011100111000000001100011111010111000111001011101001010101000111001101010011111111100010111110111101001001001101001010101000100100001111110010000110010000011111111110100000010000111111000111101000011101011011101010110110110010001011111000101011000000000111100101011001001111000000111100100111000101111101111
110110010100111000010111110101111000100100110101111111101110111111111100111010101000001100101110110111110011111011111011100011001101111101111000110100110000111011111011101111110111000011100011110100011101101111111100010001000000010111111010111001100000100011100100101001011111111111101010001000010101110111011001010000011111101111
111110111010101110100001110010000010001010011001111101110100111110111101110100101100000000001011001011111010000111110011111100000111111010100010101111001100111011000000010000000111010011110101110001010111010111111101000001111110011101110110011001100010011100111110010010111111000110011011010110111100011011100001101110111111111111
111100100000010101011110000110101010110000101001111010100011100100110110111001011111010000010101100111000010010111111111100111110011100001010110010100100000111001111100011111101011100111100011010110010000101000111101100000011101101101000110001100101000100100111100000011011000000001001001110000000010001001111001110111001111111111
111010111011010100001100100100100110100000010001111100101110000000010100010100000101001000100011001100011111000011110111110010000011111000101111001110100010111100101010000000100111101111101111100110001011000000111101110101100101000110011111011000110000011001011100110001011001111100111110101011100100100010100100111100001111101111
111001111000000001000000110100100011100010101011111110111100111001000100100100110011100000110010011101101100010011111111100001100111111110011000000111110101111100000100111110111111101011110110011000010101010100111101001001000001110100100111001101100000111111110100101100000010000010100001101101000011110100101011010000111111111111
111010111101111111111011110111111000111010110011111001110000000000011111011010111000010000100000010101111011011011110011100101111101111000000010001101011101111111001010001100101011001011101101110000000101000010111100000110000100110111100101100001101001100010101110101000011101110001011010000111111000001101000110111010011111101111
110011011011001000001101110100101000101000001001111100111111011010000001100001100111101001111001010000110111011011110011110100001001111111110101111000001110111101111010010000000111101011110010100110110011001011111110111011111111101010110100110111010100000011001110100110101000001010000011001110011010001011000101000101001111101111
111101110000101001111000011000101000011011000001111111101000110100110101110111001100101000011101111000111010100011111111101010000001100111010001001010001100111010010000110100100011001011100001001000011011110011111111110111101100000010001110001001001000001110011100010000011011010000111100001000111110110000001010000111111111111111
111011011110001011000010000110000000111001000011111010101011001001101100100110101000110011001110001111110111000111111011100010100011111000101111010100111101111100101101010100011011101011111100010100000100011010111111010111001101101001111000101100001001100100001001101010010011101001100111000100100100001010100110000101111111111111
110101110010001011001111010010000000011101101101111111110000111010000101011011100100000001100100011111101001000111111111101000111001100101011101101010111110111100101100110000001111110111110011010010010000110110111101111001010100000000100100110110100011000100101110111011000100011010101001011011001101111101010100011100001111101111
111001111000000001000000110100100011100010101011111110111100111001000100100100110011100000110010011101101100010011111111100001100111111110011000000111110101111100000100111110111111101011110110011000010101010100111101001001000001110100100111001101100000111111110100101100000010000010100001101101000011110100101011010000111111111111
111111110111011110101111100000000000001110100001111010100111011000000001011111011000011111101111001110111001100111110011100011000111100000000000000000011110111000100011111110000011111011101111011110111101000000111111111111111101101011000100111011010000111111111111001111011010100110101111001111010000111101110011111110111111111111
110001110011001000010001000111111011010100110101111011110100001010101010101100110100011100000100001001100000100011111111101111011001100101111100101010011000111011101110010001111011000011100110111110010101000111111110110011111100010001000000011000001010100011111000010010010111010010001010101011001011111010010011000111101111101111
111100100110000011000111011110011110010001101001111000111000010010001010001010011011011101000100110101101000000111111111101100010111101100010111010101100101111100110010111010110011001011110101101100110101100110111111110011001011100111000000111001010010101011000011100001011000100100011111101010101001011010010111100001101111101111
110011101100010100010100000010000000000100111001111100100011101111000000010000100010100011111000011110100010000011111111100001001001100100111100101010010101111110000111101001011111101111111101100100001001111100111110001011100011000010100010111100100001000101100010001100001110100110010100011010110111100100001000110110001111101111
110000001010000011111111100101000000101110100111111010100110100010000001100000100111000010001011101000001100010011111111111001011001110110010111111011100010111101110001110110010011001111101000001101101001010101111111100010000101100010110110101001011110101111110101010001001001011111110010010111101001001101011000010001101111101111
110101101110001110101010111001111000100010111001111100111100000111010111000000011110001101000110100001010110111111111011101001110111101111011110000001110100111000001101001000010011000011100001000001000010000100111111010011111110011011001100010001010111110110111010100100010101101101011000011010101010010100101100001000111111101111
110000001010000011111111100101000000101110100111111010100110100010000001100000100111000010001011101000001100010011111111111001011001110110010111111011100010111101110001110110010011001111101000001101101001010101111111100010000101100010110110101001011110101111110101010001001001011111110010000111101001001101011000010001101111101111
111110111010101110100001110010000010001010011001111101110100111110111101110100101100000000001011001011111010000111110011111100000111111010100010101111001100111011000000010000000111010011110101110001010111010111111101000001111110011101110110011001100010011100111110010010111111000110011011010110111100011011100001101110111111111111
111110111010101110100001110010000010001010011001111101110100111110111101110100101100000000001011001011111010000111110011111100000111111010100010101111001100111011000000010000000111010011110101110001010111010111111101000001111110011101110110011001100010011100111110010010111111000110011011010110101100011011100001101110111111111111
111000001111011001101100010101001110000101010101111001101000010110100000000101011010101111010100011000000001011011110111101100100101100111010010111000011011111010010110110011110111000111110011111110000000011011111110000001110001000001010100000000111110110000010101111010011010100000010110111101000100001100111001000110101111101111
110001101110110000000011010100001010111010100001111100111101111001001000101000001010100100010010010001000000100111110011110010101101100011111010000011000000111101000011110111001111101011110110111010010010001001111111101010101110011110111101001001000011000110100111100101100100111100010011100110001010101001000100110110101111101111
110000000000001110101100000000000000000000000001111100100000000000000000000100000000000000000000000000000000000011110011110000000001100000000000000000011010111000000001000000000011010011100000000000000000000000111100000000000000000000111000000000000000000000000000000000000000000000000000000000000000000000000000000000001111101111
110001100010001010101111111111001000100000000101111100101010001010111110100010111001001000001111011111011010010111110011111000000111101010010000101001000101111100101111101111000011000111100000011101111111100001111101100101111100111101110010000100100000010100010101100011111101011111010000100001101011000010001111011111111111111111
111000011100001110011101001001010001100000000101111001110011000111001000000110010101011011110000001000011001101011110011101001110101100110001011110110100011111110101000011110101011101111100000000101110100101000111110111100110100100110100101011110010101100010100100001000110001111011010000110111111000100001000100001111111111111111
110001100010001010101111111111001000100000000101111100101010001010111110100010111001001000001111011111011010010111110011111000000111101010010000101001000101111100101111101111000011000111100000011101111111100001111101100101111100111101110010000100100000010100010101100011111101011111010000100001101011101110110111010010111111101111
111000101010101101001101101111001111001110010011111100110010100001100010111111001110110100001011000001011000010011111111110111010111101100010000111110111101111001010011110111010011100011110110111111010101001000111101101110111111001100110101000001110001011000001110001110111001111010001110100101101000001110011111100001011111101111
111010111000111010111110001110101110111000110011111001101000010111000011111101101000000101101010101111111010001011110011100110010001110011000101001100011111111000010001000010101111000011101001001101110100101011111100010010110001100100011011001111010110001100111110111011000011101001111010001001100101101110110111010010111111101111
110000000000001111001100000000000000000000000001111100100000000000000000000100000000000000000000000000000000000011110011100010000001100000000000000000011010111000010000000000000011000111100000000000000000000000111100000000000000000000111000000000000000000000000000000000000000000000000000000000000000000000000000000000001111101111
110001110100000000001001000001001100000101100101111001110100110110010101100100010010011000000110110010010100000111111111110111011111101010101101010100100011111110111001000011111111011111110110110000000100010111111100010110101111100110010011011111111000001010110010110101010000101001101011011001111111110101001011011100001111111111
111100111100101111011011110101110000001001010011111000110011100111011111001110101101010101111100001010011011011011111011100001000011100111001110111100000001111110010011011110011111110011110100011110100111001111111110110110100000110100010101001101101011101001111101000000101111001111011011010110000010101100011100110011111111101111
110110010010110111001101011011110010100010101001111010110101100011000110111110000010111011101010111011101010101111111011111101101011100001100111100101000010111010011111100100101011001011111000011001111100011010111111111000110111111110111010101011011101011101100111000101000001011001110000011111010011111101011001101111001111111111
110010110101010111101110101111101011110000010111111100110001101010111011011100010001010111010111100100011110111111110111110000010011101100001101011001010101111110111000001100101011000011110011101110110101110000111110011110011011111110000010111110001101010000110001001111111110001100010000111000001100101010100111001010101111101111
110100000100010011010011011110101111101111100001111001100100101001001001001000010011010001101000111111110101111111111111111001101011111010111000101001001010111001100101101000000111011111111110011000000101110000111111001011001100111110101101000000001100111010011111100111100000100000010000001001110001000000011001100110111111101111
111111011100101100101110110110001110101000100111111110101011011001010011011010110101101111010110001010010010011111110111101110000101101110111000001010010001111011001010111001100111001111110110111011100100000110111110110101101111011110001100101100101101011111001011011100111101101010000111011010111011110010111010010000001111111111
111110111010101110100001110010000010001010011001111101110100111110111101110100101100000000001011001011111010000111110011111100000111111010100010101111001100111011000000010000000111010011110101110001010111010111111101000001111110011101110110011001100010011100111110010010111111000110011011010110111100011011100001101110111111111111
110001010111111110010111101001111101111101001101111111100101010010100100001110011000001101011101100001100010100011111011100110000111111101100001111011110110111001010100111110100111010011100111101100110100100101111111101001110111110101010110010000110000010011000110011110011110011000011001100001001001010111100010110101011111111111
110001011101101111101010011001000111011100010101111110111100100100000100110000101111001011010000001111010110011111111011111100110011110011101101001110000111111100011111011110001011100011111100010010001111000111111111011001001000110001101100101000101010001110000001001100111010100000101110100011110001111000000000011111111111111111
110001111011100000011111001110011111010100101101111101111001010011010010010100111010110001100000010101110101100111111111110110111111110100111101000111110011111100110111000000000011011011101000000001010010000011111111111100110101011001001101110101011101110101001101011100100000101100000011110110100000011001111111110010001111111111
110000000001110010100000001101111010010011001101111011101101001010101010100110110000101001010000101010010111001011111111100100101011110101011110011010010110111000010100000010011011010011101111000111111111101010111101000110101001100100000111111001100101000011001001011011001111001001101001100000000111011000110111011000111111101111
111001010111000100001001001101001101000100011011111110111110110100010100111011011011011111110001000001110111010111111111111001010011111000000001000111010101111010010110111111101011111111100100011110000000001110111100000011100111001111100100111000110001101000010001100001000000100101101111010001000001001010000101111110111111111111
111110010001100000000101011100100100001000011111111100100001001101111000110110001000000010011100000110100110111011110111100110000001111100001111001010010011111110100001000101001111010111110110001110100001100100111100001011110000010110111100101110000001101110101011101100111001100001000011001001010010000100001101001110011111101111
110000001011101011001111111000111011011000010001111010110001001111000100111111111111111101001110101100110010110111111011100101001111110001110010110101100011111001001100110000001011111011100101011100011100111011111111100001001100011111101000111101101010111000111100110111010110000101010111011100111101011011111110110110001111111111
111000011110101001001011000000010001101010011001111100101011011100111001001010100100001011001000011011000111110111110111110110011111100001011001001111000101111010110011100100001111010011111001001010111010000010111100110110001010001000000101011001010100000001000001111100111000110101100110010111100101111010001000101111001111111111
110001111011100000110011011110101001011110110111111101110101100110111110100101110111111100010000111010100011100011110111110001101011111110011100000010100100111110100011010000100111101011110010001110100111100101111111001101100110100101000010000100000001000011001111010110001111110010001000000100101111001110000110101100101111101111
110001110011001000010001000111111011010100110101111011110100001010101010101100110100011100000100001001100000100011111111101111011001100101111100101010011000111011101110010001111011000011100110111110010101000111111110110011111100010001000000011000001010100011111000010010010111010010001010101011001011111010010011000111101111101111
110100000000011000001100111100110111000000111111111101110110110010111010101000000010001001000101011010000101001011111111100000100011110011001100011110000001111001110011100001110011110011100111100000000101000010111100000110000100110111100101100001101001100010101110101000011101110001011010000111111000001101000110111010011111101111
111100110011011111101100100001011001000001001001111101110111111001000001101111011011010001001000110100100101001111111111100001000111110001000101011001100010111010111011100101001111110011111000001000100000010100111101011101101001100010111110011010001010001101010001001101011011010001100110101110000010011011011110101101011111111111
110101100011010111110101100110000010110000000111111001111100010010001011111110111011010000010011001001000001100111110111101110000011110110110001011101011001111011110111010011000011101011111001111000010100111000111100001011001110000100011111001011101001000000001101010101011101000010101000000010110010011101110111011010111111101111
110010010111010110111000000110010001010011101111111101111101000011010000101110001010111111101111101001010100001111111111101110100011101100010011110000111100111110111110001111010011001111100000011101110001000111111101111000110010101000101000011101100001010101110011000101100011101100110111000000000111001111111110111010111111101111
110000101110110000000011010100001010111010100001111100111101111001001000101000001010100100010010010001000000100111110011110010101101100011111010000011000000111101000011110111001111101011110110111010010010001001111111101010101110011110111101001001000011000110100111100101100100111100010011100110001010101001000100110110101111101111
111111111111111111111111111111111111111111111111111111111111111111111111111111111111111111111111111111111111111111111111111111111111111111111111111111111111111111111111111111111111111111111111111111111111111111111111111111111111111111111111111111111111111111111111111111111111111111111111111111111111111111111111111111111111111111
111111000110101011111000001101011100111010100001111110100111100011111011010101110110100011001110110011100110011011111011111110011001101110101101110101000000111000001101010011100011101111100000101110111111000100111111111011100000000001011110001111100000100100010000011000001111010000100011011111101010011110000011010010111111101111
111110010000011110100100101111000001011010100001111111110000010010100011110100011100101101011001101110101000111011111011101011010011111110000100100111000010111110100101011000001011011111111101100001111110000100111100100110001010011000110000111110110010100001101101100101100000100100101000000000110101110110101010110001101111111111
110101000000011110101000011111000101111010100111111110110101100010000100000100101111111001000110100000010111000011110111101000000101101111011011001110101001111000001001111111110011000011110011111001010111111001111111011100001100111010010010010001001000010110101010111111111101000011111100011000100011010010101010010101111111111111
111000101101111111011101010000010101000001001011111101110000000111101101010011100010010011001110001010111011101011111011101111110011101000010000010010010111111010101101101110111011010111110101000110100111110100111111110100011111011100111010000110100011001011111011011101001110001001010010101011111101111111001110010000111111111111
110000110100100011110101100110010001110110111001111110111010000011001100101000011010011111111000001110111001100011110111101110010011100000000000101100100000111010100011010111100011110111110010010110011100000000111100000110111100100100011000101100000111110100100100001010110101000100110101011001110111011110110100111100101111101111
110011100111010111111000100000010010111111111011111111111101001011011111111010010000011010100010101001011110110111110011110000110011101001010011010110101001111100000101011000111111100111110001001001111110111101111110101001110110100000010011011000110111011100011111101010010010001011111110011100111101011011111010110110001111111111
111101111110111000011111000010110100110001111001111011111101001011110111011110110111100001100010000000100101101011110111111011111011111111001000111101111101111000111010101101101111010111111110011110010011011011111110000001001100100001111110011011000111110010100110010010100000110001001100110100111011000000000111001011001111101111
110011011011001000001101110100101000101000001001111100101111011010000001100001100111101001111001010000110111011011110011110100001001111111110101111000001110111101111010010000000111101011110010100110110011001011111110111011111111101010110100110111010100000011001110100110101000001010000011001110011010001011000101000101001111101111
110010010100010000100011100110101010110110101001111111100101011111111010000100011000111110000101011000010111101011111011110001011111111110001000011001100011111000000111100110010111010011101111101001010110111111111100000101110110101111100111111111100101001110111011011100010011101110111001011010101101010101010011111001111111101111
111000111100110111111111001010011101011000101011111000111100110010011110101001111100110011001110111100010010100111110011111001110111110101110010100101100010111111011100000100101011000011111111100101111110001101111101110010111000011010011111101110001011001101000100011001000100011000111000010101110011010011011100110000001111111111
110001101000011000101100001111111100101101000111111001100010110110101010110011000000011000001010100010111000011011110111100101101011100000101111001101110000111010001101101111000111110011111100001010110000111100111110001011101110110001101010000110010101101111011100110110000100101000010000001000010000110110011011011111011111101111
110010110100001111111101101011110011111011001011111111110111111011100111101110101101001011100101001010100011101011110111111110111001101010110100111101110111111010111110001010010011001011111011011001010111011101111111110100111001110100101001010101010001101101011010110111101100110111110101010111000100011000010010100101111111111111
110101000000011110101000011111000101111010100111111110110101100010000100000100101111111001000110100000010111000011110111101000100101101111011011001110101001111000001001111111110011000011110011111001010111111001111111011100001100111010010010010001001000010110101010111111111101000011111100011000100011010010101010010101111111111111
110001111101101011001101111100011000110110011111111111110110110000111001110000100000101111101001010010101001101111110111100000011011111000000100100000100010111011000110100000000111000111110110111001101011110101111111101101111110101000110110000001100110001110111100110001011001010011000110001101101100110010010001001110111111111111
110000101100110000000011010100001010111010100001111100111101111001001000101000001010100100010010010001000000100111110011110010101101100011111010000011000000111101000011110111001111101011110110111010010010001001111111101010101110011110111101001001000011000110100111100101100100111100010011100110001010101001000100110110101111101111
110001111101101011001101111100011000110110011111111111110110110000111001110000100000101111101001010010101001101111110111100000011011111000000100100000100011111011000110100000000111000111110110111001101011110101111111101101111110101000110110000001100110001110111100110001011001010011000110001101101100110010010001001110111111111111
111100110011011111101100100001011001000001001001111101110111111001000001101111011011010001001000110100100101001111111111100001000111110001000101011001100010111010111011100101001111110011111000001000100000010100111101011101101001100010111110011010001010001101010001001101011011010001100110101110000010011011011110101101011111111111
111011110100000110000101010001001111011001000101111011111000101110101000010101011101110011110000110011000001011111110111110100100011100011101011010100101100111100010000001011111111101111101000011111110110000101111111101110110100100111011100001001110001011101010101011010111100000001010011111111000001110011100001110000011111101111
110100111011001011100100010010110000111001110001111010100000111111110000001101101010000001000101100000010110000011111011110110000111111110011001000111010000111101011001101010111111011011110110010111100001111100111110110101000011111001000010000101010010100101111110100111000111000111001100110100000011010101111111000000001111111111
111110010010000110110100111010011101010101010001111111101011111000000110111001000011110111000000111000000010000011110111110111100001110011111110110101101001111101010111011010000111011111110100000100101101001110111100000101001101110011010101111101110010001001111011011100010000000000110110000001011100110000000001011001011111111111
110010010100010000100011100110101010110110101001111111100101011111111010000100011000111110000101011000010111101011111011110001011111111110001000011001100011111000000111100110010111010011101111101001010110111111111100000101110110101111100111111111100101001110111011011100010011101110111001011010101101010101010011111001111111101111
110100111011001011100100010010110000111001110001111010100000111111110000001101101010000001000101100000010110000011111011110110000111111110011001010111010000111101011001101010111111011011110110010111100001111100111110110101000011111001000010000101010010100101111110100111000111000111001100110100000011010101111111000000001111111111
110000000001110010100000001101111010010011001101111011101101001010101010100110110000101001010000101010010111001011111111100100101011110101011110011010010110111000010100000010011011010011101111000111111111101010111101000110101001100100000111111001100101000011001001011011001111001001101001100000000111011000110111011000111111101111
110000000000001110101100000000000000000000000001111001100000000000000000000000000000000000000000000000000000000011110011110000000001100000000000000000011001111000100000000000000011000111100000000000000000000000111100000000000000000000000100000000000000000000000000000000000000000000000000000000000000000000000000000000001111101111
111001110100000110101110001000010000111011011111111011110100101011100101001001100011001011110110110100101011010011110011100101010111110100111100000101011111111001100000100110000111101011100001111101100001011011111111001100000011011110110000110111111010001001010000010011010110011101101010011100101100100000100010101100001111111111
110000011011100101111010110010011101010100101101111101110010011011110000001011111101100111110011010000111001101011110011111110001101101010011100011011101110111111111010110010010111110011100000110000011111011001111110111100111100110010000111011010101010011000011111111110110100010111110100100000000001110000010001100100111111111111
111001111000000001000000110100100011100010101011111110111100111001000100100100110011100000110010011101101100010011111111100001100111111110011000000111110101111100000100111110111111101011110110011000010101010100111101001001000001110100100111001101100000111111110100101100000010000010100001101101000011110100101011010000111111111111
110001111011100000110011011110101001011110110111111101110101100110111110100101110111111100010000111010100011100011110111110001101011111110011100000010100100111110100011010000100111101011110010001110100111100101111111001101100110100101000010000100000001000011001111010110001111110010001000000100101111001110000110101100101111101111
111111011100101100101110110110001110101000100111111110101011011001010011011010110101101111010110001011010010011111110111101110000101101110111000001010010001111011001010111001100111001111110110111011100100000110111110110101101111011110001100101100101101011111001011011100111101101010000111011010111011110010111010010000001111111111
110101110001110010100010101101101110110000001011111111100011001110010000111111110101110010010011001010111100001011111111110011110101101100010010010001100101111110000110101111000111010111100111100101001110010000111111010001110001100000001011011010110101101010010011111100000000000110001011100011101011101000010000111111011111101111
111100111100101111011011110101110000001001010011111000110011100111011111001110101101010101111100001010011011011011111011100001000011100111001110111100000001111110010011011110011111110011110100011110100111001111111110110110100000110100010101001101101111101001111101000000101111001111011011010110000010101100011100110011111111101111
111000101110010111000110001101011011011101001111111100100100011010101100011000000111111100111010110011001110110011111111110100101011111110010101110011101110111110000001001000100011110111100011110010011001100000111111010010100110000001000011001011011110000100100100111011001111101111010011101100100001111111000000010111001111111111
111010111000111010111110001110101100111000110011111001101000010111000011111101101000000101101010101111111010001011110011100110010001110011000101001100011111111000010001000010101111000011101001001101110100101011111100010010110001100100011011001111010110001100111110111011000011101001111010001001100101101110110111010010111111101111
111101111110111000011111000010110100110001111001111011111101001011110111011110100111100001100010000000100101101011110111111011111011111111001000111101111101111000111010101101101111010111111110011110010011011011111110000001001100100001111110011011000111110010100110010010100000110001001100110100111011000000000111001011001111101111
111010010010110000001000001110011000111101000011111001101001110010010011001100011001011100100111110011111001000011110111100111010101111100110111100110011101111101110111011101011011001111101110101011001000000111111101011100110101101010101010010000110100001100101000100010000011011100100001101101011010100100101011100111101111111111
110110110100000011110011100001000001110101111101111001100010100010001001011101000111110011001000010111010110010011111011110111101111110111010101001000000111111100001111101001101111010011110111010111110010110100111111111010111000001101011110111111000111110111010101100010000001011111000000111010000001110110010100101011111111111111
110111111101000101111110100000100010101110001111111110100000101110001000010010011111111000010000100111100010101111111011110111111111101110000110111001000010111100001010111101111111101011101100010000011000100000111100110011000111000010001100000111011001010111011110011111011010110011001000110001000111111101100001110101001111101111
110110100110111000010110111111001100101100100001111001110000111001110100100000101010010011010100001110011110001111110011111010010101110011000001110100100110111001011001101111100111110011110011100000000100011110111111010001000000000100100110110010010100001101000000100010001110110111111011101101101011110101010010111010101111111111
111011111011010010001000000100101001001011100101111100100100110000000011000111000010000100111110011001010101001011111011101111110011111110001001000111111011111101001110000111000011101111111000111000000001010000111101001010110110100101111100101101010100111100101111101101000101110110100001110100100011110111001001000110011111101111
110111111010001111011011110010010100011111000011111010110011001001111001011001110001101111000000101010111010111011110111110000001111100111110001110010111100111101010111111101011111100011110110001101010001101110111111010000000001011010001111110111011011100011011110110001100110101010111011000001110111010010110111001101101111111111
110101111101000011110010110010100000000100001011111001101100110101100101101000001011100111011110100101100000110011110011111100001101101001000001010000100110111101110001101110010011000011101110111111011000000000111111010001001111101100000011000100101001110110010110010110000001111011110001100100111110110011110011010011001111101111
110101000000011110101000011111000101111010100111111110110101100010000100000100101111111001000110100000010111000011110111101000000101101111011011001110101001111000001001111111110011000011110011111001010111111001111111000001110001000001010100000000111110110000010101111010011010100000010110111101000110001100111001000110101111101111
111000111101001100111000000011011100101010100011111011101011101000100011000011111001111100100000000101101010111111110111101101101001111100111001100110010110111011000110101000111011111011111110000011001010000101111111001011010100110101100111111101111111110100001101011001011011011110100100100101101110000101010010001100001111101111
110010000010001010001000100001111000011011100101111101110100110110011111110101001110110100000101000101011011111011110111100000100111111111110100101111101111111110100111100010001011011011100001101010010000011101111101101110100111000111011010110010011000010000001110110001100111000111110001011111010110101100101010100010111111111111
110001001001100110111011000101001111010001110101111010100110010101011101101010010101011011010110111010011101101011111011110011011111111110101110101111011101111101110110110010001111011011110011100110011011111011111101110011000010101001111111111101000111011100011111101010010010001011111110011100111101111011111110110110001111111111
110110010100111000010111110101111000100100110101111111101110111111111100111010101000001100101110110111110011111011111011100011001101111101111000110100110000111011111011101111110111000011100011110100011101101110111100010001000000010111111010111001000000100011100100101001011111111111101010001000010101110111011001010000011111101111
110001110110100010001101100100110010101011000101111111100010000100100101110110110001110101100000100010101110101011110111111110001001101000011010100011000010111110110011101000111011101011110110010001010000011011111101111110011011101111001010100011011000001101011001000011101011111101100010011011100010000100101110011101101111101111
111011110111101111101001011110011110000001100101111110110001000111000010010101011011100100000110111001000000001011111111100000101011111011010101010001001000111001110000111100001111011111111110010100111110001010111101110111010111010000111111100000101011110110011110001001110101111101101000010111011110011010001001001111101111101111
110011111011100001011010011000111100101111100001111011111000110010010100100100100011001010001001001011010100100011111011110110101011111101100100010101101000111000010111000111101111111011110111100110100110110110111111010000100010010111110001000000010000011011111100001110010010101001011110000010101101110011011100001110001111111111
110000110101001011111101110000110011110010110101111111110011100110101110110100011101110110001010000011001111110111110111100101010101110111011011001110111111111101111001010000010011000111111001111001001011110000111111001100101100010111110101101010110011101001001100110101110100111011101110010001000111111101011110110010001111111111
111111000100010110111010011011010110000100001101111011100011111100001110101100011110111101010010100100010110010011110011110110101111100100110101110010001001111100001110001110010111001011100000010001000001100111111111000100000111010110100101011111111110000101011001000111000001000100110001011111100100000011100101101011101111111111
111101001011001010001100000101111001000010001111111110101110001100001100010011101101011101010000000111010011111111110111110101111101110011101010011100111101111001101100111110010111111011111110100110110111001110111111100000011110111000011110000001011100001010100110101010000001010111010110110001001111100100011000100111111111111111
110010010101001001111111111101100111101010000011111001101101101001100000011001110001000001001111011010111000000111110011111111010101110010000001110011100001111010001010110101010011010011101111111111110001110011111100111011010001100111100000100001000011110110100111010110111111001000001110001010110000101000110101011100001111111111
110101110001110010100010101101101110110000001011111111100011001110010000111111110101110010010011001010111100001011111111110011110101101100010010010001100101111110000110101111000111010111100111100101001110010000111111010001110001100000001011011010110101101010010011111100000000000110001011100011101011101000010000111111011111101111
110011101100010100010100000010000000000100111001111100100011101111000000010000100010100011111000011110100010000011111111100001001001100100111100101010010101111110000111101001011111101111111101100100001001111100111110001011100011000010100011111100100001000101100010001100001110100110010100011010110111100100001000110110001111101111
111000011100001110011101001001010001100000000101111001110011000111001000000110010101011011110000001000011001101011110011101001110101100110001011110110100011111110101000011110101011101111100000000101110100101000111110111100110100100110100101011110010101100010100100001000110001111111010000110111111000100001000100001111111111111111
111110010001100000000101011100100100001000011111111100100001001101111000110110001000000010011100000110100110111011110111100110000001111100001111001010010011111110100001000101001111010111110110001110100001100100111100001011110000010110111100101110000001101110101011101100111001100001000011001001010010000100001101001110011111101111
110010010100010000100011100110101010110110101001111111100101011111111010000100011000111110000101011000010111101011111011110001011111111110001000011001100011111000000111100110010111010011101111101001010110111111111100000101110110101111100111111111100101001110111011011100010011101110111001011010101101010101010011111001111111101111
111000001111011001101100010101001110000101010101111001101000010110100000000101011010101111010100011000000001011011110111101100100101100111010010111000011011111010010110110011110111010111110011111110000000011011111110000001110001000001010100000000111110110000010101111010011010100000010110111101000110001100111001000110101111101111
111011011110001011000010000110000000111001000011111010101011001001101100100110101000110011001110001111110111000111111011100010100011111000101111010100111101111100101101010100011011101011111100010100000100011010111111010111001101101001111000101100001001100100001001101010010011101001100111000100100100001010100110000101111111111111
111000101101111111011101010000010101000001001011111101110000000111101101010011100010010011001110001010111011101011111011101111110011101000010000010010010111111010101101101110111011010111110101000110100111110100111111110100011111011100111010000110100011001011101011011111001110001001010010101011111101111111001110010000111111111111
111110010001100000000101011100100100001000011111111100100001001101111000110110001000000010011100000110100110111011110111100110000001111100001111001010010011111110100001000101001111010111110110001110100001100100111100001011110000010110111100101110000001100110101011101100111001100001000011001001010010000100001101001110011111101111
110100000000011000001100111100110111000000111111111101110110110010111010101000000010001001000101011010000101001011111111100000100011110011001100011110000001111001110011100001110011110011100111100000000101000010111100000110000100110111100101100001101001100010101110101000011101110001011010000111111000001101000110111010011111101111
111101000000001010111001111011111100000100000001111001111111100000101000001000110010110111101001000000100010110011111011101011101101100010011011001111100101111000000011011000101011011111111011100011001101000000111110001001100011100001000111001011111000010111101011001110001101100011010110101110111000001000110110001011111111101111
110011101111111110101000101101001111110000100001111000110001010001011111110100001110010101010101001010011101001011110011111111111111110101000001011101101110111010101011011010000111100111110100010011100001000011111111011000001001110011010000011111100111001100110101101000011001101011100010101110100011100010110001010001001111111111
111100100000010101011110000110101010110000101001111010100011100100110110111001011111010000010101100111000010010111111111100111110011100001010110010100100000111001111100011111101011100111100011010110010000101000111101100000011101101101000110001100101000100100111100000011011000000001001001110000000010001001111001110111001111111111
110000110100100011110101100110010001110110111001111110111010000011001100101000011010011111111000001110111001100011110111101110010011100000000000101100100000111010100011010111100011110111110010010110011100000000111100000110111100100100011000101100000111110100100100001010110101000100110101011001110111011110110100111100101111101111
111101010000100001011111001111101101000101111101111100110000101111001111000111011010110111101100001111101101101011111111101110100011101001010111010101000100111111110101001011111111101011110011000010001010101000111110110100001010110101001100010100001001000010001011000000001101111111100000111000010000101100100110010010111111101111
110011101100010100010100000010000000000100111001111100100011101111000000010000100010100011111000011110100010000011111111100001001001100100111100101010010101111110000111101001011111101111111101100100001001111100111110001011100011000010100011111100100001000101100010001100001110100110010100011010110111100100001000110110001111101111
110100001110011010001000011101111110000010110111111110111101100100001101000111001000011111001100011000000100101111110111101010101011110111110111001011001010111110000100000001010111000111100110110001111101000001111111000100101000101110001111111010011110011110101101001001001110100001101011001010111011001010110010100110001111111111
111110111010101110100001110010000010001010011001111101110100111110111101110100101100000000001011001011111010000111110011111100000111111010100010101111001100111011000000010000000111010011110101110001010111010111111101000011111110011101110110011001100010011100111110010010111111000110011011010110111100011011100001101110111111111111
110010010100011000001101111001000000011000101111111001101011111100101010001101001110100010110001010001111010110111110011110110100011100011100111111111001111111000000001110011100111001111100010010101001111101110111110111011110010110000011111000001010010111010111111011000011101101101111100000000000101010000100100111101001111111111
110001001010000011011001010110100000000101000001111011100101011001000110010011100100001101111111110011001010000011110111100010101011110101100110010000110011111110110000100001110111010111111110001011000101011101111101101100000000111001010011000110000110010010111011100111010110101000011011000011001001111010011000001101001111101111
111011110111101111101001011110011110000001100101111110110001000111000010010101011011100100000110111001000000001011111111100000101011111011010101010001001000111001110000111100001111011111111110010100111110001010111101110111010111010000111111100000101011110110011110001001110101111101101000010111011110011010001001001111101111101111
110010010100010000100011100110101010110110101001111111100101011111111010000100011000111110000101011000010111101011111011110001011111111110001000011001100011111000000111100110010111010011101111101001010110111111111100000101110110101111100111111111100101001110111011011100010011101110111001011010101101010101010011111001111111101111
111111111000101110001101011101000011011001111011111110111001000111110100000110001100000101011000000111101100100111110111100101010011100101011100110110100110111011110111001110011011111111110101110111110111000100111111111011110000111001111100010110100110001000101111011100100000010101001111010001110001011101100101010001001111111111
110100000000011000001100111100110111000000111111111101110110110010111010101000000010001001000101011010000101001011111111100000100011110011001100001110000001111001110011100001110011110011100111100000000101000010111100000110000100110111100101100001101001100010101110101000011101110001011010000111111000001101000110101010011111101111
111000001111011001101100010101001110000101010101111001101000010110100000000101011010101111010100011000000001011011110111101100100101100111010010111000011011111010010110110011110111010111110011111110000000011011111110000001110001000001010100000000111110110000010101111010011010100000010110111101000110001100111001000110101111101111
110111111010001111011011110010010100011111000011111010110011001001111001011001110001101111000000101010111010111011110111110000001111100111110001110010011100111101010111111101011111100011110110001101010001101110111111010000000001011010001111110111011011100011011110110001100110101010111011000001110111010010110111001101101111111111
110100000000011000001100111100110111000000111111111101110110110010111010101000000010001001000101011010000101001011111111100000100011110011001100011110000001111001110011100001110011110011100111100000000101000010111100000110000100110111100101100001101001100010101110101000011101110001011010000111111000001101000110111010011111101111
111110100111000001001001111110110001110011011001111111100000011101111001000100001101111110110000001011100000110011110111110100000101100000010111111100110101111100000110000000001011101111110010000000100001111100111110010110110100010011001100010101100100010010011001010010010101101100001100001110011110000010010110111000101111111111
110011011011001000001101110000101000101000001001111100111111011010000001100001100111101001111001010000110111011011110011110100011001111111110101111000001110111101111010010000000111101011110010100110110011001011111110111011111111101010110100110111010100000011001110100110101000001010000011001110011010001011000101000101001111101111
111101111110111000011111000010110100110001111001111011111101001011110111011110110111100001100010000000100101101011110111111011111011111111001000111101111101111000111010101101101111010111111110011110010011011011111110000001001100100001111110011011000111110010100110010010100000110001001100110100111011000000000111001011001111101111
111110010001100000000101011100100100001000011111111100100001001101111000110110001000000010011100000110100110111011110111100110000001111100001111001010010011111110100001000101001111010111110110001110100001100100111100001011110000010110111100101110000001101110101011101100111001100001000011001001010010000100001101001110011111101111
111100100000010101011110000110101010110000101001111010100011100100110110111001011111010000010101100111000010010111111111100111110011100001010110010100100000111001111100011111101011100111100011010110010000101000111101100000011101101101000110001100101000100100111100000011011000000001001001110000000010001001111001110111001111111111
110001110110100010001101100100110010101011000101111111100010000100100101110110110001110101100000100010101110101011110111111110001001101000011010100011000010111110110011101000111011101011110110010001010000011011111101111110011011101111001010100011011000001101011001000011101011111101100010011011100010000100101110011101101111101111
111011011110001011000010000110000000111001000011111010101011001001101100100110101000110011001110001111110111000111111011100010100011111000101111010100111101111100101101010100011011101011111100010100000100011010111111010111001101101001111000101100001001100100001001101010010011101001100111000100100100001010100110000101111111111111
110010010111010110111000000110010001010011101111111101111101000011010000101110001010111111101111101001010100001111111111101110100011101100010011110000111100111110111110001111010011001111100000011101110001000111111101111000110010101000101000011101100001010101110011000101100011101100110111000000000111001111111110111010111111101111
110101100011010111110101100110000010110000000111111001111100010010001011111110111011010000010011001001000001100111110111101110000011110110110001011101011001111011110111010011000011101011111001111000010100111000111100001011001110000100011111001011101001000000001101010101011101000010101000000010110010011101110111011010111111101111
111100110011011111101100100001011001000001001001111101110111111001000101101111011011010001001000110100100101001111111111100001000111110001000101011001100010111010111011100101001111110011111000001000100000010100111101011101101001100010111110011010001010001101010001001101011011010001100110101110000010011011011110101101011111111111
111000011100001110011101001001010001100000000101111001110011000111001000000110010101011011110000001000011001101011110011101001110101100110001011110110100011111110101000011110101011101111100000000101110100101000111110111100110110100110100101011110010101100010100100001000110001111011010000110111111000100001000100001111111111111111
110000101110110000000011010100001010111010100001111100111101111001001000101000001010100100010010010001000000100111110011110010101101100011111010000011000000111101000011110111001111101011110110111010010010001001111111101010101110011110111101001001000011000110100111100101100100111100010011100110001010101001000100110110101111101111
111001111000000001000000110100100011100010101011111110111100111001000100100100110011100000110010011101101100010011111111100001100111111110011000000111110101111100000100111110111111101011110110011000010101010100111101001001000001110100100111001101100000111111110100101100000010000010100001101101000011110100101011010000111111111111
111011111011010010001000000100101001001011100101111100100100110000000011000111000010000100111110011001010101001011111011101111110011111110001001000111111011111101001110000111000011101111111000111000000001010000111101001010110110100101111100101101010100111100101111101101000101110110100001110100100011110111001001000110011111101111
110011111011100001011010011000111100101111100001111011111000110010010100100100100011001010001001001011010100100011111011110110101011111101100100010101101000111000010111000111101111111011110111100110100110110110111111010000100010010111110001000000010000011011111100001110010010101001011110000010101101110011011100001110001111111111
110001000010101111111000100101111010011101011101111100110010000101101110111101011010001001110110101010001000010111110111111001110111100111001000010111111000111001011100000000111111000111111101011101001111111101111100001100011011101011011010001100000110110011001111001100010010100010000100110101101010101011011000110110111111111111
110111100101100100110100111101110001100110000011111000110011010110010010110101100101111111101111110010000001001111111111111111011111110010000110000111110100111010001001011101100011100011100011100101011011011001111110100011101101100001101001111011000011101101010101111111111011000010101000000111100010101110100000100001001111111111
110000001011101011001111111000111011011000010001111010110001001111000100111111111111111101001110101100110010110111111011100101001111110001110010110101100011111001001100110000001011111011100101011100011100110011111111100001001100011111101000111101101010111000111100110111010110000101010111010110110110011100001101001111001111101111
111110010001100000000101011100100100001000011111111100100001001101111000110110001000000010011100000110100110111011110111100110000001111100001111001010010011111110100001000101001111010111110110001110100001100100111100001011110000010110111100101110000001101110101011101100111001100001000011001001010010000100001101001110011111101111
111000101010101101001101101111001111001110010011111100110010100001100010111111001110110100001011000001011000010011111111110111010111101100010000111110111101111001010011110111010011100011110110111111010101001000111101101110111111001100110101000001110001011000001110001110111001111010001110100101101000001110011111100001011111101111
110100101100010010011100100111011001110110110001111011111000111101000010011100000001010111010001011000110100011111110011100111110111111100110011010110011111111001001111011011001111100111100110101000100001111011111100010101101101101010110100101101101100001101010010111110010100000011001110101100001011010100010111001010011111111111
110011101100010100010100000010000000000100111001111100100011101111000000010000100010100011111000011110100010000011111111100001001001100100111100101010010101111110000111101001011111101111111101100100001001111100111110001011100011000010100011111100100001000101100010001100001110100110010100011010110111100100001000110110001111101111
110010010100011000001101111001000000011000101111111001101011111100101010001101001110100010110001010001111010110111110011110110100011100011100111111111001111111000000001110011100111001111100010010101001111101110111110111011110010110000011111000001010010111010111111011000011101101101111100000000000101010000100100111101001111111111
111101010000100001011111001111101101000101111101111100110000101111001111000111011010110111101100001111101101101011111111101110100011101001010111010101000100111111110101001011111111101011110011000010001010101000111110110100001010110101001100010100001001000010001011000000001101111111100000111000010000101100100110010010111111101111
110000001010000011111111100101000000101110100111111010100110100010000001100000100111000010001011101000001100010011111111111001011001110110010111111011100010111101110001110110010011001111101000001101101001010101111111100010000101100010110110101001011110101111110101010001001001011111110010010111101001001101011000010001101111101111
110110010100111000010111110101111000100100110101111111101110111111111100111010101000001100101110110111110011111011111011100011001101111101111000110100110000111011111011101111110111000011100011110100011101101111111100010001000000010111111010111001000000100011100100101001011111111111101010001000010101110111011001010000011111101111
110000110100100011110101100110010001110110111001111110111010000011001100101000011010011111111000001110111001100011110111101110010011100000000000101100100000111010100011010111100011110111110010010110011100000000111100000110111100100100011000101100000111110100100100001010110101000100110101011001110111011110110100111100101111101111
110011101111111110101000101101001111010000100001111000110001010001011111110100001110010101010101001010011101001011110011111111111111110101000001011101101110111010101011011010000111100111110100010011100001000011111111011000001001110011010000011111100111001100110101101000011001101011100010101110100011100010110001010001001111111111
110001110100000000001001000001001100000101100101111001110100110110010101100100010010011000000110110010010100000111111111110111011111101010101101010100100011111110111001000011111111011111110110110000000100010111111100010110101111100110010011011111111000001010110010110101010000101001101011011001111111110101001011011100001111111111
110110100110111000010110111111001100101100100001111001110000111001110100100000101010010011010100001110011110001111110011111010010101110011000001110100100110111001011001101111100111110011110011100000000100011110111111010001000000000100100110110010010100001101000000100010001110110111111011101101101011110101010010111010101111111111
111111000110101011111000001101011100111010100001111110100111100011111011010101110110100011001110110011100110011011111011111110011001101110101101110101000000111100001101010011100011101111100000101110111111000100111111111011100000000001011110001111100000100100010000011000001111010000100011011111101010011110000011010010111111101111
110001101000011000101100001111111100101101000111111001100010110110101010110011000000011000001010100010111000011011110111100101101011100000101111001101110000111010001101101111000111110011110100001010110000111100111110001011101110110001101010000110010101101111011100110110000100101000010000001000010000110110011011011111011111101111
110000011011100101111010110010011101010100101101111101110010011011110000001011111101100111110011010000111001101011110011111110001101101010011100011011101110111111111010110010010111110011100000110000011111011001111110111100111100110010000111011010101010011000011111111110110100010111110100100000000001110000010001100100111111111111
110101001110111101110101110010010011011011011111111101110000100111010111010110001101001001101010010100011111100111110111111111111101110111000000001010010010111000101011001001100111111011111010100111111111001001111101011111010000000010011111101111010000111110100001001101010000101110010111101101110101010101101100110110101111101111
111001110100000110101110001000010000111011011111111011110100101011100101001001100011001011110110110100101011010011110011100101010111110100111100000101011111111001100000100110000111101011100001111101100001011011111111001100000011011110110000110111111010001001010000010011010110011101101010011100101100100000100010101100001111111111
110100001110011010001000011101111110000010110111111110111101100100001101000111001000011111001100011000000100101111110111101010101011110111110111001011001010111110000100000001010111000111100110110001111101000001111111000100101000101110001111111010011110011110101101001001001110100001101011001010111011001010110010100110001111111111
111101110000101001111000011000101000011011000001111111101000110100110101110111001100101000011101111000111010100011111111101010000001100111010001001010001100111010010000110100100011001011100001001000011011110011111111110111101100000010001110001001001000001110011100010000011011010000111100001000111110110000001010000111111111111111
111110100111000001001001111110110001110011011001111111100000011101111001000100001101111110110000001011100000110011110111110100000101100000010111111100110101111100000110000000001011101111110010000000100001111100111110010110110100010011001100010101100100010010011001010010010101101100001100001110011110000010010110111000101111111111
110011011011001000001101110100101000101000001001111100111111011010000001100001100111101001111001010000110111011011110011110100001001111111110101111000001110111101111010010000000111101011110010100110110011001011111110111011111111101010110100110111010100000011001110100110101000001010000011001110011010001011000101000101001111101111
110001111011100000011111001110011111010100101101111101111001010011010010010100111010110001100000010101110101100111111111110110111111110100111101000111110011111100110111000000000011011011101000000001010010000011111111111100110101011001001101110101011101110101001101011100100000101100000011110110100000011001111111110010001111111111
110001111011100000110011011110101001011110110111111101110101100110111110100101110111111100010000111010100011100011110111110001101011111110011100000010100100111110100011010000100111101011110010001110100111100101111111001101100110100101000010000100000001000011001111010110001111110010001000000100101111001110000110101100101111101111
111110111011100111110000101100110010010010011001111001111111100100011110000000100000011111101010001000101111000011110011100001101011110111100101100000110000111110110010111100111011010011110100100010100100010111111110000111101000101110111110111000100110100010011010010111111100000111011111001101110010000001101110101000101111101111
110001010111111110010111101001111101111101001101111111100101010010100100001110011000001101011101100001100010100011111011100110000111111101100001111011110110111001010100111110100111010011100111101100110100100101111111101001110111110101010110010000110000010011000110011110011110011000011001100001001001010111100010110101011111111111
111100000010100101111100001000110001000001100001111101100010010001000010010001111001110101101001000000111101100011110011111011011111111001110001100001011101111010000011010101100011001111100100110001010111010110111101111010010011011100100011000110000000111011100011001111110011110110100010110100111000011100100101000001001111111111
110000000010101111001010110010101010101110100001111100110001010000110000111101110011010111000100001010011100101111110111100111100111101101111001111010010001111011100101111000010111011011101010001110000011100100111101101010011111100000011111100100010101001010000101010001001101010100001111110101001011101000001100100000111111101111
111011110100000110000101010001001111011001000101111011111000101110101000010101011101110011110000110011000001011111110111110100100011100011101011010100101100111100010000001011111111101111101000011111110110000101111111101110110100100111011100001001110001011101010101011010111100000001010011111111000001110011100001110000011111101111
111100111100101111011011110101110000001001010011111000110011100111011111001110101101010101111100001010011011011011111011100001000011100111001110111100000001111110010011011110011111110011110100011110100111001111111110110110100000110100010101001101101111101001111101000000101111001111011011010110000010101100011100110011111111101111
110101100011010111110101100110000010110000000111111001111100010010001011111110111011010000010011001001000001100111110111101110000011110110110001011101011001111011110111010011000011101011111001111000010100111000111100001011001110000100011111001011101001000000001101010101011101000010101000000010110010011101110111011010111111101111
110001011101101111101010011001000111011100010101111110111100100100000100110000101111001011010000001111010110011111111011111100110011110011101101001110000111111100011111011110001011100011111100010010001111000111111111011001001000110001101100101000101010001110000001001100111010100000101110100011110001111000000000011111111111111111
110000000001110010100000001101111010010011001101111011101101001010101010100110110000101001010000101010010111001011111111100100101011110101011110011010010110111000010100000010011011010011101111000111111111101010111101000110101001100100000111111001100101000011001001011011001111001001101001100000000111011000110111011000111111101111
111001010111000100001001001101001101000100011011111110111110110100010100111011011011011111110001000001110111010111111111111001010011111000000001000111010101111010010110111111101011111111100100011110000000001110111100000011100111001111100100111000110001101000010001100001000000100101101111010001000001001010000101111110111111111111
110111111101100010000110101000011011100101100111111001101010001101000111001010100011111110001111000001100101001111111011110010001001100001100101011111001000111101000010010011111011010111111010111101000111010010111111011011010100110000100110110100001101001100110001011011000010101011111010110000101000101110011110011010101111111111
110111111101000101111110100000100010101110001111111110100000101110001000010010011111111000010000100111100010101111111011110111111111101110000110111001000010111100001010111101111111101011101100010000011000100000111100110011000111000010001100000111011001010111011110011111011010110011001000110001000111111101100001110101001111101111
111100111110111011110101001100011001001010110101111100101111010000100101110011001101110111000010110110000001000011111111100100010001101000000001000011001010111011111100110101010111010011101100001101011011100000111110100010100110111110110000000010111000111000001100010111011010010011010100110000110010010001010110001110111111111111
110100101001100001000100000000011000111111101101111110111011100001100011111101100111111100101110010110110100010011110111100011110111100001111011111000010100111111100011100110000011000011101001010100100010011111111111110010101110001011000111101110110010101100110101100110101100100011000101111000111000101100011101000110011111111111
111100110011011111101100100001011001000001001001111101110111111001000001101111011011010001001000110100100101001111111111100001000111110001000101011001100010111010111011100101001111110011111000001000100000010100111101011101101001100010111110011010001010001101010001001101011011010001100110101110000010011011011110101101011111111111
110010110101010111101110101111101011110000010111111100110001101010111011011100010001010111010111100100011110111111110111110000010011101100001101011001010101111110111000001100101011000011110011101110110101110000111110011110011011111110000010111110001101010000110001001111111110001100010000111000001100101010100111001010101111101111
111100000101001100000110100000111110000100000011111100101100111110101101101011100101001010010000011110100010101011111011111001011011111111010101000110001110111010011011100001111111100111111111101111100101111100111100000001101100000100100110110001010100110100111010100000111101001110111111100101101001000001100010100000111111101111
110100000100010011010011011110101111101111100001111001100100101001001001001000010011010001101000111111110101111111111111111001101011111010111000101001001010111001100101101000000111011111111110011000000101110000111111001011001100111110101101000000001100111010011111100111100000100000010000001001110001000000011001100110111111101111
110001001010000011011001010110100000000101000001111011100101011001000110010011100100001101111111110011001010000011110111100010101011110101100110010000110011111110110000100001110111010111111110001011000101011101111101101100000000111001010011000110000110010010111011100111010110101000011011000011001001111010011000001101001111101111
110011100111010111111000100000010010111111111011111111111101001011011111111010010000011010100010101001011110110111110011110000110011101001010011010110101001111100000101011000111111100111110001001001111110111101111110101001110110100000010011011000110111011100011111101010010010001011111110011100111101011011111110110110001111111111
111101000000001010111001111011111100000100000001111001111111100000101000001000110010110111101001000000100010110011111011101011101101100010011011001111100101111000000011011000101011011111111011100011001101000000111110001001100011100001000111001011111000010111101011001110001101100011010110101110111000001000110110001011111111101111
110010010101001001111111111101100111101010000011111001101101101001100000011001110001000001001111011010111000000111110011111111010101110010000001110011100001111010001010110101010011010011101111111111110001110011111100111011010001100111100000100001000011110110100111010110111111001000001110001010110000101000110101011100001111111111
111001101001001000011111011010110001001001100111111111100100011111100101011110000000111111011110011010001101100111111111100111011101111011001011110111011101111001000101100101011111011111110110001010110100010010111110110011110010011010111100101011111001101010011111001010100010011100111011011101011101101111110010011110101111101111
110101000000011110101000011111000101111010100111111110110101100010000100000100101111111001000110100000010111000011110111101000000101101111011011001110101001111000001001111111110011000011110011111001010111111001111111011100001100111010010010010001001000010110101010111111111101000011111100011000100011010010101010010101111111111111
111011011110001011000010000110000000111001000011111010101011001001101100100110101000110011001110001111110111000111111011100010100011111000101111010100111101111100101101010100011011101011111100010100000100011010111111010111001101101001111000101100001001100100001001101010010011101001100111000100100100001010100110000101111111111111
110101110001110010100010101101101110110000001011111111100011001110010000111111110101110010010011001010111100001011111111110011110101101100010010010001100101111110000110101111000111010111100111100101001110010000111111010001110001100000001011011010110101101010010011111100000000000110001011100011101011101000010000111111011111101111
110000010010001100001000000111100110110101111111111000110110100001110000000010111101111001000110101111000000101011110111110100001111101000101111011110111000111100101011010100101111100111100011000110011110110110111100011111010100110100111111111111100010010001101101000111010010000001100010001000010110110111110111001110101111111111
111000001111011001101100010101001110000101010101111001101000010110100000000101011010101111010100011000000001011011110111101100100101100111010010111000011011111010010110110011110111010111110011111110000000011011111110000001110001000001010100000000111110110000010101111010011010100000010110111101000110001100111001000110101111101111
111101001011001010001100000101111001000010001111111110101110001100001100010011101101011101010000000111010011111111110111110101111101110011101010011100111101111001101100111110010111111011111110100110110111001110111111100000011110111000011110000001011100001010100110101010000001010111010110110001001111100100011000100111111111111111
110100010011011010101111111110100000101000101101111111101000111001010111001110101111100001010110100100111010011111111111100001100111110000000001111101000010111011100000000110011011001011100101011011100010001100111101111000100101011000000011000010011110110110000011000001100000100110100011010000100110010011011111011101001111111111
110001111101101011001101111100011000110110011111111111110110110000111001110000100000101111101001010010101001101111110111100000011011111000000100100000100010111011000110100000000111000111110110111001101011110101111111101101111110101000110110000001100110001110111100110001011001010011000110001101101100110010010001001110111111111111
110111010000011100000001101010010100010001110001111010101110111000000111000011011110001001001001011001100101111011110111101000100001101100101011110100001100111011100000010100010011011011100110001000111001101001111101110111001010010100010110001011101011100011101000001111011111011100001010001110110010001011010111001010001111111111
110001100010001010101111111111001000100000000101111100101010001010111110100010111001001000001111011111011010010111110011111000000111101010010000101001000101111100101111101111000011000111100000011101111111100001111101100101111100111101110010000100100000010100010101100011111101011111010000100001101011000010001111011111111111111111
111000111101001100111000000011011100101010100011111011101011101000100011000011111001111100100000000101101010111111110111101101101001111100111001100110010110111011000110101000111011111011111110000011001010000101111111001011010100110101100111111101111111110100001101011001011011011110100100000101101110000101010010001100001111101111
111000111100110111111111001010011101011000101011111000111100110010011110101001111100110011001110111100010010100111110011111001110111110101110010100101100010111111011100000100101011000011111111100101111110001101111101110010111000011010011111101110001011001101000100011001000100011000111000010101110011010011011100110000001111111111
110111111010001111011011110010010100011111000011111010110011001001111001011001110001101111000000101010111010111011110111110000001111100111110001110010111100111101010111111101011111100011110110001101010001101110111111010000000001011010001111110111011011100011011110110001100110101010111011000001110111010010110111001101101111111111
110110110100000011110011100001000001110101111101111001100010100010001001011101000111110011001000010111010110010011111011110111101111110111010101001000000111111100001111101001101111010011110111010111110010110100111111111010111000001101011110111111000111110111010101100010000001011111000000111011000001110110010100101011111111111111
110010110100001111111101101011110011111011001011111111110111111011100111101110101101001011100101001010100011101011110111111110111001101010110100111101110111111010111110001010010011001011111011011001010111011101111111110100111001110100101001010101010001101101011010110111101100110111110101010111000100011000010010100101111111111111
110000110101001011111101110000110011110010110101111111110011100110101110110100011101110110001010000011001111110111110111100101010101110111011011001110111111111101111001010000010011000111111001111001001011110000111111001100101100010111110101101010110011101001001100110101110100111011101110010001000111111101011110110010001111111111
110001110011001000010001000111111011010100110101111011110100001010101010101100110100011100000100001001100000100011111111101111011001100101111100101010011000111011101110010001111011000011100110111110010101000111111110110011111100010001000000011000001010100011111000010010010111010010001010101011001011111010010011000111101111101111
110100000000011000001100111100110111000000111111111101110110110010111010101000000010001001000101011010000101001011111111100000100011110011001100011110000001111001110011100001110011110011100111100000000101000010111100000110000100110111100101100001101001100010101110101000011101110001011010000111111000001101000110111010011111101111
111101111110111000011111000010110100110001111001111011111101001011110111011110110111100001100010000000100101101011110111111011111011111111001000111101111101111000111010101101101111010111111110011110010011011011111110000001001100100001111110011011000111110010100110010010100000110001001100110100111011000000000111001011001111101111
110010010111010110111000000110010001010011101111111101111101000011010000101110001010111111101111101001010100001111111111101110100011101100010011110000111100111110111110001111010011001111100000011101110001000111111101111000110010101000101000011101100001010101110011000101100011101100110111000000000111001111111110111010111111101111
111111000100010110111010011011010110000100001101111011100011111100001110101100011110111101010010100100010110010011110011110110101111100100110101110010001001111100001110001110010111001011100000010001000001100111111111000100000111010110100101011111111110000101011001000111000001000100110001011111100100000011100101101011101111111111
110000100001010111101101110011110001111100011011111010101101101011000011101011000101011110111010010010101000100011111011101011010111101110100101111111010100111010100110011001100011101011111111011010100010100110111110110001110000001001110100010001011100000001101011001101011001010100010001110010011001010100000100101001001111111111
110101110011001001110010101011110000100111010011111011111110000100101101101011000011000111101110001000010011000011110011101001010001110010101110010110001001111011011000011000001011101011100111110110001011101111111101010001010010111110111111000000100101110000100011000001000010101011000001111011101110101111101001000000111111111111
110101101110001110101010111001111000100010111001111100111100000111010011000000011110001101000110100001010110111111111011101001110111101111011110000001110100111000001101001000010011000011100001000001000010000100111111010011111110011011001100010001010111110110111010100100010101101101011000011010101010010100101100001000111111101111
111000011100001110011101001001010001100000000101111001110011000111001000000110010101011011110000001000011001101011110011101001110101100110001011110110100011111110101000011110101011101111100000000101110100101000111110111100110100100110100101011110010101100010100100001000110001111011010000110111111000100001000100001111111111111111
111000010111101001111010111111111111010001011101111011100001001011011100111110101000101101100101011011111011110011110111111001100001111000000111101001111110111110000001100110000011101011111100100001010001100101111101001101000000100110101111101010111110001100110011100111001000101011100111010000000110001011101011011000101111111111
111000000010111110100011000001100110010000110111111000101011011000000010001110100001010001001111111001111000111111111111100101111011110010010111010001001110111010011010000110110011110011100000100010110011110011111110001101011111011001000110111010010110000101010010111111101101011011101101000111101110100101111111111111111111111111
111011110111101111101001011110011110000001100101111110110001000111000010010101011011100100000110111001000000001011111111100000101011111011010101010001001000111001110000111100001111011111111110010100111110001010111101110111010111010000111111100000101011110110011110001001110101111101101000010111011110011010001001001111101111101111
111010010010110000001000001110011000111101000011111001101001110010010011001100011001011100100111110011111001000011110111100111010101111100110111100110011101111101110111011101011011001111101110101011001000000111111101011100110101101010101010010000110100001100101000100010000011011100100001101101011010100100101011100111101111111111
110010010100010000100011100110101010110110101001111111100101011111111010000100011000111110000101011000010111101011111011110001011111111110001000011001100011111000000111100110010111010011101111101001010110111111111100000101110110101111100111111111100101001110111011011100010011101110111001011010101101010101010011111001111111101111
111110001011100001001000010001010000001110011111111100110011000010111101101100000101011110100110111101101000011111110111101000111101101100101000111101011010111000010001010111010111111111100110010111110110101011111100110011110011110111110100101001110100100100111111110011111001101111000110100010000011000000100010001100011111101111
111010111011010100001100100100100110100000010001111100101110000000010100010100000101001000100011001100011111000011110111110010000011111000101111001110100010111100101010000000100111101111101111100110001011000000111101110101100101000110011111011000110000011001011100110001010001111100111110101011100100100010100100111100001111101111
111101010110001110111110100000000110001110110011111101111111000110010110000001111011100100101001101011110100111011111011111000010011101111000011110000000011111110011010000101101111011111101100100110100111000101111100010101101010010000001101011110000010001110000000011100100100000000101110101000111010100001001110100001111111111111
111110010000011110100100101111000001011010100001111111110000010010100011110100011100101101011001101110101000111011111011101011010011111110000100100111000010111110100101011000001011011111111101100001111110000100111100100110001010011000110000111110110010100001101101100101100000100100101000000000110101110110101010110001101111111111
111000101101111111011101010000010101000001001011111101110000000111101101010011100010010011001110001010111011101011111011101111110011101000010000010010010111111010101101101110111011010111110101000110100111110100111111110100011111011100111010000110100011001011111011011111001110001001010010101011111101111111001110010000111111111111
111111011100101100101110110110001110101000100111111110101011011001010011011010110101101111010110001011010010011111110111101110000101101110111000001010010001111011001010111001100111001111110110111011100100000110111110110101101111011110001100101100101101011111001011011100111101101010000111011010111011110010111010010000001111111111
111110010010000110110100111010011101010101010001111111101011111000000110111001000011110111000000111000000010000011110111110111100001110011111110110101101001111101010111011010000111011111110100000100101101001110111100000101001101110011010101111101110010001001111011011100010000000000110110000001011100110000000001011001011111111111
111010101111010010100001101100011111001010001001111000101001010101110100010110101010110000101010101101000010100111110111100000111001101010111111100110111100111111010100110010010011000011110110010111110000101010111110101010001101111110001000100010000101111011110010111010100000001010010101010001000100010111010011000011011111111111
110100111011001011100100010010110000111001110001111010100000111111110000001101101010000001000101100000010110000011111011110110000111111110011001000111010000111101011001101010111111011011110110010111100001111100111110110101000011111001000010000101010010100101111110100111000111000111001100110100000011010101111111000000001111111111
111001101110011011001100000110111000011000100011111010101111111110011110000011011111011110111110000100100001000011111011101001000111111001110010011110001001111100001101010110110011111011101111110011110101111011111100010001110100111000101110001111110101010010110110110000001100101001110011101001010011111001101001011111001111111111
110001110110100010001101100100110010101011000101111111100010000100100101110110110001110101100000100010101110101011110111111110001001101000011010100011000010111110110011101000111011101011110110010001010000011011111101111110011011101111001010100011011000001101011001000011101011111101100010011011100010000100101110011101101111101111
111100100000010101011110000110101010110000101001111010100011100100110110111001011111010000010101100111000010010111111111100111110011100001010110010100100000111001111100011111101011100111100011010110010000101000111101100000011101101101000110001100101000100100111100000011011000000001001001110000000010001001111001110111001111111111
111010111101111111111011110111111000111010110011111001110000000000011111011010111000010000100000010101111011011011110011100101111101111000000010001101011101111111001010001100101011001011101101110011000000100111111100001011110010000010000001111001001111100010001010011000010110000101111101101101011101000101010100100001101111111111
111000101110010111000110001101011011011101001111111100100100011010101100011000000111111100111010110011001110110011111111110100101011111110010101110011101110111110000001001000100011110111100011110010011001100000111111010010100110000001000011001011011110000100100100111011001111101111010011101100100001111111000000010111001111111111
111110100000001001001001010000011010111010111001111011110110111010111111011100010011010111111111110001111011010111110011111010111111100101001111001011001111111111101101101001010111101011111100000101011010101110111100100100101110100111010010111110111000101011010011011000111011101001011110010100101101111011100010000110001111101111
111111111000101110001101011101000011011001111011111110111001000111110100000110001100000101011000000111101100100111110111100101010011100101011100110110100110111011110111001110011011111111110101110111110111000100111111111011110000111001111100010110100110001000101111011100100000010101001111010001110001011101100101010001001111111111
111010111000111010111110001110101110111000110011111001101000010111000011111101101000000101101010101111111010001011110011100110010001110011000101001100011111111000010001000010101111000011101001001101110100101011111100010010110001100100011011001111010110001100111110111011000011101001111010001001100101101110110111010010111111101111
110101110010001011001111010010000000011101101101111111110000111010000101011011100100000001100100011111101001000111111111101000111001100101011101101010111110111100101100110000001111110111110011010010010000110110111101111001010100000000100100110110100011000100101110111011000100011010101001011011001101111101010100011100001111101111
111110111010101110100001110010000010001010011001111101110100111110111101110100101100000000001011001011111010000111110011111100000111111010100010101111001100111011000000010000000111010011110101110001010111010111111101000001111110011101110110011001100010011100111110010010111111000110011011010110111100011011100001101110111111111111
110101111101000011110010110010100000000100001011111001101100110101100101101000001011100111011110100101100000110011110011111100001101101001000001010000100110111101110001101110010011000011101110111111011000000000111111010001001111101100000011000100101001110110010110010110000001111011110001100100111110110011110011010011001111101111
111000011110101001001011000000010001101010011001111100101011011100111001001010100100001011001000011011000111110111110111110110011111100001011001001111000101111010110011100100001111010011111001001010111010000010111100110110001010001000000101011001010100000001000001111100111000010101100110010111100101111010001000101111001111111111
111011111101101001011010011100111000000001100011111010111000111001011101001010101000111001101010011111111100010111110111101001001001101001010101000100100001111110010000110010000011111111110100000010000111111000111101000011101011011101010110110110010001011111000101011000000000111100101011001001111000000111100100111000101111101111
111100100110000011000111011110011110010001101001111000111000010010001010001010011011011101000100110101101000000111111111101100010111101100010111010101100101111100110010111010110011001011110101101100110101100110111111110011001011100111000000111001010010101011000011100001011000100100011111101010101001011010010111100001101111101111
111001011101100111001110111111010011011110001111111010111101001101111000011111011010111010111001000111101111100011111111100011001011110000000100110101000100111000000110101010111011001011100110001001001011111001111110010110100011110011111011001101100011100100011111101010011010011001011100100110111001111101110101111000011111101111
110110010010110111001101011011110010100010101001111010110101100011000110111110000010111011101010111011101010101111111011111101101011100001100111100101000010111010011111100100101011001011111000011001111100011010111111111000110111111110111010101011011101011101100111000101000001011001110000011111010011111101011001101111001111111111
~~~
89.0 159.0 88.0 372.0 1684.0 
66.0 140.0 101.0 370.0 1941.0 
104.0 153.0 93.0 311.0 1777.0 
73.0 150.0 96.0 372.0 1779.0 
90.0 152.0 102.0 288.0 1777.0 
91.0 155.0 90.0 338.0 1771.0 
0.0 140.0 113.0 339.0 1953.0 
78.0 138.0 98.0 400.0 1936.0 
76.0 155.0 96.0 303.0 1733.0 
83.0 154.0 97.0 337.0 1733.0 
82.0 140.0 92.0 416.0 1885.0 
74.0 141.0 111.0 315.0 1921.0 
75.0 149.0 96.0 353.0 1840.0 
90.0 151.0 100.0 294.0 1842.0 
91.0 155.0 90.0 338.0 1771.0 
85.0 151.0 105.0 266.0 1795.0 
79.0 131.0 112.0 357.0 1988.0 
84.0 157.0 92.0 342.0 1754.0 
87.0 146.0 85.0 388.0 1845.0 
75.0 137.0 103.0 390.0 1938.0 
89.0 160.0 98.0 319.0 1655.0 
90.0 157.0 93.0 301.0 1776.0 
88.0 155.0 102.0 290.0 1742.0 
76.0 133.0 105.0 399.0 2012.0 
75.0 143.0 99.0 380.0 1872.0 
84.0 164.0 86.0 320.0 1648.0 
72.0 165.0 84.0 351.0 1628.0 
81.0 158.0 93.0 339.0 1684.0 
71.0 151.0 91.0 350.0 1787.0 
76.0 152.0 96.0 334.0 1773.0 
93.0 163.0 94.0 321.0 1693.0 
89.0 156.0 104.0 277.0 1700.0 
85.0 153.0 84.0 386.0 1779.0 
81.0 158.0 93.0 339.0 1684.0 
0.0 132.0 106.0 374.0 1976.0 
84.0 157.0 92.0 342.0 1754.0 
93.0 152.0 98.0 311.0 1810.0 
89.0 170.0 83.0 359.0 1579.0 
81.0 155.0 91.0 350.0 1730.0 
86.0 157.0 86.0 351.0 1705.0 
80.0 156.0 91.0 344.0 1722.0 
75.0 143.0 99.0 380.0 1872.0 
74.0 144.0 98.0 380.0 1865.0 
80.0 164.0 94.0 313.0 1702.0 
85.0 162.0 84.0 330.0 1741.0 
0.0 276.0 28.0 119.0 537.0 
71.0 151.0 96.0 349.0 1793.0 
59.0 161.0 90.0 324.0 1740.0 
75.0 151.0 97.0 352.0 1774.0 
76.0 140.0 110.0 357.0 1882.0 
79.0 146.0 95.0 370.0 1807.0 
0.0 276.0 29.0 116.0 538.0 
90.0 151.0 100.0 294.0 1842.0 
78.0 136.0 112.0 355.0 1910.0 
76.0 131.0 113.0 359.0 1986.0 
73.0 141.0 97.0 389.0 1892.0 
76.0 155.0 96.0 303.0 1733.0 
80.0 133.0 110.0 357.0 1969.0 
75.0 143.0 99.0 380.0 1872.0 
78.0 141.0 94.0 406.0 1940.0 
74.0 147.0 102.0 315.0 1847.0 
76.0 143.0 102.0 323.0 1878.0 
86.0 158.0 91.0 333.0 1741.0 
85.0 151.0 105.0 266.0 1795.0 
82.0 167.0 89.0 288.0 1645.0 
67.0 130.0 109.0 402.0 2014.0 
86.0 160.0 87.0 327.0 1740.0 
69.0 149.0 94.0 357.0 1814.0 
84.0 157.0 92.0 342.0 1754.0 
83.0 167.0 80.0 340.0 1655.0 
76.0 152.0 99.0 311.0 1791.0 
83.0 154.0 97.0 337.0 1733.0 
79.0 141.0 107.0 353.0 1875.0 
86.0 163.0 83.0 330.0 1730.0 
0.0 0.0 179.0 626.0 3323.0 
78.0 146.0 107.0 306.0 1808.0 
71.0 156.0 95.0 364.0 1747.0 
74.0 149.0 97.0 361.0 1758.0 
80.0 136.0 106.0 361.0 1919.0 
89.0 159.0 88.0 372.0 1684.0 
75.0 131.0 95.0 450.0 2003.0 
72.0 136.0 108.0 361.0 1989.0 
76.0 153.0 95.0 334.0 1761.0 
72.0 134.0 103.0 412.0 1989.0 
82.0 140.0 92.0 416.0 1885.0 
68.0 157.0 100.0 298.0 1768.0 
88.0 121.0 110.0 438.0 2067.0 
75.0 148.0 97.0 361.0 1771.0 
68.0 147.0 94.0 365.0 1855.0 
84.0 164.0 82.0 330.0 1718.0 
69.0 146.0 95.0 365.0 1866.0 
76.0 152.0 99.0 311.0 1791.0 
81.0 147.0 104.0 304.0 1828.0 
80.0 155.0 98.0 299.0 1686.0 
80.0 154.0 96.0 333.0 1758.0 
72.0 134.0 103.0 412.0 1989.0 
79.0 154.0 99.0 299.0 1697.0 
86.0 158.0 91.0 333.0 1741.0 
0.0 279.0 27.0 106.0 507.0 
104.0 152.0 93.0 314.0 1786.0 
66.0 140.0 101.0 370.0 1941.0 
81.0 158.0 93.0 339.0 1684.0 
69.0 149.0 94.0 357.0 1814.0 
80.0 132.0 111.0 357.0 1976.0 
78.0 150.0 97.0 351.0 1817.0 
78.0 135.0 112.0 358.0 1924.0 
87.0 146.0 85.0 388.0 1845.0 
79.0 147.0 94.0 370.0 1795.0 
71.0 137.0 108.0 356.0 1979.0 
78.0 149.0 98.0 334.0 1790.0 
80.0 140.0 102.0 331.0 1892.0 
75.0 147.0 94.0 382.0 1799.0 
91.0 155.0 90.0 338.0 1771.0 
78.0 153.0 91.0 339.0 1783.0 
76.0 132.0 113.0 357.0 1925.0 
97.0 158.0 96.0 318.0 1684.0 
70.0 158.0 93.0 340.0 1704.0 
81.0 143.0 105.0 343.0 1843.0 
93.0 145.0 89.0 385.0 1803.0 
80.0 118.0 113.0 416.0 2113.0 
76.0 135.0 103.0 399.0 1990.0 
91.0 151.0 105.0 275.0 1773.0 
74.0 141.0 111.0 315.0 1921.0 
84.0 151.0 94.0 312.0 1829.0 
85.0 130.0 96.0 442.0 2020.0 
91.0 153.0 101.0 288.0 1768.0 
79.0 139.0 95.0 404.0 1871.0 
75.0 149.0 96.0 353.0 1840.0 
78.0 150.0 97.0 351.0 1817.0 
90.0 169.0 83.0 367.0 1594.0 
57.0 160.0 91.0 324.0 1753.0 
82.0 167.0 89.0 288.0 1645.0 
72.0 134.0 103.0 412.0 1989.0 
81.0 162.0 96.0 313.0 1722.0 
89.0 156.0 104.0 277.0 1700.0 
81.0 136.0 105.0 361.0 1922.0 
82.0 168.0 88.0 288.0 1631.0 
83.0 167.0 80.0 340.0 1655.0 
72.0 157.0 94.0 336.0 1706.0 
81.0 146.0 104.0 306.0 1865.0 
84.0 164.0 86.0 320.0 1648.0 
89.0 159.0 88.0 372.0 1684.0 
81.0 148.0 102.0 329.0 1828.0 
90.0 169.0 83.0 367.0 1594.0 
82.0 149.0 94.0 351.0 1803.0 
76.0 142.0 100.0 380.0 1877.0 
75.0 148.0 97.0 359.0 1808.0 
86.0 162.0 95.0 297.0 1717.0 
74.0 141.0 111.0 315.0 1921.0 
72.0 134.0 103.0 412.0 1989.0 
75.0 137.0 103.0 390.0 1938.0 
83.0 169.0 79.0 335.0 1631.0 
81.0 162.0 96.0 313.0 1722.0 
77.0 133.0 113.0 349.0 1911.0 
83.0 167.0 80.0 340.0 1655.0 
93.0 162.0 90.0 335.0 1641.0 
76.0 152.0 95.0 339.0 1772.0 
72.0 136.0 108.0 361.0 1989.0 
82.0 167.0 89.0 288.0 1645.0 
84.0 164.0 86.0 320.0 1648.0 
91.0 151.0 105.0 275.0 1773.0 
89.0 156.0 104.0 277.0 1700.0 
79.0 141.0 107.0 353.0 1875.0 
83.0 154.0 97.0 337.0 1733.0 
77.0 151.0 100.0 311.0 1798.0 
59.0 160.0 90.0 325.0 1752.0 
86.0 163.0 83.0 330.0 1730.0 
81.0 158.0 93.0 339.0 1684.0 
78.0 153.0 91.0 339.0 1783.0 
84.0 151.0 94.0 312.0 1829.0 
74.0 143.0 102.0 372.0 1894.0 
73.0 142.0 108.0 346.0 1891.0 
70.0 136.0 107.0 376.0 1968.0 
82.0 167.0 89.0 288.0 1645.0 
76.0 140.0 110.0 357.0 1882.0 
82.0 144.0 99.0 331.0 1835.0 
90.0 169.0 83.0 367.0 1594.0 
75.0 148.0 97.0 359.0 1808.0 
81.0 148.0 102.0 329.0 1828.0 
81.0 155.0 91.0 350.0 1730.0 
76.0 134.0 104.0 399.0 2003.0 
89.0 159.0 88.0 372.0 1684.0 
81.0 147.0 103.0 306.0 1856.0 
90.0 151.0 100.0 294.0 1842.0 
91.0 155.0 90.0 338.0 1771.0 
78.0 145.0 107.0 310.0 1814.0 
69.0 158.0 100.0 289.0 1762.0 
66.0 140.0 101.0 370.0 1941.0 
81.0 133.0 103.0 411.0 1976.0 
104.0 152.0 93.0 314.0 1786.0 
82.0 149.0 94.0 351.0 1803.0 
93.0 163.0 94.0 321.0 1693.0 
93.0 162.0 90.0 335.0 1641.0 
76.0 152.0 96.0 334.0 1773.0 
76.0 143.0 102.0 323.0 1878.0 
69.0 149.0 94.0 357.0 1814.0 
73.0 149.0 97.0 348.0 1840.0 
78.0 141.0 94.0 406.0 1940.0 
89.0 160.0 98.0 319.0 1655.0 
81.0 156.0 89.0 362.0 1711.0 
81.0 147.0 104.0 304.0 1828.0 
78.0 135.0 112.0 358.0 1924.0 
83.0 154.0 97.0 337.0 1733.0 
74.0 147.0 102.0 315.0 1847.0 
86.0 158.0 91.0 333.0 1741.0 
85.0 151.0 105.0 266.0 1795.0 
106.0 148.0 104.0 299.0 1797.0 
75.0 147.0 94.0 382.0 1799.0 
90.0 157.0 93.0 301.0 1776.0 
75.0 145.0 95.0 374.0 1823.0 
76.0 152.0 99.0 311.0 1791.0 
73.0 141.0 97.0 389.0 1892.0 
73.0 150.0 96.0 372.0 1779.0 
76.0 155.0 96.0 303.0 1733.0 
86.0 162.0 95.0 297.0 1717.0 
74.0 130.0 96.0 450.0 2010.0 
72.0 157.0 94.0 336.0 1706.0 
75.0 149.0 96.0 353.0 1840.0 
81.0 127.0 107.0 371.0 2052.0 
74.0 149.0 97.0 361.0 1758.0 
89.0 156.0 104.0 277.0 1700.0 
78.0 150.0 97.0 351.0 1817.0 
78.0 147.0 100.0 368.0 1804.0 
81.0 162.0 96.0 313.0 1722.0 
79.0 139.0 95.0 404.0 1871.0 
82.0 157.0 96.0 304.0 1717.0 
68.0 147.0 94.0 365.0 1855.0 
100.0 160.0 98.0 285.0 1708.0 
71.0 151.0 96.0 349.0 1793.0 
79.0 144.0 105.0 337.0 1830.0 
82.0 140.0 92.0 416.0 1885.0 
76.0 132.0 113.0 357.0 1925.0 
80.0 139.0 103.0 331.0 1902.0 
88.0 121.0 110.0 438.0 2067.0 
85.0 130.0 96.0 442.0 2020.0 
84.0 157.0 92.0 342.0 1754.0 
83.0 167.0 80.0 340.0 1655.0 
72.0 136.0 108.0 361.0 1989.0 
79.0 141.0 107.0 353.0 1875.0 
91.0 153.0 101.0 288.0 1768.0 
77.0 152.0 89.0 386.0 1790.0 
87.0 153.0 104.0 303.0 1763.0 
86.0 158.0 85.0 351.0 1698.0 
59.0 161.0 90.0 324.0 1740.0 
70.0 141.0 97.0 394.0 1915.0 
87.0 139.0 107.0 326.0 1883.0 
74.0 141.0 111.0 315.0 1921.0 
78.0 149.0 98.0 334.0 1790.0 
72.0 134.0 103.0 412.0 1989.0 
79.0 144.0 100.0 356.0 1854.0 
74.0 166.0 84.0 346.0 1614.0 
72.0 155.0 100.0 344.0 1773.0 
71.0 156.0 95.0 364.0 1747.0 
79.0 135.0 106.0 361.0 1929.0 
80.0 132.0 111.0 357.0 1976.0 
80.0 154.0 96.0 333.0 1758.0 
100.0 156.0 96.0 312.0 1725.0 
80.0 155.0 98.0 299.0 1686.0 
78.0 137.0 98.0 403.0 1950.0 
91.0 151.0 105.0 275.0 1773.0 
84.0 164.0 86.0 320.0 1648.0 
82.0 150.0 94.0 349.0 1811.0 
87.0 146.0 85.0 388.0 1845.0 
83.0 130.0 112.0 315.0 1991.0 
75.0 137.0 103.0 390.0 1938.0 
79.0 146.0 95.0 370.0 1807.0 
85.0 153.0 84.0 386.0 1779.0 
75.0 143.0 99.0 380.0 1872.0 
97.0 158.0 96.0 318.0 1684.0 
88.0 161.0 86.0 327.0 1725.0 
88.0 155.0 102.0 290.0 1742.0 
93.0 152.0 98.0 311.0 1810.0 
88.0 134.0 108.0 340.0 1942.0 
76.0 131.0 113.0 359.0 1986.0 
~~~
1.179
