110001010011011001101110000000110000011001010011111001110011100000101111010101111010101010011011111001010100011111111111100100011011110110111111010100000100111110100001110000110111000111100001011001000000000110111111111001110010111000110101111110010110111011100110001111100001111100001100100101001001111010101111010010011111101111
111100101110000010010110110010101101010001011001111001101010011100011111010011000000000000110101110010001111010011111111101010000001110101011101011000011000111101001010011000010111010111111111101000000101101000111101111000010111010010110001110000011000010110101010011010101001001001111000101111010100110000011000010000111111101111
111100011011011101100011000001100000101101010001111101110011011111111101001010011100010011101011100011100011110011110011101011110001100111011010011001000001111111011011110000010111100111100000000000001011010010111111101100111010000010101000100111100000100100111000111101011010101110000011001111000010110011100111111001011111101111
110110011011101010010010010100001000000011011011111100110010001000000011011010000100100001011010001011000100001111110011101000101011110110000011011001000011111101101001000000011111000111111110000000100101011000111111110000111000101100001000110001010100111110011010110111011011100011101101110010011011101110001100010000111111111111
111110000000001111111110101111011010101110101001111100100011011000000001010100011100000000000000000010011001111111110011111011100011111110000000000111100000111010000001011100111011011111101100011110111110111110111111111111101111110111111110111101011110110000000000001111011001100111001111111111111100000000000000001110011111101111
111010010011111111101010111011000010011111110011111000110110111010010111000111101111110101001000010111100011010011111011101011001001111000001100011110001100111111011111110110100011011111100100111110010111110100111111111000111110001110000001001111011011001111001001110001100001001110000000001001111000011000101101100110001111101111
110000001010000011111000001001001011110101101101111100100010000111110010110110110001000011000110111000010011110011110111101010111001101010100001001110100110111011100111001101000111100011101100010110100011111101111110101011100001101111011100111000010011101101011100000010011100001000000101001110011011100000100010110110011111111111
111011101100111000011000110011011000000101100111111101101111100111111000110100101000001010111110101110110111110011110111110111101001100100001001111110110011111001011011111010101111111011100110001101011110111011111110101001110101110100110011010100011110111110110001111101000101111111000110011111110011110111111111000100001111111111
111100011111111010100000000011010111101001101001111000101010010101000010110101100010001001011100000100000111010011111111100111011011101001111101110000011110111101110011011110101111110111111010011000001000100000111101100000001001001000111100011100110011010000110011110110000010100010111000111001101100100010100001000011111111111111
110001000110011011011001101111100101101100010111111000100010110010101111000010000101111110001000001110100111100111111011110000011101100100011110111000101010111101010000000010010111010111100000110001000010010000111111000110001010101101000101100001001100000010000110100001100001000011001100110010000001100101100101101101011111111111
110011001000101110001000011010011000111110000101111010111101000111110000111101000011001001101111011100011000011111110011101010011111101010000111111000001011111010100110010100010011001011110100111000101101001100111101000110111011101101111110000010110110101110100000000001100101011101000000010101100011110100110001101111101111111111
111000011010110010010110000100000011111001100101111000110000110110011001110010101000000000111000101011010110001111110111111101110111110001110001010100101101111000110010001001111011001111101110111000111101101001111110100001111110001000111010100010010110001110011001110101000101011101001001001111101001000110001001000010011111111111
110000101110010011011011110001001110100010100111111001101100001000110000000101001110001101010110111110011110001111111111110101110111111011101100101001101110111110100010101000110111011011110111000010011110000100111100011101011001011001000101110011111100100110101000111110000010101111111111011011010111010001111111001001101111111111
110000000010100110110000001000010101111101001001111111110011000010001101100111011000011101111010101011101110111011110011111001110011101001000010001000011100111100011010010011001111100011111010000110111010101111111111101111100100110100110110011000000001001011011010110010000110110000011000100010111110111110111101000110011111101111
110100110011000010001000100101001101110101100011111111111011101110100000001111001010110011001011001111100010111011111111100110010101101010010000101010111101111011000001011100101111111111100110011100100110110000111110001111000101100101111111111010111100001000011000001010110000001111001100110011000011110101001111111011011111111111
111111101011101011001010001100101110100000010111111100100001110001011100001010000000001111000110001110111111111011110111110011010011100000010000110110010100111011000111110110010111000111100000010101000111110011111111101111111111000000011100101101111011110001000010010000111100100010001011101000100000010000101101101001111111111111
110000000000110100111011011001011000000100011011111100110010100001011111001101001111100011010111000101100110010011110111100110110011100100001111011100011101111011011000000110100011111111110101101111001000111010111101111100111010111100111010001011001100010010000100011001010100101100001111001000110100111101110010101010011111111111
111010101100111100101001010111101011000010000001111011101001010011111100000001100001100010000101100100110110110111110111101001011011110001000011010010110000111010100100110001000111010011101000110110100101001011111110100001100010110010000101110010011001110001011001110100100010100110010000011101111011111110111110100000001111111111
110111101010000101111010001000001100111011111001111011111100001010101000011111000000001110101101110100101010100111111111111101001001101001110011011110000010111101101101011110001111100111101000000010110001001011111111100010100111010001010101001101011011100001011111000000100100100001111111101110101100101010001110011110111111111111
110111011110101011100010000101000010000110001011111111111100010011101110011111011110001110000110001001001110111011111011100101010001111110101111000001000010111110100000001011000111001011110000110110110000110111111111001010100000010100100011111001011100001101001011010111111011010110001010111000000000001100111101111011011111111111
111001010001010110001100101110001000101000010101111100100000000000101011011001000011110010001101111000100101001111110111101000001001101011011111100101000001111001000111010100001111010011111100100111100100000100111100111100011000001010000000010010010100001100000010010100111101100100011001000001110010100011100100000000001111111111
111001110110100100010111011101011101010000010111111000111110000101100000000011110100001001100010101010010111011111110011111110101101100111101011010001001100111110111000101011000011010111110000001001110110011111111100001010000000010111000100011100001101000001011010100001101000100100000011010010110011001010001010110100011111111111
110111110110100101001100111100101011101011010111111010110100111000100110011101001010001100010001001011011110100111111111100010010001111001001000010011101001111001000000000011110011000011110111101010110000000010111101000001001111010010000011100001100001000000110011100111100001101000001111000011000010101111001100101010111111111111
110111100010000101111010001000001100111011111001111011111100001010111000011111000000001110101100110100101010100111111111111101001001101001110011011110000010111101101101011110001111100111101000000010110001001011111111100010100111010001010101001101011011100001011111000000100100100001111111101110101100101010001110011110111111111111
111100111110101010011001010111111110100001001101111101110110001110101101100110100111000111110110000111101000011111111011100001010111111110100101011011000110111110111100001100111111110111111101000010001011001010111110100101101010011001101010011010100001011000010101011111001010011010111100011000000101110000111000011111001111111111
111010110110001001011000101000001111001000010101111101101100100011100111110000001110011010011110110011010110010111110111100111101111100010011000100010100110111110000111100000011111111111100101111111110110010011111100000101010010110101011110101101011110001111011011001100111100110010110010110100010111101011100000111111001111101111
110100000101000011010100111001100010001111111101111010110000110100010111100001001000001101101111110111011001000111111111100100011001101100010100001110010010111000100101011001011111100011100111100000101000000010111110100101100100111100000010011011101101011110000101011110001011101001110011001101111100001101110111110101001111101111
110100001101010000011001110001101110111101110001111010110000110011110100101110001111111000110000100011010110101011111011110001010001101000111111000001100000111110001111101010100111100011110110010110011110001101111100101010000011101011000010110011000010110000001111100110101110100011101011010101010001010110001011110000001111101111
111100111110101010011001010111111110100001001101111101110110001110101101100110100111000111110110000111101000011111111011100001010111111110100101011011000110111110111100001100111111110111111101000010001011001010111110100101101010011001101010011000100001011000010101011111001010011010111100011000000101110000111000011111001111111111
111100111110111110111101001001010010100100001011111111111001000000001001001011111100111110000111100100010011010011111011110010101001110110000100000011111000111101111100011111001111110011100111111000010001000000111110011010001100100111011000111101000101010010111100000110001010111000001100110010011100100000101011101001101111101111
110110001110110000110000111000010000010100011111111001101000100000010011110000101101101100011100010000100101111111110111100001110101100110011101100110111000111010101011101001110011000011110011011011111001110110111111110100010101010001101101100111110000010100111000110000011100101011100111110000000100010010010001001010001111101111
110101111011110010101110011000101011000011011101111010100110000110000011111000010000010110100110000110010010111111110111111100011011110011100100111101001000111101110001001101110011001111110001100111001111101010111110001110100011110111011000101100010010011000010010111001011101110000101100001010011111011101110100110010111111101111
110000011101111111011100000011010101100101011011111111101001110111011110000001011111111011001111000110110110000111110011100000101001111000001100011110001100111111011111110110100011011111100100111110010111110100111111111000111110001110000001001111011011001111001001110001100001001110000000001001111000011000101101100110001111101111
110000001001110101011100100110010001001111000111111001101000101011101011011101010000000010111100000100110101101011110111101001001001110010011000010000000000111110001100100010000011001011110111101010111001011010111111011000001111100001111100000110100011110000011000010111111011110110110010000001010110111010011110010111101111101111
111001110110100100010111011101011101010000010111111000111110000101100000000011110100101001100010101010010111011111110011111110101101100111101011010001001100111110111000101011000011010111110000001001110110011111111100001010000000010111000100011100001101000001011010100001101000100100000011010010110011001010001010110100011111111111
110011111100010010110101001010001000000110000001111110100001100000100110110001101000000110110001111001001000100111110011110101111001100000110111111100100010111010010111011010100111011111100110101001111111111010111101010100000011110110010001010001111101000100010101100010000000000101101110000011111000001100110011101110101111101111
110000100000110101111000011110001010011101000001111100110010000111110101010110101011100110101111100110111001110111110011100010111101100110000110101111001000111110010011001111000111111111100000111110100011110110111111110000101000100001110101001011110100010111001101010100101000000110011010111111100001111110110010010011101111111111
111100011111111010100000000011010111101001101001111000101010010101000010110101100010001001011100000100000111010011111111100111011011101001111101110000011110111101110011011110101111110111111010011000001000100000111101100000001001001000111100011100110011010000110011110110000010100010111000111001101100100010100001000011111111111111
111110010000100000110001010000011111100100101101111100110001011110010101111001110101100011111010110110001011001011110111100100110001101101000100010001111111111011110001100000010111010111100010101101101011111001111100111010000110000010100111001010011101100100101000001011011011001001110111010000101111110011001001011111011111101111
111110101001100110101010011101010000110000001111111100101011010101100000000101111011100100010110100001111010000111111111110111010011100100011110001001111010111010110010010100100011010111110111101011010100010101111110011010000000100011111101010101000011110101110001010010011000010000011001110010101000000010101100001100011111101111
110011100100010110000010000010110101011101001011111100110110001011000111010110000001010111111011001111110100110011110011100010010111101000101110000010001000111000100001001000100111011111110111011000111110110100111101001111010100100011100000111011110101100011100001011011001100100110101111000101111111010101101000000010101111111111
110111011110101011100010000101000010000110001011111111111100010011101110011111011110001110000110001001001110111011111011100101010001111110101111000001000010111110100000001011000111001011110000110110110000110111111111001010100000010100100011111001011100001101001011010111111011010110001010111000000000001100111101111011011111111111
110111101000011100111110001000001011001100000111111110110110001110000011011111010000111101101111111000010100110111111011101100110101100010111101101110111011111000110111011010010011111111100001001111111110100110111110101001011010011010001101100100100100001100001100010110001011101101101010011001100011010101001000001110011111111111
111010110001000001111100110100000000100101000001111110111011101100110011011101010100010000010001001000001100101011111011110010101011100011110101000010101100111000000101100001000011110011100000100100010111111110111101101100010100001100100111111010101100001100110100010101001001110010001001011000000001001000011011010000001111111111
110011100100010110000010000010110101011101001011111100110110001011000111010110000001010111111011001111110100110011110011100010010111101000101110000010001010111000100001001000100111011111110111011000111110110100111101001111010100100011100000111011110101100011100001011011001100100110101111000101111111010101101000000010101111111111
111111101001100111110100010100100010001000111001111101101000100001111100001111001110110111111110011001011000110111111011110110010001110000000011010110111111111000010011001000001011011011110111100001001100110000111110001011010001001110011110000100100101000111110110000001011001000010100100010011001100100010101101001000011111101111
110000101101010011110011010000000000010111101011111011101101010000000011010010011000010100010010011001111000001111111011110100110101101110001111110101000011111011000000000011100011001011101001010100010101011100111111100001111111000111110010101111101001010111010001111110001000011011000011101000110011011110000101100010001111111111
110111101010000101111010001000001100111011111001111011111100001010111000011111000000001110101100110100101010100111111111111101001001101001110011011110000010111101101101011110001111100111101000000010110001001011111111100010100111010001010101001101011011100001011111000000100100100001111111101110101100101010001110011110111111111111
111010110001000001111100110100000000100101000001111110111011101100110011011101010100010000010001001000001100101011111011110010100011100011110101000010101100111000000101100001100111000011110111000001101101110101111100001100010001011111011111011010001010010000000010101010101111100100100000110111001011101111000111111110101111101111
111111111111111111111111111111111111111111111111111111111111111111111111111111111111111111111111111111111111111111111111111111111111111111111111111111111111111111111111111111111111111111111111111111111111111111111111111111111111111111111111111111111111111111111111111111111111111111111111111111111111111111111111111111111111111111
111010101100111100101001010111101011000010000001111011101001010011111100000001100001100010000101100100110110110111110111101001011011110001000011010010110000111010100100110001000111010011101000110110100101001011111110110001100010110010000101110010011001110001011001110100100010100110010000011101111011111110111110100000001111111111
110100111001000110010000110001011000111000110101111010101101101000000001000011010101010011111010001001011111000111110111110110000111100001110011100101100100111101011010011111001011010111100011100011110110100101111110110111101101001111111011011101001111001000001110000011111000110111010100000000101011010001000000001101011111101111
111101111100000001000001100010101101101110110001111011101001100000000010001001011011001001100010000001101110100111110111100011001101111000011011000000010110111001100101111010111011110111110100111110100101011001111101000000001011101101111111011000000100110001011100111101100011110001111100100110111111111110110010001000011111111111
111010101100111100101001010111101011000010000001111011101001010011111100000001100001100010000101100100110110110111110111101001011011110001000011010010110000111010100100110001000111010011101000110110100101001011111110110001100010110010000101110010011001110001011001110100100010100110010000011101111011111110111110100000001111111111
110010000011110100101111011010010010011100100111111001100101010100110100011111010111001110100010110011011111000011110011101111100101110011000100011111111111111111001011000110011111101011100101110001010110100110111101010001111001000101011101011110001100000010000100010010000010011000000010110111001011100110000100011001111111111111
111000000001010101101000101111000101000110011011111111100000000111000111011001011001011000110111111001000011000011110111101010100011111011100100001111111010111010101001111000101111000011110100101001011001011000111100001111110001011011100111001011111110001011100100010010111111000001011110001101000000001001000010111111011111111111
110000001010111100011010101100100010111011101101111011111111011111000111011010011100000101000000110101100101011111111111100100100011110110000000011010000111111101101000010100001111100111101110100010001011011101111100111100011100101111001100011111000101110100100111111101011010010110111100110100100000101101001101100110111111111111
111110000000000000000000000000000000000000000001111010100011111110000011110110011000011111111111011000011010000011110011100011110011111111111011111110111011111010010111011011100011010111110000000000000000111011111111110000000001110110000110111000001010111111011100000000000000000000000000000011100000111101111111111110101111101111
110000101111101000100010010111110011001000000001111000101010011001000011010110110011110101000010111011001010110111110011100100010101101101001110000011100101111110010010100111100111001011101000100110010101010000111100101011000100000100100110111010010001101000100110001001101111111001110000101000000011111111100110111110001111111111
110111111111111000110000001011110000100111010111111110111110101101100011000011110110100011011000010110100010100111110011100011100001101011110110001110111110111101111000001001010011101011101111000010111001000011111101001101111110101001010010101000111000111111010010101010011011010110110001100000001111111110000000100000111111111111
110101100001100010111100111100000000110000001011111010110010100101110110010111100100010011110100000100000011011011110111101000111111110011101101010101100000111001011110001100001111100011100110011101001011111010111101010101101101111011000111011000010000100010010010101011100110100101110100100111111110110010100111100110111111101111
110010101110000111110001000000001101101000001001111000101011001110010000100011011010011100001110110100001011000011110011101000000111111110010011010011001111111100000011100110010111101011101100010100010001101101111101011000100111110110001100100101001110011001111001111000101101011011010001010000100001110100010000010110101111101111
110010111110010110001001000010001010001110000011111011101010110101100101101001100001111111000010001010101111100011111011111111011101110001001100111000000110111000110110010101011011011011100000010110010001111001111100010000101001111000001000011100010010010011010001110000101110111011100010100000111001010111010101010110101111101111
110111101000011100111110001000001011001100000111111110110110001110000011011111010000111101101111111000010100110111111011101100110101100010111101101110111011111000110111011010010011111111100001001111111110100110111110101001011010011010001101100100100100001100001100010110001011101101101010011001100011010101001000001110011111111111
110000000000001111011110001111100000011111000101111111101011011111010001100110000000011111101110110011111011111111110011100011110011111110000000000111100000111001111011111101001111111111101111011101100000111011111111111110000000000000111111111100101111110000000000001111111001100111111000000011100000111001111111111101111111111111
111111101011101011001010001100101110100000010111111100100001110001011100001010000000001111000110001110111111111011111111110011010011100000010000110110010100111011000111110110010111000111100000010101000111110011111111101111111111000000011100101101111011110001000010010000111100100010001011101000100000010000101101101001111111111111
110011100100010110000010000010110101011101001011111100110110001011000111010110000001010111111011001111110100110011110011100010010111101000101110000010001010111000100001001000100111011111110111011000111110110100111101001111010100100011100000111011110101100011100001011011001100100110101111000101111111010101101000000010101111111111
110001000110011011011001101111100101101100010111111000100010110010101111000010000101111110001000001110100111100111111011110000011101100100011110111000101010111101010000000010010111010111100000110001000010010000111111000110001010101101000101100001001100000010000110100001100001000011001100110010000001100101100101101101011111111111
110101001111001010111111110010100000001100100011111011100101100110000111011101101000110010001010110110011011111011111111100011010011101101001011111000110001111000111011111111001011110011101101101010011111101010111110111100110000010111011101111001000111101110000101110101010000101100110111010001011001100101011011000000111111111111
111010001000001100111100111000001001101100110111111111101001111011101011110110001111010000101011110110010010111111110111111100011011110011100101111101001000111101110001001101110011001111110001100111001111101010111110001110100011110111011000101100010010011000010010111001011101110000101100001010011111011101110100110010111111101111
110000000000000000000000000000000000000000000001111001100000000000000000000000000000000000000000000000011000000011110011100010000001111101111000000110100000111010000000000000000011010011100000000000000000000000111100000000000000000000000100000000000000000000000000000000000000000000000000000000000000000000000000000000001111101111
111000000001010101101000101111000101000110011011111111100000000111000111011001011001011000110111111001000011000011110111101010100011111011100100001111111010111010101001111000101111000011110100101001011001011000111100001111110001011011100111001011111110001011100100010010111111000001011110001101000000001001000010111111011111111111
111000011010100011110110101111001110100110101111111011111110011001010101010011110001011100010011011011010010010011110011101001011101111011111101011110101011111111001111001100100011111011100111011111010011100000111111000110111110101100111111000110111000110101101111100111101111101010010101110111000100100110001111101101101111111111
111100011111111010100000000011010111101001101001111000101010010101000010110101100010001001011100000100000111010011111111100111011011101001111101110000011110111101110011011110101111110111111010011000001000100000111101100000001001001000111100011100110011010000110011110110000010100010111000111001101100100010100001000011111111111111
111101111100000001000001100010101101101110110001111011101001100000000010001001011011001001100010000001101110100111110111100011001101111000011011000000010110111011100101111010111011110111110100111110100101011001111101000000001011101101111111011000000100110001011100111101100011110001111100100110111111111110110010001000011111111111
110101101101011101101000001110101111011110001111111110101100111101010010010111100011010101000110110011111001100011110111100110111101111011010110101110010110111010101100110011100011111011111011000001111000110011111111001000111010111001000000111000000011100110010101000001001011111111011110111001111010001101000000000110111111111111
110000101101010011110011010000000000010111101011111011101101010000000011010010011000010100010010011001111000001111111011110100110101101110001111110101010011111011000000000011100011001011101001010100010101011100111111100001111111000111110010101111101001010111010001111110001000011011000011101000110011011110000101100010001111111111
110010111001100010011111011101111110001101101001111011100011100100110110100110111111000100001010111010011010100111110011111010100111100001100010110110001101111101101010000111110011001011100101110000011101100010111101100111111101111101011001001011110011000000000001111111110101100111011001001110000110101100111000001001111111111111
110001000110011011011001101111100101101100010111111000100010110010101111000010000101111110001000001110100111100111111011110000011101100100011110111000101010111101010000000010010111010111100000110001000010010000111111000110001010101101000101100001001100000010000110100001100001000011001100110010000001100101100101101101011111111111
110000101101010011110011010000000000010111101011111011101101010000000011010010011000010100010010011001111000001111111011110100110101101110001111110101000011111011000000000011100011001011101001010100010101011100111111100001111111000111110010101111101001010111010001111110001000011011000011101000110011011110000101100010001111111111
110000000010100110110000001000010101111101001001111111110011000010001101100111011000011101111010101011101110111011110011111001110011101001000010001000011100111100011010010011001111100011111010000110111010101111111111101111100100110100110110011000000001001011011010110010000110110000011000100010111110111110111101000110011111101111
110111111111111000110000001011110000100111010111111110111110101101100011000011110110100011011000010110100010100111110011100011100001101011110110001110111110111101111000001001010011101011101111000010111001000011111101001101111110101001010010101000111000111111010010101010011011010110110001100000001111111110000000100000111111111111
111101111100101001001001111110111011011100101111111000101010011011001101010011001001100001011111011011101110001111110111100111101001100110110010010000001110111101111111111010000011011011110011000001110110011000111100101100111111100001000101110111011111100000010111110010101100111111000001010100001001000111010100011110111111101111
111101001101101010011110100001010101001111001001111110101101000110000011100010011010101011110111011011101110001111111111101000001111100111000000011001101111111111010010011111001011000011100000000111111101011101111100111101001101110110110011111101101010011001100011101101000011000111011110101010011000000001100010101110101111101111
110000000000110010101110011101000110111111000001111010110000110100010111100001001000001101101111110111011001000111111111100100011001101100010100001110010010111000100101011001011111100011100111100000101000000010111110100101100100111100000010011011101101011110000101011110001011101001110011001101111100001101110111110101001111101111
110000000000110010101110010101000110111111000001111010110000110100010111100001001000001101101111110111011001000111111111100100011001101100010100001110010010111000100101011001011111100011100111100000101000000010111110100101100100111100000010011011101101011110000101011110001011101001110011001101111100001101110111110101001111101111
110000001010111100011010101100100010111011101101111011111111011111000111011010011100000101000000110101100101011111111111100100100011110110000000011010000111111101101000010100001111100111101110100010001011011101111100111100011100101111001100011111000101110100100111111101011010010110111100110100100000101101001101100110111111111111
110100111001000110010000110001011000111000110101111010101101101000000001000011010101010011111010001001011111000111110111110110000111100001110011100101100100111101011010011111001011010111100011100011110110100101111110110111101101001111111011011101001111001000001110000011111000110111010100000010101011010001000000001101011111101111
111001101010011000100001011001110001000111110101111110111001100100010001001100110001000100100100000100101100000011110011111001110001110110001101011110000100111110001110010110011111000011101100011010111001010001111110000011101000001100011101001110011010110100011110101111110000000110011000111101101011010000111001011100111111101111
111111100010001111010011100000010100010001001101111110110001000011111100011011101100011011011110100011111110111011111111110111111011111111001100010000111011111010010001010011101011101111111101000110111001001100111100000010110000010111001110101100111111100001000111110100100111100100101011001011111001010011100110101000001111101111
111111111011011111111110101111011001000000011011111010101000000000000000000111111000111101101111011011011101101111111011110001000011111111111011101111011110111110001111111111110111011011100000000000000000111101111111111111111000000000000000111001000001111110111100100000000000000000000111111111001010000101110011111101011111101111
110010011010100100001111110011010010010110101101111010110100110010110001011110001100010000100111110011101000101011110011100000101011101111101010110010111010111110001011110000101011001011110100000101001010010011111100110010010011010100100110011011101001010011101111100101000110110010100010000111111111010110010101011010101111101111
110000000010100110110000001000010101111101001001111111110011000010001101100111011000011101111010101011101110111011110011111001110011101001000010001000011100111100011010010011001111100011111010000110111010101111111111101111100100110100110110011000000001001011011010110010000110110000011000100010111110111110111101000110011111101111
111111111111111111111110101111011111111111111011111111100111111111111111111110011110111111101111111111111111111111111111111011100111111111111111111111111111111111111111011111111111111111101110111111111111111111111111111111111111111111111110111111111111111111111111101111111111101111111111111111111011111111111111111111111111101111
110100110011000010001000100101001101110101100011111111111011101110100000001111001010110011001011001111100010111011111111100110010101101010010000101010111101111011000001011100101111111111100110011100100110110000111110001111000101100101111111111010111100001000011000001010010000001111001100110011000011110101001111111011011111111111
110100110011000010001000100101001101110101100011111111111011101110100000001111001010110011001011001111100010111011111111100110010101101010010000101010111101111011000001011100101111111111100110011100100110110000111110001111000101100101111111111010111100001000011000001010010000001111001100110011000011110101001111111011011111111111
111010101100111100101001010111101011000010000001111011101001010011111100000001100001100010000101100100110110110111110111101001011011110001000011010010110000111010100100110001000111010011101000110110100101001011111110110001100010110010000101110010011001110001011001110100100010100110010000011101111011111110111110100000001111111111
110010101110000111110001000000001101101000001001111000101011001110010000100011011010011100001110110100001011000011110011101000000111111110010011010011001111111100000011100110010111101011101100010100010001101101111101011000100111110110001100100100001110011001111001111000101101011011010001010000100001110100010000010110101111101111
110110010000100001010000111001000110001100110001111100101101001110111110010110111001110010111001110001110101000011110011100001100101100001101011110001111001111110110011101000110111000111111111111010100001101111111100010010011011110100000011100110011110011010011000101001110010101000100010010000011001101011100100011110011111111111
111110111110010110101011111111010011101010001101111001101110111100101011101011111010110000011010001001011001001111110011100011001001101100110111011010101111111001010010000101011111000011110111011011001011100110111110111100011001001010101100101111111011000000011101111110010110100010001000000000000101011100011111110101011111111111
111011010011101001110001110011011100011101011111111000111101101000001010101011101111000100010110010001010101100111111011100111110111111110010100010100011100111000101110100011001011100011100010001000111110001001111101100000000110110010011101010101010010100000011000000101111101100010111101000101011100001000011110010001101111111111
110010101101100111001100100000110011000000101111111101110001101001011111111101001111101110111110000011101100010011111111100011110011111101100001110010111011111111001000011011111111110011110101110111010011001110111111000111101100010100001000110010100000110111101001000010111000100001100100000111010001100111100000101011101111111111
110010101000100010001110000111000011000010010101111000111011001101000000010010000001111111101110111110110011100011111111101000011001110001010110010100000101111011001101011000010111110011111101010111100110011010111111110111011000110001000110000001100000001010011110010100001011101000110101101110110011001010110101101000101111101111
110000111011011100101111001100011111001011000111111000111110010011001011110011110111110001111010100011101001110011110111110111101011110001101010000111011101111010010101000010011011000011100001011010001100101000111100000001010100011100110011010110100101100000111001001101011011000110000100111101100111110110010011111101111111111111
111101111100000001000001100010101101101110110001111011101001100000000010001001011011001001100010000001101110100111110111100011001101111000011011000000010110111011100101111010111011110111110100111110100101011001111101000000001011101101111111011000000100110001011100111101100011110001111100100110111111111110110010001000011111111111
110101101110110011000101101001011110100001100001111010101100000001100001101111110000100011101010100100011010000011110011111000111001111000111000010001110000111111001111111000011011011111100111010011010000110100111101111000011011101101001010000000110100100000011111011000011000100000000011110100111000001011101101100001011111101111
111001000010001110000010011001100010001100000111111111101110100111010011110111011101001000010010001001001011110011110111110111010011100000110010111000000000111011001111110010100011010011111110010010101001100010111110110001010100101110011010100010001101000111101101001100000011110000000101111111001101001000010100111100001111101111
111010110001000001111100110100000000100101000001111110111011101100110011011101010100010000010001001000001100101011111011110010101011100011110101000010101100111000000101100001100111000011110111000001101101110101111100001100010001011111011111011010001010010000000010101010101111100100100000110111001011101111000111111110101111101111
110011001000101110001000011010011000111110000101111010111101000111110000111101000011001001101111011100011000011111110011101010011111101010000111111000001011111010100110010100010011001011110100111000101101001100111101000110111011101101111110000010110110101110100000000001100101011101000000010101100011110100110001101111101111111111
110000100000110101111000011110001010011101000001111100110010000111110101010110101011100110101111100110111001110111110011100010111101100110000110101111001000111110010011001111000111111111100000111110100011110110111111110000101000100001110101001011110100010111001101010100101000000110011010111111100001111110110010010011101111111111
111100111110101010011001010111111110100001001101111101110110001110101101100110100111000111110110000111101000011111111011100001010111111110100101011011000110111110111100001100111111110111111101000010001011001010111110100101101010011001101010011010100001011000010101011111001010011010111100011000000101110000111000011111001111111111
111001101110010110000000110111101000010111000101111000100010100111011100111000111110011011101100010011001001001011111011100000100101110100001001010111001011111110110010100000110111000111111000110100100011110011111110111100101100010101100101100001001001011011010010000001011110100011101100100101101111001111111110001011101111101111
110000000000110010101110010101000110111111000001111010110000110100010111100001001000001101101111110111011001000111111111100100011001101100010100001110010010111000100101011001011111100011100111100000101000000010111110100101100100111100000010011011101101011110000101011110001011101001110011001101111100001101110111110101001111101111
111110111001111011100111101110110101010110011111111101110011011001110111111011111010000100111010010011111110000011111011110100100111101011011110001110101101111111111010000100001111101111100100100100010010101110111111011111111110111110001101011101010011010111111100010100100000100111010001010111011101000010011000110100001111101111
110011001101011011101010101101011111101111101101111101100001100100000010110111010111100000110000111001000011110011110111101101001011110100010111000100001010111010101111011100101111111011100111101111000010011110111100110100101011000011111010111001000001111011010000110111101011001011100101100001110101100111010101100000001111101111
110110111011101000100100100001001001011000110011111101110001101101101101001100010111110111111001100110011110000111111011111001101111101111101001101010111110111110101110111110000111111111100010010000000010010001111101010010010111110011111100101000000101100001100110010001000001000111010110001010110011101010000000011001111111101111
111111111111111111111111111111111111111111111111111111111111111111111111111111111111111111111111111111111111111111111111111111111111111111111111111111111111111111111111111111111111111111111111111111111111111111111111111111111111111111111111111111111111111111111111111111111111111111111111111111111111111111111111111111111111111111
111111101001100111110100010100100010001000111001111101101000100001111100001111001110110111111110011001011000110111111011110110010001110000000011010110111111111000010011001000001011011011110111100001001100111000111110001011010001001110011110000100100101000111110110000001011001000010100100010011001100100010101101001000011111101111
111011101100111000011000110011011000000101100111111101101111100111111000110100101000001010111110101110110111110011110111110111101001100100001001111110110011111001011011111010101111111011100110001101011110111011111110101001110101110100110011010100011110111110110001111101000101111111000110011111110011110111111111000100001111111111
110000110111010010100111010001101010100101001111111000101110100010110001110111110100000101001010010000010001010111111111101000100111111011100101000110011000111010011010111001010011010011101010110110011101100000111100010101100100001101011110011000110101001110011101011010111001111011011110101100110001100100000101011111101111101111
110000001010111100011010101100100010111011101101111011111111011111000111011010011100000101000000110101100101011111111111100100100011110110000000011010000111111101101000010100001111100111101110100010001011011101111100111100011100101111001100011111000101110100100111111101011010010110111100110100100000101101001101100110111111111111
111111100010001111010011100000010100010001001101111110110001000011111100011011101100011011011110100011111110111011111111110111111011111111001100010000111011111010010001110011101011101111111101000110111001001100111100000010110000010111001110101100111111100001000111110100100111100100101011001011111001010011100110101000001111101111
111100011011011101100011000001100000101101010001111101110011011111111101001010011100010011101011100011100011110011110011101011110001100111011010011001000001111111011011110000010111100111100000000000001011010010111111101100111010000010101000100111100000100100111000111101011010101110000011001111000010110011100111111001011111101111
110110111111101110111100001100000110110101010101111110100101001010001000110100000011001100111110101000111000101111110111110010010011110110001110010010111100111111100100001110110011011011101111011101011000110100111110011100101000000001011111011010011001011110010100011011010010010101000111111110011100010000110100011000011111101111
110110101001101011010011100000000000101011100101111001100000101111001010010001011010010001110100000010110011110011110111101000101111111110001011011101001100111000110010101001101011001111101001011110011101100001111110100110100011000101000011000001111010111111001110010010100110101100000011111010111101100011010110100010001111111111
110001010111111011010010101110111100110001010001111100110100001011111001100011100001100001101000000111110001001011111111110001010001101010101011011001110100111100100011101100000011100111110110001111100101100010111111101101010011101001110110101010001000111011111000111001101100110011100000100011100011011111111010110001111111101111
111110111110010110101011111111010011101010001101111001101110111100101011101011111010110000011010001001011001001111110011100011001001101100110111011010101111111001010010000101011111000011110111011011001011100110111110111100011001001010101100101111111011000000011101111110010110100010001000000000000101011100011111110101011111111111
111010010011111111101010111011000010011111110011111000110110111010010111000111101111110101001000010111100011010011111011101011010111110001011011100010100100111000111111111010111111100011101110010001010011011010111100001000111011000111111111101001000110011100000100110011100110101001001111011000010000000000100101101100001111111111
110011111001110110111111100100011011110011110111111000110110101100100011111110001000000001100101011100011011001111110011110010011101111101111111000111011010111011101100001111101011100011101001101101110111101101111110101101000001111011100101000111000011111001111110011101101111010111101101001000100110111101101110110100101111111111
111100111110111110111101001001010010100100001011111111111011000000001001001011111100111110000111100100010011010011111011110010101001110110000100000011111000111101111100011111001111110011100111111000010001000000111110011010001100100111011000111101000101010010111100000110001010111000001100110010011100100000101011101001101111101111
110110010000100001010000111001000110001100110001111100101101001110111110010110011001110010111001110001110101000011110011100001100101100001101011110001111001111110110011101000110111000111111111111010100001101111111100010010011011110100000011100110011110011010011000101001110010101000100010010000011001101011100100011110011111111111
111001010001010110001100101110001000101000010101111100100000000000101011011001000011110010001101111000100101001111110111101000001001101011011101100101000001111001000111010100001111010011111100100111100100000100111100111100011000001010000000010010010100001100000010010100111101100100011001000001110010100011100100000000001111111111
110110101110010111100010001110100101101000000011111010100101111001011100101111100011101010001011000000010000100011110111111011110111100011111001010101011111111100001111111001001011011011110000001011011110110010111111010110001101011110011000111011001010100101101010101000000101010000000000110000101111100001000000000101001111101111
110010011111101110101100000111100010010101101011111010111111000100110110100100101010110000000000110101011101111111110111100111111001110010001111110011111111111011010001010100010111100111101011001001100011011011111110011000010011001011111101001010101101010100111110010001000000000111001100001100101010001110100001101111111111101111
110001000110011011011001101111100101101100010111111000100010110010101111000010000101111110001010001110100111100111111011110000011101100100011110111000101010111101010000000010010111010111100000110001000010010000111111000110001010101101000101100001001100000010000110100001100001000011001100110010000001100101100101101101011111111111
110110110011000110001111001101001011100101100111111010100101111011110001000010000011110000010011111011100101100111110111100000100011111111101111111110001110111111000011011110111111001111101001100100000000001000111110010101000001010011101110100010001000000011000011001011100101111010000011111111010010010101101111010010011111101111
111111101001100111110100010100100010001000111001111101101000100001111100001111001110110111111110011001011000110111111011110110010001110000000011010110111111111000010011001000001011011011110111100001001100111000111110001011010001001110011110000100100101000111110110000001011001000010100100010011001100100010101101001000011111101111
111101101101000010001111110101100010001010100001111100111111110111001011011101001100000110101011111010011111100011111011101111011001101110100001001000100000111100110000001100110111011111110010010110111001011110111110111100100000000000011110011100001010011110100111001100111101101001011111101100100010011111001111010000101111111111
111101111011101110111100000000011110001101101101111001111011011111011000010100111100011011111110111111011001111011110111111110000001100000000000000000011001111111111001000000000011111011101100111110100000111110111111111111101101111111000100000000000000000000000000000000000000000000000000000000000000111110000011110000001111101111
111010110110001001011000101000001111001000010101111101101100100011100111110000001110011010011110110011010110010111110111100111101111100010011000100010100110111110000111100000011111111111100101111111110110010011111100000101010010110101011110101101011110001111011011001100111100111010110010110100010111101011100000111111001111101111
110101001111001010111111110010100000001100100011111011100101100110000111011101101000110010001010110110011011111011111111100011010011101101001011111000110001111000111011111111001011110011101101101010011111101010111110111100110000010111011101111001000111101110000101110101010000101100110111010001011001100101011011000000111111111111
110000010000101001100011101101111010011100000011111001101010101110000111001011001011011101111011000111010100010111110011100100111101100000000100101001010001111110011011101010001111001011110110011111110010111001111100001101111001111010011100110100111100111111011010000101001001110101001011101101111011011000110111000010011111101111
111110010000011111001001110110001001010111101001111000111001111101011001010111000010000110010100001100111111110011110111110100001011111001101000010100100111111001111100101111100011110011111010110101101110101101111111001001111101111111100011111110011011111110000001000111001011000011110111010111000101001101110111000110111111111111
110100001101010000010001110000101110111101110001111010110000110011110100101110001111111000110000100011010110101011111011110001010001101000111111010001100000111110001111101010100111100011110110010110011110001101111100101010000011101011000010110011000010110000001111100110101110100011101011010101010001010110001011110000001111101111
110010011111101110101100000111100010010101101011111010111111000100110110100100101010110000000000110101011101111111110111100111111001110010001111110011111111111011010001010100010111100111101011001001100011011011111110011000010011001011111101001010101101010100111110010001000000000111001100001100101010001110100001101111111111101111
110100111001000110010000110001011000111000100101111010101101101000000001000011010101010011111010001001011111000111110111110110000111100001110011100101100100111101011010011111001011010111100011100011110110100101111110110111101101001111111011011101001111001000001110000011111000110111010100000000101011010001000000001101011111101111
111111011101111110111100101110011001010000110011111010100101111000011101101100000110111100001001100011110110111111111111100001100101100011001111111000100001111001101010011011110111010011101110011001011110110100111111110011111010010000101110110110111101010000000101100000100100101010010110011111010011000110001000101001001111101111
110100111001000110010000110001011000111000110101111010101101101000000001000011010101010011111010001001011111000111110111110110000111100001110011100101100100111101011010011111001011010111100011100011110110100101111110110111101101001111111011011101001111001000001110000011111000110111010100000000101011010001000000001101001111101111
111010001000001100111100111000001001101100110111111111101001111011101011110110001111010000101011110110010010111111110111111100011011110011100100111101001000111101110001001101110011001111110001100111001111101010111110001110100011110111011000101100010010011000010010111001011101110000101100001010011111011101110100110010111111101111
110110010000100001010000111001000110001100110001111100101101001110111110010110011001110010111001110011110101000011110011100001100101100001101011110001111001111110110011101000110111000111111111111010100001101111111100010010011011110100000011100110011110011010011000101001110010101000100010010000011001101011100100011110011111111111
111111011111100011100111010100010011011111100001111001110101100111001101011101100111011101001111001001111110101111110111111101110011101011011010001100000110111101001111010010001011110111101010011011000010110110111100001100111010011010111100000111100010001010011100100011000110111111111010111110010010001100110111100010011111101111
110101101110110011000101101001011110100001100001111010101100000001100001101111110000100011101010100100011010000011110011111000111001111000111000010001110000111111001111111000011011011111100111011011010000110100111101111000011011101101001010000000110100100000011111010000011000100000000011110100111000001011101101100001011111101111
110101100001100010111100111100000000110000001011111010110010100101110110010111100100010011110100000100000011011011110111101000111111110011101101010101100000111001011110001100001111100011100110011101001011111010111101010101101101111011000111011000010000100010000010101011100110100101110100100111111110110010100111100110111111101111
111111110011001000101111110010111010001111101011111100100110000001101011010011111001001000011000001100000000110011111011111100000101101010100000000000001110111110011101101001101011000111101011101010010100100110111110101111001010001000001111011001000101001011110011011100010111001111000000101010001101011000100100011111001111111111
111010110110001001011000101000001111001000010101111101101100100011100111110000001110011010011110110011010110010111110111100111101111100010011000100010100110111110000111100000011111111111100101111111110110010011111100000101010010110101011110101101011110001111011011001100111100111010110010110100010111101011100000111111001111101111
111111100010001111010011100000010100010001001101111110110001000011111100011011101100011011011110100011111110111011111111110111111011111111001100010000111011111010010001110011101011101111111101000110111001001100111100000010110000010111001110101100111111100001000111110100100111100100101011001011111001010011100110101000001111101111
110010011111101101111111101011001111001100001101111010110001101111111111001001111101110100000111011001010011110111110111101101100101111000101101111110001111111110100101100101101111011011101100101111110010111001111100110000111101101000110000110010001101100010100010011100100011111101000010100011100110100110011000110011101111101111
110110111111101110111100001100000110110101010101111110100101001010001000110100000011001100111110101000111000101111110111110010010011110110001110010010111100111111100100001110110011011011101111011101011000110100111111011100101000000001011111011010011001011110010100011011010010010101000111111110011100010000110100011000011111101111
110010011010100100001111110011010010010110101101111010110100110010110001011110001100010000100111110011101000101011110011100001101001111010111000101011100101111100100001010011011011101111101111100010001000100001111110100111010001100011100000110011010011100011001101010010011110110010010010001100111101110001100000001010101111101111
110110111000001101010001110000101101011110000011111100101001101000101011011000011111111011011111100111001110000111110111100100001111100000110110010101111000111000101011111100011011000011110110110110000011011010111110110001100001011110000000100111110011001000001100110010101111111010111010010001100100100110001001101000011111111111
111101111100101001001001111110111011011100101111111000101010011011001101010011001001100001011111011011101110001111110111100111101001100110110010010000001110111101111111111010000011011011110011000001110110011000111100101100111111100001000101110111011111100000010111110010101100111111000001010100001001000111010100011110111111101111
110001010011011001101110000000110000011001010011111001110011100000101111010001111010101010011011111001010100011111111111100100011011110110111111010100000100111110100001110000110111000111100001011001000000000110111111111001110010111000110101111110010110111011100110001111100001111100001100100101001001111010101111010010011111101111
111000011010110010010110000100000011111001100101111000110000110110011001110010101000000000111000101011010110001111110111111101110111110001110001010100101101111000110010001001111011001111101110111000111101101001111110100001111110001000111010100010010110001110011001110101000101011101001001001111101001000110001001000010011111111111
111110011101111010001011101010000110001111011111111001111111100010101111010110000001100011001001011101001001000011110111100111010111111010110010101110000000111011011100001000000011010011111100001000100011000001111100110101111010110111110010001010010000101010000000101100111010110101111101100011111011110110011011001011011111101111
110000101101010011110011010000000000010111101011111011101101010000000011010010011000010100010010011001111000001111111011110100110101101110001111110101000011111011000000000011100011001011101001010100010101011100111111100001111111000111110010101111101001010111010001111110001000011011000011101000110011011110000101100010001111111111
110000001010000011111000001001001011110101101101111100100010000111110010110110110001000011000110111000010011110011110111101010111001101010100001001110100110111011100111001101000111100011101100010110100011111101111110101011100001101111011100111000010011101101011100000010011100001000000101001110011011100000100010110110011111111111
110100001101010000011001110001101110111101110001111010110000110011110100101110001111111000110000100011010110101011111011110001010001101000111111000001100000111110001111101010100111100011110110010110011110001101111100101010000011101011000010110011000010110000001111100110101110100011101011010101010001010110001011110000001111101111
110111110110100101001100111100101011101011010111111010110100111000100110011101001010001100010001001011011110100111111111100010010001111001001000010011101001111001000000000011110011000011110111101010110000000010111101000001001111010010000011100001100001000000110011100111100001101000001111000011000010101111001100101010111111111111
110100001011011110010010001100101000000111011001111010101100100101010010011111000111011110101010000011101101101011110011101001000101101100111111110000010010111001001110001011010011110111101110101110111001000110111111110001011100010110110100111001111000111010111110001100110000101100111000110010011111011110000000000010111111111111
111111011101111110111100101110011001010000110011111010100101111000011101101100000110111100001001100011110110111111111111100001100101100011001111111000100001111001101010011011110111010011101110011001011110110100111111110011111010010000101110110110111101010000000101100000100100101010010110011111010011000110001000101001001111101111
110101001111001010111111110010100000001100100011111011100101100110000111011101101000110010001010110110011011111011111111100011010011101101001011111000110001111000111011111111001011110011101101101010011111101010111110111100110000010111011101111001000111101110000101110101010000101100110111010001011001100101011011000000111111111111
111010110001000001111100110100000000100101000001111110111011101100110011011101010100010000010001001000001100101011111011110010101011100011110101000010101100111000000101100001100111000011110111000001101101110101111100001100010001011111011111011010001010010000000010101010101111100100100000110111001011101111000111111110101111101111
110000001001110101011100100110010001001111000111111001101000101011101011011101010000000010111100000100110101101011110111101001001001110010011000010000000000111110001100100010000011001011110111101010111001011010111111011000001111100001111100000110100011110000011000010111111011110110110010000001010110111010011110010111101111101111
111001010001010110001100101110001000101000010101111100100000000000101011011001000011110010001101111000100101001111110111101000001001101011011101100101000001111001000111010100001111010011111100100111100100000100111100111100011000001010000000010010010100001100000010010100111101100100011001000001110010100011100100000000001111111111
111100111110111110111101001001010010100100001011111111111011000000001001001011111100111110000111100100010011010011111011110010101001110110000100000011111000111101111100011111001111110011100111111000010001000000111110011010001100100111011000111101000101010010111100000110001010111000001100110010011100100000101011101001101111101111
110000101111101000100010010111110011001000000001111000101010011001000011010110110011110101000010111011001010110111110011100100010101101101001110000011100101111110010010100111100111001011101000100110010101010000111100101011000100000100100110111010010001101000100110001001101111111001110000101000000011111111100110111110001111111111
111111011111100011100111010100010011011111100001111001110101100111001101011101100111011101001111001001111110101111110111111101110011101011011010001100000110111101001111010010001011110111101010011011000010110110111100001100111010011010111100000111100010001010011100100011000110111111111010111110010010001100110111100010011111101111
111100110011110101101110000000110110110011011011111000111001110101000000000000010101001101011110101010100011111011110111111101111111100000010001100111110001111001011010011101000011101011100010111111001010001100111101101110100111011000000110010100010010011000010101001011110010101001000010001011000101100010001101101111001111101111
111101001101101010011110100001010101001111001001111110101101000110000011100010011010101011110111011011101110001111111111101000001111100111000000011001101111111111010010011111001011000011100000000111111101011101111100111101001101110110110011111101101010011001100011101101000011000111011110101010011000000001100011101110101111101111
110010000011110100101111011010010010011100100111111001100101010100110100011111010111001110100010110011011111000011110011101111100101110011000100011111111111111111001011000110011111101011100101110001010110100110111101010001111001000101011101011110001100000010000100010010000010011000000010110111001011100110000100011001111111111111
110000111011011100101111001100011111001011000111111000111110010011011011110011110111110001111010100011101001110011110111110111101011110001101010000111011101111010010101000010011011000011100001011010001100101000111100000001010100011100110011010110100101100000111001001101011011000110000100111101100111110110010011111101111111111111
110110110011000110001111001101001011100101100111111010100101111011110001000010000011110000010011111011100101100111110111100000100011111111101111111110001110111111000011011110111111001111101001100100000000001000111110010101000001010011101110100010001000000011000011001011100101111010000011111111010010010101101111010010011111101111
111101111100000001000001100010101101101110110001111011101001100000000010001001011011001001100010000001101110100111110111100011001101111000011011000000010110111011100101111010111011110111110100111110100101011001111101000000001011101101111111011000000100110001011100111101100011110001111100100110111111111110110010001000011111111111
111110110010001101101000011100111110010100001101111011110110011011011000001000000111000000111011011111001110100111111111101101000011111010101110100011010011111011000000111011110111001111100110000010010111101010111101000000101111000110011001010001000111000001111010110110011011011000011101000100000010111010001010000000111111111111
111001000010001110000010011001100010001100000111111111101110100111010011110111011101001000010010001001001011110011110111110111010011100000110010111000000000111011001111110010100011010011111110010010101001100010111110110001010100101110011010100010001101000111101101001100000011110000000101111111001101001000010100111100001111101111
111110000011110101000110010000001000101110010011111010111011010101111101000101001010011011001000100100100111100111110111111101010011100101110010100010011100111110111111110111101011000011101100001111101010000111111101100011100000011010111111101111111011101001001011001011000000000001001110000010101000001111100111001100111111101111
110010101110000111110001000000001101101000001001111000101011001110010000100011011010011100001110110100001011000011110011101000000111111110010011010011001111111100000011100110010111101011101100010100010001101101111101011000100111110110001100100101001110011001111001111000101101011011010001010000100001110100010000010110101111101111
111110101001100110101010011101010000110000001111111100101011010101100000000101111011100100010110100001111010000111111111110111010011100100011110001001111010111010110010010100100011010111110111101011010100010101111110011010000000100011111101010101000011110101110001010010011000010000011001110010101000000010101100001100011111101111
110100110011000010001000100101001101110101100011111111111011101110100000001111001010110011001011001111100010111011111111100110010101101010010000101010111101111011000001011100101111111111100110011100100110110000111110001111000101100101111111111010111100001000011000001010010000001111001100110011000011110101001111111011011111111111
110011100100010110000010000010110101011101001011111100110110001011000111010110000001010111111011001111110100110011110011100010010111101000101110000010001010111000100001001000100111011111110111011000111110110100111101001111010100100011100000111011110101100011100001011011001100100110101111000101111111010101101000000010101111111111
110101101101011101101000001110101111011110001111111110101100111101010010010111100010010101000110110011111001100011110111100110111101111011010110101110010110111010101100110011100011111011111011000001111000110011111111001000111010111001000000111000000011100110010101000001001011111111011110111001111010001101000000000110111111111111
111000011010110010010110000100000011111001100101111000110000110110011001110010101000000000111000101011010110001111110111111101110111110001110001010100101101111000110010001001111011001111101110111000111101101001111110100001111110001000111010100010010110001110011001110101000101011101001001001111101001000110001001000010011111111111
110100111001000110010000110001011000111000110101111010101101101000000001000011010101010011111010001001011111000111110111110110000111100001110011100101100100111101011010011111001011010111100011100011110110100101111110110111101101001111111011011101001111001000001110000011111000110111010100000000101011010001000000001101011111101111
110011111001110110111111100100011011110011110111111000110110101100100011111110001000000001100101011100011011001111110011110010011101111101111111000111011010111011101100001111101011100011101001101101110111101101111110101101000001111011100101000111000011111001111110011101101111010111101101001000100110111101101110110100101111111111
111011101100111000011000110011011000000101100111111101101111100111111000110100101000001010111110101110110111110011110111110111101001100100001001111110110011111001011011111010101111111011100110001101011110111011111110101001110101110100110011010100011110111110110001111101000101111111000110011111110011110111111111000100001111111111
110101100001100010111100111100000000110000001011111010110010100101110110010111100100010011110100000100000011011011110111101000111111110011101101010101100000111001011110001100001111100011100110011101001011111010111101010101101101111011000111011000010000100010000010101011100110100101110100100111111110110010100111100110111111101111
110110101001101011010011100000000000101011100101111001100000101111001010010001011010010001110100000010110011110011110111101000101111111110001011011101001100111000110010101001101011001111101001011110011101100001111110100110100011000101000011000001111010111111001110010010100110101100000011111010111101100011010110100010101111111111
110010111001100010011111011111111110001101101001111011100011100100110110100110111111000100001010111010011010100111110011111010100111100001100010110110001101111101101010000111110011001011100101110000011101100010111101100111111101111101011001001011110011000000000001111111110101100111011001001110000110101100111000001001111111111111
110011111100010010110101001010001000000110000001111110100001100000100110110001101000000110110001111001001000100111110011110101111001100000110111111100100010111010010111011010100111011111100110101001111111111010111101010100000011110110010001010001111101000100010101100010000000000101101110000011111000001100110010100101111111101111
111111101001100111110100010100100010001000111001111101101000100001111100001111001110110111111110011001011000110111111011110110010001110000000011010110111111111000010011001000001011011011110111100001001100111000111110001011010001001110011110000100100101000111110110000001011001000010100100010011001100100010101101001000011111101111
110000011101111111011100000011010101100101011011111111101001110111011110000001011111111011001111000110110110000111110011100000101001111000001100011110001100111111011111110110100011011111100100111110010111110100111111111000111110001110000001001111011011001111001001110001100001001110000000001001111000011000101101100110001111101111
111111110011001000101111110010111010001111101011111100100110000001101011010011111001001000011000001100000000110011111011111100000101101010100000000000001110111110011101101001101011000111101011101010010100100110111110101111001010001000001111011001000101001011110011011100010111001111000000101010001101011000100100011111001111111111
111100011011011101100011000001100000101101010001111101110011011111111101001010011100010011101011100011100011110011110011101011110001100111011010011001000001111111011011110000010111100111100000000000001011010010111111101100111010000010101000100111100000100100111000111101011010101110000011001111000010110011100111111001011111101111
110110111111101110111100001100000110110101010101111110100101001010001000110100000011001100111110101000111000101111110111110010010011110110001110010010111100111111100100001110110011011011101111011101011000110100111110011100101000000001011111011010011001011110010100011011010010010101000111111110011100010000110100011000011111101111
110111011110101011100010000101000010000110001011111111111100010011101110011111011110001110000110001001001110111011111011100101010001111110101111000001000010111110100000001011000111001011110000110110110000110111111111001010100000010100100011111001011100001101001011010111111011010110001010111000000000001100111101111011011111111111
110000010000101001100011101101111010011100000011111001101010101110000111001011001011011101111011000111010100010111110011100100111101100000000100101001010001111110011011101010001111001011110110011111110010111001111100001101111001111010011100110100111100111111011010000101001001110101001011101101111011011000110111000010011111101111
111101111100101001001001111110111011011100101111111000101010011011001101010011001001100001011111011011101110001111110111100111101001100110110010010000001110111101111111111010000011011011110011000001110110011000111100101100111111100001000101110111011111100000010111110010101100111111000001010100001001000111010100011110111111101111
110111101010000101111010001000001100111011111001111011111100001010111000011111000000001110101100110100101010100111111111111101001001101001110011011110000010111101101101011110001111100111101000000010110001001011111111100010100111010001010101001101011011100001011111000000100100100001111111101110101100101010001110011110111111111111
110000110111010010100111010001101010100101001111111000101110100010110001110111110100000101001010010000010001010111111111101000100111111011100101000110011000111010011010111001010011010011101010110110011101100000111100010101100100001101011110011000110101001110011101011010111001111011011110101100110001100100000101011111101111101111
111010010110001110111000101011001000100101111011111000100000100001010100010110100011011000001100110111011001111111111011110001100001110110000110110110110110111101010111000001011011100111101101011010010010111010111100010011111100001000010011010110000010110111100001101110111001010101101011000011001110100100000110100100001111111111
111100111110101010011001010111111110100001001101111101110110001110101101100110100111000111110110000111101000011111111011100001010111111110100101011011000110111110111100001100111111110111111101000010001011001010111110100101101010011001101010011010100001011000010101011111001010011010111100011000000101110000111000011111001111111111
111110010000011111001001110110001001010111101001111000111001111101011001010111000010000110010100001100111111110011110111110100001011111001101000010100100111111001111100101111100011110011111010110101101110101101111111001001111101111111100011111110011011111110000001000111001011000011110111010111000101001101110111000110111111111111
110101101110110011000101101001011110100001100001111010101100000001100001101111110000100011101010100100011010000011110011111000111001111000111000010001110000111111001111111000011011011111100111010011010000110100111101111000011011101101001010000000110100100000011111010000011000100000000011110100111000001011101101100001011111101111
110000001111001101001101000000111100011100011101111100101010110100110011100101101111000010100110001101010110100011110011110001111111100110010011100000001111111101111011010111010011000111100101100111111010000001111101010111110100000011111100011111011011000010110000111011011100101000001101010010010001111001111011010110011111101111
110110010000100001010000111001000110001100110001111100101101001110111110010110011001110010111001110001110101000011110011100001100101100001101011110001111001111110110011101000110111000111111111111010100001101111111100010010011011110100000011100110011110011010011000101001110010101000100010010000011001101011100100011110011111111111
110101000100000010010100100100000111010000101001111101101101101011011010010111000011110011101011001100011110011011111111110101000101111111100011011010010001111000001101011011111011111111111111110110110000000101111110110101010011111001010110000000101011010110110011100001011110011100111001011011011101010100110100011001001111101111
111001110110100100010111011101011101010000010111111000111110000101100000000011110100101001100010101010010111011111110011111110101101100111101011010001001100111110111000101011000011010111110000001001110110011111111100001010000000010111000100011100001101000001011010100001101000100100000011010010110011001010001010110100011111111111
111101101101000010001111110101100010001010100001111100111111110111001011011101001100000110101011111010011111100011111011101111011001101110100001001000100000111100110000001100110111011111110010010110111001011110111110111100100000000000011110011100001010011110100111001100111101101001011111101100100010011111001111010000101111111111
111010101100111100101001010111101011000010000001111011101001010011111100000001100001100010000101100100110110110111110111101001011011110001000011010010110000111010100100110001000111010011101000110110100101001011111110110001100010110010000101110010011001110001011001110100100010100110010000011101111011111110111110100000001111111111
110111101000011100111110001000001011001100000111111110110110001110000011011111010000111101101111111000010100110111111011101100110101100010111101101110111011111000110111011010010011111111100001001111111110100110111110101001011010011010001101100100100100001100001100010110001011101101101010011001100011010101001000001110011111111111
111110010000100000110001010000011111100100101101111100110001011110010101111001110101100011111010110110001011001011110111100100110001101101000100010001111111111011110001100000010111010111100010101101101011111001111100111010000110000010100111001010011101100100101000001011011011001001110111010000101111110011001001011111011111101111
110110001110110000110000111000010000010100011111111001101000100000010011110000101101101100011100010000100101111111110111100001110101100110011101100110111000111010101011101001110011000011110011011011111001110110111111110100010101010001101101100111110000010100111000110000011100101011100111110000000100010010010001001010001111101111
110011001000101110001000011010011000111110000101111010111101000111110000111101000011001001101111011100011000011111110011101010011111101010000111111000001011111010100110010100010011001011110100111000101101001100111101000110111011101101111110000010110110101110100000000001100101011101000000010101100011110100110001101111101111111111
110000001010111100011010101100100010111011101101111011111111011111000111011010011100000101000000110101100101011111111111100100100011110110000000011010000111111101101000010100001111100111101110100010001011011101111100111100011100101111001100011111000101110100100111111101011010010110111100110100100000101101001101100110111111111111
110000000010100110110000001000010101111101001001111111110011000010001101100111011000011101111010101011101110111011110011111001110011101001000010001000011100111100011010010011001111100011111010000110111010101111111111101111100100110100110110011000000001001011011010110010000110110000011000100010111110111110111101000110011111101111
110010011010100100001111110011010010010110101101111010110100110010110001011110001100010000100111110011101000101011110011100001101001111010111000101011100101111100100001010011011011101111101111100010001000100001111110100111010001100011100000110011010011100011001101010010011110110010010010001100111101110001100000001010101111101111
111110000000010000000011001010011011111110101101111110100010011111010101101100101100010010101111111001101001100111111111111100110011110011010111110100101011111001000001110101000011101111110101000000101110101110111100010111101011111000110010000111001111101011111010100111111100011011100110111111010010100000101110100111011111101111
111101011110001000101101100010101011010100110001111010111100010000111111000110100100100010110010001110111111001111111111100011111111100101111010011110111000111010011101110011110111110111101110000111111100100011111111111111011000001101001001010110001101011111111111101111101000110010011001100010010111110101111111110100101111111111
111001101010011000100001011001110001000111110101111110111001100100010001001100110001000100100100000100101100000011110011111001110001110110001101011110000100111110001110010110011111000011101100011010111001010001111110000011101000001100011101001110011010110100011110101111110000000110011000111101101011010000111001011100111111101111
111100010011110111011001111101000000000101100111111000111100101001101001010010100110001000001100110000101010010011110011100000100011111100100010101010000010111000011111001110000011010011100100110001010110111111111111000001000100100011000101000010001000011111000001111000110000111100011011011011100011100100001110101100011111101111
110001010011011001101110000000110000011001010011111001110011100000101111010001111010101010011011111001010100011111111111100100011011110110111111010100000100111110100001110000110111000111100001011001000000000110111111111001110010111000110101111110010110111011100110001111100001111100001100100101001001111010101111010010011111101111
111101100100111010011110110001110000101001011011111111101111101101110000011010101001000101001011110111110000000111111111101011100011100001101110111001101010111000101111101010111111101111100001010001100110110111111101110111101110111001000011111100111101111010010111101101101000101001011111001011110011110011010101000001011111101111
111110111110010110101011111111010011101010001101111001101110111100101011101011111010110000011010001001011001001111110011100011001001101100110111011010101111111001010010000101011111000011110111011011001011100110111110111100011001001010101100101111111011000000011101111110010110100010001000000000000101011100011111110101011111111111
111010001000001100111100111000001001101100110111111111101001111011101011110110001111010000101011110110010010111111110111111100011011110011100100111101001000111101110001001101110011001111110001100111001111101010111110001110100011110111011000101100010010011000010010111001011101110000101100001010011111011101110100110010111111101111
110100000101000011010100111001100010001111111101111010110011101111100001010101010010001001111111000011011000000111110011100110111101111010111100001001111111111101011001001111000011001111110011011111101000010100111111011101100000010110000111000010111110010001100001101001000101010110011110100110111101100001001110001111001111111111
110101010000000100011010010001001000011001010101111101100110100000110010110110011010001111011000011110100010100111110011101101011001111110001100100101000011111101111011011101100111001011100110101110011010000101111110100010010000101000011110101110101101001100111010110100111111000011001000111001001111010000001110101100001111111111
111101111101101111000010101001000100000000001011111000101111001100000111100111111100001001011100001011010100010011111111100001101101111001100100000011010101111100001000101111010011000111111011011001011101100010111111101111100010100000100111100011111011000110011110001110101100101010100000011100011010100101101000011000001111101111
110010011111101110101100000111100010010101101011111010111111000100110110100100101010110000000000110101011101111111110111100111111001110010001111110011111111111011010001010100010111100111101011001001100011011011111110011000010011001011111101001010101101010100111110010001000000000111001100001100101010001110100001101111111111101111
110001010111111011010010101110111100110001010001111100110100001011111001100011100001100001101000000111110001001011111111110001010001101010101011011001110100111100100011101100000011100111110110001111100101100010111111101101010011101001110110101010001000111011111010111001101100110011100000100011100011011111111010110001111111101111
111110011101111010001011101010000110001111011111111001111111100010101111010110000001100011001001011101001001000011110111100111010111111010110010101110000000111011011100001000000011010011111100001000100011000001111100110101111010110111110010001010010000101010000000101100111010110101111101100011111011110110011011001011011111101111
110110101110010111100010001110100101101000000011111010100101111001011100101111100011101010001011000000010000100011110111111011110111100011111001010101011111111100001111111001001011011011110000001011011110110010111111010110001101011110011000111011001010100101101010101000000101010000000000110000101111100001000000000101001111101111
110010100100110111001100010110110110100000011111111010111110001110100010010111111110001010011111010101110101110111110111100101111001110000000110010010111111111001011111011111111011110011110000110011100110011110111100000001100100000111100000100010100101101001010000010111001011101010010001010001111110110101101110000101001111101111
111011010011101001110001110011011100011101011111111000111101101000001010101011101111000100010110010001010101100111111011100111110111111110010100010100011100111000101110100011001011100011100010001000111110001001111101100000000110110010011101010101010010100000011000000101111101100010111101000101011100001000011110010001101111111111
111010110110001001011000101000001111001000010101111101101100100011100111110000001110011010011110110011010110010111110111100111101111100010011000100010100110111110000111100000011111111111100101111111110110010011111100000101010010110101011110101101011110001111011011001100111100111010110010110100010111101011100000111111001111101111
111100011111111010100000000011010111101001101001111000101010010101000010110101100010001001011100000100000111010011111111100111011011101001111101110000011110111101110011011110101111110111111010011000001000100000111101100000001001001000111100011100110011010000110011110110000010100010111000111001101100100010100001000011111111111111
111000000001010101101000101111000101000110011011111111100000000111000111011001011001011000110111111001000011000011110111101010100011111011100100001111111010111010101001111000101111000011110100101001011001011000111100001111110001011011100111001011111110001011100100010010111111000001011110001101000000001001000010111111011111111111
110110111011101000100100100001001001011000110011111101110001101101101101001100010111110111111001100110011110000111111011111001101111101111101001101010111110111110101110111110000111111111100010010000000010010001111101010010010111110011111100101000000101100001100110010001000001000111010110001010110011101010000000011001111111101111
110011001101011011101010101101011111101111101101111101100001100100000010110111010111100000110000111001000011110011110111101101001011110100010111000100001010111010101111011100101111111011100111101111000010011110111100110100101011000011111010111001000001111011010000110111101011001011100101100001110101100111010101100000001111101111
110010101000100010001110000111000011000010010101111000111011001101000000010010000001111111101110111110110011100011111111101000011001110001010110010100000101111011001101011000010111110011111101010111100110011010111111110111011000110001000110000001100000001010011110010100001011101000110101101110110011001010110101101000101111101111
110000000000110010101110010101000110111111000001111010110000110100010111100001001000001101101111110111011001000111111111100100011001101100010100001110010010111000100101011001011111100011100111100000101000000010111110100101100100111100000010011011101101011110000101011110001011101001110011001101111100001101110111110101001111101111
111111100010001111010011100000010100010001001101111110110001000011111100011011101100011011011110100011111110111011111111110111111011111111001100010000111011111010010001110011101011101111111101000110111001001100111100000010110000010111001110101100111111100001000111110100100111100100101011001011111001010011100110101000001111101111
110011101011001000101101000100010110111110100101111001111010100110011101111100100101011101011100010010000001011011111011111011001101101000000111110000101110111010111001001101011011110011100101110011101110111011111100011110001110000001000111001000001000100001000011111000001010100001000011000110000110110101111001000111001111101111
110110011011101010010010010100001000000011011011111100110010001000000011011010000100100001011010001011000100001111110011101000101011110110000001011001000011111101101001000000011111000111111110000000100101011000111111110000111000101100001000110001010100111110011010110111011011100011101101110010011011101110001100010000111111111111
111010010011111111101010111011000010011111110011111000110110111010010111000111101111110101001000010111100011010011111011101011010111110001011011100010100100111000111111111010111111100011101110010001010011011010111100001000111011000111111111101001000110011100000100110011100110101001001111011000010000000000100101101100001111111111
111000011010100011110110101111001110100110101111111011111110011001010101010011110001011100010011011011010010010011110011101001011101111011111101011110101011111111001111001100100011111011100111011111010011100000111111000110111110101100111111000110111000110101101111100111101111101010010101110111000100100110001111101101101111111111
110000000000110100111011011001011000000100011011111100110010100001011111001101001111100011010111000101100110010011110111100110110011100100001111011100011101111011011000000110100011111111110101101111001000111010111101111100111010111100111010001011001100010010000100011001010100101100001111001000110100111101110010101010011111111111
110000101110010011011011110001001110100010100111111001101100001000110000000101001110001101010110111110011110001111111111110101110111111011101100101001101110111110100010101000110111011011110111000010011110000100111100011101011001011001000101110011111100100110101000111110000010101111111111011011010111010001111111001001101111111111
110001000110011011011001101111100101101100010111111000100010110010101111000010000101111110001000001110100111100111111011110000011101100100011110111000101010111101010000000010010111010111100000110001000010010000111111000110001010101101000101100001001100000010000110100001100001000011001100110010000001100101100101101101011111111111
110000100000110101111000011110001010011101000001111100110010000111110101010110101011100110101111100110111001110111110011100010111101100110000110101111001000111110010011001111000111111111100000111110100011110110111111110000101000100001110101001011110100010111001101010100101000000110011010111111100001111110110010010011101111111111
111100101110000010010110110010101101010001011001111001101010011100011111010011000000000000110101110010001111010011111111101010000001110101011101011000011000111101001010011000010111010111111111101000000101101000111101111000010111010010110001110000011000010110101010011010101001001001111000101111010100110000011000010000111111101111
110110000100101011101111101001000110011110110101111101110000010010110010011101100101001101111001000011011010010011110011111010111001101010011000010010001101111011100010100011101111100011111010001000000000011011111110001111010100101001100111011000100001111101101011011101100010111011101100001010100011001100000110100001011111111111
110010101101100111001100100000110011010000101111111101110001101001011111111101001111101110111110000011101100010011111111100011110011111101100001110010111011111111001000011011111111110011110101110111010011001110111111000111101100010100001000110010100000110111101001000010111000100001100100000111010001100111100000101011101111111111
111010000010110001001110111111000000001000101101111001111111011111011110111001111001000010010000001001100011111111110111101010011101100001000000101011010011111111001001110100011111000111110101000010000100111000111101110100101001101010001100011100110111100110111110101100010110010011001100111101101010111110011100001001111111111111
110000000111001100000000110000001101010101100101111111111001111100001101100110000111111000011010000000100011010011111111100010101011101111101010110010111010111110001011110000101011001011110100000101001010010011111100110010010011010100100110011011101001010011101111100101000110110010100010000111111111010110010101011010101111101111
110111111111111000110000001011110000100111010111111110111110101101100011000011110110100011011000010110100010100111110011100011100001101011110110001110111110111101111000001001010011101011101111000010111001000011111101001101111110101001010010101000111000111111010010101010011011010110110001100000001111111110000000100000111111111111
110010111110010110001001000010001010001110000011111011101010110101100101101001100001111111000010001010101111100011111011111111011101110001001100111000000110111000110110010101011011011011100000010110010001111001111100010000101001111000001000011100010010010011010001110000101110111011100010100000111001010111010101010110101111101111
111111101011101011001010001100101110100000010111111100100001110001011100001010000000001111000110001110111111111011111111110011010011100000010000110110010100111011000111110110010111000111100000010101000111110011111111101111111111000000011100101101111011110001000010010000111100100010001011101000100000010000101101101001111111111111
~~~
75.0 147.0 101.0 338.0 1818.0 
98.0 162.0 84.0 339.0 1689.0 
75.0 151.0 107.0 299.0 1800.0 
74.0 164.0 89.0 283.0 1642.0 
0.0 144.0 99.0 344.0 1865.0 
71.0 139.0 112.0 337.0 1931.0 
70.0 156.0 91.0 322.0 1780.0 
75.0 121.0 112.0 399.0 2113.0 
91.0 157.0 96.0 306.0 1723.0 
88.0 170.0 82.0 344.0 1608.0 
75.0 152.0 97.0 329.0 1830.0 
86.0 155.0 95.0 305.0 1788.0 
87.0 137.0 94.0 390.0 1953.0 
72.0 151.0 103.0 330.0 1762.0 
71.0 142.0 100.0 357.0 1909.0 
76.0 153.0 99.0 342.0 1763.0 
81.0 150.0 103.0 305.0 1817.0 
86.0 160.0 102.0 277.0 1701.0 
82.0 144.0 95.0 356.0 1903.0 
84.0 149.0 100.0 314.0 1805.0 
95.0 180.0 82.0 280.0 1519.0 
92.0 162.0 94.0 272.0 1706.0 
93.0 163.0 89.0 316.0 1705.0 
80.0 145.0 93.0 361.0 1890.0 
74.0 138.0 109.0 325.0 1948.0 
75.0 140.0 97.0 383.0 1952.0 
74.0 154.0 98.0 333.0 1809.0 
77.0 155.0 100.0 332.0 1710.0 
74.0 139.0 108.0 325.0 1936.0 
76.0 153.0 91.0 354.0 1839.0 
98.0 159.0 86.0 369.0 1719.0 
82.0 145.0 95.0 369.0 1856.0 
69.0 142.0 103.0 369.0 1880.0 
81.0 160.0 93.0 318.0 1695.0 
92.0 161.0 95.0 272.0 1716.0 
92.0 161.0 92.0 322.0 1674.0 
76.0 144.0 105.0 317.0 1878.0 
91.0 157.0 96.0 306.0 1723.0 
84.0 149.0 92.0 329.0 1834.0 
90.0 159.0 93.0 332.0 1706.0 
80.0 154.0 95.0 318.0 1763.0 
84.0 149.0 100.0 314.0 1805.0 
78.0 142.0 99.0 364.0 1899.0 
84.0 173.0 83.0 333.0 1573.0 
79.0 153.0 95.0 320.0 1777.0 
81.0 159.0 92.0 348.0 1687.0 
96.0 158.0 89.0 329.0 1723.0 
81.0 144.0 94.0 361.0 1900.0 
85.0 162.0 87.0 347.0 1681.0 
0.0 0.0 179.0 626.0 3323.0 
86.0 159.0 102.0 282.0 1706.0 
81.0 153.0 89.0 352.0 1766.0 
75.0 150.0 99.0 309.0 1801.0 
86.0 159.0 102.0 282.0 1706.0 
81.0 150.0 93.0 353.0 1841.0 
79.0 152.0 92.0 360.0 1819.0 
83.0 142.0 94.0 386.0 1889.0 
0.0 170.0 94.0 294.0 1585.0 
99.0 161.0 90.0 328.0 1671.0 
77.0 143.0 101.0 372.0 1882.0 
96.0 150.0 103.0 286.0 1765.0 
80.0 164.0 84.0 325.0 1637.0 
95.0 159.0 96.0 298.0 1702.0 
78.0 142.0 99.0 364.0 1899.0 
0.0 132.0 113.0 359.0 2022.0 
76.0 152.0 100.0 342.0 1776.0 
79.0 153.0 95.0 320.0 1777.0 
88.0 170.0 82.0 344.0 1608.0 
71.0 137.0 108.0 369.0 1965.0 
75.0 136.0 105.0 371.0 1933.0 
0.0 276.0 28.0 116.0 542.0 
79.0 152.0 92.0 360.0 1819.0 
76.0 123.0 115.0 389.0 2071.0 
91.0 157.0 96.0 306.0 1723.0 
75.0 149.0 100.0 309.0 1811.0 
83.0 137.0 98.0 380.0 1941.0 
96.0 157.0 89.0 338.0 1731.0 
74.0 140.0 106.0 344.0 1954.0 
88.0 170.0 82.0 344.0 1608.0 
96.0 158.0 89.0 329.0 1723.0 
72.0 151.0 103.0 330.0 1762.0 
77.0 143.0 101.0 372.0 1882.0 
78.0 138.0 102.0 342.0 1939.0 
75.0 141.0 96.0 396.0 1896.0 
67.0 156.0 99.0 317.0 1791.0 
68.0 157.0 98.0 317.0 1776.0 
83.0 142.0 94.0 386.0 1889.0 
83.0 152.0 89.0 352.0 1780.0 
93.0 159.0 89.0 345.0 1694.0 
81.0 139.0 105.0 336.0 1851.0 
0.0 140.0 106.0 367.0 1896.0 
82.0 152.0 104.0 300.0 1766.0 
72.0 151.0 103.0 330.0 1762.0 
0.0 21.0 169.0 576.0 3090.0 
70.0 143.0 99.0 357.0 1899.0 
70.0 143.0 99.0 357.0 1899.0 
86.0 159.0 102.0 282.0 1706.0 
79.0 165.0 83.0 325.0 1624.0 
89.0 152.0 102.0 282.0 1793.0 
87.0 138.0 112.0 320.0 1936.0 
88.0 154.0 92.0 340.0 1760.0 
77.0 141.0 105.0 341.0 1902.0 
83.0 158.0 100.0 312.0 1689.0 
81.0 144.0 104.0 336.0 1859.0 
75.0 149.0 100.0 309.0 1811.0 
80.0 162.0 94.0 306.0 1655.0 
91.0 161.0 90.0 342.0 1667.0 
86.0 161.0 88.0 347.0 1695.0 
75.0 152.0 97.0 329.0 1830.0 
76.0 144.0 105.0 317.0 1878.0 
74.0 138.0 109.0 325.0 1948.0 
93.0 151.0 102.0 304.0 1813.0 
68.0 157.0 98.0 317.0 1776.0 
88.0 127.0 110.0 397.0 2041.0 
72.0 142.0 108.0 311.0 1894.0 
81.0 147.0 97.0 357.0 1808.0 
0.0 0.0 179.0 626.0 3323.0 
81.0 158.0 93.0 348.0 1694.0 
75.0 121.0 112.0 399.0 2113.0 
82.0 151.0 89.0 361.0 1823.0 
83.0 142.0 94.0 386.0 1889.0 
81.0 138.0 106.0 336.0 1862.0 
75.0 151.0 107.0 299.0 1800.0 
72.0 147.0 93.0 392.0 1844.0 
88.0 155.0 96.0 310.0 1768.0 
72.0 145.0 106.0 330.0 1845.0 
87.0 138.0 112.0 320.0 1936.0 
72.0 142.0 103.0 350.0 1919.0 
76.0 124.0 109.0 424.0 2082.0 
75.0 152.0 92.0 354.0 1846.0 
89.0 153.0 102.0 280.0 1788.0 
96.0 181.0 81.0 280.0 1512.0 
87.0 157.0 95.0 333.0 1703.0 
80.0 143.0 100.0 364.0 1807.0 
87.0 169.0 82.0 345.0 1620.0 
79.0 149.0 100.0 328.0 1805.0 
81.0 158.0 93.0 348.0 1694.0 
70.0 143.0 100.0 381.0 1882.0 
0.0 169.0 90.0 278.0 1625.0 
75.0 139.0 98.0 383.0 1963.0 
71.0 137.0 108.0 369.0 1965.0 
76.0 145.0 109.0 295.0 1832.0 
75.0 131.0 106.0 363.0 2003.0 
77.0 156.0 100.0 328.0 1695.0 
80.0 143.0 100.0 364.0 1807.0 
80.0 154.0 89.0 345.0 1751.0 
66.0 142.0 101.0 381.0 1860.0 
81.0 154.0 88.0 352.0 1758.0 
77.0 137.0 104.0 371.0 1923.0 
87.0 152.0 103.0 280.0 1802.0 
85.0 133.0 101.0 386.0 1909.0 
79.0 162.0 95.0 305.0 1662.0 
94.0 151.0 102.0 286.0 1758.0 
82.0 157.0 93.0 343.0 1765.0 
75.0 139.0 98.0 383.0 1963.0 
81.0 138.0 106.0 336.0 1862.0 
76.0 132.0 110.0 358.0 2026.0 
71.0 146.0 94.0 392.0 1849.0 
80.0 158.0 92.0 332.0 1740.0 
90.0 151.0 93.0 336.0 1780.0 
78.0 138.0 102.0 342.0 1939.0 
75.0 148.0 100.0 338.0 1810.0 
86.0 155.0 95.0 305.0 1788.0 
83.0 148.0 102.0 298.0 1873.0 
96.0 158.0 89.0 329.0 1723.0 
70.0 156.0 91.0 322.0 1780.0 
77.0 155.0 100.0 332.0 1710.0 
93.0 163.0 89.0 316.0 1705.0 
73.0 148.0 101.0 337.0 1817.0 
66.0 142.0 101.0 381.0 1860.0 
71.0 137.0 108.0 369.0 1965.0 
86.0 161.0 88.0 347.0 1695.0 
81.0 160.0 93.0 318.0 1695.0 
96.0 181.0 81.0 280.0 1512.0 
75.0 152.0 92.0 354.0 1846.0 
99.0 161.0 90.0 328.0 1671.0 
85.0 133.0 101.0 386.0 1909.0 
86.0 155.0 90.0 353.0 1748.0 
74.0 140.0 97.0 396.0 1908.0 
81.0 150.0 93.0 353.0 1841.0 
81.0 143.0 104.0 341.0 1870.0 
79.0 149.0 100.0 328.0 1805.0 
75.0 149.0 100.0 309.0 1811.0 
96.0 153.0 99.0 303.0 1772.0 
91.0 161.0 90.0 342.0 1667.0 
92.0 148.0 106.0 308.0 1785.0 
80.0 164.0 84.0 325.0 1637.0 
90.0 159.0 93.0 332.0 1706.0 
70.0 143.0 99.0 357.0 1899.0 
79.0 153.0 95.0 320.0 1777.0 
82.0 138.0 97.0 380.0 1933.0 
86.0 155.0 95.0 305.0 1788.0 
81.0 153.0 89.0 352.0 1766.0 
76.0 124.0 109.0 424.0 2082.0 
75.0 121.0 112.0 399.0 2113.0 
94.0 151.0 102.0 286.0 1758.0 
89.0 154.0 97.0 310.0 1775.0 
73.0 139.0 107.0 344.0 1960.0 
94.0 162.0 93.0 321.0 1660.0 
81.0 158.0 93.0 348.0 1694.0 
69.0 142.0 103.0 369.0 1880.0 
82.0 157.0 93.0 343.0 1765.0 
75.0 151.0 107.0 299.0 1800.0 
72.0 147.0 93.0 392.0 1844.0 
84.0 149.0 100.0 314.0 1805.0 
76.0 145.0 109.0 295.0 1832.0 
78.0 138.0 102.0 342.0 1939.0 
81.0 144.0 94.0 361.0 1900.0 
82.0 151.0 89.0 361.0 1823.0 
75.0 155.0 93.0 346.0 1723.0 
74.0 138.0 109.0 325.0 1948.0 
75.0 131.0 106.0 363.0 2003.0 
79.0 163.0 94.0 305.0 1648.0 
77.0 147.0 94.0 357.0 1839.0 
89.0 153.0 102.0 280.0 1788.0 
81.0 144.0 98.0 373.0 1822.0 
92.0 161.0 95.0 272.0 1716.0 
70.0 143.0 100.0 381.0 1882.0 
86.0 159.0 102.0 282.0 1706.0 
78.0 142.0 99.0 364.0 1899.0 
84.0 149.0 92.0 329.0 1834.0 
98.0 159.0 86.0 369.0 1719.0 
75.0 152.0 97.0 329.0 1830.0 
83.0 142.0 94.0 386.0 1889.0 
72.0 151.0 103.0 330.0 1762.0 
80.0 158.0 92.0 332.0 1740.0 
79.0 136.0 102.0 375.0 1932.0 
79.0 124.0 112.0 400.0 2073.0 
93.0 159.0 89.0 345.0 1694.0 
72.0 168.0 89.0 305.0 1631.0 
75.0 148.0 100.0 338.0 1810.0 
84.0 129.0 110.0 358.0 2007.0 
87.0 138.0 112.0 320.0 1936.0 
77.0 137.0 104.0 371.0 1923.0 
86.0 146.0 87.0 392.0 1860.0 
81.0 156.0 90.0 364.0 1749.0 
80.0 156.0 94.0 344.0 1732.0 
80.0 143.0 100.0 364.0 1807.0 
72.0 144.0 106.0 337.0 1850.0 
83.0 148.0 102.0 298.0 1873.0 
87.0 157.0 95.0 333.0 1703.0 
82.0 145.0 103.0 323.0 1873.0 
88.0 154.0 92.0 340.0 1760.0 
75.0 139.0 98.0 383.0 1963.0 
91.0 157.0 96.0 306.0 1723.0 
79.0 152.0 92.0 360.0 1819.0 
81.0 147.0 97.0 357.0 1808.0 
72.0 142.0 108.0 311.0 1894.0 
83.0 158.0 100.0 312.0 1689.0 
68.0 157.0 98.0 317.0 1776.0 
81.0 138.0 106.0 336.0 1862.0 
75.0 156.0 99.0 304.0 1787.0 
74.0 165.0 88.0 283.0 1635.0 
72.0 142.0 103.0 350.0 1919.0 
76.0 123.0 115.0 389.0 2071.0 
81.0 150.0 103.0 305.0 1817.0 
87.0 137.0 94.0 390.0 1953.0 
88.0 170.0 82.0 344.0 1608.0 
76.0 144.0 105.0 317.0 1878.0 
98.0 162.0 84.0 339.0 1689.0 
76.0 153.0 102.0 314.0 1781.0 
77.0 140.0 105.0 344.0 1911.0 
80.0 146.0 94.0 383.0 1834.0 
84.0 155.0 100.0 305.0 1722.0 
77.0 143.0 101.0 372.0 1882.0 
95.0 159.0 96.0 298.0 1702.0 
76.0 152.0 100.0 342.0 1776.0 
~~~
1.936
