111010011110101000001100011000110101001110100101111100111011001111111000110000011011100011101000001010110111010011111011100100100011110000001100100100101011111110001001001110101011011011110010100100000010000011111110100100011100101011001001101010000001101110000111101001111000110011000111010111010011101111110111100111101111101111
111110000000101101000110101011011011001011000101111110101001001010011101101000100110100011101000010110110110101011111011111100010101111001011101011000101110111001011111001011111111011111100101100111000100011001111111011000101011111110010110100011011100111111001110001101110011111001001110001110011010110000001110100000011111111111
110101111000001100000000101010010011111011100001111100101100100011101000111010111011011011111111100001010011011011111011111010001011101011000111100001111100111001011111101011000011111111110110100100000001010001111101100111101100100100111110101001011010111110011110001011010000111000011111111111101101111011101010001000011111101111
110111100011101110001110000001100110101000110011111101100101101011110010101001011000110110111101000001000100001111110011101001100111100110001001010100101100111110010100101011010011001011101101101100000001010010111110110101101101011110111010111111111111111000110000011111011101101010000111101110001101100110001110010100001111111111
111011111001100010010101101110111011101100110001111100100101100110110110011100100001011000111110000011110010110111111011110011100001110101100001010000000001111101110101100011000011010111100111111110111000101010111101101101111011000100101100001111011001100110011100001010011000100101000100101101011110010000010011110100001111111111
111010111100010110111011110100111000111100001001111001100100000101011101011101001010000111011010011110101101000011111111100000010101100001000000101110001100111010100010010001111011100111111110011101100010101011111110110001011000111100011110100000111101110110001101100010110010101011110111010101111010001111001111101111111111111111
111111001000101110101100000100111110101001111001111011111011100110001000111101010010101101101000011000110010100011110111100101010111110000010101010001100010111001010111101110011111001011110100111111100111011100111111110101001001111000101110111101010110101110000010111010110011011001101001011011001101010010100100110111001111101111
110010000001001101111011101111111110111101100001111000101011110110001101011111010001110000001010001000101000010111111011111111110001111110011100011100010111111100000111111111011111100011101001110101101111011001111101110110000100110010101000100110001001010001000101110111000010111101110101011110001001001101000010100000001111101111
110110000100101101010001111110100001010010110011111100101111001000001101101000011000100000101101000101111110101111110111111101011111111001100110011111011000111101101100011100100011110111101110111010110000110010111110011100000100001101011011010011101110111110001011001011101010110110101111011111111010011101110100000110101111111111
111000100100111100111010001000110000000001010101111100110110000101010111110000110010000101001011100110111001100011110011111110010111101111101010001001010111111101110000110000000111101011110101111111001101001110111101001010010110110101001101000110010010000011000001101011011101000100011001010111001111001000000100111011001111101111
111000011111010111111001110000110110011000011101111110101110110010111010100111101110100100001111100000111101111111110111110100000001111111101010000010110111111101001110111110001011110011110111010100110001001111111111010010001010010100111110111101001011100001001100100000100101010100110100000000101010111001010011101000011111111111
111100000001010101100011000111000110111011001101111011100000000011100001010101011000000111000111100100010111100111111011100001110011101100011010100100101001111111101110101110100111010011100001101000100100110001111101100001010100101111010100001111010000100010111010111111101111110110010001010111000001011010000110100000101111101111
111100000011100000101110001010000000000101000001111001111100111100110100101100110011111000110001011000011111101111111111101100101101101100010011101110010111111000011010010010101111110011110000111010110000110001111101001001101101101100111110111101000110011000011000011111000010011010111111100111100100011110000011111101001111101111
110001000011000010111110001100101110100110100101111000101100011011100001001111101010110101011111100000000111101111110011111111001001101000110101000000000011111110010110011101000011010011110101111101001110111001111111100101000000000111110010111011110110110011101000000011000100010000111110110001011101010001010010010000111111101111
111011111001100010010101101110111011101100110001111100100101100110110110011100100001011000111110000011110010110111111011110011100001110101100001010000000001111101110101100011000011010111100111111110111000101010111101101101111011000100101100001111011001100110011100001010011000100101000100101101011110010000010011110100001111111111
111011111100001010110110010101110101010111010011111010100110111010000011011000001000100100010111010001011010101111110111100110100101100000110011100101111001111101110110010000010111100011101010101110100101110001111101111010001000110101000011000001111100110100101010100001010011110001001000010110000011101111111011010111001111101111
111000110001001100110000000100011011100100110111111001100101100010011100101000001110010111110011000110010011100011111011111011100101111111111101001110110111111100011100011011111011101111100111101000000110100000111101011000011011110100100110001100111100100110000111110000100100111001000001000000001100011011110010000101001111111111
110101100101010110111101000010111111011010011001111000101001000010101010000000101101000010010111111100101110000011110111100101001001100101010000101011000001111100001011100101001111110011110101110001100111111010111100110011001110111011111011000110001011111011101001101010100011011010010101101000010101111011010000001000001111101111
111101111100101001000101111110001010101110000001111001101000110101111110011100010110111101000000000000010010011011111011100001100011100011111101010000101111111100000111011011000011100111111001101011111000111110111100100010100011001000010010101000100101011100101011111110010111001111000011100100110001111110110010101100001111101111
110011100010111110111011000011101110110110100011111100100000010000101000001111000011100011010110010111001001001111110011100100000101100111100000001010000000111100100010100000000111110111100110111011100111011111111100110010001110111101110110101011101110001111100001101001101000110000011011000000100010111010011111010011111111101111
110000001001111100101100101110000111000010100101111100111101011000101001000010111010101110100000101110000011101111111011111111000101100010010101110110100011111100000111111100101011010011110001101101011001010101111100011101001000100111101000001100110001011101110101110000000110110111100011011000010100100010010000101101111111101111
110001110101011111100001110000010011000111001011111010100011100100010111110110100110100110110010101000111000100111110011110011001011110000000101000111100111111010101111011110110011111011101100000010001110000111111100111111011100110011010100111011111000011010101100101010101101000000100111000110110110101010011000110100001111111111
111110001011101000111011111000000011111110110111111001111001000010011001011100001011100011000101101111110001111011111011110011011011110100100000010101101001111000011111000111000111001111111100001101000010010100111101111010101011100011111110110111011101001011011111110101111101111010010111101001101011101100100000011111101111111111
111011011001001100001111101010001111000000101101111111101000110100101110010101100010101101011011110001011110110111110111101000001011100111110010011010001011111000101000110010110011000011101111010011101010110101111110011011001000000101111001100101000101111000110000000111100010001000001110011100000011111100010100000001011111101111
110101110011001101001010110110011101100000111101111011111010011111111000100011111011101000010000110011000001110111110011100101111001101100010011111100111011111100001100010110100011101111110100010000111111101110111101001110111100110011111010000111000000101110101101011010101010110000100010010000001011000100000000111000111111111111
111101001111001111100001101101010000111001101101111101111001000001101000000000100101101100000010010101101101111111111111110110001011111100110011001000000001111000011110010011111111011011100110000011001100110110111111100011111111011110100101101000100001110001111001110111011011011000110010010011010100010011000110000101011111111111
111110000000101101000110101011011011001011000101111110101001001010011101101000100110100011101000010110110110101011111011111100010101111001011101011000101110111001011111001011111111011111100101100111000100011001111111011000101011111110010110100011011100111111001110001101110011111001001110001110011010110000001110100000011111111111
110001110001001111100110101101000101000010000001111000100011101010011011000100001110110101010111101110011001011111110111100111100001100100101100000100101101111100011101010000001111101011101000001001000101001011111101000100010000000110010010000100000100011001111111111011011001001000000111110000000101100111000001110101011111101111
110101111000001100000000101010010011111011100001111100101100100011101000111010111011011011111111100001010011011011111011111010001011101011000111100001111100111001011111101011000011111111110110100100000001010001111101100111101100100100111110101001011010111110011110001011010000111000011111111111101101111011101010001000011111101111
110001100011001111111101101110011110101101000111111010111010001110100001010101111010100000110010001000010000000111111111111011110001110001111001100001010100111100010101011000000011100011100011100010101010101111111100000110011011001100110101000010111001001000111111100100101100011100111100101111101010101001011110011001011111111111
110010011000011100001100101100011100011001000011111100110101010010010000101111110110110100100011110010110001100111111111101000101001110000101001100000001101111000101111000101101011001011101010111111111111000000111101111001111110001011100110111011101100111000010010011111111110000111111110100010110101111011010011000101011111111111
110110110100111101100111010001000010110000100111111100101000100000100100111010001001110101111010011101110001110011110111111010110001101111011001010000100100111110010010010011011011011011100001010011100010110010111100100100100000100101101000111010100111011111001010010100000100110110000101011110001011000000100011001111101111111111
111101111101011110111111101001110000111011000111111101100011000001100010001110111001001100110000100011011011000111110111101010001101100011000110111000000100111111011111011011000111111011111011010001011001011111111100111011101011100000110101110010111000011000110010110100110100111111110001000011111011111111111110101011101111111111
110001011011000010101111100100011011111100010001111000100000000100010100000100100100001110100100100101100100110111111011111011000001101010010010001011111011111010111001111111000111111111101111100001011111001000111100110011001100010011001001011100100000110011110101001110010011110011101100000011101111000100101001010000001111101111
110001100011001111111101101110011110101101000111111010111010001110100001010101111010100000110010001000010000000111111111111011110001110001111001100001010100111100010101011000000011100011100011100010101010101111111100000110011011001100110101000010111001001000111111100100101100011100111100101111101010101001011110011011011111111111
111100011011011010001011100110000001000001000111111111101110101010111001011000010111100000000111011100010010011011111111101111010001100101011100101000010000111010000001100100100111010011101100110010011111110001111110101101011010111011111000010100010100010100101000111111111101010001110100000111010111010011101010111110111111101111
110101111000001100000000101010010011111011100001111100101100100011101000111010111011011011111111100001010011011011111011111010001011101011000111100001111100111001011111101011000011111111110110100100000001010001111101100111101100100100111110101001011010111110011110001011010000111000011111111111101101111011101010001000011111101111
110110110001110101111000111110010001111101111011111001111000001001001010000010001100100010001111110101110110001011111011110101011111111101011001010010100101111111011100111110001011001011110101100001101001101111111100000010100001010001000111101110010100111111010001000110011100010000111100100010000011001100101000011111101111101111
110111000100000001101111010010000101111101000101111011101101000001101110010100111100010001101000111101010110111111111011110101010111100100011100100011010000111101101001111111011011101011100111100110101111101110111100100010100100111000011001011111110001010011011110100000101110011101000010000101101110111001100011010000011111101111
110000000100010111110001111011101101011101101001111011100100111001000000100000100010000101011100001101110101111011111111110110011111101011111101110010101000111100011101000011000011010111111001110111000111101100111111000100101100110001000110100111011000011001110111000000000111000011000011101100000010110100000010110101101111111111
110011100010111110111011000011101110110110100011111100100000010000101000001111000011100011010110010111001001001111110011100100000101100111100000001010000000111100100010100000000111110111100110110011100111011111111100110010001110111101110110101011101110001111100001101001101000110000011011000000100010111010011111010011111111101111
111000010010000001011101011000010001111100011111111011100010011011011011111001000100010010101010001101001101011111110111111101000101100011101011100010110000111111000001101100000011010111110110010111001110101010111111100101100100111000101111010110001100111111001001001101101000000001001011000101110011010100100111110001001111101111
110100011000000111101000001010101010000111111011111001101111010000110000001100010000100011101101110100011100101011110111111000001111110101111001011101100010111010000111111101110111110111100000000110101010000111111111111011000110010100100111111011000100010010001000000010001100001101011011111111101011100010000001000111101111111111
111001001101110111001100010011010100010000010011111000101111001010010010001001110111100100010010000010001011110111111111110110111011101000110101000110010000111011111101011010100111110111111100100111111111000100111110001001100010110101001100010110010000011110010100111010111011010101010110011011010110110001000011110101101111111111
110011000000010011110010100110000111001110111111111100100111101101001001011000111010111101101011110011001100010111110011111111111111100010000011000011111110111100100010001111010111100111100110101101101001001011111101010111111000000001011111111110101000010100000100011011010101010111011111111001010010100010000011111010011111101111
111101000011100000111000011000101011110100101011111101101011011100110010010101100011101100001111101011101110111011110011110110000011100100011100110010010011111110100011101010110111001111100100110000110001101101111110001101011100000100100100001010011001101110011111100110110010010000010111110101100011010001110100000010001111111111
111101011011000001000011010000011101110100100111111110101001111111010100011101101111110000001000101111100001000111111011100100011001100111000000101010110011111001011011111000011111010011101100111111101111000000111100110011001011101001001101000100101000100000011000010010101010010100101111011111110001000101010010000100001111101111
110011100010111110111011000011101110110110100011111100100000010000101000001111000011100011010110010111001001001111110011100100000101100111100000001010000000111100100010100000000111110111100110111011100111011111111100110010001110111101110110101011101110001111100001101001101000110000011011000000100010111010011111010011111111101111
111011011010100110011011101110100000101101011011111110111011101111111101010100110001100000011110110000100000111011111111101110011111101101110101010101110100111011101001101001010011000011110111100111001010101101111100000100101111100111000100101111111010001110100010000111111001101110111010011100010100101101010000111110111111101111
110000000000000000000000000000000000000000000001111001100000000000000000000000000000000000000000000000011000000011110011100010000001111110000000000110100000111000000100000000000011100011100000000000000000000000111100000000000000000000000100000000000000000000000000000000000000000000000000000000000000000000000000000000001111101111
110010111000110101010001101011101100101100000011111010100010111101100011110101101001111010001001110110110001111111111111101111101101111010111110000101110110111100111000101010010011101011111110110100111111111100111100100111010111000000110101111011111011100011110111011110111000100101110011010110010010111010101010110011001111111111
110001100001010110011000111000101101011011100101111110101011111000100010001111100110000110100100110000100111010011111011111101010111100000011010100000001010111001101000111100010011000011110110011110011000100111111111100111000001100101000100010100010100110000011101001010000111010111100111010100011100111101111110110100111111101111
111011011100110001110000011111111101101110100111111010110100010111100011001101011011010001111010101100010111110111110011111101100001100001111111010100110011111010111110100001101011011111111101000100011011100100111110111100100110100101001000010001110001100101110001111110111010010000000110000110101110101100111111111110111111111111
110001100011001111111101101110011110101101000111111010111010001110100001010101111010100000110010001000010000000111111111111011110001110001111001100001010100111100010101011000000011100011100011100010101010101111111100000110011011001100110101000010111001001000111111100100101100011100111100101111101010101001011110011001011111111111
111101011011000001000011010000011101110100100111111110101001111111010100011001101111110000001000101111100001000111111011100100011001100111000000101010110011111001011011111000011111010011101100111111101111000000111100110011001011101001001101000100101000100000011000010010101010010100101111011111110001000101010010000100101111101111
110011000000010011110010100110000111001110111111111100100111101101001001011000111010111101101011110011001100010111110011111111111111100010000011000011111110111100100010001111010111100111100110101101101001001011111101010111111000000001011111111110101000010100000100011011010101010111011111111001010010100010000011111010011111101111
110001000011000110000000010110000000000000001111111111110111111000010101111010100011111001010010100100101101100111110111110111100111110001101111011011000000111010101011101111011111010011110001101000100001111101111111010110111110101001000101100010001101101001110001001111110001101111000001011111011010010010111111000100001111111111
111111011011011111111110001000000000100110110101111100100010001100100100011000011001001000011100110000010001101111111111111100100011100110111100100101111100111010101000011101001011100111100100000101110100011110111100110111010010011001110110111001001111111111111110000000110001111010000100101011101100000100111000010111101111101111
110011100010111110111011000011101110110110100011111100100000010000101000001111000011100011010110010111001001001111110011100100000101100111100000001010000000111100100010100000000111110111100110111011100111011111111100110010001110111101110110101011101110001111100001101001101000110000011011000000100010111010011111010011111111101111
110101100101010110111101000010111111011010011001111000101001000010101010000000101101000010010111111100101110000011110111100101001001100101010000101011000001111100001011100101001111110011110101110001100111111010111100110011001110111011111011000110001011111011101001101010100011011010010101101000010101111011010000001000001111101111
110000000000000000000000000000000000000000000001111001100000000000000000000000000000000000000000000000011000000011110011100010000001100000000000000000011001111000100000000000000011010011100000000000000000000000111100000000000000000000000100000000000000000000000000000000000000000000000000000000000000000000000000000000001111101111
110100011011001001100101010111011010111000101011111011111001111011101111111110110000010011001111110100101100101011110111110011100101100100101110010000000000111010001011001000110111000011110100111001100011001110111111110101101100010010111110011000001100000110100010101111001011000101010110100101101101000011010010010110111111101111
111110001011101000111011111000000011111110110111111001111001000010011001011100001011100011000101101111110001111011111011110011011011110100100000010101101001111000011111000111000111001111111100001101000010010100111101111010101011100011111110110111011101001011011111110101111101111010010111101001101011101100100000011111101111111111
111100000001010101100011000111000110111011001101111011100000000011100001010101011000000111000111100100010111100111111011100001110011101100011010100100101001111111101110101110100111010011100001101000100100110001111101100001010100101111010100001111010000100010111010111111101111110110010001010111000001011010000110100000101111101111
110111001100111001101100000010011001110000011111111101100001001101110111111110110000110100000111011111011101111111111011100101000101100011100000001001000010111101000001101001000011111111110000101110100110011000111101111001000100100011001010110011010001110011000000101100110100101010001101000011000011000110010001100101001111101111
111111011011011111111110001000000000100110110101111100100010001100100100011000011001001000011100110000010001101111111111111100100011100110111100100101111100111010101000011101001011100111100100000101110100011110111100110111010010011001110100111001001111111111111100000000110001110010000100101011101100000100111000010111101111101111
111111001000101110101100000100111110101001111001111011111011100110001000111101010010101101101000011000110010100011110111100101010111110000010101010001100010111001010111101110011111001011110100111111100111011100111111110101001001111000101110111101010110101110000010111010110011011001101001011011001101010010100100110111001111101111
111111111111111111111111111111111111111111111111111111111111111111111111111111111111111111111111111111111111111111111111111111111111111111111111111111111111111111111111111111111111111111111111111111111111111111111111111111111111111111111111111111111111111111111111111111111111111111111111111111111111111111111111111111111111111111
110110110100111101100111010001000010110000100111111100101000100000100100111010001001110101111010011101110001110011110111111010110001101111011001010000100100111110010010010011011011011011100001010011100010110010111100100100100000100101101000111010100111011111001010010100000100110110000101011110001011000000100011001111101111111111
110001100001010110011000111000101101011011100101111110101011111000100010001111100110000110100100110000100111010011111011111101010111100000011010100000001010111001101000111100010011000011110110011110011000100111111111100111000001100101000100010100010100110000011101001010000111010111100111010100011100111101111110110100111111101111
110010011101110011101110111010111100101011111011111001100101111110111111000010000000100100000011011010011001000111110111101010001001100100101001001111111010111011110001101000111011100011110111000001001101010101111100011101001011110000111001000011101111010011010000001001111001110001001100101000110010001101001101111010011111111111
110111110111110011100000101000001001110001110111111110100101011010111101000111000001100010100111110100111101000011110011100111010001101001111100001010011111111100001100010001001011001111110010101000110111100100111101001101010001001010111011001000111010111010000011011101111111101101000100000111101001001111010111001100011111101111
110000001011100001100100010100000101100100101001111011110000010011010010110001101111000001000011011001111111110111111111111101000011110010001101111111000101111100010100011000111011100011110000110101110010000011111101010011101011011010100100100010000111100101100001100010111111100001000110001110010000101000000110001010101111111111
110000111101101011111110000001110011110110000011111000110111110110110010000010101111111011011001000001000000001111110111110110010101101111100011101001010000111100011001110001111111011111100001100001000111101100111101100101101001100011101110000111011110010010000100010110100010000001001011100011001011101110000001101001001111101111
111010111100010110111011110101111000111100001001111001100100000101011101011101001010000111011010011110101101000011111111100000010101100001000000101110001100111010100010010001111011100111111110111101100010101011111110110001011000111100011110100000111101110110001101100010110010101011110111010101111010001111001111101111111111111111
111010111100010110111011110101111000111100001001111001100100000101011101011101001010000111011010011110101101000011111111100000010101100001000000101110001100111000100101110000110111011011111100001000101110100010111110101010001010110101100100110011101001110000110100000110010001101110000001011100100111010011000100011001111111111111
111000000111111011001000010110110000001110110101111001110111000000100001110011000111111001010111000110111111100011111011101111100001100110100110101001111111111101010010010001011111010111101011001100110111011001111110010010010100100001100111100000100000111111010101101110111001010100001100100101001010110000001000011010011111111111
110000000000001111001100000000000000000000000001111010100000000000000000000110000000000000000000000000000000000011110011100010000001100000000000000000011010111000010000000000000011010011100000000000000000000000111111111110000000000000000000000000000000000000000000000000000000000000000000000000000000000000000000000000001111101111
111011000001011100011010000010110101011000100101111101111001110000010000111000010010100010010100100100111101110011111011100111010101100110001001001111111010111001011110001110100011001111110010111010001100000000111110011101001001100111010000111001101111010000001011100010111011001110010110000110011010110000001001000100001111101111
111101111100101001000101111110001010101110000001111001101000110101111110011100010110111101000000000000010010011011111011100001100011100011111101010000101111111100000111011011000011100111111001101011111000111110111100100010100011001000010010101000100101011100101011111110010111001111000011100100110001111110110010101100001111101111
111011011100110001110000011111111101101110100111111010110100010111100011001101011011010001111010101100010111110111110011111101100001100001111111010100110011111010111110100001101011011111111101000100011011100100111110111100100110100101001000010001110001100101110001111110111010010000000110000110101110101100111111111110111111111111
110011100010111110111011000011101110110110100011111100100000010000101000001111000011100011010110010111001001001111110011100100000101100111100000001010000000111100100010100000000111110111100110111011100111011111111100110010001110111101110110101011101110001111100001101001101000110000011011000000100010111010011111010011111111101111
110011000000010011110010100110000111001110111111111100100111101101001001011000111010111101101011110011001100000111110011111111111111100010000011000011111110111100100010001111010111100111100110101101101001001011111101010111111000000001011111111110101000010100000100011011010101010111011111111001010010100010000011111010011111101111
111100100100110001010011001011011010000001000011111001101010001010000010010100110101000011110100000100011100110011110011101001001111110011100100110000011011111101111100100000000011101011110000111011111110100101111101001000010000001001011110001000100110101010011000111110111111101010101000100010011101010001110010011010101111111111
110010111000110101010001101011101100101100000011111010100010111101100011110101101001111010001001110110110001111111111111101111101101111010111110000101110110111100111000101010010011101011111110110100111111111100111100100111010111000000110101111011111011100011110111011110111000100101110011010110010010111010101010110011001111111111
111111111111111111111110111111111111111111101011111111101011111111111111110111111111111111101111111111111111111111110011111111000011111111111111111111111111111111111111111111111111111111101110111111111111111111111111111111111111111111111100111111111111111111111111101111111111110111111111111111111011111101111111111111111111111111
110011100001100010100011010010111100010111110111111101100001100100011010010101000100110011110010111101011011110011111011110000011011110010110100011100001001111100010011000010100011111011111100100010011100000100111100111000000110010010110110001111001001000010101000001111110111000000110000000000111000010011110111100010101111111111
110010000001001101111011101111111110111101100001111000101111110110001101011111010001110000001010001000101000010111111011111111110001111110011100011100010111111100000111111111011111100011101001110101101111011001111101110110000100110010101000100110001001010001000101110111000010111101110101011110001001001101000010100000001111101111
111101100011001000010001001110100011010101000001111100101101010110001001001101100000111110110100110111001001100011111011111000000111111101010000100000000000111101000000011111010111011011110001011010000101111011111100000001010110101111101011101010100101011001010010110110001001101110111000011010000010110111000101000011101111101111
110010011101110011101110111010111100101011111011111001100101111110111111000010000000100100000011011010011001000111110111101010001001100100101001001111111010111011110001101000111011100011110111000001001101010101111100011101001011110000111001000011101111010011010000001001111001110001001100101000110010001101001101111010011111111111
110010011000011100001100101100011100011001000011111100110101010010010000101111110110110100100011110010110001100111111111101000101001110000101001100000001101111000101111000101101011001011101010111111111111000000111101111001111110001011100110111011101100111000010010011111111110000111111110100010110101111011010011000101011111111111
111101001111001111100001101101010000111001101101111101111001000001101000000000100101101100000010010101101101111111111111110110001011111100110011001000000001111000011110010011111111011011100110000011001100110110111111100011111111011110100101101000100001110001111001110111011011011000110010010011010100010011000110000101011111111111
111000000001001110001001100100001111010101001011111011110010100101101111000100010101011001100011001110001110111011110011101111010101110001010100110000110111111101001101110101000011110111101101110100100100001101111100101000010000001101000100101111000100010101010101011011011001101001111010000100011111011011000001111100101111101111
110001110001011011101111110100101001111000000011111010111110001101000100110000001010111100001000001000101011010011111111101001100001110010011100110011111101111010111100010101011011101011111011011111000010011110111110111000101111000111010000010000100000011000001010001100100101100000111000011111001111000100000110011110111111101111
110101110010010000001110100110001000011010011111111010110100000110011000110001000011101101101001000000101000110111111011110110111101110101011100100001011111111000011001101010101011001111110001100001000101000000111100111101111011011101001000000110001000100000101111011111010100001111101010110100100001101101000101010000001111101111
111011010000100011010001110101111001111011100011111010100110100011101010010001101010110001011000110001110010011111110111110000011011100111100001010100000000111100000000010101001111110011111111000010001110010010111110010011010000111011100000010101100100100000110101000111100010110011101110000001010100010111100101001010011111101111
111010111100010110111011110101111000111100001001111001100100000101011101111101001010000111011010011110101101000011111111100000010101100001000000101110001100111010100010010001111011100111111110111101100010101011111110110001011000111100011110100000011101110110001101100010111010101011110111010101111010001111001111101111111111111111
110101110011001101001010110110011101100000111101111011111010011111111000100011111011101000010000110011000001110111110011100101111001101100010011111100111011111100001100010110100011101111110100010000111111101110111101001110111100110011111010000111000000101110101101011010101010110000100010010000001011000100000000111000111111111111
110110000000111000001000100100110001011010011011111001101100101111000100101011001000000111101011100011100001000111110111101011100001110000011100111000011110111011101001001011100011010011100000010000011110010111111110101000101110011110101111000111001101111101010100110110100011100000000001111010011010010100011111001110101111111111
111101100011001000010001001110100011010101000001111100101101010110001001001101100000111110110100110111001001100011111011111000000111111101010000100000000000111101000000011111010111011011110001011010000101111011111100000001010110101111101011101010100101011101010010110110001001101110111000011010000010110111000101000011101111101111
110001100001010110011000111000101101011011100101111110111011111000100010001111100110000110100100110000100111010011111011111101010111100000011010100000001010111001101000111100010011000011110110011110011000100111111111100111000001100101000100010100010100110000011101001010000111010111100111010100011100111101111110110100111111101111
111000000111111011001000010110110000001110110101111001110111000000100001110011000111111001010111010110111111100011111011101111100001100110100110101001111111111101010010010001011111010111101011001100110111011001111110010010010100100001100111100000100000111111010101101110111001010100001100100101001010110000001000011010011111111111
110001110001001111100110101101000101000010000001111000100011101010011011000100001110110101010111101110011001011111110111100111100001100100111100000100101101111100011101010000001111101011101000001001000101001011111101000100010000000110010010000100000100011001111111111011011001001000000111110000000101100111000001110101011111101111
110000000100010111110001111011101101011101101001111011100100111001000000100000100010000101011100001101110101111011111111110110011111101011111111110010101000111100011101000011000011010111111001110111000101101100111111000100101100110001000110100111011000011001100111000000000111000011000011111100000010110100000010100101101111111111
111010100101110111000110100110001100110001000001111111100001110010111111000001100001101001111110010000111001101111111111110011010101110000001101001001010111111111110011001000101111111111100111100000001011101010111111100010111000100111101011101011011001001101101010001001111010100100111000110000100111000110000011001011101111101111
111101111100101001000101111110001010101110000001111001101000110101111110011100010110111101000000000000010010011011111011100001100011100011111101010000101111111100000111011011000011100111111001101011111000111110111100100010100011001000010010101000100101011100101011111110010111001111000011100100110001111110110010101100001111101111
111110000000001111101110001111111111101101100001111001100111111111000010100100011100111011111110001110000000000011110011110000000001100000000000000000011110111011000010011100101011101111101100111101101101000000111111111111110001111000000100111001100001110000000000001111011101110110101000000011111001111001110011111101011111101111
110011100001100010100011010010111100010111110111111101100001100100011010010101000100110011110010111101011011110011111011110000011011110010110100011100001001111100010011000010100011111011111100100010011100000100111100111000000110010010110110001111001001000010101000001111110111000000110000000000111000010011110111100010101111111111
111000110001001100110000000100011011100100110111111001100101100010011100101000001110010111110011000110010011100011111011111011100101111111111101001110110111111100011100011011111011101111100111101000000110100000111101011000011011110100100110001100111100100110000111110000100100111001000001000000001100011011110010000101001111111111
111101011011000001000011010000011101110100100111111110101001111111010100011101101111110000001000101111100001000111111011100100011001100111000000101010110011111001011011111000011111010011101100111111101111000000111100110011001011101001001101000100101000100100011000010010101010010100101111011111110001000101010010000100101111101111
111000001000001000111010100000111110101001100111111011101001110100011010101010100011001101100100110101100111111111111011110001001011110010100011101010011111111001100001000011100111000111101011000011011101001100111100010101000001111001000100100001010011010110001010001110001100001110000110100010010000110111001101000011111111101111
111101001111001111100001101101010000111001101101111101111001000001101000000000100101101100000010010101101101111111111111110110001011111100110011001000000001111000011110010011111111011011100110000011001100110110111111100011111111011110100101101000100001110001111001110111011011011000110010010011010100010011000110000101011111111111
110111110111110011100000101000001001110001110111111110100101011010111101000111000001100010100111110100111101000011110011100111010001101001111100001010011111111100001100010001001011001111110010101000110111100100111101001101010001001010111011001000111010111010000011011101111111101101000100000111101001001111010111001100011111101111
110111000100000001101111010010000101111101000101111011101101000001101110010100111100010001101000111101010110111111111011110101010111100100011100100011010000111101101001111111011011101011100111100110101111101110111100100010100100111000011001011111110001010011011100100000101110011101000010000101101110111001100011010000011111101111
111011000001011100011010000010110101011000100101111101111001110000010000111000010010100010010100100100111101110011111011100111010101100010001001001111111010111001011110001110100011001111110010111010001100000000111110011101001001100111010000111001101111010000001011100010111011001110010110000110011010110000001001000100001111101111
111101111101001111111100001110011011010001111001111100100010111111000110101010000101010100010110100000100100010111110111100100010111100011110000000000101101111000101110111011001111000111100101110000001111101110111111101011100110100110011100000010110011010101110000011001100101111001000100000010111010011101000110111111001111111111
110000001011100001100100010100000101100100101001111011110000010011010010110001101111000001000011011001111111110111111111111101000011110010001101111111000101111100010100011000111011100011110000110101110010000011111101010011101011011010100100100010000111100101100001100010111111100001000110001110010000101000000110001010101111111111
110001010111010110000010111001100000110111010101111111111101001010000110010010101100011010000111111101010000111011111011110000000011101010001001110011011010111111010111111110101011101011101011010000101100001101111110110001001000000101001000001101110011110011001010010110011111000000101011010001111001101111000011110110101111111111
111000001000001000111010100000111110101001100111111011101001110100011010101010100011001101100100110101100111111111111011110001001011110010100011101010011111111001100001000011100111000111101011000011011101001100111100010101000001111001000100100001010011010110001010001110001100001110000110100010010000110111001101000011111111101111
111101100011001000010001001110100011010101000001111100101101010110001001001101100000111110110100110111001001100011111011111000000111111101010000100000000000111101000000011111010111011011110001011010000101111011111100000001010110101111101011101010100101011101010010110110001001101110111000011010000010110111000101000011101111101111
110000000000001111111100000000011011101101001111111001110111111111000011110110111111000000000000000000000000000011111011111101111011111101111000000110111100111101011110111001100011110011111110111110111111111001111111111111100011101000111111111101000001111110111011011111111111110111111000000011101100111001110011111101111111101111
110000100101100110011110000001011000010000000111111011100100000010000101101011000011011100111011100000111010001011110011110100010111101100110110011011100001111001100111000101100011110111110010000011101001001101111111111010111001100101100101011000001101001011000101111111100110100011000001000110010000100110110110111001101111101111
110001001111001111011100100011101111101000111101111110100110100010101010100000111100000000101001011011100010111011110111110111111101101000000101100101110011111000111010011110110111100111100001100110010100011011111110000111111000101000001101101100101000101111000110101001011100111101101000000001000010101111110110110011001111101111
111000000001101001110011011010100010101100110011111010110000000001011110110100111111011110111100011011000010100011111111110011101001110010111010011111010010111100101100011110100111100011111100000111001100010000111100101001000010101100001010101110111000011111111100001001010000111001001100010111101010011101001011000111011111101111
110001100011001111111101101110011110101101000111111010111010001110100001010101111010100000110010001000010000000111111111111011110001110001111001100001010100111100010101011000000011100011100011100010101010101111111100000110011011001100110101000010111001001000111111100100101100011100111100101111101010101001011110011001011111111111
110001010111010110000010111001100000110111010101111111111101001010000110010010101100011010000111111101010000111011111011110000000011101010001001110011011010111111010111111110101011101011101011010000101100001101111110110001001000000101001000001101110011110011001010010110011111000000101011010001111001101111000011110110101111111111
110101001011110010111110001100101110100110100101111000101100011011100001001111101010110101011111100000000111101111110011111111001001101000110101000000000011111110010110011101000011010011110101111101001110111001111111100101000000000111110010111011110110110011101000000011000100010000111110110001011101010001010010010000111111101111
111101111101011110111111101001110000111011000111111101100011000001100010001110111001001100110000100011011011000111110111101010001101100011000110111000000100111111011111011011000111111011111011010001011001011101111100111011101011100000110101110010111000011000110010110100110100111111110001000011111011111111111110101011101111111111
110001100001010110011000111000101101011011100101111110101011111000100010001111100110000110100100110000100101010011111011111101010111100000011010100000001010111001101000111100010011000011110110011110011000100111111111100111000001100101000100010100010100110000011101001010000111010111100111010100011100111101111110110100111111101111
110110100010000010001001111101011010111000101001111010110001111011101110111110000011001100111001001100010111100011111011100000010101100011101101110000111110111101000001111010011011000011111000111111001111001100111110111111101111000011101000111111100011011111001001100001011110011101111110101100011111111100010000111101011111101111
110110000100101101010001111110100001010010110011111100101111001000001101101000011000100000101101000101111110101111110111111101011111111001100110011111011000111101101100011100100011110111101110111010110000110010111110011100000100001101011011010011101110111110001011001011101010110110101111011111111010011101110100000110101111111111
111100011011011010001011100110000001000001000111111111101110101010111001011000010111100000000111011100010010011011111111101111010001100101011100101000010000111010000001100100100111010011101100110010011111110001111110101101011010111011111000010100010100010100101000111111111101010001110100000111010111010011101010111110111111101111
110111000100000001101111010010000101111101000101111011101101000001101110010100111100010001101000111101010110111111111011110101010111100100011100100011010000111101101001111111011011101011100111100110101111101110111100100010100100111000011001011111110001010011011100100000101110011101000010000101101110111001100011010000011111101111
110000100101000011101101000010000101011011001101111110101110001000011110011110100111100011111111011111110010100111110011101010111111100111100001110000110110111000111001011100001111010111100101000111011101001010111110000000011000111111000110110111010111101101000010100000101001010000011000101111001010010010011101101110101111111111
111100101010000100101110000101110011111001000101111110100010000110011101001001001101101000111000100100101100011111111011111100001001100111010010000100000000111001100001000110101011010011110000111011010010111101111101011110111000101111001110100101100110000100100101111010001100111111100100010101111011001001101000010000001111101111
111000001100011010101000110000000011000001011011111011110010100110001110000000010101111101110111100010010001101011110011110111101011100100000011100111101001111001100111101000000011000011110101110010011111110110111101101111101011011111000001001000101000111111101100110000010011110101011111000100001111010011010011010001111111111111
110111000100000001101111010010000101111101000101111011101101000001101110010100111100010001101000111101010110111111111011110101010111100100011100100011010000111101101001111111011011101011100111100110101111101110111100100010100100111000011001011111110001010011011100100000101110011101000011000101101110111001100011010000011111101111
110000001001111111111111010001010101011110000101111100101111001000100001100011011011111000000000101110000110011011111011100100011111110011101001011100101100111111111111111101001111110011110111111001110011111101111111100100000101100001001001111110110111101111111010010000010000010010011111110010110000100111111111011110111111111111
110111001100111001101100000010011001110000011111111101100001001101110111111110110000110100000111011111011101111111111011100101000101100011100000001001000010111101000001101001000011111111110000101110100110011000111101111001000100100011001010110011010001110011000000101100110100101010001101000011000011000110010001100101001111101111
110000100101000011101101000010000101011011001101111110101110001000011110011110100111100011111111011111110010100111110011101010111111100111100001110000110110111000111001011100001111010111100101000111011101001010111110000000011000111111000110110110010111101101000010100000101001010000011000101111001010010010011101101110101111111111
111010111100010110111011110101111000111100001001111001100100000101011101011101001010000111011010011110101101000011111111100000010101100001000000101110001100111010100010010001111011100111111110111101100010101011111110110001011000111100011110100000111101110110001101100010110010101011110111010101111010001111001111101111111111111111
110110100010000010001001111101011011111000101001111010110001111011101110111110000011001100111001001100010111100011111011100000010101100011101101110000111110111101000001111010011011000011111000111111001111001000111110111111101111000011101000111111100011011111001001100001011110011101111110101100011111111100010000111101011111101111
110011001100010101111011011001111001011010101101111111111111010000100000011010011011001110101111000101110000010011111111101111001001111010011101101000010010111101100001001111011111001111100001101100100011111100111110001001100010110010010100001001010001001010001001001111101000001100010011011111000110000010011001000001111111111111
111111110111110001000100011110001110000000101101111110101101001010111100100010111011000010101111111010000101111111110011111001110011110011011101011010100110111000100101001100010011001111111010011001110110100011111100100011111110110000110010001110111101110100000010010111101011101011011000000000100000001111101011011101001111111111
111101100000110101101101001011000001100110100011111101100010011111010101100000001010001010011110110101010111100111111011100001001111100110110001011010011111111101111011001010000011100011101100100101101010000011111100101011000000011010110110100000100101000100111011000010100010100101111000001000011101010110010001110000101111101111
110101100001010100000101110011011110001110100101111000111110001010110001010100100111101100000110001101111111101011110111110010100001100010110111011000001111111000001010100010101111101111101011011111010001110101111110011001011001000111001110101100000100001010011001100000000110001111110111000100001110010000111001001101111111111111
110001001011110111011001110011101100100111100001111000111000100110101001101111110101111100111010001010011001101111110111101001111011111111110101100111110101111000101101011010110011011011111111110101011111000111111100111001001011000100001111011001100001010011001101101011111000010110001000101100110010011110100110110000101111101111
111101100000110101101101001011000001100110100011111101100010011111010101100000001010001010011110110101010111100111111011100001001111100110110001011010011111111101111011001010000011100011101100100101101010000011111100101011000000011010110110100000100101000100111011000010100010100101111000001000011101010110010001110000101111101111
111000010010000001011100011000010001111100011111111011100010011011011011111001000100010010101010001101001101011111110111111101000101100011101011100010110000111111000001101100000011010111110110010111001110101010111111100101100100111000101111010110001100111111001001001101101000000001001011000101110011010100100111110001001111101111
110000001011100001100100010100000101100100101001111011110000010011010010010001101111000001000011011001111111110111111111111101000011110010001101111111000101111100010100011000111011100011110000110101110010000011111101010011101011011010100100100010000111100101100001100010111111100001000110001110010000101000000110001010101111111111
111000010111011010111110101101000001000000111101111101110111100110011001010000010100011110011100100110000000001111111011110110100001110100100111010111010000111001101110001001011011100111111101110101001000101010111111001101111110010100100100000110110100001000110001101111001011111101000010110000100101000110111110101100011111101111
111000001100011010101000110000000011000001011011111011110010100110001110000000010101111101110111100010010001101011110011110111101011100100000011100111101001111001100111101000000011000011110101110010011111110110111101101111101011011111000001001000101000111111101100110000010011110101011111000100001111010011010011010001111111111111
110001011011000010101111100100011011111100010001111000100000000100010100000100100100001110100100100101100100110111111011111011000001101010010010001011111011111010111001111111000111111111101111100001011111001000111100110011001100010011001001011100100000110011110101001110010011110011101100000011101111000100101001010000001111101111
110000100101100110011110000001011000010000000111111011100100000010000101101011000011011100111011100000111010001011110011110100010111101100110110011011100001111001100111000101100011110111110010000011101001001101111111111010111001100101100101011000001101001011000101111111100110100011000001000110010000100110110110111001101111101111
111011011001001100001111101010001111000000101101111111101000110100101110010101100010101101011011110000011111110111110111101000001011100111110010011010001011111000101000110010110011000011101111010011101010110101111110011011001000000101111001100101000101111000110000000111100010001000001110011100000011111100010100000001011111101111
110110100010000010001001111101011010111000101001111010110001111011101110111110000011001100111001001100010111100011111011100000010101100011101101110000111110111101000001111010011011000011111000111111001111001100111110111111101111000011101000111111100011011111001001100001011110011101111110101100011111111100010000111101011111101111
111000010111011010111110101101000001000000111101111101110111100110011001010000010100011110011100100110000000001111111011110110100001110100100111010111010000111001101110001001011011100111111101110101001000101010111111001101111110010100100100000110110100001000110001101111001011111101000010110000100101000110111110101100011111101111
110001011011000010101111100100011011111100010001111000100000000100010100000100100100001110100100100101100100110111111011111011000001101010010010001011111011111010111001111111000111111111101111100001011111001000111100110011001100010011001001011100100000110011110101001110010011110011101100000011101111000100101001010000001111101111
111000010111011010111110101101000001000000111101111101110111100110011001010000010100011110011100100110000000001111111011110110100001110100100111010111010000111001101110001001011011100111111101110101001000101010111111001101111110010100100100000110110100001000110001101111001011111101000010110000100101000110111110101100011111101111
111011010000100011010001110101111001111011100011111010100110000011101010010001101010110001011000110001110010011111110111110000011011100111100001010100000000111100000000010101001111110011111111000010001110010010111110010011010000111011100000010101100100100000110101000111100010110011101110000001010100010111100101001010011111101111
111100000001010101100011000111000110111011001101111011100000000011100001010101011000000111000111100100010111100111111011100001110011101100011010100100101001111111101110101110100111010011100001101000100100110001111101100001010100101111010100001111010000100010111010111111101111110110010001010111000001011010000110100000101111101111
111110101101000001010001000010001000010001000011111111100010001100000001001000101010100100100101000011000011001011111011101000001001110000000110101101011100111101001000100000100111101111110101110000101011110011111111010011101011010110100101111111110100000100100001110011010001000100111000100000101000000110111011001110001111101111
110001010111010110000010111001100000110111010101111111111101001010000110010010101100011010000111111101010000111011111011110000000011101010001001110011011010111111010111111110101011101011101011010000101100001101111110110001001000000101001000001101110011110011001010010110011111000000101011010001111001101111000011110110101111111111
110011001100101011000000000101000110001100011011111010100011011101011110000001001011000110000111110010010111101011111011100101101011110110010100110010011011111110111110001110111111111111110101111111001110110001111100100101011100110100111011101001000111000001010111011111010001010001011001010111011101010110100101110100001111101111
111011101111111011100011001100110000011001101101111010111110100011110111000110100110010101011011010110011110010011110011111001011011111111001111100101110011111010010001010100010111001011111110011100010111010001111110011010000101111111000001110100010010111010100100011111000001100111110111000000111011110011001101001110101111111111
110101100101010110111101000010111111011010011001111000101001000010101010000000101101000010010111111100101110000011110111100101001001100101010000101011000001111100001011100101001111110011110101110001100111111010111100110011001110111011111011000110001011111011101001101010100011011010010101101000010101111011010000001000001111101111
111111011011011111111110001000000000100110110101111100100010001100100100011000011001001000011100110000010001101111111111111100100011100110111100100101111100111010101000011101001011100111100100000101110100011110111100110111010010011001110100111001001111111111111110000000110001110010000100101011101100000100111000010111101111101111
111010100101110111000110100110001100110001000001111111100001110010111111000001100001101001111110010000111001101111111111110011010101110000001101001001010111111111110011001000101111111111100111100000001011101010111111100010111000100111101011101011011001001101101010001001111010100100111000110000100111000110000011001011101111101111
111100011011011010001011100110000001000001000111111111101110101010111001011000010111100000000111011100010010011011111111101111010001100101011100101000010000111010000001100100100111010011101100110010011111110001111110101101011010111011111000010100010100010100101000111111111101010001110100000111010111010011101010111110111111101111
110100011000000111101000001010101010000111111011111001101111010000110000001100010000100011101101110100011100101011110111111000001111110101111001011101100010111010000111111101110111110111100000000110101010000111111111111011000110010100100111111011000100010010001000000010001100001101011011111111101011100010000001000111101111111111
111111011111110000001110000110100011100000100111111010101001100000101001000011001111000111100100100000100110001111110111101011001101110001111000100010010110111100101110111000010011100111100000101100100101101011111111001100001000010011111100011100011100101110011000100101100110111000011111100110100011001011000111100111001111101111
110001001011110111011001110011101100100111100001111000111000100110101001101111110101111100111010001010011001101111110111101001111011111111110101100111110101111000101101011010110011011011111111110101011111000111111100111001001011000100001111011001100001010011001101101011111000010110001000101100110010011110100110110000101111101111
111000011111010111111001110000110110011000011101111110101110110010111010100111101110100100001111100000111101111111110111110100000001111111101010000010110111111101001110111110001011110011110111010100110001001111111111010010001010010100111110111101001011100001001100100000100101010100110100000100101010111001010011101000011111111111
110101001011110010111110001100101110100110100101111000101100011011100001001111101010110101011111100000000111101111110011111111001001101000110101000000000011111110010110011101000011010011110101111101001110111001111111100101000000000111110010111011110110110011101000000011000100010000111110110001011101010001010010010000111111101111
111000000001001110001001100100001111010101001011111011110010100101101111000100010101011001100011001110001110111011110011101111010101110001010100110000110111111101001101110101000011110111101101110100100100001101111100101000010000001101000100101111000100010101010101011011011001101001111010000100011111011011000001111100101111101111
111011011010100110011011101110100000101101011011111110111011101111111101010100110001100000011110110000100000111011111111101110011111101101110101010101110100111001101001101001010011000011110111100111001010101101111100000100101111100111000100101111111010001110100010000111111001101110111010011100010100101101010000111110111111101111
110000111101101011111110000001110011110110000011111000110111110110110010000010101111111011011001000001000000001111110011110110010101101111100011101001010000111100011001110001111111011111100001100001000111101100111101100101101001100011101110000111011110010010000100010110100010000001001011100011001011101110000001101001001111101111
111111110111110001000100011110001110000000101101111110101101001010111100100010111011000010101111111010000101111111110011111001110011110011011101011010100110111000100101001100010011001111111010011001110110100011111100100011111110110000110010001110111101110100000010010111101011101011011000000000100000001111101011011101001111111111
110001001111001111011100100011101111101000111101111110100110100010101010100000111100000000101001011011100010111011110111110111111101101000000101100101110011111000111010011110110111100111100001100110010100011011111110000111111000101000001101101100101000101111000110101001011100111101101000000001000010101111110110110011001111101111
111101111101011110111111101001110000111011000111111101100011000001100010001110111001001100110000100011011011000111110111101010001101100011000110111000000100111111011111011011000111111011111011010001011001011111111100111011101011100000110101110010111000011000110010110100110100111111110001000011111011111111111110101011101111111111
110001100001010110011000111000101101011011100101111110101011111000100010001111100110000110100100110000100111010011111011111101010111100000011010100000001010111001101000111100010011000011110110011110011000100111111111100111000001100101000100010100010100110000011101001010000111010111100111010100011100111101111110110100111111101111
111011011100110001110000011111111101101110100111111010110100010111100011001101011011010001111010101100010111110111110011111101100001100001111111010100110011111010111110100001101011011111111101000100011011100100111110111100100110100101001000010001110001100101110001111110111010010000000110000110101110101100111111111110111111111111
110000100101000011101101000010000101011011001101111110101110001000011110011110100111100011111111011111110010100111110011101010111111100111100001110000110110111000111001011100001111010111100101000111011101001010111110000000011000111111000110110110010111101101000010100000101001010000011000101111001010010010011101101110101111111111
111000001100011010101000110000000011000001011011111011110010100110001110000000010101111101110111100010010001101011110011110111101011100100000011100111101001111001100111101000000011000011110101110010011111110110111101101111101011011111000001001000101000111111101100110000010011110101011111000100001111010011010011010001111111111111
111111110000010100111110010101010000111110110101111101110101001110001011000011000100101010010000010111110111001011110011111101101101101101100010011110100111111001101001010101100011001111110101111010111011111111111100010101011101111111101100101101101100111000000111011110001100101100011101011011011011010100101100101100011111101111
111000110001001100110000000100011011100100110111111001100101100010011100101000001110010111110011000110010011100011111011111011100101111111111101001110110111111100011100011011111011101111100111101000000110100000111101011000011011110100100110001100111100100110000111110000100100111001000001000000001100011011110010000101001111111111
111000001000001000111010100000111110101001100111111011101001110100011010101010100011001101100100110101100111111111111011110001001011110010100011101010011111111001100001000011100111000111101011000011011101001100111100010101000001111001000100100001010011010110001010001110001100001110000110100010010000110111001101000011111111101111
110011001100010101111011011001111001011010101101111111111111010000100000011010011011001110101111000101110000010011111111101111001001111010011101101000010010111101100001001111011111001111100001101100100011111100111110001001100010110010010100001001010001001010001001001111101000001100010011011111000110000010011001000001111111111111
110110100010000010001001111101011010111000101001111010110001111011101110111110000011001100111001001100010111100011111011100000010101100011101101110000111110111101000001111010011011000011111000111111001111001100111110111111101111000011101000111111100011011111001001100001011110011101111110101100011111111100010000111101011111101111
110000001001111111111111010001010101011110000101111100101111001000100001100011011011111000000000101110000110011011111011100100011111110011101001011100101100111111111111111101001111110011110111111001110011111101111111100100000101100001001001111110110111101111111010010000010000010010011111110010110000100111111111011110111111111111
111100101010000100101110000101110011111001000101111110100010000110011101001001001101101000111000100100101100011111111011111100001001100111010010000100000000111001100001000110101011010011110000111011010010111101111101011110111000101111001110100101100110000100100101111010001100111111100100010101111011001001101000010000001111101111
111101100001111000111000100110111010110000001001111001111111100100101101111011000111110101100110100001111111000011110111110110010011100101010100110010110010111111010010100111010111001111110010011010111011001101111100000001010000011101101000111110111110010011000101010001100100100110100100110011011010100011110101001111011111111111
111111001000101110101100000100111110101001111001111011111011100110001000111101010010101101101000011000110010100011110111100101010111110000010101010001100010111001010111101110011111001011110100111111100111011100111111110101001001111000101110111101010110101110000010111010110011011001101001011011001101010010100100110111001111101111
111110101110001011111101100110001011100001011011111000110000110110011101011111011101011011101101001101010111010011110111101000110111100111001101000001111111111100100000100010000111001011110100110111000001001100111110110100111001010011010001110010110000000100110001110011001001010101010010100110110000000100101111000110111111111111
111111110110010000010110111101011011111101011111111100101011011110100001101011111111111101110110101110001011111111110111100101100111101110011111001101010110111110001101101010111011111011111000111001101000110001111110010100100010010000101010110001011100100011000000000010101000100111100000101111110101100011110000101000101111101111
111101011011000001000011010000011101110100100111111110101001111111010100011101101111110000001000101111100001000111111011100100011001100111000000101010110011111001011011111000011111010011101100111111101111000000111100110011001011101001001101000100101000100000011000010010101010010100101111011111110001000101010010000100101111101111
110001000011000110000000010110000000000000001111111111110111111000010101111010100011111001010010100100101101100111110111110111100111110001101111011011000000111010101011101111011111010011110001101000100001111101111111010110111110101001000101100010001101101001110001001111110001101111000001011111011010010010100001001111001111111111
110000001011100001100100010100000101100100101001111011110000010011010010110001101111000001000011011001111111110111111111111101000011110010001101111111000101111100010100011000111011100011110000110101110010000011111101010011101011011010100100100010000111100101100001100010111111100001000110001110010000101000000110001010101111111111
110101110011001101001010110110011101100000111101111011111010011111111000100011111011101000010000110011000001110111110011100101111001101100010011111100111011111100001100010110100011101111110100010000111111101110111101001110111100110011111010000111000000101110101101011010101010110000100010010000001011000100000000111000111111111111
111010010010011001101011010100011001101100110011111101100000111110000000001010011111010001001011000110011010111011110011101111000011110101101011011001001010111001110010000011010111110111100001000111000110001011111101010011011110001010101011100110010111001111000100100110110101011110010101001100110000011010101100101101001111111111
110111100011101110001110000001100110101000110011111101100101101011110010101001011000110110111101000001000100001111110011101001100111100110001001010100101100111110010100101011010011001011101101101100000001010010111110110101101101011110111010111111111111111000110000011111011101101010000111101110001101100110001110010100001111111111
110010111000110101010001101011101100101100000011111010100010111101100011110101101001111010001001110110110001111111111111101111101101111010111110000101110110111100111000101010010011101011111110110100111111111100111100100111010111000000110101111011111011100011110111011110111000100101110011010110010010111010101010110011001111111111
111001001101110111001100010011010100010000010011111000101111001010010010001001110111100100010010000010001011110111111111110110111011101000110101000110010000111011111101011010100111110111111100100111111111000100111110001001100010110101001100010110010000011110010100111010111011010101010110011011010110110001000011110101101111111111
110110000000111000001000100100110001011010011011111001101100101111000100101011001000000111101011100011100001000111110111101011100001110000011100111000011110111011101001001011100011010011100000010000011110010111111110101000101110011110101111000111001101111101010100110110100011100000000001111010011010010100011111001110101111111111
111100100100110001010011001011011010000001000011111001101010001010000010010100110101000011110100000100011100110011110011101001001111110011100100110000011011111101111100100000000011101011110000111011111110100101111101001000010000001001011110001000100110101010011000111110111111101010101000100010011101010001110010011010101111111111
111000000001101001110011011010100010101100110011111010110000000001011110110100111111011110111100011011000010100011111111110011101001110010111010011111010010111100101100011110100111100011111100000111001100010000111100101001000010101100001010101110111000011111111100001001010000111001001100010111101010011101001011000111011111101111
111101111100101001000101111110001010101110000001111001101000110101111110011100010110111101000000000000010010011011111011100001100011100011111101010000101111111100000111011011000011100111111001101011111000111110111100100010100011001000010010101000100101011100101011111110010111001111000011100100110001111110110010101100001111101111
110111111011100010011010010010001111010110000001111011101100011001111011001101011010100101010101011111011011111011111111101010101001110100101100111100111000111111011100101111010111001011111110001000110100101101111111110011011101001100100111111010011110010001000000011010110011100010000100010110111000111110111100111000101111111111
110101110010010000001110100110001000111010011111111010110100000110011000110001000011101101101001000000101000110111111011110110111101110101011100100001011111111000011001101010101011001111110001100001000101000000111100111101111011011101001000000110001000100000101111011111010100001111101010110100100001101101000101010000001111101111
110010000001001101111011101111111110111101100001111000101011110110001101011111010001110000001010001000101000010111111011111111110001111110011100011100010111111100000111111111011111100011101001110101101111011001111101110110000100110010101000100110001001010001000101110111000010111101110101011110001001001101000010100000001111101111
111110000000000011000000111111111100010101000001111101101011100100000011000000000101010001101000101111011011000011111011111111110111110110111010101101001110111110001010101000110011010011101101010110110110100100111111110010111011111001110101110011101011111111110100110011001111110100011101011000101101001011111101101111001111111111
110011000000010011110010100110000111001110111111111100100111101101001001011000111010111101101011110011001100010111110011111111111111100010000011000011111110111100100010001111010111100111100110101101101001001011111101010111111000000001011111111110101000010100000100011011010101010111011111111001010010100010000011111010011111101111
111011011001001100001111101010001111000000101101111111101000110100101110010101100010101101011011110001011110110111110111101000001011100111110010011010001011111000101000110010110011000011101111010011101010110101111110011011001000000101111001100101000101111000110000000111100010001000001110011100000011111100010100000001011111101111
111000000111111011001000010110110000001110110101111001110111000000100001110011000111111001010111000110111111100011111011101111100001100110100110101001111111111101010010010001011111010111101011001100110111011001111110010010010100100001100111100000100000111111010101101110111001010100001100100101001010110000001000011010011111111111
111101001111001111100001101101010000111001101101111101111001000001101000000000100101101100000010010101101101111111111111110110001011111100110011001000000001111000011110010011111111011011100110000011001100110110111111100011111111011110100101101000100001110001111001110111011011011000110010010011010100010011000110000101011111111111
110010011101110011101110111010111100101011111011111001100101111110111111000010000000100100000011011010011001000111110111101010001001100100101001001111111010111011110001101000111011100011110111000001001101010101111100011101001011110000111001000011101111010011010000001001111001110001001100101000110010001101001101111010011111111111
111100100110110110111000011101111110100010110101111000101010011111111111111101110111011011111101100111110001011011110111111111110101110010010001110110111000111100101110101000011111111111100011010111010101100010111101010000001100001001100110000010001000111010100011001110001101101011011001001010101000010000011111101011001111101111
110010100110100001001000111100100011101110010111111011101010101100000011011110011001000110001011010000001001011111110111111111000011101101110001100011000101111011110110110111000011110011101001000011000101000000111101010001001000110110111000001010110010010101111111110011010100110000100101000101101001110000000000101001011111101111
111011111100001010110110010101110101010111010011111010100110111010000011011000001000100100010111010001011010101111110111100110100101100000110011100101111001111101110110010000010111100011101010101110100100110001111101111010001000110101000011000001111100110100101010100001010011110001001000010110000011101111111011010111001111101111
111110001011101000111011111000000011111110110111111001111001000010011001011100001011100011000101101111110001111011111011110011011011110100100000010101101001111000011111000111000111001111111100001101000010010100111101111010101011100011111110110111011101001011011111110101111101111010010111101001101011101100100000011111101111111111
111101100011001000010001001110100011010101000001111100101101010110001001001101100000111110110100110111001001100011111011111000000111111101010000100000000000111101000000011111010111011011110001011010000101111011111100000001010110101111101011101010100101011101010010110110001001101110111000011010000010110111000101000011101111101111
110101111000001100000000101010010011111011100001111100101100100011101000111010111011011011111111100001010011011011111011111010001011101011000111100001111100111001011111101011000011111111110110100100000001010001111101100111101100100100111110101001011010111110011110001011010000111000011111111111101101111011101010001000011111101111
110111110111110011100000101000001001110001110111111110100101011010111101000111000001100010100111110100111101000011110011100111010001101001111100001010011111111100001100010001001011001111110010101000110111100100111101001101010001001010111011001000111010111010000011011101111111101101000100000111101001001111010111001100011111101111
110110000100101101010001111110100001010010110011111100101111001000001101101000011000100000101101000101111110101111110111111101011111111001100110011111011000111101101100011100100011110111101110111010110000110010111110011100000100001101011011010011101110111110001011001011101010110110101111011111111010011101110100000110101111111111
110111000100000001101111010010000101111101000101111011101101000001101110010100111100010001101000111101010110111111111011110101010111100100011100100011010000111101101001111111011011101011100111100110101111101110111100100010100100111000011001011111110001010011011100100000101110011101000010000101101110111001100011010000011111101111
110000001001111100101100101110000111000010100101111100111101011000101001000010111010101110100000101110000011101111111011111111000101100010010101110110100011111100000111111100101011010011110001101101011001010101111100011101001000100111101000001100110001011101110101110000000110110111100011011000010100100010010000101101111111101111
110001110001011011101111110100101001111000000011111010111110001101000100110000001010111100001000001000101011010011111111101001100001110010011100110011111101111010111100010101011011101011111011011111000010011110111110111000101111000111010000010000100000011000001010001100100101100000111000011111001011000100000110011110111111101111
111010000011100101001110110110010010001010000101111111101110100000011100111000100010001100000001000110111001001111111011101100110001100001000001010110100000111111101001011101000111111111100110111000100101110000111100000001100100101100100000111010110110111011001110011101111111000000001011011011011101000010110100011011001111101111
110000100101100110011110000001011000010000000111111011100100000010000101101011000011011100111011100000111010001011110011110100010111101100110110011011100001111001100111000101100011110111110010000011101001001101111111111010111001100101100101011000001101001011000101111111100110100011000001000110010000100110110110111001101111101111
110000000100010111110001111011101101011101101001111011100100111001000000100000100010000101011100001101110101111011111111110110011111101011111111110010101000111100011101000011000011010111111001110111000111101100111111000100101100110001000110100111011000011001100111000000000111000011000011111100000010110100000010100101101111111111
111011111001100010010101101110111011101100110001111100100101100110110110011100100001011000111110000011110010110111111011110011100001110101100001010000000001111101110101100011000011010111100111111110111000101010111101101101111011000100101100001111011001100110011100001010011000100101000100101101011110010000010011110100001111111111
111110101101000001010001000010001000010001000011111111100010001100000001001000101010100100100101000011000011001011111011101000001001110000000110101101011100111101001000100000100111101111110101110000101011110011111111010011101011010110100101111111110100000100100001110011010001000100111000100000101000000110111011001110001111101111
111100001001000101110111111101101011001011010001111000101100000000101011001000101001100001001001101100100000000111110111100011010101111100100110001101011000111010000101001110110011011011110001100011100000110011111111000111010011001000101010001001100101101001011100100110000001010001101110100100001010111110110010000100001111111111
111000010010000001011100011000010001111100011111111011100010011011011011111001000100010010101010001101001101011111110111111101000101100011101011100010110000111111000001101100000011010111110110010111001110101010111111100101100100111000101111010110001100111111001001001101101000000001001011000101110011010100100111110001001111101111
111011010000100011010001110101111001111011100011111010100110000011101010010001101010110001011000110001110010011111110111110000011011100111100001010100000000111100000000010101001111110011111111000010001110010010111110010011010000111011100000010101100100100000110101000111100010110011101110000001010100010111100101001010011111101111
111101000011100000111000011000101011110100101011111101101011011100110010010101100011101100001111101011101110111011110011110110000011100100011100110010010011111110100011101010110111001111100100110000110001101101111110001101011100000100100100001010011001101110011111100110110010010000010111110101100011010001110100000010001111111111
111101100000110101101101001011000001100110100011111101100010011111010101100000001010001010011110110101010111100111111011100001001111100110110001011010011111111101111011001010000011100011101100100101101010000011111100101011000000011010110110100000100101000100111011000010100010100101111000001000011101010110010001110000101111101111
110011100001100010100011010010111100010111110111111101100001100100011010010101000100110011110010111101011011110011111011110000011011110010110100011100001001111100010011000010100011111011111100100010011100000100111100111000000110010010110110001111001001000010101000001111110111000000110000000000111000010011110111100010101111111111
111010111100010110111011110101111000111100001001111001100100000101011101011101001010000111011010011110101101000011111111100000010101100001000000101110001100111010100010010001111011100111111110111101100010101011111110110001011000111100011110100000111101110110001101100010110010101011110111010101111010001111001111101111111111111111
110100011011001001100101010111011010111000101011111011111001111011101111111110110000010011001111110100101100101011110111110011100101100100001110010000000000111010001011001000110111000011110100111001100011001110111111110101101100010010111110011000001100000110100010101111001011000101010110100101101101000011010010010110111111101111
110011100010111110111011000011101110110110100011111100100000010000101000001111000011100011010110010111001001001111110011100100000101100111100000001010000000111100100010100000000111110111100110111011100111011111111100110010001110111101110110101011101110001111100001101001101000110000011011000000100010111010011111010011111111101111
111100000001010101100011000111000110111011001101111011100000000011100001010101011000000111000111100100010111100111111011100001110011101100011010100100101001111111101110101110100111010011100001101000100100110001111101100001010100101111010100001111010000100010111010111111101111110110010001010111000001011010000110100000101111101111
111010011110101000001100011000110101001110100101111100111011001111111000110000011011100011101000001010110111010011111011100100100011110000001100100100101011111110001001001110101011011011110010100100000010000011111110100100011100101011001001101010000001101110000111101001111000110011000111010111010011101111110111100111101111101111
110101100001010100000101110011011110001110100101111000111110001010110001010100100111101100000110001101111111101011110111110010100001100010110111011000001111111000001010100010101111101111101011011111010001110101111110011001011001000111001110101100000100001010011001100000000110001111110111000100001110010000111001001101111111111111
110000011000001001001111001111110110101110100011111011110101110111111011100010100011111010100110010111111111110011110011100111000001110001111000111111101101111100110111000010100011110111110000010001100010111100111100010111000101111000011000010111100011010100101000000001010011000011000001010001101001001000011011100100011111101111
110110110100111101100111010001000010110000100111111100101000100000100100111010001001110101111010011101110001110011110111111010110001101111011001010000100100111110010010010011011011011011100001010011100010110010111100100100100000100101101000111010100111011111001010010100000100110110000101011110001011000000100011001111101111111111
111100000011100000101110001010000000000101000001111001111100111100110100101100110011111000110001011000011111101111111111101100101101101100010011101110010111111000011010010010101111110011110000111010110000110001111101001001101101101100111110111101000110011000011000011111000010011010111111100111100100011110000011111101001111101111
111000010111011010111110101101000001000000111101111101110111100110011001010000010100011110011100100110000000001111111011110110100001110100100111010111010000111001101110001001011011100111111101110101001000101010111111001101111110010100100100000110110100001000110001101111001011111101000010110000100101000110111110101100011111101111
111101111101001111111100001110011011010001111001111100100010111111000110101010000101010100010110100000100100010111110111100100010111100011110000000000101101111000101110111011001111000111100101110000001111101110111111101011100110100110011100000010110011010101110000011001100101111001000100000010111010011101000110111111001111111111
110111001100111001101100000010011001110000011111111101100001001101110111111110110000110100000111011111011101111111111011100101000101100011100000001001000010111101000001101001000011111111110000101110100110011000111101111001000100100011001010110011010001110011000000101100110100101010001101000011000011000110010001100101001111101111
110001100011001111111101101110011110101101000111111010111010001110100001010101111010100000110010001000010000000111111111111011110001110001111001100001010100111100010101011000000011100011100011100010101010101111111100000110011011001100110101000010111001001000111111100100101100011100111100101111101010101001011110011001011111111111
111000100100111100111010001000110000000001010101111100110110000101010111110000110010000101001011100110111001100011110011111110010111101111101010001001010111111101110000110000000111101011110101111111001101001110111101001010010110110101001101000110010010000011000001101011011101000100011001010111001111001000000100111011001111101111
110010011000011100001100101100011100011001000011111100110101010010010000101111110110110100100011110010110001100111111111101000101001110000101001100000001101111000101111000101101011001011101010111111111111000000111101111001111110001011100110111011101100111000010010011111111110000111111110100010110101111011010011000101011111111111
111110000000101101000110101011011011001011000101111110101001001010011101101000100110100011101000010110110110101011111011111100010101111001011101011000101110111001011111001011111111011111100101100111000100011001111111011000101011111110010110100011011100111111001110001101110011111001001110001110011010110000001110100000011111111111
110110000110000101111100000001101100010011111111111001100011101100011000111100011001111000111110101101101111101011110011111110001001110111000111101110101010111100000010011001010011101111111101010101011111100011111110110001111110011000111110011000111111111001110100011001101100000101101011110011011101000001001010101001111111101111
111111000001010111111010111010011111010010100101111000101011011101100001000100011001011000101111111000011011101111110111101111010111101100101111010010000001111001000001100000100111111011111101101101111101110001111101011001101000111001111011000001111111100101111000011110011001101011010000111101011100110010010111111000111111101111
110001011011000010101111100100011011111100010001111000100000000100010100000100100100001110100100100101100100110111111011111011000001101010010010001011111011111010111001111111000111111111101111100001011111001000111100110011001100010011001001011100100000110011110101001110010011110011101100000011101111000100101001010000001111101111
111011000001011100011010000010110101011000100101111101111001110000010000111000010010100010010100100100111101110011111011100111010101100010001001001111111010111001011110001110100011001111110010111010001100000000111110011101001001100111010000111001101111010000001011100010111011001110010110000110011010110000001001000100001111101111
110001110001001111100110101101000101000010000001111000100011101010011011000100001110110101010111101110011001011111110111100111100001100100101100000100101101111100011101010000001111101011101000001001000101001011111101000100010000000110010010000100000100011001111111111011011001001000000111110000000101100111000001110101011111101111
~~~
78.0 152.0 100.0 313.0 1815.0 
77.0 139.0 103.0 360.0 1878.0 
73.0 138.0 104.0 337.0 1915.0 
75.0 144.0 105.0 339.0 1899.0 
73.0 149.0 98.0 327.0 1819.0 
88.0 141.0 107.0 299.0 1892.0 
72.0 140.0 105.0 356.0 1889.0 
77.0 145.0 102.0 354.0 1795.0 
83.0 136.0 98.0 392.0 1910.0 
86.0 157.0 84.0 363.0 1767.0 
71.0 141.0 101.0 366.0 1907.0 
90.0 158.0 93.0 326.0 1735.0 
77.0 148.0 100.0 341.0 1863.0 
70.0 155.0 95.0 323.0 1821.0 
73.0 149.0 98.0 327.0 1819.0 
97.0 152.0 89.0 348.0 1759.0 
71.0 154.0 93.0 352.0 1783.0 
97.0 154.0 86.0 378.0 1776.0 
84.0 151.0 103.0 323.0 1760.0 
82.0 155.0 98.0 284.0 1784.0 
73.0 155.0 92.0 385.0 1788.0 
78.0 148.0 97.0 362.0 1803.0 
82.0 131.0 116.0 331.0 1985.0 
89.0 156.0 99.0 307.0 1734.0 
77.0 147.0 99.0 355.0 1843.0 
97.0 146.0 107.0 302.0 1834.0 
77.0 139.0 103.0 360.0 1878.0 
81.0 168.0 84.0 328.0 1582.0 
73.0 138.0 104.0 337.0 1915.0 
79.0 150.0 95.0 349.0 1789.0 
68.0 143.0 99.0 361.0 1887.0 
85.0 159.0 98.0 294.0 1729.0 
81.0 130.0 110.0 386.0 2026.0 
76.0 159.0 92.0 362.0 1686.0 
80.0 149.0 95.0 350.0 1799.0 
81.0 149.0 91.0 382.0 1793.0 
73.0 138.0 104.0 337.0 1915.0 
74.0 148.0 99.0 330.0 1885.0 
75.0 146.0 102.0 354.0 1821.0 
85.0 154.0 93.0 359.0 1711.0 
82.0 156.0 97.0 284.0 1770.0 
88.0 153.0 100.0 319.0 1752.0 
73.0 153.0 97.0 311.0 1811.0 
85.0 147.0 88.0 394.0 1850.0 
76.0 140.0 97.0 381.0 1894.0 
78.0 151.0 99.0 323.0 1808.0 
76.0 157.0 97.0 325.0 1695.0 
82.0 155.0 98.0 284.0 1784.0 
74.0 134.0 102.0 381.0 1946.0 
0.0 279.0 25.0 114.0 509.0 
91.0 127.0 117.0 362.0 2060.0 
79.0 155.0 94.0 328.0 1745.0 
90.0 132.0 116.0 316.0 2012.0 
79.0 150.0 95.0 349.0 1789.0 
77.0 157.0 97.0 325.0 1694.0 
76.0 140.0 97.0 381.0 1894.0 
78.0 147.0 106.0 284.0 1795.0 
67.0 149.0 101.0 348.0 1836.0 
82.0 155.0 98.0 284.0 1784.0 
97.0 154.0 86.0 378.0 1776.0 
0.0 283.0 25.0 96.0 476.0 
81.0 148.0 105.0 282.0 1788.0 
82.0 131.0 116.0 331.0 1985.0 
90.0 158.0 93.0 326.0 1735.0 
75.0 160.0 92.0 318.0 1708.0 
66.0 152.0 99.0 341.0 1814.0 
72.0 140.0 105.0 356.0 1889.0 
0.0 0.0 179.0 626.0 3323.0 
85.0 159.0 98.0 294.0 1729.0 
79.0 155.0 94.0 328.0 1745.0 
74.0 148.0 95.0 382.0 1923.0 
78.0 147.0 101.0 337.0 1844.0 
81.0 161.0 95.0 286.0 1693.0 
78.0 154.0 97.0 328.0 1750.0 
89.0 139.0 108.0 306.0 1918.0 
100.0 158.0 94.0 298.0 1768.0 
78.0 150.0 94.0 360.0 1827.0 
0.0 271.0 34.0 113.0 583.0 
77.0 163.0 87.0 319.0 1688.0 
84.0 151.0 103.0 323.0 1760.0 
90.0 132.0 116.0 316.0 2012.0 
82.0 155.0 98.0 284.0 1784.0 
75.0 141.0 96.0 381.0 1888.0 
81.0 163.0 84.0 321.0 1706.0 
91.0 127.0 117.0 362.0 2060.0 
0.0 21.0 169.0 583.0 3086.0 
80.0 161.0 90.0 340.0 1660.0 
77.0 144.0 102.0 356.0 1808.0 
79.0 161.0 95.0 306.0 1719.0 
74.0 148.0 95.0 382.0 1923.0 
68.0 143.0 99.0 361.0 1887.0 
97.0 146.0 107.0 302.0 1834.0 
93.0 155.0 89.0 366.0 1725.0 
79.0 155.0 89.0 350.0 1728.0 
75.0 162.0 83.0 358.0 1673.0 
102.0 163.0 94.0 298.0 1633.0 
87.0 138.0 107.0 318.0 1936.0 
77.0 147.0 99.0 355.0 1843.0 
79.0 157.0 93.0 326.0 1746.0 
79.0 160.0 95.0 312.0 1728.0 
79.0 154.0 95.0 328.0 1757.0 
78.0 149.0 95.0 360.0 1842.0 
80.0 167.0 84.0 335.0 1592.0 
84.0 155.0 92.0 360.0 1701.0 
82.0 146.0 101.0 321.0 1833.0 
84.0 151.0 103.0 323.0 1760.0 
0.0 154.0 102.0 320.0 1814.0 
80.0 161.0 90.0 340.0 1660.0 
71.0 154.0 93.0 352.0 1783.0 
77.0 155.0 98.0 331.0 1711.0 
88.0 160.0 85.0 367.0 1699.0 
97.0 146.0 107.0 302.0 1834.0 
78.0 147.0 101.0 337.0 1844.0 
74.0 147.0 102.0 347.0 1816.0 
77.0 164.0 86.0 319.0 1680.0 
79.0 149.0 94.0 342.0 1812.0 
81.0 161.0 95.0 286.0 1693.0 
75.0 149.0 96.0 379.0 1839.0 
88.0 160.0 85.0 367.0 1699.0 
79.0 160.0 95.0 312.0 1728.0 
0.0 123.0 115.0 407.0 2108.0 
84.0 159.0 90.0 310.0 1696.0 
77.0 147.0 98.0 375.0 1841.0 
82.0 151.0 101.0 327.0 1774.0 
79.0 150.0 95.0 349.0 1789.0 
75.0 149.0 96.0 379.0 1839.0 
70.0 151.0 98.0 331.0 1867.0 
81.0 131.0 109.0 386.0 2015.0 
78.0 156.0 94.0 324.0 1739.0 
74.0 136.0 100.0 393.0 1950.0 
83.0 136.0 98.0 392.0 1910.0 
81.0 149.0 91.0 382.0 1793.0 
74.0 147.0 102.0 347.0 1816.0 
81.0 147.0 95.0 352.0 1850.0 
99.0 160.0 91.0 330.0 1693.0 
78.0 151.0 98.0 343.0 1800.0 
73.0 146.0 103.0 347.0 1829.0 
67.0 130.0 109.0 387.0 2059.0 
75.0 160.0 92.0 318.0 1708.0 
80.0 148.0 94.0 352.0 1837.0 
89.0 139.0 108.0 306.0 1918.0 
75.0 136.0 100.0 392.0 1954.0 
89.0 152.0 93.0 318.0 1859.0 
77.0 143.0 102.0 335.0 1876.0 
85.0 161.0 94.0 331.0 1676.0 
80.0 152.0 97.0 331.0 1763.0 
74.0 134.0 102.0 421.0 1944.0 
85.0 161.0 94.0 331.0 1676.0 
87.0 154.0 99.0 319.0 1740.0 
80.0 162.0 95.0 279.0 1680.0 
68.0 152.0 93.0 342.0 1815.0 
78.0 151.0 98.0 343.0 1800.0 
76.0 159.0 92.0 362.0 1686.0 
84.0 159.0 90.0 310.0 1696.0 
87.0 156.0 98.0 307.0 1738.0 
74.0 136.0 100.0 393.0 1950.0 
68.0 152.0 93.0 342.0 1815.0 
76.0 159.0 92.0 362.0 1686.0 
68.0 152.0 93.0 342.0 1815.0 
101.0 164.0 94.0 295.0 1628.0 
90.0 158.0 93.0 326.0 1735.0 
97.0 172.0 91.0 252.0 1574.0 
75.0 149.0 96.0 379.0 1839.0 
90.0 142.0 112.0 315.0 1891.0 
81.0 135.0 105.0 351.0 1962.0 
97.0 154.0 86.0 378.0 1776.0 
67.0 151.0 99.0 348.0 1819.0 
82.0 146.0 101.0 321.0 1833.0 
81.0 149.0 91.0 382.0 1793.0 
73.0 153.0 97.0 311.0 1811.0 
85.0 155.0 96.0 323.0 1779.0 
74.0 134.0 102.0 421.0 1944.0 
72.0 140.0 102.0 366.0 1912.0 
70.0 151.0 98.0 331.0 1867.0 
93.0 155.0 89.0 366.0 1725.0 
74.0 135.0 101.0 381.0 1936.0 
78.0 155.0 97.0 328.0 1743.0 
77.0 143.0 102.0 335.0 1876.0 
77.0 147.0 98.0 375.0 1841.0 
81.0 130.0 110.0 386.0 2026.0 
79.0 155.0 94.0 328.0 1745.0 
90.0 132.0 116.0 316.0 2012.0 
80.0 148.0 94.0 352.0 1837.0 
78.0 151.0 98.0 343.0 1800.0 
81.0 133.0 108.0 366.0 2038.0 
71.0 154.0 93.0 352.0 1783.0 
88.0 160.0 85.0 367.0 1699.0 
89.0 152.0 93.0 318.0 1859.0 
74.0 136.0 100.0 393.0 1950.0 
67.0 130.0 109.0 387.0 2059.0 
99.0 160.0 91.0 330.0 1693.0 
80.0 143.0 103.0 332.0 1875.0 
72.0 140.0 105.0 356.0 1889.0 
93.0 149.0 97.0 318.0 1793.0 
82.0 135.0 99.0 401.0 1976.0 
75.0 156.0 98.0 325.0 1702.0 
76.0 148.0 103.0 285.0 1795.0 
81.0 161.0 95.0 286.0 1693.0 
77.0 147.0 99.0 355.0 1843.0 
92.0 152.0 104.0 305.0 1774.0 
75.0 144.0 105.0 339.0 1899.0 
91.0 127.0 117.0 362.0 2060.0 
85.0 147.0 88.0 394.0 1850.0 
79.0 157.0 93.0 326.0 1746.0 
81.0 163.0 84.0 321.0 1706.0 
82.0 151.0 101.0 327.0 1774.0 
84.0 151.0 103.0 323.0 1760.0 
88.0 135.0 114.0 319.0 1959.0 
74.0 161.0 84.0 358.0 1682.0 
77.0 145.0 102.0 354.0 1795.0 
71.0 136.0 109.0 378.0 1905.0 
76.0 140.0 97.0 381.0 1894.0 
89.0 156.0 99.0 307.0 1734.0 
78.0 150.0 94.0 360.0 1827.0 
97.0 146.0 107.0 302.0 1834.0 
74.0 148.0 95.0 382.0 1923.0 
83.0 136.0 109.0 344.0 1954.0 
90.0 161.0 92.0 319.0 1676.0 
98.0 153.0 88.0 348.0 1750.0 
82.0 131.0 116.0 331.0 1985.0 
79.0 160.0 95.0 312.0 1728.0 
73.0 138.0 104.0 337.0 1915.0 
78.0 147.0 101.0 337.0 1844.0 
83.0 136.0 98.0 392.0 1910.0 
74.0 147.0 102.0 347.0 1816.0 
73.0 155.0 92.0 385.0 1788.0 
79.0 156.0 89.0 343.0 1716.0 
71.0 160.0 88.0 313.0 1752.0 
84.0 159.0 90.0 310.0 1696.0 
84.0 154.0 93.0 360.0 1706.0 
73.0 149.0 98.0 327.0 1819.0 
97.0 172.0 91.0 252.0 1574.0 
89.0 167.0 95.0 274.0 1610.0 
87.0 154.0 99.0 319.0 1740.0 
101.0 164.0 94.0 295.0 1628.0 
78.0 151.0 99.0 323.0 1808.0 
85.0 161.0 94.0 331.0 1676.0 
80.0 161.0 90.0 340.0 1660.0 
89.0 139.0 108.0 306.0 1918.0 
80.0 149.0 104.0 282.0 1782.0 
82.0 155.0 98.0 284.0 1784.0 
90.0 158.0 93.0 326.0 1735.0 
78.0 152.0 100.0 313.0 1815.0 
80.0 152.0 97.0 331.0 1763.0 
73.0 152.0 103.0 322.0 1743.0 
85.0 159.0 98.0 294.0 1729.0 
77.0 148.0 100.0 341.0 1863.0 
68.0 152.0 93.0 342.0 1815.0 
79.0 149.0 94.0 342.0 1812.0 
75.0 160.0 92.0 318.0 1708.0 
79.0 150.0 95.0 349.0 1789.0 
86.0 157.0 84.0 363.0 1767.0 
68.0 143.0 99.0 361.0 1887.0 
77.0 139.0 103.0 360.0 1878.0 
81.0 135.0 100.0 412.0 1960.0 
78.0 135.0 109.0 374.0 1974.0 
76.0 159.0 92.0 362.0 1686.0 
77.0 164.0 86.0 319.0 1680.0 
81.0 168.0 84.0 328.0 1582.0 
~~~
1.095
