111111111011101111111111001111011011011101111001111001111100000000000000011010111000011011111111110100011011101111110011111111101111111101111111011110100000111100011001111111000011011111101110000000001110111100111111110000000001100010111111111011101100111110111111000000000000000000000110001111110001111110000000001111011111111111
110000111001110101001001111000110101010000101111111010101111111001100111010010001010011011000000010000101010110011110011111101000101100011101101000111101011111010001001110000101011111011111100000100010000001111111100011110000000101010100101011011010001111101011100110011011000001000111000000001000111110011010100111000101111101111
111011000000100001110111000100110100011101001011111110101101000101101000101011100001001000011000000000100111101011111011111010110001111111111000000011111101111001000101001111000111010111110111001000000101010101111111111111100100110011000011000101110110010001101000100111011110000001011111000001100110010001111100110110001111111111
111110010011101110011110001000100101111111011101111110101011110011111111010110000111101110100010000111011011010111111011100010011101100101111111100100010100111101110110000000101011010011101010011001110000000011111101100010101111100001101000011110110001111111001101111110010010100101011110010010110110010101101011010010011111111111
110000000000001110101100000000000000000000000001111001100000000000000000000000000000000000000000000000000000000011110011110000000001100000000000000000011010111000000001000000000011100011100000000000000000000000111100000000000000000000000100000000000000000000000000000000000000000000000000000000000000000000000000000000001111101111
111101110010000001110010101110111000111110100111111001101010010000001001110100101111101001011100101110101101100111111011100000110101111100000101000101001101111011000000001100101111010011101111011110100101000111111101100110100000100001100110101001010110001101010011010110010110001000100000100101010001010100001001100011001111101111
110010011000000010001110000011111100101110000001111111111100111101101000001010000000010101100000101001101110100111110111110000010111111010000001100011010010111100000100101110101111100011101010100101010011101100111101011000111100100110001110010000001110010001000001000111101101111001001110001001110111100011100110110110001111111111
110000110100110100011110011101110011011111000001111110101011100011011011101101011110000000100101100000011011000011111011100100111111101011010000011001110001111000011101110111100011011111100100100001001001010110111110111000010111001111011110011001011100000100001010011011100001000100001011100010000011010101111001111110001111111111
111001111000001110000101000011111000001001001001111111110110111001101010010010100110100100101111100011101100000011111111100101010111101110101000011100000000111101001011010000000011110011100010100000001101100100111111010101010011010011100100111111101110011011000111000100001000111000111000111101000010010000101101010101111111111111
111001101111111111100101101110110101101011001011111101111101100111011000000101111000001000010110111110001001100111111011101100010011100010010010010100000010111001000011010100100011010011111000001110001111000010111100110010000001101111110101000100001011101000011010000110100000000010111010000011001001101000100001011110101111101111
111111111111111111111110101111011111101111111101111111100111111111111111111111011101111111111111111110011101111111111011111111000011111111111011111111111111111111111111111111111111111111101111111111111111111111111111111111111111111111111111111111111111111111111111001111111111110111111111111111111100111101111111111111111111101111
110111000011011111111110000110000111110110100001111100101111111010110101011100001111110000000100011000001010010111110111110100011101110101000101111000011100111000001011111001101011001011101100011001110100111111111111110011000111110100110100001111100111111011101110100001100011111110111110101101101010010011010111100000011111101111
111111101011011010010111111111100101100101111011111010111100111001010010000101111101001000011011000111010101001111111111101010010111100101101000110100111101111111011110011011111111000011101111011010100101011011111111010100100110010000111000011111101000110000011111110010101101111011000110100000101000101101000011111110001111111111
110000111011010011010000111111101110011100101111111100100101111111000001101110011010100101110010001111010001010011110111110100111011110001001100010001010010111110100011011001111011000011100011101001000000011010111110111000010001110010110010000101110001010100101100100010111011101101010100010010110010000100111100111100011111111111
110010011000000010001110000011111100101110000001111111111100111101101000001010000000010101100000101001101110100111110111110000010111111010000001100011010010111100000100101110101111100011101010100101010011101100111101011000111100100110001110010000001110010001000001000111101101111001001110001001110111100011100110110110001111111111
111001111101101110010011010000101110010010001011111000101000111000100100101000110010000011100000110111100011011111110111111110011001100000010010000110001001111000000110111010001111010111110010000001000001100001111111011101001110111111001001001000111001011110010110100011010010001011011101000110110111011101110011010100111111111111
110110000111010010011110110111011100111110101001111111101110101011000101001000100010001001101010000110011101011011110111100000101011110010010010010101111001111100000100011001101111010011110111100101000011111111111101010001000011010111101000101110000011000100100101010100110100110010100011010011101101011001100111000111101111111111
110000000011011101101111001011011110100010101111111001110010100001001100110100101100010101101011100001111101011011110011101001110001111010110011110001100001111101010101110000010011110011111111010111000000101111111100000011101000011110000010001001100010000010101010110110000100011000001001110011000010110000101010111010011111111111
110000110100110100011110011101110011011111000001111110101011100011011011101101011110000000100101100000011011000011111011100100111111101011010000011001110001111000011101110111100011011111100100100001001001010110111110111000010111001111011110011001011100000100001010011011100001000100001011100010000011010101111001111110001111111111
110001001110010001000111101000000011100010111111111001110110101001000100011010000101000101100101010111110001100011110011100011001001100000101110011100011000111001101100101100110011100011100111000101010000010000111101011111111100010001010010110011011000011000010111011100100110100110100000011010010110100001111111000010011111111111
111000001011011001111110110000111100000100111101111010110001101010110100000110111111101010010011001011011101101111110011100100000101110010000110000000110111111000000111101000110111001011111010001010101011111000111111010110110111100111011001001000000011110001001110111001100000100101011010111110010111110111001001001111111111101111
110010001111010110011011001000111010110011110011111100100110111000110011100111110110110000110010100011011000101011110011110111100101100001100100011101000000111000100011110111100011011111100010010000010111100000111110101100001110000111101001000101100111011101011101101101010000000110010001010011111010100011001010111100001111111111
111001111101101110010011010000101110010010001011111000101000111000100100101000110010000011100000110011100011011111110111111110011001100000010010000110001001111000000110111010001111010111110010000001000001100001111111011101001110111111001001001000111001011110010110100011010010001011011101000110110111011101110011010100111111111111
110100110101001100110110010111001001110110010001111100100101100101011000010011100001001010001011100101101001101011110011110011101011111011011000001111010111111011110101100000101011111011111100111000000011110101111111011011111100001100001111011111011011000000000011001001101011101111100111111101111010111011001101100110101111111111
110110110110100011011101101110000101011010111001111000111110111010011100111010000111010101110000010010110100111111111111100001100101111101010100110011100111111010110001100010001011000011111011010001111110110101111100001110011111010000101000111010100101001010011011101111010001100111000101101100000011000001011011011000001111101111
111000101011111111101010111011111111100010110101111011101010100010101101000011110011100011101010111000010101010111111011101110010011110000111111100111000101111100001001001101001011001111110010101001110110011100111110100011110001111101101010000010000110001010100101111111011100110001001100100001111010011101110000011000001111111111
110011100001000110101000100000111100111110100011111001101100000100110010110110111110001101011000010011101100001011110011111011111011110010011111100001010010111001101011000000001011011111101011000111011010000101111110001110010010110010010101111011101001010001110001001101000111111010110010110100000111100011110100001111111111111111
111100101111111010110110010111000100000010100011111010101010111000000000010010100110111000111110000001110001011111111111110100010011111000110010001110001101111000100000011111101111010011100110001001010010110010111101000101111110101101111110111010000001000100111101010010010001000000011011011001001100010110100111111000101111111111
110010001111010110011011001000111010110011110011111100100110111000110011100111110110110000110010100011011000101011110011110110100101100001100100011101000000111000100011110111100011011111100010010000010111100000111110101100001110000111101001000101100111011101011101101101010000000110010001010011111010100011001010111100001111111111
111000111100000101011000011101011010101100110101111011110101111111101011011100110010011001010101010110010000010011110011110011001001111111011110010010010100111110011000110010101111101011100010001110110110011100111100111000010110010110101010001100001110100011011000011100011001010111100111101100011001011111010100111011001111111111
110001101001100001011011011010000001101100110011111011101010000000100101000000011101011110110011100101101011100111110111100101010011101000000110001010100000111100111000001111110011000111101010010011011001111011111110110100110110000111011000100011010101100001110011000000001101000010010100100010101100111010001000011011011111111111
110010011000000010001110000011101100101110000001111111111100111101101000001010000000010101100000101001101110100111110111110000010111111010000001100011010010111100000100101110101111100011101010100101010011101100111101011000111100100110001110010000001110010001000001000111101101111001001110001001110111100011100110110110001111111111
111001111101101110010011010000101110010010001011111000101000111000100100101000110010000011100000110111100011011111110111111110011001100000010010000110001001111000000110111010001111010111110010000001000001100001111111011101001110111111001001001000111001011110010110100011010010001011011101000110110111011101110011010100111111111111
111100001010101110101111100100011110100111100111111110101111001100011010011110110010100011010110101110001011011011110111101101010001110000001011110010101010111011111100110010110011100111110101000110000110101010111111100100011111110001000100111011011001011011010101001101001100000001111000011001100010110011011110101101101111101111
111001101111111111100101101110110101101011001011111101111101100111011000000101111000001000010110111110001001100111111011101100010011100010010010010100000010111001000011010100100011010011111000001110001111000010111100110010000001101111110101000100001011101000011010000110100000000010111010000011001001101000100001011110101111101111
110100010100011110111111110000010100110001000001111001110111011011101110001110110011110100001000110100010001100111111011110011110001101111100100101111010101111011011010000000101111001011110010111101100111100001111111111011001101111110100011111000101110001110100001100111010110101010010100010111011111011111011111010100011111111111
110010000101100011111011101010100111011011011101111010101011100100010000000110110100001101000111010000001111011011110011110000000101110011000000011111111010111100010011100011000111110111110001100000000010110100111111011000011001100010100100010101010110011000100100110101111011110011100010110110000011110100110111100011101111101111
111101110010000001110010001110111000111110100111111001101010010000001001110100101111101001011100101110101101100111111011100000110101111100000101000101001101111011000000001100101111010011101111011110100101000111111101100110100000100001100110101001010110001101010011010110010110001000100000100101010001010100001001100011001111101111
110011000010101010100010110111101100010111100011111011110001111011101010101100111100000011101011101000010000100111111011111001101011100001001000010101110010111111101010111101101011011011100001000111100111110000111100100101101101100001000010111100010011111100010100010011000010101001101000000010000111111110001111011001101111111111
110001101111000000111110111001010101011010001101111010100111111111000110101000111000000110101001000101110100000111111011101000110011110011100110110001000010111000111100110101101011000111110000000010010001110101111110000011000000000000010101110100100001001011001111001001101010111000010100001101010011111000010101010001101111111111
111111001000101001110000110010110000010000011101111001100101111110110000101010100010011100001000010010000111100011111011110010111111111001000110001011001111111000100000011011000011101111111101000011100001100000111110011011011100000000000000000001001100100111101111110110101101110110100111101100110001111011000001010010111111111111
111110100001110100001111001101100101000110101001111000100100101101001001011111100110101111010101001000101100111011111011111000001011110101011010100000001000111100110101010100011011100111110110000010000110110110111101100100010111100110011110011000000010110000011100110111001100000001011111110001010100111000110101001111001111101111
110110000111010010011110110111011100111110101001111111101110101011000101001000100010001001101010000110011101011011110111100000101011110010010010010101111001111100000100011001101111010011110111100101000011111111111101010001000011010111101000101110000011000100100101010100110100110010100011010011101101011001100111000111101111111111
111000001011011001111110110000111100000100111101111010110001101010110100000110111111101110010011001011011101101111110011100100000101110010000110000000110111111000000111101000110111001011111010001010101011111000111111010110110111100111011001001000000011110001001110111001100000100101011010111110010111110111001001001111111111101111
111000010010000100101100001001101001111111001001111101101101111000010111101000000010001001101000000000101101111011111011111111000001111001010011111000001111111010110101111010101011000111110000101000010001100111111100011110011011000101011101011011110000011001101111110000001010010101001111010010011011000001010001001001101111111111
110110000010001010100001101110101000001111000001111000100101111110111100010100011011111101100100101000000010111011110111110101010001110011101010010000111000111001100000010011100011000011110100010011100011110010111100000111110100000111010111110000010100000011110011111001111111101000100010100001110100001100101110110011001111101111
110110010100101110011101000111001001000000111001111011110010011100111100010100110011011111000110011000011000111011111011101100100111111100111100111011011000111100000111001001010011010011110110010000011111001001111110111001000011001110011101110111010110000011111101001001000011000111011110100111010101001100011100110010001111101111
110111111001101100101000000110001111010101010111111111101011100110001101000011111110011000010010000001001101110011110011101000010001110001110101111111011011111001110101011011110111011011100011111100011000101100111100110001101101000110101101111100001010001101011110010111110100100101000100011110000001101001110110111010101111101111
111101011100010101011010011100111010101100000101111010101001001100001101100100100001010101100100000100010110111011111011110101010001100000010100000100010001111011000110101110011111010111100010011001011001101000111111000100100110100110010100101100110100111110110000000010100011010010100011000110111011011011001101001110101111111111
111101110000000011110011001111110101001010100001111010111101100101101110101001111011010000101000000100010010111011111011101101000011111110011011010100111101111001001110101010001011110011110110100101001111011011111100010011000111101000011100011001001101000001110011100101100101100111011000100011101000100010010010000110111111111111
110110000111001000010111010011100101110110001011111101111111100010110111100100001100101111010001000011000010010011111011101111100011100100100001011001000101111111011010111100011111011011100101000100110111111110111110010001000110011001100110111001000011111110011010110010111010000101101100001000001011000010001111001100011111101111
111111010110011111101001000110101110100100011001111110111011011111001011111101101000110011111100010110100111101011111011110100001011111100010101110100000111111111001100111000111111010011101010010011110110110101111101001101101100100001101100111000011111001001100010101111000001101010111101100000001011001101010000100110001111101111
111111110101001010000001000010010010110001010001111010100110111100010110001011011010010010110011100101011111000011110011111000111111110100000100000101101111111010011101100011001011010011101101011010000011001110111111010111111010110100101001101000010000101101000011101001100001111000100111100001111001110110010011001000001111111111
110000110110110000100010111111111111001111000101111010110100101001111010100111000011110001100010000011100100110111110011110010011111111001111110100001001100111000011101010100111111111011110110001111110100110011111111101000111111110011101101011101010101101000001101010010110000000001101000101011100000001000100011010111111111101111
110000110100110100011110011101110011011111000001111110101011100011011011101101011110000000100101100000011011000011111011100100111111101011010000011001110001111000011101110111100011011111100100100001001001010110111110111000010111001111011110011001011100000100001010011011100001000100001011100010000011010101111001111110001111111111
111111110101001010000001000010010010110001010001111010100110111100010110001011011010010010110011100101011111000011110011111000111111110100000100000101101111111010011101100011001011010011101101011010000011001110111111010111111010110100101001101000010000101101000011101001100001111000100111100001111001110110010011001000001111111111
110010000011011011110101110101111010111001010011111011101010110100000100101101111100001111110111010001110001110011110011100001010011100000110110101011111000111100010100011001010111100011111001101100101101101010111111000100100111010000000100001100110110001000010101100111010011111101000010101101001101000001100101001111001111101111
110000111001110101001001111000110101010000101111111010101111111001100111010010001010011011000000010000101010110011110011111101000101100011101101000111101011111010001001110000101011111011111100000100010000001111111100011110000000101010100101011011010001111101011100110011011000001000111000000001000111110011010100111000101111101111
110111111001101100101000000110001111010101010111111111101011100110001101000011111110011000010010000001001101110011110011101000010001110001110101111111011011111001110101011011110111011011100011111100011000101100111100110001101101000110101101111100001010001101011110010111110100100101000100011110000001101001110110111010101111101111
110010011000000010001110000011111100101110000001111111111100111101101000001010000000010101100000101001101110100111110111110000010111111010000001100011010010111100000100101110101111100011101010100101010011101100111101011000111100100110001110010000001110010001000001000111101101111001001110001001110111100011100110110110001111111111
110001101111000000111110111001010101011010001101111010100111111111000110101000111000000110101001000101110100000111111011101000110011110011100110110001000010111000111100110101101011000111110000000010010001110101111110000011000000000000010101110100100001001011001111001001101010111000010100001101010011111000010101010001101111111111
111100101111111010110110010111000100000010100011111010101010111000000000010010100110111000111110000001110001011011111111110100010011111000110010001110001101111000100000011111101111010011100110001001010010110010111101000101111110101101111110111010000001000100111101010010010001000000011011011001001100010110100111111000101111111111
110010000101101101101010101111100001011101111011111111101111011111010001101010110100001011110010001110110110101011111011110101100011111001000011101010010000111000101001101111101011110011110000100010010000101111111111001000010011100111001110001011011110111010111010111100000011000100110100111010001010011010011100011100011111111111
111001010011000011011111001100011110110100111001111010101001000110000110100010000101000010000011010100100011110011111111101101001001111100001111010101101011111110101000001100011111010111111010000110110010010101111110100010000111010011001000111000111111100100110101010011010010110101011000110010111010100100000000101111001111111111
110001000010111110111101010110111010011001101101111011101011011101011101010000100100110001000111110011101000110111111111111101010111110111110011100001011110111100100010101010110011001011101001110110000000111100111111110001001110001000110011111001110111110000010010001001100000101010110100000010110110000111000000000111111111101111
110000110110110000100010111111111111001111000101111010110100101001111010100111000011110001100010000011100100110111110011110010011111111001111110100001001100111000011101010100111111111011110110001111010000001111111100011110000000101010100101011011010001111101011100110011011000001000111000000001000111110011010100111000101111101111
110010100101000100001010000101001101100100111101111001100101111100100011111111011101111100011010010110000101110111111011101101000011110001101010100100001101111011000101100000001111100111100011010001011100010111111100110011100101101011101111001001011001010011100000001001101000010010011110111010111100100000010010100010101111101111
111100001010101110101111100100011110100111100111111110101111001100011010011110110010100011010110101110001011011011110111101101010001110000001011110010101010111011111100110010110011100111110101000110000110101010111111100100011111110001000100111011011001011011010101001101001100000001111000011001100010110011011110101101101111101111
111111101000101110111001001100011111000011110001111111101011111001100100001110100001011111110010000010001101101011110111111101001011110101110011111000100110111111101110110000001011010111111010011110000111001111111100111110111000011111011100000101111011011001011000100101010011011010001111011100011000101010100111001011011111111111
111111110101001010001001000010010010110001010001111010100110111100010110001011011010010010110011100101011111000011110011111000111111110100000100000101101111111010011101100011001011010011101101011010000011001110111111010111111010110100101001101000010001101101000011101001100001111000100111100001111001110110010011001000001111111111
110101100111001111111110100111101110001100101111111111101011000010110001011110010111010001010100000011111011001011110111110111010001101101111110101110011001111110010000010110100011001011100110111100101010001011111110111110000000101000010000011100011110001010110110100110001001001100101010011101011100111010001001110111011111111111
110000111001110101001001111000110101010000101111111010101111111001100111010010001010011011000000010000101000110011110011111101000101100011101101000111101011111010001001110000101011111011111100000100010000001111111100011110000000101010100101011011010001111101011100110011011000001000111000000001000111110011010100111000101111101111
110001101001100001011011011010000001101100110011111011101010000000100101000000011101011110110011100101101011100111110111100101010011101000000110001010100000111100111000001111110011000111101010010011011001111011111110110100110110000111011000100011010101100001110011000000001101000010010100100010101100111010001000011011011111111111
110100011000000011010011010111111001001101101011111011100101101110111111100010100111100111101011111101110100011111110111110111100111111110000011011000010001111111011111100110110011011111100111010011010101111010111101000110111111001110011111111111010111011101101010001010011100000001001000001001001100011010110101110111001111101111
110011000010101010100010110111101100010111100011111011110001111011101010101100111100000011101011101000010000100111111011111001101011100001001000010101110010111111101010111101101011011011100001000111100111110000111100100101101101100001000010111100010011111100010100010011000010101001101000000010000111111110001111011001101111111111
111110100001110100001111001101100101000110101001111000100100101101001001011111100110101111010101001000101100111011111011111000001011110101011010100000001000111100110101010100011011100111110110000010000110110110111101100100010111100110011110011000000010110000011100110111001100000001011111110001010100111000110101001111001111101111
111011100001101000001010101011001101110100000101111101101101110000010011111011110000100000000001110111110001000011111011101000000011111101100001000101101111111101010011011011000011001111110010010101100001000011111101000101111100000101101000011010110101011010001001011111111000100010001000010100010101001000111011101100001111111111
111000011111011000101110010101000110111010000111111001100010101100101101100100010010010001001111100010010100001011110011110110101111100100101001111011000111111100000011111111011011011011111010111001100111000010111100101000100101010110100110100111111110001010011001110010010111100110010000110011101111000100110100010011011111101111
111101110010000001110010001110111000111110100111111001101010010000001001110100101111101001011100101110101101100111111011100000110101111100000101000101001101111011000000001100101111010011101111011110100101000001111111101000111110001001100011011010011001010000101001011011101011011001011001101100010101111001010010001110101111101111
110111111001101100001000000110001111010101010111111111101011100110001101000011111110011000010010000001001101110011110011101000010001110001110101111111011011111001110101011011110111011011100011111100011000101100111100110001101101000110101101111100001010001101011110010111110100100101000100011110000001101001110110111010101111101111
111111100100010100000111001001000100000111110011111000101000110010011110010000011000100011000111001101101110011011110111111110000011110010010010010010100101111100100100011001100111110011101000000000110111001110111110011001110011110100101011101101010010111110101110100100111011100111010110100011001110101111011010001100011111101111
110000000011011101101111001011011110100010101111111001110010100001001100110100101100010101101011100001111101011011110011101001110001111010110011110001100000111101010101110000010011110011111111010111000000101111111100000011101000011110000010001001100010000010101010110110000100011000001001110011000010110000101010111010011111111111
110001000010111110111101010110111010011001101101111011101011011101011101010000100100110001000011110011101000110111111111111101010111110111110011100001011110111100100010101010110011001011101001110110000000111100111111110001001110001000110011111001110111110000010010001001100000101010110100000010110110000111000000000111111111101111
111010101100101101010000000110011011011111111111111100101111001001001111111111111100000011101110001001010110010111110011100101000011110000000101110101101101111000001001111110000011110111100100010110110110001010111110111010010111110011001010111111101010000100101111000011011110001000110001101111100101100110100001000000101111101111
110100111101001011011010111011010000000110001011111011100100000001001111100000101110011010110100000001000101110111110011100101011111110000010101111000101011111001000111100110000011010111111110011101101100111110111110111001010011101000001000111001110011100101111110000001011001010001101000110011010000011011111111000001001111111111
110000000011011101101111001011011110100010101111111001110010100001001100110100101100010101101011100001111101011011110011101001110001111010110011110001100000111101010101110000010011110011111111010111000000101111111100000011101000011110000010001001100010000010101010110110000100011000001001110011000010110000101010111010011111111111
110100111000110100000101001111000111010110101101111101100001010100011010000110011000000000011111010111111101111011111111100011111001100101001111100000110111111110000110111100101111110011100101100011000011101010111101000011100100010100010011110100000000010001110001001110001010011000010000010111111001011101010110110001001111101111
111000001011011001111110110000111100000100111101111010110001101010110100000110111111101010010011001011011101101111110011100100000101110010000110000000110111111000000111101000110111001011101010001010101011111000111111010110110111100111011001001000000011110001001110111001100000100101011010111110010111110111001001001111111111101111
110100011000000011010011010111111001001101101011111011100101101110111111100010100111100111101011111101110100011111110111110111100111111110000011011000010001111111011111100110110011011111100111010011010101111010111101000110111111001110011111111111010111011101101010001010011100000001001000001001001100011010110101110111001111101111
111010110110000010100101100111100010011011100101111111110101111110110100000011100101101010001111000000010000000111110111100010100101100100110001011100110110111010000110001010100011100011111011000011011111111010111110100100011000101010010101110010000110110111000010000000001010101100001110010011001001001001110011110000111111101111
111111100100010100000111001001000100000111110011111000101000110010011110010000011000100011000111001101101110011011110111111110000011110010010010010010100101111100100100011001100111110011101000000000110111001110111110011001110011110100101011101101010010111110101110100100111011100111010110100011001110101111011010001100011111101111
110111101000101101101100001010110100100101001001111011101011100100000001101111010011001011101000101101110001011011110011101100110111100011010011000110000000111011111010110011010011010111100001001001101110001010111101110001100011101101110111101011001011001011110000011110011010000001111011001001000001001101001101111000001111111111
111001001111110111110000110111011010101110110011111111101010100110111011001101010000110000111110101011000010111011110111110010111011100000110000101111111100111101000001100000010011011011111010010100001101011101111100001000000010010101110010111001110000010011011100010000011110100110000011110010000111101101000011111110111111101111
110101000101010111011100101111000001001000111011111110101010010101010010011111011000011011100010100001011111010111110111101000010011110100010011001101101101111111000111001010000011000011100011111000001110111001111110100001110000000001110110101111011011101000101101001110000000110111101111011101101000101101000100111000001111101111
110011010111111101001011100000110100111111110001111101101101111110111011110010011001100001011000101000001100011111111111100111001001111101110010011010011100111011110101110001111111111011110110110010110111101101111101011111101110100111000001110100001010111000001111000011011101100100000111000100011101001010111010110101011111101111
111111000001111011000011001110111111011010001001111000111000111101101110000110001000111101101111001001001000110111111111110110111101100100011100010001010100111100010101011011110011010011110101011011110010111001111101011010110011110000100011000010110000000000001101100101010000000010111111101110110011101010110000000111111111111111
111000100101010001010101001110101010011110111011111110101110100111001000001100111110011111011000010010111110000011111111111110111001111110101110101011101100111010111011011101111011000011111100111100011011100110111111001110100000110100010010111111111001001101110100000101001011011111100111011110101101000001100000000100111111101111
111111001011110000000100101111100111001000001111111011100011111010010000000101111000110011011000000010001001000111110011110100000011111010111110000100100000111000101010000011110011100011100000000111111000111010111100100100110010101001110000110111010001110110110110101001101101000110010101110111010011100101010111000001111111101111
111111100100010100000111001001000100000111110011111000101000110010011110010000011000100011000111001101101110011011110111111110000011110010010010010010100101111100100100011001100111110011101000000000110111001110111110011001110011110100101011101101010010111110101110100100111011100111010110100011001110101111011010001100011111101111
110111110111001110110011001111010010001101101001111000100111100011011001101111011100110101010011001111001010011011110111101011001011111111101111111010001110111010000110110000000011000111100111011101000011111000111101000011010001000001010101101111100011110010101001000010100101111100101000010100101010001010111100001010011111111111
110000010101111101110110010011111011110100110001111100100001000010110001101100010110010111010010010010100100000111110111101101101111100001001010101011111010111000110010100000010011111111110101001010100001000100111111101111100011011111101000011000010110001111101110100011100100101011101111110010101011101100010101000000001111101111
110100111000110100000101001111000111010110101101111101100001010100011010000110011000100000011111010111111101111011111111100011111001100101001111100000110111111110000110111100101111110011100101100011000011101010111101000011100100010100010011110100000000010001110001001110001010011000010000010111111001011101010110110001001111101111
110000111011111000000111110110101100100011101111111001100110101111110100101001101110011111001110100110101100111111110011110001111001101101011011011111010111111000111101011101010011111011100110111110001101010010111100001011101000000001010110100110100100001101010001010000000000011011110011110111010111000101111001110101101111101111
110111000011011111111110000110000111110110100001111100101111111010110101011100001111110000000100011000001010010111110111110100011101110101000101111000011100111000001011111001101011001011101100011001110100111111111111110011000111110100110100001111100111111011101110100001100011111110111110101101101010010011010111100000011111101111
111011100101010011001000011111110111010010101001111111111011000011010101000010110110011001011101001111111001011011110011111011110111100001101010011010011110111000110011101011110111000011101011111011101000111100111111100010010100110111011010011000100000011000110111111101011111110111011010011011100111111001111110000111111111111111
110000111011111000000111110110101100100011101111111001100110101111110100101001101110011111001110100110101100111111110011110001111001101101011011011111010111111000111101011101010011111011100110111110001101010010111100001011101000000001010110100110100100001101010001010000000000011011110011110111010111000101111001110101101111101111
110101100111001111111110100111101110001100101111111111101011000010110001011110010111010001010100000011111011001011110111110111010001101101111110101110011001111110010000010110100011001011100110111100101010001011111110111110000000101000010000011100011110001010110110100110001001001100101010011101011100111010001001110111011111111111
111110100010110101111000110101000001110101010111111111110110100000101101000110000001010011101101110000100100010011110111111001110001110111100001011100100010111100111101000010100111010011110111111111101111101001111100111111111010010110111011000000001011010111010111000001010000001011011000001100110011101111111110001000011111111111
111001100001111010011100011111100111001100111101111000100101100011111101100100100010001000011000110000010000110111111011111010110011111011010000000001110010111110011101111101001011000111111100000110111101100011111100101000111110011110010101110000011001100001011101111010011100001100110010101000001001010000001001000010101111111111
110111101001111110011000011000111110000000100111111100101001100100001011110011111100010010100100001001010100010011110111111010011011111000011111000111001111111000101111001001101011000111110010110010011100001011111101000111010011110001010101010010100101000011000011000011000100000100100010100001011001011101001100001001111111101111
111111000001111011000011001110111111011010001001111000111000111101101110000110001000111101101111001001001000110111111111110110110101100100011100010001010100111100010101011011110011010011110101011011110010111001111101011010110011110000100011000010110000000000001101100101010000000010111111101110110011101010110000000111111111111111
111001101111111111100101101110110101101011001011111101111101100111011000000101111000001000010110111110001001100111111011101100010011100010010010010100000010111001000011010100100011010011111000001110001111000010111100110010000001101111110101000100001011101000011010000110100000000010111010000011001001101000100001011110101111101111
111111000001111011000011001110111111011010001001111000111000111101101110000110001000111101101111001001001000110111111111110110111101100100011100010001010100111100010101011011110011010011110101011011110010111101111101011010110011110000100011000010110000000000001101100101010000000010111111101110110011101010110000000111111111111111
110111000011011111111110000110000111110110100001111100101111111010110101011100001111110000000100011000001010010111110111110100011101110101000101111000011100111000001011111001101011001011101100011001110100111111111111110011000111110100110100001111100111111011101110100001100011111110111110101101101010010011010111100000011111101111
111000100101010001010101001110101010011110111011111110101110100111001000001100111110011111011000010010111110000011111111111011100001101011011100010001111100111111001000011100001011000111100110011011111101000010111110100110011001110010010110101011111001000011001000100111011000110011110110110110001111011110011111111011011111111111
111111110101001010000001000010010010110001010001111010100110111100010110001011011010010010110011100101011111000011110011111000111111110100000100000101101111111010011101100011001011010011101101011010000011001110111111010111111010110100101001101000010000101101000011101001100001111000100111100001111001110110010011001000001111111111
111110100001110100001111001101100101000110101001111000100100101101001001011111100110101111010101001000101100111011111011111000001011110101011010100000001000111100110101010100011011100111110110000010000110110110111101100100010111100110011110011000000010110000011100110111001100000001011111110001010100111000110101001111001111101111
111011111101010010110011001100101111010111101101111100111100001100101110000010110001110001001101110010010000100111110011100010001111100000110001010101101010111001011011111000011111110111110110000000001011011001111111001001001010010001111111101111101001001001001001110001001111111110000011110110111100111100011001001110011111101111
111000111010011010110101000011001000100011010011111000101111101111010101111011001100111110011000100010010111101011110111101110110011111101000101111111110101111001001001110111000011111011110111000110110100000101111101001111110111111011011101111001001111100010110110111010111110110000011111111100100000010110010000100011111111111111
110011010111111101001011100000110100111111110001111001101101111110111011110010011001100001011000101000001100011111111111100111001001111101110010011010011100111011110101110001111111111011110110110010110111101101111101011111101110100111000001110100001010111000001111000011011101100100000111000100011101001010111010110101011111101111
111110100010110101111000110101000001110101010111111111110110100000101101000110000001010011101101110000100100010011110111111001110001110111100001011100100010111100111101000010100111010011110111111111101111101001111100111111111010010110111011000000001011010111010111000001010000001011011010001100110011101111111110001000011111111111
111000010101011011000010110010110010000100001101111111101110000001000110100000001010100010001000110000000000001011111111110000001111110000111110010011000101111100010110110101110111010111100110000010110110110000111111111010110111001001100011111001101101011110010000100100110101100011010110100101010000011110000100000000101111111111
110110101010010000110010100000000100001111001011111010100000001010111011100101000000111111100001101101000110011011111111100001001111110101011100000110111000111000010110101001001011010011100101000000001101101110111100110010100101001000111101000110011001001011000000110010110011011010000101000010010001100100001010111111101111111111
110011000000110010000000100011010111101000001011111110111000110101111100011111110100110000000011100100100001101111110111101111100011100101001110000101001100111101111010011000000011111011110011100010110111011001111111001001011011000000101000111110110011101010100100001101000011101001110001001100000000001111011111011001001111111111
110000000000001110101100000000000000000000000001111001100000000000000000000000000000000000000000000000000000000011110011110000000001100000000000000000011010111000010000000000000011001011100000000000000000000000111100000000000000000000000100000000000000000000000000000000000000000000000000000000000000000000000000000000001111101111
110011000010101010100010110111101100010111100011111011110001111011101010101100111100000011101011101000010000100111111011111001101011100001001000010101110010111111101010111101101011011011100001000111100111110000111100100101101101100001000010111100010011111100010100010011000010101001101000000010000111111110001111011001101111111111
111100001001011100111010000011011010001011011011111110100001010110100100110110110110011010110100001110001011010011111111111101100101110110001101011101001000111000011000110011111011101011101110000101101100111101111101100010111010001011101100110000010110011100001100000010101110110001110000000010010011000010110000101111111111101111
111011000000100001110111000100110100011101001011111110101101000101101000101011100001001000011000000000100111101011111011111010110001111111111000000011111101111001000101001111000111010111110111001000000101010101111111111111100100110011000011000101110110010001101000100111011110000001011111000001100110010001111100110110001111111111
111000111010011010110101000011001000100011010011111000101111101111010101111011001100111110011000100010010111101011110111101110110011111101000101111111110101111001001001110111010011111011110111000110110100000101111101001111110111111011011101111001001111100010110110111010111110110000011111111100100000010110010000100011111111111111
111000111010011010110101000011001000100011010011111000101111101111010101111011001100111110011000100010010111101011110111101110110011111101000101111111110101111001001001110111010011111011110111000110110100000101111101001111110111111011011101111001001111100010110110111010111110110000011111111100100000010110010000100011111111111111
111001100001111010011100011111100111001100111101111000100101100011111101100100100010001000011000110000010000110111111011111010110011111011010000000001110010111110011101111101001011000111111100000110111101100011111100101000111110011110010101110000011001100001011101111010011100001100110010101000001001010000001001000010101111111111
110100011000000000010100000111011011000111011001111110110010000111101101000000111000110001000001001011011100111111111111111111100001111011101110010010001100111111000111111010000111000011100101010010010100000101111111100100111011110010010010100110101100100000101110100101010000110011001010001101000100110001100111111000011111101111
111001111000001110000101000011111000001001001001111111110110111001101010010010100110100100101111100011101100000011111111100101010111101110101000011100000000111101001011010000000011110011100010100000001101100100111111010101010011010011100100111111101110011011000111000100001000111000111000111101000010010000101101010101111111111111
111100001010101110101111100100011110100111100111111110101111001100011010011110110010100011010110101110001011011011110111101101010001110000001011110010101010111011111100110010110011100111110101000110000110101010111111100100011111110001000100111011011001011011010101001101001100000001111000011001100010110011011110101101101111101111
110001000010111110111101010110111010011001101101111011101011011101011101010000100100110001000111110011101000110111111111111101010111110111110011100001011110111100100010101010110011001011101001110110000000111100111111110001001110001000110011111001110111110000010010001001100000101010110100000010110110000111000000000111111111101111
110010000011011011110101110101111010111001010011111011101010110100000100101101111100001111110111010001110001110011110011100001010011100000110110101011111000111100010100011001010111100011111001101100101101101010111111000100100111010000000100001100110110001000010101100111010011111101000010101101001101000001100101001111001111101111
110000000010011110010100111001111110010101011101111100101011110001001110001101000110110011110011000011100111101111111011100110110101111111001011101111111111111011001011001001110011100111100001101101100100001001111111100100000101110000000011011010101101010011101110000101111011010000011111101110111010110001000000101101101111101111
111110100100100000010001110100001011001110101011111111111001001011110001111100001111101001011011001111011010000011110011111000110011110001111111100100010000111010011000111101101011001011111101010001101111000101111100001110100110000000110000110100100010001101100110010101100000011110011101101110001000001110111110111000101111101111
111000100101010001010101001110101010011110111011111110101110100111001000001100111110011111011000010010111110000011111111111011100001101011011100010001111100111111001000011100001011000111100110011011111101000010111110100110011001110010010110101011111001000011001000100111011000110011110110110110001111011110011111111011011111111111
110110010100101110011101000111001001000000111001111011110010011100111100010100110011011111000110011000011000111011111011101100100111111100111100111011011000111100001111001001010011010011110110010000011111001001111110111001000011001110011101110111010110000011111101001001000011000111011110100111010101001100011100110010001111101111
111011000000100001110111000100110100011101001011111110101101000101101000101011100001001000011000000000100111101011111011111010110001111111111000000011111101111001000101001111000111010111110111001000000101010101111111111111100100110011000011000101110110010001101000100111011110000001011111000001100110010001111100110110001111111111
111000010101011011000010110010110010000100011101111111101110000001000110100000001010100010001000110000000000001011111111110000001111110000111110010011000101111100010110110101110111010111100110000010110110110000111111111010110111001001100011111001101101011110010000100100110101100011010110100101010000011110000100111010011111111111
110100111101001011011010111011010000000110001011111011100100000001001111100000101110011010110100000001000101110111110011100101011111110000010101111000101011111001000111100110000011010111111110011101101100111110111110111001010011101000001000111001110011100101111110000001011001010001101000110011010000011011111111000001001111111111
111110100100100000010001110100001011001110101011111111111001001011110001111100001111101001011011001111011010000011110011111000110011110001111111100100010000111010011000111101101011001011111101010001101111000101111100001110100110000000110000110100100010001101100110010101100000011110011101101110001000001110111110111000101111101111
111111100100010100000111001001000100000111110011111000101000110010011110010000011000100011000111001101101110011011110111111110000011110010010010010010100101111100100100011001100111110011101000000000110111001110111110011001110011110100101011101101010010111110101110100100111011100111010110100011001110101111011010001100011111101111
110001101111000000111110111001010101011010001101111010100111111111000110101000111000000110101001000101110100000111111011101000110011110011100110110001000010111000111100110101101011000111110000000010010001110101111110000011000000000000010101110100100001001011001111001001101010111000010100001101010011111000010101010001101111111111
110001001100010001000111101000000011100010111111111001110110101001000100011010000101000101100101010111110001100011110011100011001001100000101110011100011000111001101100101100110011100011100111000101010000010000111101011111111100010001010010110011011000011000010111011100100110100110100000011010010110100001111111000010011111111111
110100110101001100110110010111001001110110010001111100100101100101011000010011100001001010001011100101101001101011110011110011101011111011011000001111010111111011110101100000101011111011111100111000000011110101111111011001111100001100001111011111010011000000000011001001101011101111100111111101111010111011001101100110101111111111
111001101111111111100101101110110101101011001011111101111101100111011000000101111000001000010110111110001001100111111011101100010011100010010010010100000010111001000011010100100011010011111000001110001111000010111100110010000001101111110101000100001011101000011010000110100000000010111010000011001001101000100001011110101111101111
111000011111011000101110010101000110111010000111111001100010101100101101100100010010010001001111100010010100001011110011110110101111100100101001111011000111111100000011111111011011011011111010111001100111000010111100101000100101010110100110100111111110001010011001110010010111100110010000110011101111000100110100010011011111101111
111011100001101000001010101011001101110100000101111101101101110000010011111011110000100000000001110111110001000011111011101000000011111101100001000101101111111101010011011011000011001111110010010101100001000011111101000101111100000101101000011010111101011010001001011111111000100010001000010100010101001000111011101100001111111111
111110000000001110101110101111111001001111101001111010101011111111011001100110111101100001101111110111011101101011110011111001100111111111111011010111011011111110001101000000000011111011101111011101101110111010111111110000000001111100000000111001111111111110111111101111011111100111101000000011101000000101111111111101011111101111
111111100001100110101011100101111101100110001001111100110010000001101111010101001001110010001001001101100110100111110111110011010001101101001101100011001000111110110001101010110011001011110000000011100000101001111110000101100110110010100110101000000000011110110110011110000011111000000110010000101010011011001001111010101111111111
110010110101000010100011011100101100100111000111111101100111101010110111111101111011100110110011011010000101000011111011111011001111111010111100000101001000111001110001001010111111011011100001110001001010111000111100100100110001100001100110110011011010000110011000111010000110100000100000100001100111110100111101011110111111111111
111001001111110111110000110111011010101110110011111111101010100110111011001101010000110000111110101011000010111011110111110010111011100000110000101111111100111101000001100000010011011011111010010100001101011101111100001000000010010101110010111001110000010011011100010000011110100110000011110010000111101101000011111110111111101111
111110100100100000010001110100001011001110101011111111111001001011110001111100001111101001011011001111011010000011110011111000110011110001111111100100010000111010011000111101101011001011111101010001101111000101111100001110100110000000110000110100100010001101100110010101100000011110011101101110001000001110111110111000101111101111
110001001001100010011111000000010110011101100011111101110100101010101001000100110110100010001111011011100010000011111111100010101001100010101000001010010100111111001011100010001011100011111010111111010100010100111101001001011001001011100010100000011101111111001100100000010001101110001101010001110110100100100100101010001111111111
111111100001100110101011100101111101100110001001111100110010000001101111010101001001110010001001001101100110100111110111110011010001101101001101100011001000111110110001101010110011001011110000000011100000101001111110000101100110110010100110101000000000011110110110011110000011111000000110010000101010011011001001111010101111111111
111111111111111111111111111111111111111111111111111111111111111111111111111111111111111111111111111111111111111111111111111111111111111111111111111111111111111111111111111111111111111111111111111111111111111111111111111111111111111111111111111111111111111111111111111111111111111111111111111111111111111111111111111111111111111111
111001100001111010011100011111100111001100111101111000100101100011111101100100100010001000011000110000010000110111111011111010110011111011010000000001110010111110011101111101001011000111111100000110111101100011111100101000111110011110010101110000011001100001011101111010011100001100110010101000001001010000000001000010101111111111
110011000010101010100010110111101100010111100011111011110001111011101010101100111100000011101011101000010000100111111011111001101011100001001000010101110010111111101010111101101011011011100001000111100111110000111100100101101101100001000010111100010011111100010100010011000010101001101000000010000111111110001111011001101111111111
111001001111110111110000110111011010101110110011111111101010100110111011001101010000110000111110101011000010111011110111110010111011100000110000101111111100111101000001100000010011011011111010010100001001011101111100001000000010010101110010111001110000010011011100010000011110100110000011110010000111101101000011111110111111101111
111111110101001010000001000010010010110001010001111010100110111100010110001011011010010010110011100101011111000011110011111000111111110100000100000101101111111010011101100011001011010011101101011010000011001110111111010111111010110100101001101000010000101101000011101001100001111000100111100001111001110110010011001000001111111111
110010100101000100001010000101001101100100111101111001100101111100100011111111011101111100011010010110000101110111111011101101000011110001101010100100001101111011000101100000001111100111100011010001011100010111111100110011100101101011101111001001011001010011100000001001101000110010011110111010111100100000010010100010101111101111
110011000000110010000000100011010111101000001011111110111000110101111100011111110100110000000011100100100001101111110111101111100011100101001110000101001100111101111010011000000011111011110011100010110111011001111111001001011011000000101000111110110011101010100100001101000011101001110001001100000000001111011111011001001111111111
110101100111001111111110100111101110001100101111111111101011000010110001011110010111010001010100000011111011001011110111110111010001101101111110101110011001111110010000010110100011001011100110111100101010001011111110111110000000101000010000011100011110001010110110100110001001001100101010011101011100111010001001110111011111111111
111011000000100001110111000100110100011101001011111110101101000101101000101011100001001000011000000000100111101011111011111010110001111111111000000011111101111001000101001111000111010111110111001000000101010101111111111111100100110011000011000101110110010001101000100111011110000001011111000001100110010001111100110110001111111111
111111000001111011000011001110111111011010001001111000111001111101101110000110001000111101101111001001001000110111111111110110111101100100011100010001010100111100010101011011110011010011110101011011110010111001111101011010110011110000100011000010110000000000001101100101010000000010111111101110110011101010110000000111111111111111
111100100110011110110011000001000111111110000011111011110100101101001010000001100000000000010010000011010010111111111111111101000101100010011011100011111000111011011000110000011111011111111000101101000000011111111101011000010101100011001111101000101010110111011000010110010110101101101110010001000011001001000101101011111111111111
111001111101101110010011010000101110010010001011111000101000111000100100101000110010000011100000110111100011011111110111111110011001100000010010000110001001111000000110111010001111010111110010000001000001100001111111011101001110111111001001001000111001011110010110100011010010001011011101000110110111011101110011010100111111111111
111110100100100000010001110100001011001110101011111111111001001011110001111100001111101001011011001111011010000011110011111000110011110001111111100100010000111010011000111101101011001011111101010001101111000101111100001110100110000000110000110100100010001101100110010101100000011110011101101110001000001110111110111000101111101111
111000001011011001111110110000111100000100111101111010110001101010110100000110111111101010010011001011011101101111110011100100000101110010000110000000110111111000000111101000110111001011111010001010101011111000111111010110110111100111011001001000000011110001001110111001100000100101011010111110010111110111001001001111111111101111
110100111101001011011010111011010000000110001011111011100100000001001111100000101110011010110100000001000101110111110011100101011111110000010101111000101011111001000111100110000011010111111110011101101100111110111110111001010011101000001000111001110011100101111110000001011001010001101000110011010000011011111111000001001111111111
111011111101010010110011001100101111010111101101111100111100001100101110000010110001110001001101110010010000100111110011100010001111100000110001010101101010111001011011111000011111110111110110000000001011011001111111001001001010010001111111101111101001001001001001110001001111111110000011110110111100111100011001001110011111101111
111111100001100110101011100101111101100110001001111100110010000001101111010101001001110010001001001101100110100111110111110011010001101101001101100011001000111110110001101010110011001011110000000011100000101001111110000101100110110010100110101000000000011110110110011110000011111000000110010000101010011011001001111010101111111111
110010000101101101101010101111100001011101111011111111101111011111010001101010110100001011110010001110110110101011111011110101100011111001000011101010010000111000101001101111101011110011110000100010010000101111111111001000010011100111001110001011011110111010111010111100000011000100110100111010001010011010011100011100011111111111
110010000101100011111011101010100111011011011101111010101011100100010000000110110100001101000111010000001111010011110011110000000101110011000000011111111010111100010011100011000111110111110001100000000010110100111111011000011001100010100100010101010110011000100100110101111011110011100010110110000011110100110111100011101111101111
110000010101111101110110010011111011110100110001111100100001000010110001101100010110010111010010010010100100000111110111101101101111100001001010101011111010111000110010100000010011111111110101001010100001000100111111101111100011011111101000011000010110001111101110100011100100101011101111110010101011101100010101000000001111101111
111111000001111011000011001110111111011010001001111000111000111101101110000110001000111101101111001001001000110111111111110110111101100100011100010001010100111100010101011011110011010011110101011011110010111001111101011010110011110000100011000010110000000000001101100101010000000010111111101110110011101010110000000111111111111111
111000100101010001010101001110101010011110111011111110101110100111001000001100111110011111011000010010111110000011111111111011100001101011011100010001111100111111001000011100001011000111100110011011111101000010111110100110011001110010010110101011111001000011001000100111011000110011110110110110001111011110011111111011011111111111
111110001010000110010000000001001111110110111111111000110100100000010111001101010110000000000011111100000010111011111111101010101101111110011011111000000010111101000100111110101011011011100100010101010101111010111110000100000100101111011111010011010111010010100010100001000011000101011010010000111101011110100000001010111111101111
111100001010101110101111100100011110100111100111111110101111001100011010011110110010100011010110101110001011011011110111101101010001110000001011110010101010111011111100110010110011100111110101000110000110101010111111100100011111110001000100111011011001011011010101001101001100000001111000011001100010110011011110101101101111101111
111011110110110011000101001110111101111010000011111011101011100111001000110000010100010001110110000111010011110111110111101001101111101010100111000011011010111111000000001000001111111011100011101001000000011010111110111000010001110010110010000101110001010100101100100010111011101101010100010010110010000100111100111100011111111111
110010111110101110011001010000100111110010100011111100111000111001111011111011111111011100100010110000100111111111110011111111011001110000010111000100101001111111100111100111000111101011101111111001101011100100111100010010010001101001100011101011001001110011100101000000011000101100010011110011010110001001111111011110011111101111
111010100101001011111010000001000011100010000101111100101100100000001101110110001110011111000010110110101100011011110011101010001111100001011010001000111011111110111101110010011011111011100010110110011000011010111110010110010010111000110110111000100101110011100001110101000010000100000001011110001000110101101001011010001111111111
111011000000100001110111000100110100011101001011111110101101000101101000101011100001001000011000000000100111101011111011111010110001111111111000000011111101111001000101001111000111010111110111001000000101010101111111111111100100110011000011000101110110010001101000100111011110000001011111000001100110010001111100110110001111111111
111101110010000001110010001110111000111110100111111001101010010000001001110100101111101001011100101110101101100111111011100000110101111100000101000101001101111011000000001100101111010011101111011110100101000111111101100110100000100001100110101001010110001101010011010110010110001000100000100101010001010100001001100011001111101111
110100011000000011010011010111111001001101101011111011100101101110111111100010100111100111101011111101110100011111110111110111100111111110000011011000010001111111011111100110110011011111100111010011010101111010111101000110111111001110011111111111010111011101101010001010011100000001001000001001001100011010110101110111001111101111
111110110011010100000000011100001000110111101011111101101110000111001100100000011100000011001100110111111010010111111011111110101001111000000110011100010010111001110001001001101011000011110010001001100110100011111101001110001111110110000111010111110010110000010001101111101011011111000000111100100011000101111101110100011111101111
111000010010000100101100001001101001111111001001111101101101111000010111101000000010001001101000000000101101111011111011111111000001111001010011111000001111111010110101111010101011000111110000101000010001100111111100011110011011000101011101011011110000011001101111110000001010010101001111010010011011000001010001001001101111111111
111111101111110111100001000100110001111001101001111011101111111101010000100111100101100110100011011111101111101011111111110011100101100100011100001110010111111011110001101101000111101011101010010010111110110100111111111110111100101011011100001011010101111100110101010000001011111111010011100101001100101111111101001010011111111111
110001000010111110111101010110111010011001101101111011101011011101011101010000100100110001000111110011101000110111111111111101010111110111110011100001011110111100100010101010110011001011101001110110000000111100111111110001001110001000110011111001110111110000010010001001100000101010110100000010110110000111000000000111111111101111
111000001111000100010101001101000100110000100001111101110001101010001001111001000111111001010000100110010101000011110011110011110101110110000001100001110010111010111001001101011111110111100001011000011000110010111101011001011010000110100111111000110101000111111111010110100010110000010100000000101000100000011101000011111111111111
111010000001100011111010110100011100100000010101111001101010011111100101101111000001100100100001110100101010001111111111111000110001100010010110010000010100111110110100000111010111010111101000110000101000100111111101010000010110101110100000000010111001000011111110111110000110010011110011000000010101011001000100101010101111101111
111101011100010101011010011100111010101100000101111010101001001100001101100100100001010101100100000100010110111011111011110101010001100000010100000100010001111011000110101110011111010111100010011001011001101000111111000100100110100110010100101100110100111110110000000010100011010010100011000110111011011011001101001110101111111111
110111110111001110110011001111010010001101101001111000100111100011011001101111011100110101010011001111001010011011110111101011001011111111101111111010001110111010000110110000000011000111100111011101000011111000111101000011010001000001010101101111100011110010101001000010100101111100101000010100101010001010111100001010011111111111
111011000011001111100001000100001100101110000011111011101111011100101110000001011001001000101000001011110000010111111111110110011011101101011001000101010011111011010001101000111011011011100000100001000001000111111111110010010010110101111011011000100111101000010001011100111111000011111000001110100011011001111100111010011111111111
111001111000001110000101000011111000001001001001111111110110111001101010010010100110100100101111100011101100000011111111100101010111101110101000011100000000111101001011010000000011110011100010100000001101100100111111010101010011010011100100111111101110011011000111000100001000111000111000111101000010010000101101010101111111111111
111011110000010100011111111101100010100101011101111001111010101001010001011101101111100100110101010100011100011011110011111001001001100000111111010010111000111001101011011101011011111011101101011001000110001100111100001111001001001010010111110110010101111000111010100010111110101100010010111111101000101111001111001101001111101111
110100011000000000010100000111011011000111011001111110110010000111101101000000111000110001000001001011011100111111111111111111100001111011101110010010001100111111000111111010000111000011100101010010010100000101111111100100111011110010010010100110101100100000101110100101010000110011001010001101000100110001100111111000011111101111
110000000011011101101111001011011110100010101111111001110010100001001100110100101100010101101011100001111101011011110011101001110001111010110011110001100000111101010101110000010011110011111111010111000000101111111100000011101000011110000010001001100010000010101010110110000100011000001001110011000010110000101010111010011111111111
110010011001000100000000000111001011100001010001111010100100000100000001101110111010101011010010011111010111111011110111101001000111100110100110101001000111111111110000000001110011101011101011111100010111001000111110111100000110001001000010000000011111000001111111011010110001011100000000011100100111011111000110101010111111101111
110111000011011111111110000110000111110110100001111100101111111010110101011100001111110000000100011000001010010111110111110100011101110101000101111000011100111000001011111001101011001011101100011001110100111111111111110011000111110100110100001111100111111011101110100001100011111110111110101101101010010011010111100000011111101111
111011100001101000001010101011001101110100000101111101101101110000010011111011110000100000000001110111110001000011111011101000000011111101100001000101101111111101010011011011000011001111110010010101100001000011111101000101111100000101101000011010110101011010001001011111111000100010001000010100010101001000111011101100001111111111
110010110101000010100011011100101100100111000111111101100111101010110111111101111011100110110011011010000101000011111011111011001111111010111100000101001000111001110001001010111111011011100001110001001010111000111100100100110001100001100110110011011010000110011000111010000110100000100000100001100111110100111101011110111111111111
110011000000110010000000100011010111101000001011111110111000110101111100011111110100110000000011100100100001101111110111101111100011100101001110000101001100111101111010011000000011111011110011100010110111011001111111001001011011000000101000111110110011101010100100001101000011101001110001001100000000001111011111011001001111111111
110000111011010011010000111111101110011100101111111100100101111111000001101110011010100101110010001111010001010011110111110100111011110001001100010001010010111110100011011001111011000011110110110011010110010100111100111011101000101101100010000100001100011011001001101111011000101011100000010001011000110101011001110111111111111111
111000111010011010110101000011001000100011010011111000101111101111010101111011001100111110011000100010010111101011110111101110110011111101000101111111110101111001001001110111010011111011110111000110110100000101111101001111110111111011011101111001001111100010110110111010111110110000011111111100100000010110010000100011111111111111
110111101001111110011000011000111110000000100111111100101001100100001011110011111100010010100100001001010100010011110111111010011011111000011111000111001111111000101111001001101011000111110010110010011100001011111101000111010011110001010101010010100101000011000011000011000100000100100010100001011001011101001100001001111111101111
111111001001011011011000111001100011011000000011111110110010100011100000010010001001000010100010010100111111110011111111111101010111101000110100111010100111111100110000111101010111111011110000000110000010111100111111111111011100000011000010000101010011010001001110111111111110100010111001001011111000010111111111011110011111101111
111001010011000011011111001100011110110100111001111010101001000110000110100010000101000010000011010100100011110011111111101101001001111100001111010101101011111110101000001100011111010111111010000110110010010101111110100010000111010011001000111000111111100100110101010011010010110101011000110010111010100100000000101111001111111111
111111110101001010000001000010010010110001010001111010100110111100010110001011011010010010110011100101011111000011110011111000111111110100000100000101101111111010011101100011001011010011101101011010000011001110111111010111111010110100101001101000010000101101000011101001100001111000100111100001111001110110010011001000001111111111
110110010100101110011101000111001001000000111001111011110010011100111100010100110011011111000110011000011000111011111011101100100111111100111100111011011000111100001111001001010011010011110110010000011111001001111110111001000011001110011101110111010110000011111101001001000011000111011110100111010101001100011100110010001111101111
110011000010101010100010110111101100010111100011111011110001111011101010101100111100000011101011101000010000100111111011111001101011100001001000010101110010111111101010111101101011011011100001000111100111110000111100100101101101100001000010111100010011111100010100010011000010101001101000000010000111111110001111011001101111111111
110000111011111000000111110110101100100011101111111001100110101111110100101001101110011111001110100110101100111111110011110001111001101101011011011111010111111000111101011101010011111011100110111110001101010010111100001011101000000001010110100110100100001101010001010000000000011011110011110111010111000101111001110101101111101111
110110000111001000010111010011100101110110001011111101111111100010110111100100001100101111010001000011000010010011111011101111100011100100100001011001000101111111011010111100011111011011100101000100110111111110111110010001000110011001100110111001000011111110011010110010111010000101101100001000001011000010001111001100011111101111
110010010010110101110100000000011001001101100111111000110101001101101100011001100100110110010011011110010001000111111111100010111101100001100010011110100010111110100001010111100011001111100001011111100100000011111110000110101100000001001000010011101111101010001111000100100010010001101010001110000100001100111010010101111111101111
110000110110110000100010111111111111001111000101111010110100101001111010100111000011110001100010000011100100110111110011110010011111111001111110100001001100111000011101010100111111111011110110001111110100110011111111101000111111110011101101011101010101101000001101010010010000000001101000101011100000001000100011010111111111101111
110010100101000100001010000101001101100100111101111001100101111100100011111111011101111100011010010110000101110111111011101101000011110001101010100100001101111011000101100000001111100111100011010001011100010111111100110011100101101011101111001001011001010011100000001001101000010010011110111010111100100000010010100010101111101111
111001100001111010011100011111100111001100111101111000100101100011111101100100100010001000011000110000010000110111111011111010110011111011010000000001110010111110011101111101001011000111111100000110111101100011111100101000111110011110010101110000011001100001011101111010011100001100110010101000001001010000001001000010101111111111
110001101001100001011011011010000001101100110011111011101010000000100101000000011101011110110011100101101011100111110111100101010011101000000110001010100000111100111000001111110011000111101010010011011001111011111110110100110110000111011000100011010101100001110011000000001101000010010100100010101100111010001000011011011111111111
111000101011111111101010111011111111100010110101111011101010100010101101000011110011100011101010111000010101010111111011101110010011110000111111100111000101111100001001001101001011001111110010101001110110011100111110100011110001111101101010000010000110001010100101111111011100110001001100100001111010011101110000011000001111111111
111001110100001001010011101011000000100000100111111101111001000011011100111101110101001101011101110000010101100111111011100111001011100111110001001000111110111111101111111111011111101011100101100110101101100101111111110000001111100000101100000010100100101110101111001011000100100101001111101000011010110111000010011111001111111111
111111101000101110111001001100011111000011110001111111101011111001100100001110100001011111110010000010001101101011110111111101001011110101110011111000100110111111101110110000001011010111111010011110000111001111111100111110111000011111011100000101111011011001011000100101010011011010001111011100011000101010100111001011011111111111
110001001001100010011111000000010110011101100011111101110100101010101001000100110110100010001111011011100010000011111111100010101001100010101000001010010100111111001011100010001011100011111010111111010100010100111101001001011001001011100010100000011101111111001100100000010001101110001101010001110110100100100100101010001111111111
110000100100110001011010010110111000001100010101111001111001011001101010111100101011100100001001100000100111010011111011111011010011110100001010010100010100111100001001000001101011101111110100011001011010010110111111111100001000111000101011111111110101011100111011110011101000011011110011101100101000000100010011010101111111111111
111110100001110100001111001101100101000110101001111000100100101101001001011111100110101111010101001000101100111011111011111000001011110101011010100000001000111100110101010100011011100111110110000010000110110110111101100100010111100110011110011000000010110000011100110111001100000001011111110001010100111000110101001111001111101111
111000111100001100110101011010110101100010100101111011100111011000000110100011001111001001111111011111110011000111110111110010001011101001110111100011100101111111010111101111110111001111101111011110101101001111111111011010111001011010000001100011110101110110110111101111011010010110011010100010100111100111101100111110111111101111
111110100010110101111000110101000001110101010111111111110110100000101101000110000001010011101101110000100100010011110111111001110001110111100001011100100010111100111101000010100111010011110111111111101111101001111100111111111010010110111011000000001011010111010111000001010000001011011010001100110011101111111110001000011111111111
111000011011001001101100101010000101110110110111111111101000100100000000000110111001000110101111101011111001000111111111111011101011111110101110001001110110111010100001110110001111110011110001110111101001101100111110111100110001100011111111000001110001010001010000100001011110110001100001000010010010011011001100001100101111111111
110110101010010000110010100000000100001111001011111010100000001010111011100101000000111111100001101101000110011011111111100001001111110101011100000110111000111000010110101001001011010011100101000000001101101110111100110010100101001000111101000110011001001011000000110010110011011010000101000010010001100100001010111111101111111111
111111100100010100000111001001000100000111110011111000101000110010011110010000011000100011000111001101101110011011110111111110000011110010010010010010100101111100100100011001100111110011101000000000110111001110111110011001110011110100101011101101010010111110101110100100111011100111010110100011001110101111011010001100011111101111
111100001001011100111010000011011010001011011011111110100001010110100100110110110110011010110100001110001011010011111111111101100101110110001101011101001000111000011000110011111011101011101110010101101100111101111101100010111010001011101100110000010110011100001100000010101110110001110000000010010011000010110000101111111111101111
111011100101010011001000011111110111010010101001111111111011000011010101000010110110011001011101001111111001011011110011111011110111100001101010011010011110111000110011101011110111000011101011111011101000111100111111100010010100110111011010011000100000011000110111111101011111110111011010011011100111111001111110000111111111111111
111010101100101101010000000110011011011111111111111100101111001001001111111111111100000011101110001001010110010111110011100101000011110000000101110101101101111000001001111110000011110111100100010110110110001010111110111010010111110011001010111111101010000100101111000011011110001000110001101111100101100110100001000000101111101111
110001101111000000111110111001010101011010001101111010100111111111000110101000111000000110101001000101110100000111111011101000110011110011100110110001000010111000111100110101101011000111110000000010010001110101111110000011000000000000010101110100100001001011001111001001101010111000010100001101010011111000010101010001101111111111
111101000001100000111100111100011001111000011001111001101010101110111111100000001101000110010011111001100010010011111011101010110011111111100011111110101011111110010001100100101011111111100000101011101010001001111100111000101011101101001111000111011100100010111111001100110100100101010111111111111100011110101110100100001111101111
110111101000101101101100001010110100100101001001111011101011100100000001101111010011001011101000101101110001011011110011101100110111100011010011000110000000111011111010110011010011010111100001001001101110001010111101110001100011101101110111101011001011001011110000011110011010000001111011001001000001001101001101111000001111111111
110011100001000110101000100000111100111110100011111001101100000100110010110110111110001101011000010011101100001011110011111011111011110010011111100001010010111001101011000000001011011111101011000111011010000101111110001110010010110010010101111011101001010001110001001101000111111010110010110100000111100011110100001111111111111111
110100111000110100000101001111000111010110101101111101100001010100011010000110011000100000011111010111111101111011111111100011111001100101001111100000110111111110000110111100101111110011100101100011000011101010111101000011100100010100010011110100000000010001110001001110001010011000010000010111111001011101010110110001001111101111
110000000010011110010100111001111110010101011101111100101011110001001110001101000110110011110011000011100111101111111011100110110101111111001011101111111111111011001011001001110011100111100001101101100100001001111111100100000101110000000011011010101101010011101110000101111011010000011111101110111010110001000000101101101111101111
111001111101110010001011011101011000110100010001111001111110011000011111001100110110100100111011100100010101100011110011101110101001110000101100110011000011111110100100111000011011001011100010001110010111011000111111001111000100111101111100010011000010011110111101100010110100011100011001100010010111111010010101000000101111101111
110000111001110101001001111000110101010000101111111010101111111001100111010010001010011011000000010000101010110011110011111101000101100011101101000111101011111010001001110000101011111011111100000100010000001111111100011110000000101010100101011011010001111101011100110011011000001000111000000001000111110011010100111000101111101111
111100100110011110110011000001000111111110000011111011110100101101001010000001100000000001010010000011010010111111111111111101000101100010011011100011111000111011011000110000011111011111111000101101000000011111111101011000010101100011001111101000101010110111011000010110010110101101101110010001000011001001000101101011111111111111
110100010100011110111111110000010100110001000001111001110111011011101110001110110011110100001000110100010001100111111011110011110001101111100100101111010101111011011010000000101111001011110010111101100111100001111111111011001101111110100011111000101110001110100001100111010110101010010100010111011111011111011111010100011111111111
110101000101010111011100101111000001001000111011111110101010010101010010011111011000011011100010100001011111010111110111101000010011110100010011001101101101111111000111001010000011000011100011111000001110111001111110100001110000000001110110101111011011101000101101001110000000110111101111011101101000101101000100111000001111101111
110111111000110010111111001011000010110100101111111000100001011000100110011110111111000100010110110100111110110111110011111111011011110111110111000111110010111010101111000001010111000111111001101011000001111011111100111011111010111100000010100110011101100011100001100001010101110110111010000011010010000000111100110001011111111111
110111101111011100101100111010110001101110001111111101101000111011011001100010011000110001001010100010001001110111110011111001111101101001110100010100010100111001101001000010110111100011110100111010000100011011111111111111110010101010000000101110111011100010010111011110010001111010110010111010000101101110100010000101111111101111
111101110000000011110011001111110101001010100001111010111101100101101110101001111011010000101000000100010010111011111011101101000011111110011011010100111101111001001110101010001011110011110110100101001111011011111100010011000111101000011100011001001101000001110011100101100101100111011000100011101000100010010010000110111111111111
110010001011001011111100100001111001110101001001111110100100110010111100001111010110101100010011100011111101100111110111101001010111110101100110000111011110111010001011100110011011000111100010011111100101100101111100101011111001011101111011100010110011100000010101011111110011010100000000010011111001011011110000101101101111101111
110010000011011011110101110101111010111001010011111011101010110100000100101101111100001111110111010001110001110011110011100001010011100000110110101011111000111100010100011001010111100011111001101100101101101010111111000100100111010000000100001100110110001000010101100111010011111101000010101101001101000001100101001111001111101111
110110000010001010100001101110101001001111000001111000100101111110111100010100011011111101100100101000000010111011110111110101010001110011101010010000111000111001100000010011100011000011110100010011100011110010111100000111110100000111010111110000010100000011110011111001111111101000100010100001110100001100101110110011001111101111
110111111001101100101000000110001111010101010111111111101011100110001101000011111110011000010010000001001101110011110011101000010001110001110101111111011011111001110101011011110111011011100011111100011000101100111100110001101101000110101101111100001010001101011110010111110100100101000100011110000001101001110110111010101111101111
110110000111010010011110110111011100111110101001111111101110101011000101001000100010001001101010000110011101011011110111100000101011110010010010010101111001111100000100011001101111010011110111100101000011111111111101010001000011010111101000101110000011000100100101010100110100110010100011010011101101011001100111000111101111111111
111100101111111010110110010111000100000010100011111010101010111000000000010010100110111000111110000001110001011011111111110100010011111000110010001110001101111000100000011111101111010011100110001001010010110010111101000101111110101101111110111010000001000100111101010010010001000000011011011001001100010110100111111000101111111111
111110010011101110011110001000100101111111011101111110101011110011111111010110000111101110100010000111011011010111111011100010011101100101111111100100010100111101110110000000101011010011101010011001110000000011111101100010101111100001101000011110110001111111001101111110010010100101011110010010110110010101101011010010011111111111
110011010111111101001011100000110100111111110001111001101101111110111011110010011001100001011000101000001100011111111111100111001001111101110010011010011100111011110101110001111111111011110110110010110111101101111101011111101110100111000001110100001010111000001111000011011101100100000111000100011101001010111010110101011111101111
110100110101001100110110010111001001110110010001111100100101100101011000010011100001001010001011100101101001101011110011110011101011111011011000001111010111111011110101100000101011111011111100111000000011110101111111011011111100001100001111011111011011000000000011001001101011101111100111111101111010111011001101100110101111111111
110101100111001111111110100111101110001100101111111111101011000010110001011110010111010001010100000011111011001011110111110111010001101101111110101110011001111110010000010110100011001011100110111100101010001011111110111110000000101000010000011100011110001010110110100110001001001100101010011101011100111010001001110111011111111111
111001001111110111110000110111011010101110110011111111101010100110111011001101010000110000111110101011000010111011110111110010111011100000110000101111111100111101000001100000010011011011111010010100001101011101111100001000000010010101110010111001110000010011011100010000011110100110000011110010000111101101000011111110111111101111
110000111000000110111010110011001011011011001101111110111000001101100010011000001000110110100010111010011110000111111111111000111101100100110010111110001010111111010000000010101111011111110000100011110001101001111100101001110011010000100100111010110101100000101110101011010110100111011100100101000011110100110111011100111111111111
111000010101011011000010110010110010000100011101111111101110000001000110100000001010100010001000110000000000001011111111110000001111110000111110010011000101111100010110110101110111010111100110000010110110110000111111111010110111001001100011111001101101011110010000100100110101100011010110100101010000011110000100000000101111111111
110010001111010110011011001000111010110011110011111100100110111000110011100111110110110000110010100011011000101011110011110111100101100001100100011101000000111000100011110111100011011111100010010000010111100000111110101100001110000111101001000101100111011101011101101101010000000110010001010011111010100011001010111100001111111111
111001111101101110010011010000101110010010001011111000101000111000100100101000110010000011100000110111100011011111110111111110011001100000010010000110001001111000000110111010001111010111110010000001000001100001111111011101001110111111001001001000111001011110010110100011010010001011011101000110110111011101110011010100111111111111
110010011000000010001110000011111100101110000001111111111100111101101000001010000000010101100000101001101110100111110111110000010111111010000001100011010010111100000100101110101111100011101010100101010011101100111101011000111100100110001110010000001110010001000001000111101101111001001110001001110111100011100110110110001111111111
110100111001111010100000010001010011001011110001111100100101101000101001010010110110110100101010010001111111101111111011110110000011101001100001010100100001111100100011101111110011111011110011010000100111110001111111111111111001001001100111101110010101110100110011011100000010100001000000010110000011000011110100101110011111111111
110000110100110100011110011101110011011111000001111110101011100011011011101101011110000000100101100000011011000011111011100100111111101011010000011001110001111000011101110111100011011111100100100001001001010110111110111000010111001111011110011001011100000100001010011011100001000100001011100010000011010101111001111110001111111111
111010111101101001110100001011010101110111101001111011110000010000101101001100111010001100100101100000000110010111110011100100011101101110001101011001010110111111010010100100011111001111100011000001111100000111111110110101100000010100001010100011111000011000101010000100100000011100011100110111011001001111100101001001001111111111
110101111100100011000110000110101110101101101001111000100010011101110111101011000100010001000001100001001001100111110011101100010001100110100001110101001001111010011010111110110011110111101011000101001101101010111101100111110101010001110100000011000010000010001100100011110110110010110000011101111011110011100001111110111111101111
111010110110000010100101100111100010011011100101111111110101111110110100000011100101101010001111000000010000000111110111100010100101100100110001011100110110111010000110001010100011100011111011000011011111111010111110100100011000101010010101110010000110110111000010000000001010101100001110010011001001001001110011110000111111101111
111001101111111111100101101110110101101011001011111101111101100111011000000101111000001000010110111110001001100111111011101100010011100010010010010100000010111001000011010100100011010011111000001110001111000010111100110010000001101111110101000100001011101000011010000110100000000010111010000011001001101000100001011110101111101111
111000011111011000101110010101000110111010000111111001100010101100101101100100010010010001001111100010010100001011110011110110101111100100101001111011000111111100000011111111011011011011111010111001100111000010111100101000100101010110100110100111111110001010011001110010010111100110010000110011101111000100110100010011011111101111
111011110111001011001011001000001111100011100101111001111011111000001111010010110101000011101011000001100100111111110111101110100111111101100101011011100010111110001001101001101011101111111001001000111000100010111111101001101101010101001000011110111000110011000110011101111111001001001010111100000101101011100100001000101111111111
110001001100010001000111101000000011100010111111111001110110101001000100011010000101000101100101010111110001100011110011100011001001100000101110011100011000111001101100101100110011100011100111000101010000010000111101011111111100010001010010110011011000011000010111011100100110100110100000011010010110100001111111000010011111111111
111111010110011111101001000110101110100100011001111110111011011111001011111101101000110011111100010110100111101011111011110100001011111100010101110100000111111111001100111000111111010011101010010011110110110101111101001101101100100001101100111000011111001001100010101111000001101010111101100000001011001101010000100110001111101111
111011111111101101100111000000111010111111000001111000110111011000001010011110110000101001010111100000011011011111110011101001010111110000100010001011000100111001101100101100010111011111111111000100111100001111111111100010000000001001110111010111011100101001010001000110001110100101101111000010010111000110010100001000111111111111
~~~
0.0 129.0 110.0 352.0 2016.0 
82.0 159.0 96.0 306.0 1709.0 
88.0 153.0 85.0 380.0 1779.0 
69.0 136.0 105.0 360.0 1966.0 
0.0 279.0 26.0 111.0 503.0 
88.0 160.0 94.0 305.0 1732.0 
84.0 161.0 81.0 355.0 1650.0 
95.0 152.0 82.0 377.0 1815.0 
91.0 159.0 94.0 315.0 1692.0 
80.0 162.0 82.0 360.0 1686.0 
0.0 26.0 167.0 588.0 3078.0 
67.0 135.0 106.0 396.0 1882.0 
73.0 130.0 109.0 395.0 2028.0 
81.0 152.0 92.0 334.0 1759.0 
84.0 161.0 81.0 355.0 1650.0 
88.0 155.0 100.0 266.0 1711.0 
83.0 149.0 97.0 330.0 1821.0 
76.0 158.0 93.0 315.0 1724.0 
95.0 152.0 82.0 377.0 1815.0 
97.0 165.0 93.0 311.0 1671.0 
74.0 146.0 90.0 382.0 1832.0 
90.0 154.0 90.0 332.0 1780.0 
87.0 156.0 100.0 261.0 1698.0 
81.0 137.0 104.0 366.0 1936.0 
85.0 146.0 90.0 372.0 1871.0 
72.0 141.0 104.0 330.0 1904.0 
77.0 149.0 95.0 355.0 1818.0 
88.0 155.0 97.0 303.0 1726.0 
91.0 155.0 89.0 332.0 1775.0 
84.0 144.0 100.0 331.0 1882.0 
92.0 163.0 85.0 334.0 1689.0 
85.0 162.0 81.0 353.0 1642.0 
88.0 155.0 100.0 266.0 1711.0 
82.0 141.0 106.0 322.0 1887.0 
80.0 162.0 82.0 360.0 1686.0 
77.0 135.0 111.0 356.0 1963.0 
86.0 157.0 85.0 369.0 1735.0 
87.0 161.0 94.0 298.0 1724.0 
70.0 151.0 103.0 308.0 1825.0 
93.0 164.0 87.0 318.0 1689.0 
89.0 159.0 87.0 357.0 1719.0 
77.0 156.0 90.0 336.0 1754.0 
83.0 149.0 97.0 330.0 1821.0 
74.0 145.0 90.0 390.0 1843.0 
79.0 156.0 89.0 347.0 1779.0 
84.0 162.0 90.0 325.0 1658.0 
82.0 148.0 91.0 377.0 1774.0 
72.0 143.0 95.0 390.0 1881.0 
81.0 162.0 95.0 274.0 1674.0 
82.0 150.0 105.0 306.0 1774.0 
78.0 150.0 105.0 329.0 1805.0 
77.0 138.0 107.0 342.0 1914.0 
91.0 155.0 103.0 251.0 1734.0 
87.0 143.0 106.0 308.0 1942.0 
95.0 152.0 82.0 377.0 1815.0 
91.0 155.0 103.0 251.0 1734.0 
80.0 153.0 92.0 374.0 1769.0 
82.0 159.0 96.0 306.0 1709.0 
72.0 143.0 95.0 390.0 1881.0 
84.0 161.0 81.0 355.0 1650.0 
93.0 164.0 87.0 318.0 1689.0 
87.0 156.0 97.0 297.0 1714.0 
68.0 142.0 97.0 372.0 1888.0 
85.0 155.0 95.0 300.0 1781.0 
68.0 147.0 101.0 344.0 1820.0 
83.0 149.0 102.0 308.0 1840.0 
82.0 156.0 87.0 357.0 1744.0 
82.0 141.0 106.0 322.0 1887.0 
87.0 133.0 108.0 336.0 1934.0 
88.0 153.0 104.0 255.0 1763.0 
69.0 141.0 101.0 368.0 1874.0 
81.0 160.0 96.0 302.0 1703.0 
92.0 163.0 85.0 334.0 1689.0 
83.0 128.0 109.0 393.0 2005.0 
70.0 151.0 103.0 308.0 1825.0 
77.0 156.0 90.0 336.0 1754.0 
75.0 161.0 97.0 250.0 1727.0 
98.0 149.0 104.0 294.0 1818.0 
90.0 151.0 93.0 320.0 1821.0 
71.0 144.0 94.0 390.0 1866.0 
82.0 152.0 90.0 364.0 1800.0 
75.0 159.0 92.0 315.0 1713.0 
68.0 148.0 101.0 343.0 1812.0 
77.0 145.0 97.0 350.0 1802.0 
69.0 152.0 95.0 337.0 1768.0 
75.0 159.0 92.0 315.0 1713.0 
86.0 156.0 101.0 305.0 1753.0 
74.0 147.0 89.0 382.0 1818.0 
83.0 128.0 109.0 393.0 2005.0 
79.0 161.0 90.0 371.0 1721.0 
82.0 152.0 90.0 364.0 1800.0 
87.0 153.0 102.0 308.0 1772.0 
75.0 147.0 95.0 372.0 1835.0 
74.0 152.0 90.0 379.0 1752.0 
77.0 131.0 106.0 396.0 2039.0 
83.0 147.0 101.0 314.0 1802.0 
77.0 134.0 103.0 394.0 1954.0 
89.0 160.0 95.0 330.0 1671.0 
82.0 152.0 90.0 364.0 1800.0 
75.0 146.0 105.0 319.0 1838.0 
86.0 152.0 90.0 347.0 1807.0 
86.0 155.0 102.0 305.0 1763.0 
72.0 138.0 102.0 407.0 1954.0 
67.0 135.0 106.0 396.0 1882.0 
85.0 126.0 111.0 388.0 2010.0 
72.0 138.0 102.0 407.0 1954.0 
69.0 141.0 101.0 368.0 1874.0 
89.0 143.0 109.0 312.0 1844.0 
85.0 155.0 87.0 368.0 1804.0 
82.0 160.0 94.0 309.0 1712.0 
82.0 148.0 100.0 314.0 1788.0 
80.0 162.0 82.0 360.0 1686.0 
83.0 146.0 101.0 319.0 1809.0 
67.0 135.0 106.0 396.0 1882.0 
77.0 137.0 98.0 381.0 1949.0 
91.0 155.0 103.0 251.0 1734.0 
77.0 156.0 90.0 336.0 1754.0 
87.0 144.0 111.0 293.0 1951.0 
77.0 130.0 97.0 448.0 2007.0 
75.0 132.0 106.0 391.0 2033.0 
89.0 142.0 109.0 314.0 1856.0 
95.0 166.0 97.0 269.0 1635.0 
77.0 168.0 87.0 324.0 1652.0 
97.0 156.0 97.0 293.0 1735.0 
0.0 279.0 27.0 108.0 511.0 
70.0 151.0 103.0 308.0 1825.0 
79.0 152.0 92.0 339.0 1794.0 
88.0 153.0 85.0 380.0 1779.0 
78.0 129.0 98.0 448.0 2014.0 
78.0 129.0 98.0 448.0 2014.0 
85.0 155.0 87.0 368.0 1804.0 
85.0 159.0 90.0 339.0 1671.0 
91.0 159.0 94.0 315.0 1692.0 
82.0 141.0 106.0 322.0 1887.0 
68.0 147.0 101.0 344.0 1820.0 
80.0 153.0 92.0 374.0 1769.0 
74.0 141.0 101.0 384.0 1868.0 
79.0 151.0 94.0 387.0 1814.0 
77.0 137.0 98.0 381.0 1949.0 
82.0 147.0 92.0 377.0 1784.0 
88.0 153.0 85.0 380.0 1779.0 
100.0 161.0 97.0 291.0 1695.0 
69.0 152.0 95.0 337.0 1768.0 
79.0 151.0 94.0 387.0 1814.0 
82.0 152.0 90.0 364.0 1800.0 
93.0 164.0 87.0 318.0 1689.0 
97.0 166.0 92.0 311.0 1659.0 
79.0 139.0 102.0 366.0 1925.0 
80.0 162.0 82.0 360.0 1686.0 
98.0 149.0 104.0 294.0 1818.0 
75.0 160.0 98.0 250.0 1733.0 
0.0 117.0 117.0 394.0 2125.0 
90.0 159.0 99.0 272.0 1690.0 
90.0 148.0 102.0 305.0 1874.0 
75.0 147.0 95.0 372.0 1835.0 
79.0 151.0 94.0 387.0 1814.0 
88.0 164.0 86.0 328.0 1630.0 
90.0 159.0 99.0 272.0 1690.0 
0.0 0.0 179.0 626.0 3323.0 
83.0 156.0 86.0 368.0 1790.0 
70.0 151.0 103.0 308.0 1825.0 
77.0 148.0 95.0 363.0 1823.0 
91.0 155.0 103.0 251.0 1734.0 
80.0 155.0 88.0 357.0 1759.0 
97.0 156.0 97.0 293.0 1735.0 
69.0 141.0 101.0 368.0 1874.0 
88.0 153.0 85.0 380.0 1779.0 
82.0 146.0 101.0 323.0 1814.0 
90.0 153.0 97.0 311.0 1779.0 
88.0 155.0 100.0 266.0 1711.0 
79.0 151.0 94.0 387.0 1814.0 
74.0 146.0 90.0 382.0 1832.0 
69.0 152.0 95.0 337.0 1768.0 
87.0 144.0 111.0 293.0 1951.0 
90.0 159.0 99.0 272.0 1690.0 
68.0 142.0 97.0 372.0 1888.0 
85.0 158.0 84.0 369.0 1727.0 
86.0 152.0 90.0 347.0 1807.0 
83.0 147.0 101.0 314.0 1802.0 
77.0 137.0 98.0 381.0 1949.0 
82.0 158.0 91.0 325.0 1741.0 
82.0 141.0 106.0 322.0 1887.0 
83.0 152.0 91.0 347.0 1773.0 
80.0 137.0 107.0 359.0 1954.0 
81.0 158.0 96.0 307.0 1765.0 
88.0 153.0 85.0 380.0 1779.0 
87.0 161.0 94.0 298.0 1724.0 
83.0 128.0 109.0 393.0 2005.0 
85.0 151.0 100.0 313.0 1772.0 
79.0 156.0 89.0 347.0 1779.0 
77.0 124.0 109.0 397.0 2099.0 
68.0 147.0 101.0 344.0 1820.0 
87.0 163.0 89.0 320.0 1711.0 
94.0 164.0 86.0 322.0 1660.0 
81.0 162.0 95.0 274.0 1674.0 
75.0 146.0 105.0 319.0 1838.0 
83.0 152.0 108.0 288.0 1788.0 
91.0 159.0 94.0 315.0 1692.0 
76.0 140.0 109.0 353.0 1952.0 
85.0 159.0 90.0 339.0 1671.0 
75.0 159.0 92.0 315.0 1713.0 
95.0 161.0 92.0 323.0 1619.0 
67.0 135.0 106.0 396.0 1882.0 
75.0 161.0 97.0 250.0 1727.0 
90.0 148.0 102.0 305.0 1874.0 
97.0 156.0 97.0 293.0 1735.0 
82.0 146.0 96.0 334.0 1824.0 
78.0 129.0 98.0 448.0 2014.0 
82.0 160.0 94.0 309.0 1712.0 
68.0 142.0 103.0 338.0 1834.0 
85.0 155.0 95.0 300.0 1781.0 
91.0 155.0 103.0 251.0 1734.0 
82.0 147.0 92.0 377.0 1784.0 
70.0 151.0 103.0 308.0 1825.0 
72.0 138.0 102.0 407.0 1954.0 
78.0 150.0 105.0 329.0 1805.0 
103.0 163.0 90.0 313.0 1744.0 
86.0 144.0 105.0 308.0 1932.0 
82.0 156.0 87.0 357.0 1744.0 
85.0 155.0 87.0 368.0 1804.0 
92.0 163.0 85.0 334.0 1689.0 
72.0 141.0 104.0 330.0 1904.0 
68.0 141.0 95.0 393.0 1916.0 
87.0 133.0 108.0 336.0 1934.0 
88.0 164.0 86.0 328.0 1630.0 
90.0 151.0 105.0 302.0 1788.0 
77.0 156.0 90.0 336.0 1754.0 
80.0 123.0 111.0 405.0 2091.0 
89.0 142.0 109.0 314.0 1856.0 
80.0 147.0 103.0 325.0 1846.0 
77.0 168.0 87.0 324.0 1652.0 
82.0 152.0 90.0 364.0 1800.0 
80.0 151.0 93.0 339.0 1807.0 
85.0 126.0 111.0 388.0 2010.0 
77.0 145.0 97.0 350.0 1802.0 
93.0 164.0 87.0 318.0 1689.0 
76.0 138.0 105.0 379.0 1930.0 
87.0 153.0 102.0 308.0 1772.0 
77.0 149.0 95.0 355.0 1818.0 
86.0 155.0 102.0 305.0 1763.0 
74.0 141.0 101.0 384.0 1868.0 
89.0 150.0 97.0 305.0 1835.0 
82.0 159.0 96.0 306.0 1709.0 
90.0 152.0 98.0 311.0 1789.0 
77.0 135.0 111.0 356.0 1963.0 
74.0 152.0 90.0 379.0 1752.0 
77.0 138.0 104.0 350.0 1909.0 
73.0 144.0 101.0 357.0 1871.0 
82.0 150.0 105.0 306.0 1774.0 
77.0 141.0 104.0 333.0 1867.0 
80.0 153.0 92.0 374.0 1769.0 
83.0 161.0 90.0 329.0 1669.0 
72.0 143.0 95.0 390.0 1881.0 
83.0 149.0 97.0 330.0 1821.0 
87.0 156.0 97.0 297.0 1714.0 
69.0 136.0 105.0 360.0 1966.0 
75.0 132.0 106.0 391.0 2033.0 
81.0 137.0 104.0 366.0 1936.0 
69.0 141.0 101.0 368.0 1874.0 
75.0 147.0 95.0 372.0 1835.0 
93.0 148.0 98.0 310.0 1854.0 
96.0 165.0 97.0 276.0 1650.0 
90.0 154.0 90.0 332.0 1780.0 
88.0 155.0 100.0 266.0 1711.0 
84.0 161.0 81.0 355.0 1650.0 
83.0 150.0 98.0 325.0 1788.0 
95.0 152.0 82.0 377.0 1815.0 
108.0 158.0 94.0 311.0 1715.0 
86.0 154.0 100.0 320.0 1750.0 
79.0 161.0 90.0 371.0 1721.0 
80.0 162.0 82.0 360.0 1686.0 
98.0 149.0 104.0 294.0 1818.0 
81.0 142.0 101.0 324.0 1886.0 
97.0 166.0 92.0 311.0 1659.0 
77.0 138.0 107.0 342.0 1914.0 
84.0 150.0 97.0 322.0 1829.0 
~~~
1.127
