110101111110000110011100000011011001001000111011111001111111100000111001000001001100000110111111101111100001001011111111100101110101100010000111000001010101111110001111000010001111101111100110100001000110111101111100011110011100001011110001011010100001111100011010100111101110100010011101101100001111111010101000111000011111111111
110011000100010011001111010011000010010111011111111001100001100000011111101010110111001100000011000111011011101111110111111010111101110101001000000011010011111110010001001110001111001111110011001010100000110000111110001010101010101001001100011000101001010110010111011001001001011010010010011001111110100110010110000010001111101111
110010100110001001000010110001000011001001111001111010111110101101101100010101001010011101011110010100100000100011111111101100101001110010110110011000110011111011111010000011000011010111101101100011111010000110111100111010101110100101101011000000000110101000001110000100010001101010001010000101010001111100110001110001111111101111
111101010100001111101010111100010011000100000101111000101110100110101001011011111010000100000000011111010100111011110011101010101011100110010111011000101101111100100010000110001011011111110010110000001001010100111110100011111110000000111001110010100111000110100101000101010011101101001101100011100101000001000001101010111111111111
110101100010010101111011111010100100010111001001111000110111010110001001100100100100011000011001010010111010100011110111100010100011110101010010000110000001111101101000011000110011110011110110010110001010111101111101111011011011011100010000100110000110011001000101101101101001010100100110011101100000100000101100101010001111111111
111110110110111001010001111111110010000101000001111101110010010111001110010100001111111101100110000100001001101011110111110110000011100011100010010011001100111101011100010100001111111011111000100100100000000011111100111011110001100011111010111010011111111011100100111011001010011111110111100000001101011110110110111101011111111111
110101100010010101111011111010100100010111001001111000110111010110001001100100100100011000011001010010111010100011110111100010100011110101010010000110000001111101101000011000110011110011110110010110001010111101111101111011011011011100010000100110000110011001000101101101101001010100100110011101100000100000101100101010001111111111
111010111110001000111001010111011110110101000101111111111000110101001100011101101101011010101100001110111110100011110111110010110011111000100000000011001011111101011100011100001111000011111100010001000011101010111101110000101110111100110100001011010010111101001111010100011011010101110111100100010000010001110110010011101111101111
110101111110000110011100000011011001001000111011111001111111100000111001000001001100000110111111101111100001001011111111100101110101100010000111000001010101111110001111000010001111101111100110100001000110111101111100011110011100001011110001011010100001111100011010100111101110100010011101101100001111111010101000111000011111111111
111110001000101001000000001111101010101111101101111100111000111001110000000101011101110100000111111001110010111011110111100010000001111000010111001010101111111001011110101000110011010011110011001001001101111111111100101100000110110000110001011110111000001111001110111001110000111000001111101000100101011001110011101110101111111111
111110011010101101010011011011001110011101101101111110111100001011100101010011000100010001010000011111111111111111111111110010110011110011111101110111000011111100101000010110001011011111100111000000101111011011111100000111100001000011110100000111010110111100111110110101001111011100000011000011001110110011000010010100011111111111
111000111101011100100100110110011001000101000011111100111101111000100100001010011101110001101010010000000010010011111011110110010101111010011100100011111111111101000100101001001111110111111001101100001000011011111111011111111101100001101110001001000000011110111000111001100100000100001100111001101110111101010011011101111111101111
111101001100011000000001000001110010100010001001111000100110011110101110100111001111000010000001110110000110011111110011111011001001110111100010100000000100111100111111100000010111110011100100011010001101100011111110110011010010000101111001001010111110001010001100100111000111010001011110000111001110100100010000000010111111101111
111011100011111100000000001001011001101111100111111010101001100101100111010011001000110111011001110010110111111011111011100110100011110101001110100100000111111011010010101111010111000011111111000011110000001100111101010000010001000011000011111100001011001000111010111010001011001010100010001100001101101100000000001101001111101111
111011110001110000010111100011001011000000111001111000111111110010101000010100011100001100000011111111010111101011110111101111011111110000011011010101001100111000110110001100101011111011100100010010011010010010111111000110001101110011001001110100011110001111111111011111101000101100111100000110110001100011110101000000001111111111
110010100110001001000010110001000011001001111001111010111110101101101100010101001010011101011110010100100000100011111111101100101001110010110110011000110011111011111010000011000011010111101101100011111010000110111100111010101110100101101011000000000110101000001110000100010001101010001010000101010001111100110001110001111111101111
111111111011010111111011010100111000000110011001111110101001010110010110110101110001111110011001010111011000100011110011111000011101110000010001100001111001111101110100101100001011011111111111011101100001110100111100111010000111111101101110001011111111101110100010001111001110010010001000001101100110100110101110010100001111101111
110000110001000111001000001101001001110010110001111010101101111010010101000000011110011000011100000011100010100011111011101110100111110010110101011110011000111100101001000101111011001011110110001000101001100100111111111010101001001111011110010010101010101000011110001010010100100010011101011010101001010100011010101101001111111111
110000000000001110101100000000000000000000000001111001100000000000000000000000000000000000000000000000000000000011110011110000000001100000000000000000011001111000010000000000000011100011100000000000000000000000111100000000000000000000000100000000000000000000000000000000000000000000000000000000000000000000000000000000001111101111
111100000011110011101010001110111110111100010001111110101110111110011011110001000101011101000110010110101101000111110011101101101101101001111010010011011011111111110011111110110011000011111110010110111001011110111111001001000101001010000110000101011110011111101111101011010110001101011111001100110111111001101010111110101111111111
110001001000111111001000011000101100101010000011111110100111000000101100001001110111111001010011101010001000100111110011101001010101101001000010000011000011111001100110001101111111000011101101101101000010111011111110001101110010011001010111011010000000101001100001010101100110001000100100001011001001001001010111010101111111101111
111011010000111111111000110001111000101100111001111001110011111000001000001001011010011011111000000100101000101111110011100100001101111000010001110011001111111101000011111110101111011011100000111000110110110111111100000001110011111010101100001011101000111111110011000001100111110111010001110010110100100100110101010111101111101111
110100110101101000100000011010011101101001011101111011111000110101000011000001011001110011111110001011100111110011110011111010100111100011011100001110111001111110001010001011010111000111110001100010010011111111111111000000010001010001010110110010100100010111100001011011100000111110010010101000001010110010110010000011111111111111
111111111101100010110111111111011101000110001101111001100010110001111101110000001111101000111000010101111000001111111011111100100101111101010100011000101110111000100111110011010111000111100011010000000010101101111101100000110101100100100000000011000011001100001000111101100000010100010000001000100010110101100100010111011111101111
110000110101000010001010101111101000101111101001111100111001110000001100010111010000110101100101111011100100010011110111110001010011111111110000111110100100111011000110101000101111011111111001000011011111110100111100111110001011100111010010001101000101001010111110101011100001111110100000011001001010111000011001011111101111111111
110101100010010101111011111010100100010111001001111000110111010110001001100100100100011000011001010010111010100011110111100010100011110101010010000110000001111101101000011000110111110011110110010110001010111101111111111011011011011100010000100110000110011001000101101101101001010100100110011101100000100000101100101010001111111111
111101001100011000000001000001110010100010001001111000100110011110101110100111001111000010000001110110000110011111110011111011001001110111100010100000000100111100111111100000010111110011100100011010001101100011111110110011010010000101111001001010111111001010001100100111000111010001011110000111001110100100010000000010111111101111
110100011101101011110000111110100110011100111001111100100011010011010001011111101110110000100110000011011101111111111111111001111001101111010001111010111111111110110011111011111111111111111010011111111101101000111111000101011010000000110110000100010100100001010000101110101000011110011111111100011101100110010001010011011111101111
111110001111111110101010100000000111011111110111111010101010000000001110010011010011110101110011010011110001001011110111101111000001110111100001110101000001111111111011100100110111111111110111111001100010111111111110110111100111011011001100001111100101101000010000001101010010110011011100110011110011100101101001011000111111111111
111110011010101101010011011011001110011101101101111110111100001011100101010011100100010001010000011111111111111111111111110010110011110011111101110111000011111100101000010110001011011111100111000000101111011011111100000111100001000011110100000111010110111100111110110101001111011100000011000011001110110011000010010100011111111111
111101001100011000000001000001110010100010001001111000100110011110101110100111001111000010000001110110000110011111110011111011001001110111100010100000000100111100111111100000010111110011100100011010001101100011111110110011010010000101111001001010111111001010001100100111000111010001011110000111001110100100010000000010111111101111
110000010000010000111110100001011111000001010101111111100000001110001010000110011111111001011000001010001010100111111011100011110101100001010001101010110100111110001001011001111011011111100010000001100101111001111110111100101100100011111101011000101001000101011110100100111100101100011000010111000001011011001100101011101111101111
111100010011000000111100010100001001000011000101111100100001110100001101000111010000011011111001110000100001110111110011110111010001100001111101001111010000111111011100110111000111001011101111010000001100011000111111101110010000000011001100111110001110110000001100010011111101001111000010000101111111010011101100000000111111101111
110101101000110000010100010001011110000001100011111101110001110001111000010110000011100110000110001110100011101011110011101010010101100110001101001011011100111000101011011100110111111111111000100001111110111111111101000011000110001101100101101110001000101110111111110010001101111100010100000100110110110111000111000000011111111111
111110011001011101101010011001011001011111111101111101100100111000011101010101001100000101100111100010111000111111110111101111101111110001010010010111010100111001111001111001101111101111101101110110101100100100111101101001101011001111100100011000000011110001100010111001100011010110100100101001111100000000101110101111001111111111
111011101010011010101110111101100011010110000001111101111010101000000101010110101100010011100101001111010010001011110111111001111011110101100011001001110111111001110111011110001111010011101010001001111111000001111111110010100011111001110010011010011110010111110001101101101001110100010001001111011011001011111111101001111111111111
110110111011001101011001100000000001101011111011111110101110010001001000001010101010100111111100110000010001101011110111110000111111101111011011110101101010111111001100111000110111011111101010010010101010000111111111010110000100001000101010011010101100110001011001011010101110100101101010100110011111000110110000101000011111101111
110000010000010000111110100001011111000001010101111111100000001110001010000110011111111001011000001010001010100111111011100011110101100001010001101010110100111110001001011001111011011111100010000001100101111001111110111100101100100011111101011000101001000101011110100100111100101100011000010111000001011011001100101011101111101111
111111001011100010010001011011100000100001110111111101110000000011101100101010001101000000110000101000010000000011110111101011111011110000010011011101000100111000101001110001000111010011111111100110000111111110111100101000010010101010000111001110011011001010100101110101010001011000001110011111000111001000001001111010101111101111
110000110001000111001000001101001001110010110001111010101101111010010001000000011110011000011100000011100010100011111011101110100111110010110101011110011000111100101001000101111011001011110110001000101001100100111111111010101001001111011110010010101010101000011110001010010100100010011101011010101001010100011010101101001111111111
110101111010000000010110001110100000010000011001111001111100000000110000100110000000110010101110001110110110010011110111111001111011101110011011110111010101111010011001010010000111111011101011011000011100100010111111101001000100011011000101010101110010000100101000111011000000001110001010111101111100110111110000110110111111101111
111111001011100010010001011011100000100001110111111101110000000011101100101010001101000000110000101000010000000011110111101011111011110000010011011101000100111000101001110001000111010011111111100110000111111110111100101000010010101010000111001110011011001010100101110101010001011000001110011111000111001000001001111010101111101111
110100011101101011110000111110100110011100111011111100100011011011010001011111101110110000100110000011011101111111111111111001111001101111010001111010111111111110110011111011111111111111111010011111111101101000111111000101011010000000110110000100010100100001010000101110101000011110011111111100011101100110010001010011011111101111
110001001000110010010111111001100111010101010111111101100001111111000011010000000001000100011110101110110111001111111011110001110011100101100100100000101111111000000010111111001111101011101100110100111110100011111100001000000100101010010110101001100110010111000111011000010010010001000010101001000011100100001100010110111111101111
110101100010110001001010011010100001010011001011111011111101110111100111111100111110111010111111101111111011000111110111101100111101111000110011111011111000111111100101111011110011001011111000001101101100000111111111010101000000010101111011001001001011011110000001011000010000000011111111111010000101110011000100010100111111111111
110100010011000000010100100011110110111010010011111010100101101001100111010010111100110010000011010000011110100111111111100101011111100111110110011101110010111010111000111111100011010011101011110001010010001010111100010011010111100100110100110010001011111010100101111000100001011011000010001000011100100000000010101111011111111111
111010110010101110110001100110001111010001010001111001110000001110001010001111111010010101011101111011001010101011111111100111111011111010010100111110100111111101011010011011011111100011110000110010011110011000111100010000101110001010111000011111100011011011100001101101101000000000000011110101101000000001110000000101011111101111
110000100111010010010000000000010010011101001101111100110011111111011101001000011111010010101111000001101010111111110011100011010011100111100101010001010001111101010110011011111111011111111110111101100011010010111110100110010110100100011100101111000001011001001111010100010001001101001010110111110000011100011010011010011111111111
111010110110001000111110101111000011100001000101111101111001000010010000011101101000100011111100010011100010010111111111100011101101100000001110111101010110111110101101111010111111011011110011001100111000011111111101101100100111000101101111111000110000100100111001011110110110010001110111111011101001101011110111001000001111111111
111011101010011010101110111101100011010110000001111101111010101000000101010110101100010011100101001110010010001011110111111001111011110101100011001001110111111001110111011110001111010011101010001001111111000001111111110010100011111001110010011010011110010111110001101101101001110100010001001111011011001011111111101001111111111111
111110110110111001010001111111110010000101000001111101110010010111001110010100001111111101100110000100001001101011110111110110000011100011100010010011001100111101011100010100001111111011111000100100100000000011111100111011110001100011111010111010011111111011100100111011001010011111110111100000001101011110110110111101011111111111
111110001000101001000000001111101010101111101101111100111000111001110000000101011101110100000111111001110010111011110111100010000001111000010111001010101111111001011110101000110011010011110011001001001101111111111100001100000110110000110001011110111000001111001110111001110000111000001111101000100101011001110011101110101111111111
111111010010101111000111100101011001001010001001111110111110010000010011010110100110011000001000100011110010100011110011111100001001100100110100001010000101111001110100111011000111001111100110101111110101000011111101100011100111101000110010100100110010001111010010001001000010111111101110001001101010010000011000011111011111111111
110110110001101101100011111011100111010001100111111000110110111011001101010110100110000110110111110111110110101011111011110000000001111100010110010011001100111100110011111101011011111111100100100001000010010111111101110001110110110001111110001001001110000000011110101111000101111000000000101100001000010000100010110101101111101111
111010001000111011110001001100110001100111000111111110101111000110011001100110001100101101001010110100001101110011111011110000111101101110000110000000100000111010010110110010111111100111111110011111110011011000111100001010101101000010000010100010001001011100011000001111000000011011101100110001001000110001001010101110001111111111
111111011101100010110001000000100100010100100111111000110011010010111110000101101111101010101110100011000000010111111011110000011001110101000100110111101001111101000111011100100011100111101010010011001101111101111100011110100000100001011000101011011110010010100000101111010110001100010110111010100100111111100001100111001111101111
111100000011110011101010001110111110111100010001111110101110111110011011110001000101011101000110010110101101000111110011101101101101101001111010010011011011111111110011111110110011000011111110010110111001011110111111001001000101001010000110000101011110011111101111101011010110001101011111001100110111111001101010111110101111111111
110010111111101110001110101111011110110100010101111011101111111001010011000011000100111101101011111100100100110111111111101001010101101101101011100111101001111101111100001001101011100011101001100001000111011110111111011000101100101100100110100110111001110111011000001000011011110001011111100100010011110010110010101010001111111111
111010100001110100100101101011010110001100000101111101100101010001000101111100001101010010110000111111110100000011110111101000100011100000100101000110011000111100110011001110001111011011111000111101010000111011111101001011010011000101100001011001001101110100001010111000011010001010100111011111010010011101100111000001011111101111
110000010000010000111110100001011111000001010101111111100000001110001010000110011111111001011000001010001010100111111011100011110101100001010001101010110100111110001001011001111011011111100010000001100101111001111110111100101100100011111101011000101001000101011110100100111100101100011000010111000001011011001100101011101111101111
110000000000001111101110001111000000011111101011111011100111111000000001000111011111000001111111111110011101100111111011111110000001111111111111111110111101111001011110011010110011110011111100111101110000111010111111111111101111110111111110111011010010111111011011000000000000000000000000000011011010000110000011111110011111111111
110101101000110000010100010001011110000001100011111101110001110001111000010110000011100110000110001110100011101011110011101010010101100110001101001011011100111000101011011100110111111111111000100001111110111111111101000011000110001101100101101110001000101110111111110010001101111100010100000100110110110111000111000000011111111111
110000100111010010010000000000010010011101001101111100110011111111011101001000011111010010101111000001101010111111110011100011010011100111100101010001010001111101010110011011111111011111111110111101100011010010111110100110010110100100011100101111000001011001001111010100010001001101001010110111110000011100011010011010011111111111
110110111011001101011001100000000001101011111011111110101110010001001000001010101010100111111100110000010001101011110111110000111111101111011011110101101010111111001100111000110111011111101010010010101010000111111111010110000100001000101010011010101100110001011001011010101110100101101010100110011111000110110000101000011111101111
110110101000001011110001111101001101001000000001111011100011000101000010000011011110011010011000111110101011111111110011101001101001100000001111011011001100111000110110001100101011111011100100010010011010010010111111000110001101110011001001110100011110001111111111011111101000101100111100000110110001100011110101000000001111111111
110010000101010011101110110001001100000101000101111000100111110110001101101110101110100101000010000110110001110111111111101100001011111100111000100011101000111011111111111010011011111111101110100101000100111010111100110101101010110000010110000001011011100011101100100000100001001011110101001001110010110101001110001111101111101111
110101111010000000010110001110100000010000011001111001111100000000110000100110000000110010101110001110110110010011110111111001111011101110011011110111010101111010011001010010000111111011101011011000011100100010111111101001000100011011000101010101110010000100101000111011000000001110001010111101111100010111110000110110111111101111
111110001000101001000000001111101010101111101101111100111000111001110000000101011101110100000111111001110010111011110111100010000001111000010111001010101111111001011110101000110011010011110011001001001101111111111100101100000110110000110001011110111000001111001110111001110000111000001111101000100101011001110011101110101111111111
110101000110001111111110010101101111101110111101111011101111001001100111100100010010100110001011100111100110000111111111111110010101110101010010000101000011111000010011101000110011000111101111100111100001010000111101010000001110110001101100111000011010111010000101001111011110101101010111111010110011111100011101110101111111101111
111111111100101111100010011000001000000011100001111110101011111000010111111001110101010010001100101110101110010011111111110010010001100011001110011100001111111011010000100010110011100011111010110110000011110000111111100110100110101111010001001101111101100000101011000001010111001001011100100100010100010111101000000010011111111111
111010010001000010111111111000110111111010001101111000111000001011110001111100000110011101100011011010100100011011111011110001110111110111001100010100010001111110100110111000001111100011101011000001100110100010111110010001010011011010010000100010011111011100100001000011101100111001100010110110101010100001000000010101111111111111
110110110101011011010110001110101111011011100011111010110001011010110011011101110100111100001001010101101101010111111111110000010001111010000000010101011000111010111110100011000111000011110000000100111100111100111111010001110111100111111000110101100001101010111010111110111101111100100001000011101110010111110001000010101111111111
110101111110000110011100000011011001001000111011111001111111100000111001000001001100000110111111101111100001001011111111100101110101100010000111000001010101111110001111000010001111101111100110100001000110111101111100011110011100001011110001011010100001111100011010100111101110100010011101101100001111111010101000111000011111111111
111001011100100101101001101001010000000010000111111000100110001110100101011100010111001000100100100001100010001011111111110110011111101001011011001110101011111100111110001010000011101111100010010101010111001110111111111001110011101110000111111011011001011011010001110000000000001100001100001011010101010101001010111100111111101111
110010100110001001000010110001000011001001111001111010111110101101101100010101001010011101011110010100100000100011111111101100101001110010110110011000110011111011111010000011000011010111101101100011111010000110111100111010101110100101101011000000000110101000001110000100010001101010001010000101010001111100110001110001111111101111
110001000001110000001101000101101001011010101001111100111111111101101101101100110110110101010010111011001100110011111011111111000011110110100111000000100000111111001111010010110011110111100001010110000100100110111111111111000000011111000010110000000001110001010110010011110110100110010111001011101000001110101000000100011111111111
110000000110111110100001000000001101101111101111111101100000011000000011011001011101110010111111100100100101100011110111111101000001110110111101010111000000111110111010010011100111101111100000110000111010110001111100101110000011001000010110001011010010001011100011100010111111101001010101111111000100011010000010010000111111101111
111101111110100101001000110100010110100011001011111000100110100010011001001010010110000001011100111111010000101111111111110001010101101001010111001001011001111100000010010010101011101111101101010010010000101000111111001111001110100000000000011100100000100111000111000111111001101010001001010101010111101000001101111001111111111111
110000010100001011001100011110001011101110110111111001100000101011110100010011111000110110010110110000010101010111110111111111000011110110001000010111010001111101110001001010011011000111110001011110010010110100111110001000110100010111110111111110111110100110010001000111111001001110010101101001101001000010000101010001101111101111
111001101001011010100111110100111100111001100111111000111101000100011000001110011111100010001001101010001001100011110111100101001101111110010111110101000101111011000011001111100011100011110111000011111110000001111110110100001110010010010001110010010001110100000110001101010010010110100110101000110101010001000111111000111111111111
110000010100001011001100011110001011101110110111111001100000101011110100010011111000110110010110110000010101010111110111111111000011110110001000010111010001111101110001001010011011100111110001011110010010110100111110001000110100010111110111111110111110100110010001000111111001001110010101101001101001000010000101010001101111101111
110100011011111101001110000000001111000001111011111110101010011000100001111101111001001001000100000010000010110011110011110011111001110001101000000000111100111001001001001000110111011011100010010010001101011110111110100111101011000010101000110110101011000111101110111101101001101100010101011010110001011100111001001101011111111111
111010111110001000111001010111011110110101000101111111111000110101001101011101101101011010101100000110111110100011110111110010110011111000100000000011001011111101011100011100001111000011111100010001000011101010111101110000101110111100110100001001010010111101001111010100011011010101110111100100010000010001110110010011101111101111
110001001000110010010111111001100111010101010111111101100001111111000011010000000001000100011110101110110111001111111011110001110011100101100100100000101111111000000010111111001111101011101100110100111110100011111100001100000100101010010110101001100110010111000111011000010010010001000010101001000011100100001100010110111111101111
110110101110001010110010000110111100001110101101111001100010010110011010010010101100000001111111101100010110111111110111100101000101100101110100011001011111111110110101100001001011101011110101011111111101001100111111110010110100111001011110101000101000110010010110110111010111010110101000111000111010011110110110100111001111101111
111110001000101001000000001111101010101111101101111100111000111001110000000101011101110100000111111001110010111011110111100010000001111000010111001010101111111001011110101000110011010011110011001001001101111111111100101100000110110000110001011110111000001111001110111001110000111000001111101000100101011001110011101110101111111111
111110100010101110101001001110110000001010010101111101101000100011010011100011000010111101001110011111101100011011111111110001110111101011110101000000111101111111110101101001001011010111111011011000000000111100111111000001100111100110110101100110111101010101111101101111110111111000011101110011011001000111101010111100101111111111
111001100010100101101100010101011010000001100001111010110111000101011000000100001100101111101110111110100100000011111011110101001101100100111001010111001010111101111111000010000111001011100000000001111101010000111111001101001111101100110111011100110011001111111110101101110001100010011110000000101011110001110010111010111111101111
110001000110011100011111110111001110111110101111111110101101000011000101011001111101001000000000011100011011001011111011100110111111110111010101001000110101111110110101011100001011001011110110000111010000101000111110100110001001000011101010110100011110100010010110101010011100011101011000110101100100000110011010100001001111111111
111111010001111111011101011000000101011100001101111000100010100000010111110110101001101011010101011101001100000011110111110110101101111001110000010001000001111010000101100100011111110011100001000000010111011010111101011110110010001101110010111100000010001110100000101111001111100100100011100100001111010100110100110010011111111111
111001011100100101101001101001010000000010000111111000100110001110100101011100010111001000100100100001100010001011111111110110011111101001011011001110101011111100111110001010000011101111100010010101010111001110111111111001110011101110000111111011011001011011010001110000000000001100001100001011010101010101001010111100111111101111
111010001011011101110001111011101100011100100001111100110111010001001011000101100011000010011001010010101101011011110111101100101111101000101010001000111011111110000110110010001011100111100111110011011001001100111100000100101011000101001101100001100000100001110010110111001000010001010110010111100000111101111010101010001111111111
110001000001110000001101000101101001011110101001111110111111111101101101101100110110110101010010111011001100110111111011111111000011110110100111000000100000111111001111010010110011110111100001010110000100100110111111111111000000011111000010110000000001110001010110010011110110100110010111001011101000001110101000000100011111111111
110101100010010101111011111010100100010111001001111000110111010110001001100100100100011000011001010010111010100011110111100010100011110101010010000110000001111101101000011000110011110111110110010110001010111101111101111011011011011100010000100110000110011001000101101101101001010100100110011101100000100000101100101010001111111111
110001000001101101000010110011010000011111111011111100110111010000111000110101011001100110110000000100110101111111110111100100001001101001110100000001001000111001100110011111111011000011100111100011111011011000111110100011110011101000110010101111101010011100010011111001101010011110001011111010011001010011000011111000101111101111
111010001000111011110001001100110001100111000111111110101111000110011001100110001100101101001010110100001101110011111011110000111101101110000110000000100000111010010110110010111111100111111110011111110011011000111100001010101101000010000010100010001001011100011000001111000000011011101100110001001000110001001010101110001111111111
110101100010010101111011111010100100010111001001111000110111010110001001100100100100011000011001010010111010100011110111100010100011110101010010000110000001111101101000011000110011110011110110010110001010111101111101111011011011011100010000100110000110011001000101101101101001010100100110011101100000100000101100101010001111111111
110010101100000100111100100111110111010101011011111000111101100001001101011000000001100101101100000110010011100011110111100100000101101101101000010001010011111101010001101010011011011011111000010010111100100101111101101001101010101100101000110010000001011000010001000001111001110001101110000001000000100100101110111110101111111111
110111100010111111110000111010101011100101101111111000110010100000000001010101101010101010100001000001000101001111110011100111100111100101110010100110111010111110001001011010010011001011110110011001010101110000111111010010000110010011101010100001010110000100110101110010111011110100011010000110010110000011101101000010001111101111
111001100010100101101100010101011010000001100001111010110111000101011000000100001100101111101110111110100100000011111011110101001101100100111001010111001010111101111111000010000111001011100000000001111101010000111111001101001111101100110111011100110011001111111110101101110001100010011110000000101011110001110010111010111111101111
110010100110001001000010110001000011001001111001111010111110101101101100010101001010011101011110010100100000100011111111101100101001110010110110011000110011111011111010000011000011010111101101100011111010000110111100111010101110100101101011000000000110101000001110000100010001101010001010000101010001111100110001110001111111101111
110010100110001001000010110001000011001001111001111010111110101101101100010101001010011101011110010100100000100011111111101100101001110010110110011000110011111011111010000011000011010111101101100011111010000110111100111010101110100101101011000000000110101000001110000100010001101010001010000101010001111100110001110001111111101111
110001010100000110010101001011100010110010111001111100111100011100111001111010000001000001001011111001010111011111110011100001010011100000100110101101001110111111000001010100011111101011111011011001110000001001111101011011001001011100010011011010111111001000001001001110011100000001100110010010101101001100111100101001011111101111
110010110010011001111101010110010011101010100101111001101010011010000101001111010100001010001110010110101100101111111011110000101111110010001100000001100111111001010011000001100011110111101110101000101010011000111101000011101011001001000100011111101011001011011110011010110010110000000111010011101001000110011001010011001111111111
110110000010101001101001110111010111000000001001111100101110101000100100100010110110110010011110000110100000000011111011110010111111110010100111100000000111111011100001111010101111011011111100111010001010100111111100110011101100110100000001101111100100101001111101000110100110110001010110011101111000000011110001011101101111111111
111101100111011110111101111111111001110100111101111011101010110000101101000110110001110010101101111111111000101011111011111010000111111101001010001111100000111100100011000010010111110011101110101000010101010010111111100011001100010010001001100011100000111100000001101100101011100110101111010100111011010110100010110001011111111111
110101111010000000010110001110100000010000011001111001111100000000110000100110000000110010101110001110110110010011110111111001111011101110011011110111010101111010011001010010000111111011101011001000011100100010111111101001000100011011000101010101110010000100101000111011000000001110001010111101111100010111110000110010111111101111
111110001000101001000000001111101010101111101101111100111000111001110000000101011101110100000111111001110010111011110111100010000001110000010111001010101111111001011110101000110011010011110011001001001101111111111100101100000110110000110001011110111000001111001110111001110000111000001111101000100101011001110011101110101111111111
111101110101110001101111100100101111010100010101111111101000001111100101111101101100110011110111011100110011011111110011110100101101111101011000101101001001111101111111100101110011000111101011001110110111110001111111100110111011000001101111101101110010010111010011001010011010111100010100000100010011011010000000001010111111111111
111100001101010110011001110011000101110001010001111010101000000000011011010011010110110000000001010001001101001111110111100110010001100110011100010010011100111001101001101010000011110011101100101111111000100101111110001011101000010111111101110100100000100000111001111100100001010101011101111110001000001001110011010110111111101111
111010001000111011110001001100110001100111000111111110101111000110011001100110001100101101001010110110001101110011111011110000111101101110000110000000100000111010010110110010111111100111111110011111110011011000111100001010101101000010000010100010001001011100011000001111000000011011101100110001001000110001001010101110001111111111
111110001111001000000000000011110101101011110001111101100000001011001111000010000001100110110000101100010001100011110011101101011111111100110001110000111001111010011110110010000011011111101100110001110000101010111110000111100100010000001010011111000001100011010010001001000111101111100001010001101101101110010010100111011111111111
111100001101010110011001110011000101110001010001111010101000000000011011010011010110110000000001010001001101001111110111100110010001100110011100010010011100111001101001101010000011110011101100101111111000100101111110001011101000010111111101110100100000100000111001111100100001010101011101111110001000001001110011010110111111101111
111111011101100010110001000000100100010100100111111000110011010010111110000101101111101010101110100011000000010111111011110000011001110101000100110111101001111101000111011100100011100111101010010011001101111101111100011110100000100001011000101011011110010010100000101111010110001100010110111010100100111111100001100111001111101111
111111111100101111100010011000001000000011100001111110101011111000010111111001110101010010011100101110101110010011111111110010010001100011001110011100001111111011010000100010110011100011111010110110000011110000111111100110100110101111010001001101111101100000101011000001010111001001011100100100010100010111101000000010011111111111
111110011001011101101010011001011001011111111101111101100100111000011101010101001100001101100111100010111000111111110111101111101111110001010010010111010100111001111001111001101111101111101101110110101100100100111101101001101011001111100100011000000011110001100110111001100011010110100100101001111100000000101110101111001111111111
110101110010101110100100010001010001101101101111111011100101101000001000010100001110011110010001111000011000111011111011111000011001111001100110110100001100111101101010011000111111000111110010000010101000000000111110101010000110011010010110000000110000111001111001000100100011010011100011110101110011011101010101111101111111111111
111010111110001000111001010111011110110101000101111111111000110101001100011101101101011010101100001110111110100011110111110010110011111000100000000011001011111101011100011100001111000011111100010001000011101010111101110000101110111100110100001001010010111101001111010100011011010101110111100100010000010001110110010011101111101111
110101011101110010111111001000101100000011110101111010101000111001100100101101000101001101101101101000111111111111110011110100001101101001011101110001001010111101001001000001000011110011110010110110110101110011111111010111100011101001111010111100110010111101010110111101111010001100100100000101001011000111000111101101111111101111
110111111110000111110101000011000111111110111011111001110001110010101000011111010111101001110011111111001010001111111111101111011011101111101101110000001000111011011001101001001011000011101101011111111110111111111110110111100110000010100111011110111001000001100001111001000110100011101011110111011000100111001111110101011111111111
110010111111101110001110101111011110110100010101111011101111111001010011000011000100111101101011111100100100110111111111101001010101101101101011100111101001111101111100001001101011100011101001100001000111011110111111011000101100101100100110101110111001110111011000001000011011110001011111100100010011110010110010101010001111111111
110010111111101110001110101111011110110100010101111011101111111001010011000011000100111101101011111100100100110111111111101001010101101101101011100111101001111101111100001000101011100011101001100001000111011110111111011000101100101100100110100110111001110111011000001000011011110001011111100100010011110010110010101010001111111111
111000001011110000001111010001100010011111010111111100101000100001110101000010011000101111011111000011011100011111111111110010100001101000001000101000101010111010001000111100001111011111110001001001100010010111111101001010101000110011010100111011000100010010110110001011111111000010001110000010100100001001001000010101001111101111
111001000000101000100111000101110101101110110011111011100010000110000100110100110000000010011011000101010011000111111011110011100101101110100011100000000010111010010011110100110111000011100001000001110000100111111111101110000111100000011000011111100100001111110001100001100010011100111001011110000101011000010000011111111111101111
110101100010101011010010000011010011101100000011111000110101111001101011010001010010001000001001111110101000111011111111110110000011100010010110000101101101111110101110100000100111111111100000111001110100010110111101000001000010111001011100101000010101010011001111010000011110001011001111111010011011101001000001000110011111101111
111101110001011101111100101000100101010000000101111101100000111100010001111010000101001110000100000000111000000111111111110000010101101011100100110110001100111111100101000011100111001111110111010000001011100010111101111110010101010011110101001100001011010000101100001110001011010010110010101001111000010100001111111010001111101111
111111111011010111111011010100111000000110011001111110101001010110010110110101110001111110011001010111011000100011110011111000011101110000010101100001111001111101110100101100001011011111111111011101100001110100111100111010000111111101101110001011111111101110100010001111001110010010001000001101100110100110101110010100001111101111
110000100111010010010000000000010010011101001101111100110011111111011101001000011111010010101111000001101010111111110011100011010011100111100101010001010001111101010110011011111111011111111110111101100011010010111110100110010110100100011100101111000001011001001111010100010001001101001010110111110000011100011010011010011111111111
110100011011111101001110000000001111000001111011111110101010011000100001111101111001001001000100000010000010110011110011110011111001110001101000000000111100111001001001001000110111011011100010010010001101011110111110100111101011000010101000110110101011000111101110111101101001101100010101011010110001011100111001001111011111111111
111010111110001000111001010111001110110101000101111111111000110101001100011101101101011010101100001110111110100011110111110010110011111000100000000011001011111101011100011100001111000011111100010001000011101010111101110000101110111100110100001001010010111101001111010100011011010101110111100100010000010001110110010011101111101111
110001110001010010011101111010011110110111001001111110111111011000011011000001001111001110111000000000001110001111111111100110101111110111111000011001100010111001011000011000000111001111111000001111010010001010111111001111000011101010110110011001010110100111001100110010111010010101110010111001011100000101111111000011001111111111
110110111011001101011001100000000001101011111011111110101110010001001000001010101010100111111100110000010001101011110111110000111111101111011011110101101010111111001100111000110111011111101010010010101010000111111111010110000100001000101010011010101100110001011001011010101110100101101010100110011111000110110000101000011111101111
111011100011111100000000001001011001101111100111111010101001100101100111010011001000110111011001110010100111111011111011100110100011110101001110100100000111111011010010101111010111000011111111000011110000001100111101010000010001000011000011111100001011001000111010111010001011001010100010001100001101101100000000001101001111101111
110000001100100010101111010000001010101011010011111100100111001111111010101010011011100110010010100100000101001011111011111010000111100001100000000100111101111111010110001111001011001011101001001110010011000100111111001011010100100011111101101100001010110111101011011011000100110011010010110100011001011011001000001110101111111111
110000000000000000000000000000000000000000000001111100100000000000000000000100000000000000000000000000011000000011110011100010000001111110000000000110100000111000001000000000000011001011100000000000000000000000111100000000000000000000111000000000000000000000000000000000000000000000000000000000000000000000000000000000001111101111
111011100011111100000000001001011001101111100111111010101001100101100111010011001000110111011001110010100111111011111011100110100011110101001110100100000111111011010010101111010111000011111111000011010000001100111101010000010001000011000011111100001011001000111010111010001011001010100010001100001101101100000000001101001111101111
111111111101100010110111111111011101000110001101111001100010110001111101110000001111101000111000010101111000001111111011111100100101111101010100011000101110111000100111110011010111000111100011010000000010101101111101100000110101100100100000000011000011001100001000111101100000010100010000001000100010110101100100010111011111101111
111001000100100110101111011110011101000101111001111100100011011011100000000011000100111111010010100000100011111111111011100110001101101010010101100100110010111100100000101101111111011111100111100101001111100010111100001000100000111101110111111101110110011001110010100110001101111001010111110000101010001110110111111110011111111111
111100100100101111110000100110101001111110000111111001101101101100011100000100010111110011011000111000001100111111110011101111000111100010111100100001000010111100101010100110101111000011111100100010101011100110111110001111110110100101011011000000011101011010010001001010100000001010010010100111000011001101101000001101001111101111
111100010011000000111100010100001001000011000101111100100001110100001101000111010000011011011001110000100001110111110011110111010001100001101101001111010000111111011100110111000111001011101111010000001100011000111111101110010000000011001100111110001110110000001100010011111101001111000010000101111111010011101100000000111111101111
110001000110011100011111110111001110111110101111111110101101000011000101011001111101001000000000011100011011001011111011100110111111110111010101001000110101111110110101011100001011001011110110000111010000101000111110100110001001000011101010110100011110100010010110101010001100010101011000110101100100000110011010100001001111111111
111101100111011110101101111111111001110100111101111011101010110000101101000110110001110010101101111111111000101011111011111010000111111101001010001111100000111100100011000010010111110011101110101000010101010010111111100011001100010010001001100011100000111100000001101100101011100110101111110000111011010110100010110001011111111111
110010110010011001111101010110010011101010100101111001101010011010000101001111010100001010001110010110101100101111111011110000101111110010001100000001000111111001010011000001100011110111101110101000101010011000111101000011101011001001000100011111101011001011011110011010110010110000000111010011101001000110011001010011001111111111
111101111100100101001000110100010110100011001011111000100110100010011001001010010110000001011100111111010100101111111111110001010101101001010111001001011001111100000010010010101011101111101101010010010000101000111111001111001110100000000000011100100000100111000111000111111001101010001001010101010111101000001101111001011111111111
111101111001000101001000000111011000001000101101111100101001100100100111111110011101011110111110111100010011011011111011100111000001111001011011110011011110111111101100101110000011101011101100101111100000001011111100011100101101110101010111100011100010011011111000001101010001011010011010001100101101000110111100100011101111101111
110101111010000000010110001110100000010000011001111001111100000000110000100110000000110010101110001110110110010011110111111001111011101110011011110111010101111010011001010010000111111011101011011000011100100010111111101001000100011011000101010101110010000100101000111011000000001110001010111101111100010111110000110110111111101111
110000000110111110100001000000001101101111101111111101100000011000000011011001011101110010111111100100100101100011110111111101000001110110111101010111000000111110111110010011100111101111100000110000111010110001111100101110000011001000010110001011010010001011100011100010111111101001010101111111000100011010000010010000111111101111
111101110001011101111100101000100101010000000101111101100000111100010001111010000101001110000100000000111000000111111111110000010101101011100100110110001100111111100101000011100111001111110111010000001011100010111101111110010101010011110101001100001011010000101100001110001011010010110010101001111000010100001111111010001111101111
111101111001000101001000000111011000001000101101111100101001100100100111111110011101011110111110111100010011011011111011100111000001111001011011110011011110111111101100101110000011101011101100101111100000001011111100011100101101110101010111100011100010011011111000001101010001011010011010001100101101000110111100100011101111101111
111011101010011010101110111101100011010110000001111101111010101000000101010110101100010011100101001111010010001011110111111001111011110101100011001001110111111001110111011110001111010011101010001001111111000001111111110010100011111001110010011010011110010111110001101101101001110100010001001111011011001011111111101001111111111111
110000100111010010010000000000010010011101001101111100110011111111011101001000011111010010101111000001101010111111110011100011010011100111100101010001010001111101010110011011111111011111111110111101100011010010111110100110010110100100011100101111000001011001001111010100010001001101001010110111110000011100011010011010011111111111
110110101000001011110001111101001101001000000001111011100011000101000010000011011110011010011000111110101011111111110011101001101001100000001111011011001100111000010110001100101011111011100100010010011010010010111111000110001101110011001001110100011110001111111111011111101000101100111100000110110001100011110101000000001111111111
110110110001101101100011111011100111010001100111111000110110111011001101010110100110000110110111110111110110101011111011110000000001111100010110010011001100111100110011111101011011111111100100100001000010010111111101110001110110110001111110001001001110000000011110101111000101111000000000101100001000010000100010110101101111101111
110110110101011011010110001110101111011011100011111010110001011010110011011101110100111100001001010101101101010111111111110000010001111010000000010101011000111010111110100011000111000011110000000100111100111100111111010001110111100111111000110101100001101010111010111110111101111100100001000011101110010111110001000010101111111111
110000000100001101001001111011111101100000000111111111111010111010111101110101111001010111011011101001101100101011111111101110000111110010011010011101111010111101111010111111110111110111111110110101101111011010111111101111000100101100100111000111100111011011001011100100110111001001101100101100110011111100011001001001011111101111
110011111011000001111010010100111110101110011111111010101101111110001101111011110010100000010000010000001111011111110011101000110001111000111101011110101010111010001001001110100111000111110000100101010000111110111101100100100110100010010001110000001101100100011001001011101101000000000010101010110011001011000110001101101111111111
110001001000110010010111111001100111010101010111111101100001111111000011010000000001000100011110101110110111001111111011110001110011100101100100100000101111111000000010111111001111101011101100110100111110100011111100001100000100101010010110101001100110010111000111011000010010010001000010101001000011100100001100010110111111101111
110110101110001010110010000110111100001110101101111001100010010110011010010010101100000001111111101100010110111111110111100101000101100101110100011001011111111110110101100001001011101011110101011111111101001100111111110010110100111001011110101000101000110010010110110111010111010110101000111000111010011110110110100111001111101111
111000010111110010101111110110010010100100111111111011101010111011000111111010010111110011000110011110010000000011110011100001100011111101101101111001110100111100011001000101010011101111110111000101000101101010111101101110111101110110010110101110001001000011011110101110111011101100110001001011000011110111011110010100101111101111
110000000000000000000000000000000000000000000001111001100000000000000000000000000000000000000000000000011000000011110011100010000001100000000000000000011010111000000001000000000011001011100000000000000000000000111100000000000000000000000100000000000000000000000000000000000000000000000000000000000000000000000000000000001111101111
111110001000101001000000001111101010101111101101111100111000111001110000000101011101110100000111111001110010111011110111100010000001111000010111001010101111111001011110101000110011010011110011001001001101111111111100101100000110110000110001011110111000001111001110111001110000111000001111101000100101011001110011101110101111111111
111000001011110000001111010001100010011111010111111100101000100001110101000010011000101111011111000011011100011111111111110010100001101000001000101000101010111010001000111100001111011111110001001001100010010111111101001010101000110011010100111011000100010010110110001011111111000010001110000010100100001001001000010101001111101111
111111010010101111000111100101011001001010001001111110111111010000010011010110100110011000001000100011110010100011110011111100001001100100110100001010000101111001110100111011000111001111100110101111110101000011111101100111100111101000110010100100110010001111010010001001000010111111101110001001101010010000011000011111011111111111
110000010100001011001100011110001011101110110111111001100000101011110100010011111000110010010110110000010101010111110111111111000011110110001000010111010001111101110001001010011011000111110001011110010010110100111110001000110100010111110111111110111110100110010001000111111001001110010101101001101001000010000101010001101111101111
110001000110011100011111110111001110111110101111111110101101000011000101011001111101001000000000011100011011001011111011100110111111110111010101001000110101111110110101011100001011001011110110000111010000101000111110100110001001000011101010110100011110100010010110101010011100010101011000110101100100000110011010100001001111111111
110101110010101110100100010001010001101101101111111011100101101000001000010100001110011110010001111000011000111011111011111000011001111001100110110100001100111101101010011000111111000111110010000010101000000000111110101010000110011000010110000000110000111001111001000100100011010011100011110101110011011101010101111101111111111111
111101111001000101001000000111011000001000101101111100101001100100100111111110011101011110111110111100010011011011111011100111000001111001011011110011011110111111101100101110000011101011101100101111100000001011111100011100101101110101010111100011100010011011111000001101010001011010011010001100101101000110111100100011101111101111
111101110000100111101100001100100110000000001001111110100101101110110011001111111100011001100110001110011111111111111011110010011011111011110001000001001011111101001111101101000111100111111011111000011001000001111100001000010011000100000111111001011100111010110011011000011100001101101011100011101101100010111001011010101111111111
111111010010101111000111100101011001001010001001111110111111010000010011010110100110011000001000100011110010100011110011111100001001100100110100001010000101111001110100111011000111001111100110101111110101000011111101100011100111101000110010100100110010001111010010001001000010111111101110001001101010010000011000011111011111111111
111110001100010111110110011011101111011010100111111010111001111010100011001011000000110101111100001010110010110011110111111111000001110111110110010111001000111101101000111101101011000111101110010000100000010011111111111101110011001100111010001110001111101000110111001111111010010000111110000010001000011010110011000001011111101111
111111011101100010110001000000100100010100100111111000110011010010111110000101101111101010101110100011000000010111111011110000011001110101000100110111101001111101000111011100100011100111101010010011001101111101111100011110100000100001011000101011011110010010100000101111010110001100010110111010100100111111100001100111001111101111
110101111110000110011100000011011001001000111011111001111111100000111001000001001100000110111111101111100001001011111111100101110101100010000111000001010101111110001111000010001111101111100110100001000110111101111100011110011100001011110001011010100001111100011010100111101110100010011101101100001111111010101000111000011111111111
110101100010110001001010011010100001010011001011111011111101110111100111111100111110111010111111101111111011000111111111101100111101111000110011111011111000111111100101111011110011001011111000001101101100000111111111010101000000010101111011001001001011011110000001011000010000000011111111111010000101110011000100010100111111111111
111010100001110100100101101011010110001100000101111101100101010001000101111100001101010010110000111111110100000011110111101000100011100000100101000110011000111100110011001110001111011011111000111101010000111001111101001011010011000101100001011001001101110100001010111000011010001010100111011111010010011101100111000001011111101111
111000111101011100100100110110011001000101000011111100111101111000100100001010011101110001101010010000000010010011111011110110010101111010011100100011111111111101000100101001001111110111111001101100001000011011111111011111111101100001101110001001000000011110111000111001100100000100001100111001101110111101010011011101111111101111
110010101100000100111100100111110111010101011011111000111101100001001101011000000001100101101100000110010011100011110111100100000101101101101000010001010011111101010001101010011011011011111000010010111100100101111101101001101010101100101000110010000001011000010001000001111001110001101100000001000000100100101110111110101111111111
110101110010101110100100010001010001101101101111111011100101101000001000010100001110011110010001111000011000111011111011111000011001111001100110110100001100111101101010011000111111000111110010000010101000000000111110101010000110011010010110000000110000111001111001000100100011010011100011110101110011011101010101111101111111111111
110011111100100011011011000010101110110010011101111100101011011000010101110011010100100100111101000110001100101011111111101110011111101111111100110001101010111111000010111011000111110111101010011001011100011000111100001110000010101110001110011000010100001001100000100001011010000100111110110101110011111110111110101101001111101111
111010001000111011110001001100110001100111000111111110101111000110011001100110001100101101001010110100001101110011111011110000111101101110000110000000100000111010010110110010111111100111111110011111110011011000111100001010101101000010000010100010001001011100011000001111000000011011101100110001001000110001001010101110001111111111
111011100011111100000000001001011001101111100111111010101001100101100111010011001000110111011001110010100111111011111011100110100011110101001110100100000111111011010010101111010111000011111111000011110000001100111101010000010001000011000011111100001011001000111010111010001011001010100010001100001101101100000000001101001111101111
110000110101000010001010101111101000101111101001111100111001110000001100010111010000110101100101111011100100010011110111110001010011111111110000111110100100111011000110101000101111011111111001000011011111110100111100111110001011100111010010001101000101001010111110101011100001111110100000011001001010111000011001011111101111111111
110001001011100100000101000110011000011010011001111101101110010100001111010001000101110110110101000111100011001011111111100100001111100001010011110111100011111001111011101111100011111011100011011011100101101001111100101110101100101110101010100101101110111101010000101000010000011101000100101010000100001111100011100010001111111111
111100001101010110011001110011000101110001010001111010101000000000011011010011010110110000000001010001001101001111110111100110010001100110011100010010011100111001101001101010000011110011101100101111111000100101111110001011101000010111111101110100100000100000111001111100100001010101011101111110001000001001110011010110111111101111
110001001000110010010111111001100111010101010111111101100001111111000011010000000001000100011110101110110111001111111011110001110011100101100100100000101111111000000010111111001111101011101100110100111110100011111100001100000100101010010110101001100110010111000111011000010010010001000010101001000011100100001100010110111111101111
110101101000110000010100010001011110000001100011111101110001110001111000010110000011100110000110001110100011101011110011101010010101100110001101001011011100111000101011011100110111111111111000100001111110111111111101000011000110001101100101101110001000101110111111110010001101111100010100000100110110110111000111000000011111111111
111010110100100101111000100110010111101101101101111000101011000011110000000101110111110011000010000110110010100111110111110000001101111001100011111111110000111100011011100100101011001111111101001100111001010010111111111111011001011001000101011100110001010110100001111100001010000101111010101011111010001100111100101111101111111111
111000010111110010101111110110010010100100111111111011101010111011000111111010010111110011000110011110010000000011110011100001100011111101101101111001110100111100011001000101010011101111110111000101000101101010111101101110111101110110010110101110001001000011011110101110111011101100110001001011000011110111011110010100101111101111
111111100110010101111000110101001000010011000111111001111000110101100001100011110111001001011111000100101010100011111111100111010001100111100111110111011101111010100101001010110111001111110001010000000011001011111111100111111100110010000001000011110011010001011011000111110000011000011111100011010101111011010001011011001111101111
110011100000101100000100010110010011100110110011111110111110011000010110101100101110000010110001101011100000111011111111101010110111101101000101110111001111111000010000011101001111111111111010000101101101010100111100110011000110100011000010101101010000011010001110110011001000000010111100100000110010001101110110010110111111101111
111001101001011010100111110100111100111001100111111000111101000100011000001110011111100010001001101010001001100011110111100101001101111110010111110101000101111011000011001111100011100011110111000011111110000001111110110100001110010010010001110010010001110100000110001101010010010110100110101000110101010001000111111000111111111111
111010010001000010111111111000110111111010001101111000111000001011110001111100000110011101100011011010100100011011111011110001110111110111001100010100010001111110100110111000001111100011101011000001100110100010111110010001010011011010010000100010011111011100100001000011101100111001100010110110101010100001000000010101111111111111
110111111110000111110101000011000111111110111011111001110001110010101000011111010111101001110011111111001010001111111111101111011011101111101101110000001000111011011001101001001011000011101101011111111110111111111110110111100110000010100111011110111001000001100001111001000110100011101011110111011000100111001111110101011111111111
111111111011010111111011010100111000000110011001111110101001010110010110110101110001111110011001010111011000100011110011111000011101110000010001100001111001111101110100101100001011011111111111011101100001110100111100111010000111111101101110001011111111101110100010001111001110010010001000001101100110100110101110010100001111101111
111100010011000000111100010100001001000011000101111100100001110100001101000111010000011011111001110000100001110111110011110111010001100001101101001111010000111111011100110111000111001011101111010000001100011000111111101110010000000011001100111110001110110000001100010011111101001111000010000101111111010011101100000000111111101111
111110011001011101101010011001011001011111111101111101100100111000011101010101001100001101100111100010111000111111110111101111101111110001010010010111010100111001111001111001101111101111101101110110101100100100111101101001101011001111100100011000000011110001100110111001100011010110100100101001111100000000101110101111001111111111
110000110001000111001000001101001001110010110001111010101101111010010101000000011110011000011100000011100010100011111011101110100111110010110101011110011000111100101001000101111011001011110110001000101001100100111111111010101001001111011110010010101010101000011110001010010100100010011101011010101001010100011010101101001111111111
111101110001011101111100101000100101010000000101111101100000111100010001111010000101001110000100000000111000000111111111110000010101101011100100110110001100111111100101000011100111001111110111010000001011100010111101111110010101010011110101001100001011010000101100001110001011010010110010101001111000010100001111111010001111101111
110001000110011100011111110111001110111110101111111110101101000011000101011001111101001000000000011100011011001011111011100110111111110111010101001000110101111110110101011100001011001011110110000111010000101000111110100110001001000011101010110100011110100010010110101010011100010101011000110101100100000110011010100001001111111111
111011000011101001101001011111000101011101110011111110110000111000100111010000010100111010000101110000100001010111111011101100010111100100101011000000010011111110100110100010100111111111100100010000000001011101111100101000001101111010100111000100001101011111101011101000111000000001011111100111101001001100101110001111101111111111
110100010011000000010100100011110110111010010011111010100101101001100111010010111100110010000011010000011110100111111111100101011111100111110110011101110010111010111000111111100011010011101011110001010010001010111100010011010111100100110100110010001011111010100101111000100001011011000010001000011100100000000010101111011111111111
110101100010010101111011111010100100010111001001111000110111010110001001100100100100011000011001010010111010100011110111100010100011110101010010000110000001111101101000011000110011110011110110010110001010111101111101111011011011011100010000100110000110011001000101101101101001010100100110011101100000100000101100101010001111111111
110001000001101101000010110011010000011111111011111100110111010000111000110101011001100110110000000100110101111111110111100100001001101001110100000001001000111001100110011111111011000011100111100011111011011000111110100011110011101000110010101111101010011100010011111001101010011110001011111010011001010011000011111000101111101111
110001001000111111001000011000101100101010000011111110100111000000101100001001110111111001010011101010001000100111110011101001010101101001000010000011000011111001100110001101111111000011101101101111000010111011111110001101110010011001010111011010000000101001100001010101100110001000100100001011001001001001010111010101111111101111
111010110110001000111110101111000011100001000101111101111001000010010000011101101000100011111100010011100010010111111111100011101101100000001110111101010110111110101101111010111111011011110011001100111000011111111101101100100111000101101111111000110000100100111001011110110110010001110111111011101001101011110111001000001111111111
110010100110001001000010110001000011001001111001111010111110101101101100010101001010011101011110010100100000100011111111101100101001110010110110011000110011111011111010000011000011010111101101100011111010000110111100111010101110100101101011000000000110101000001110000100010001101010001010000101010001111100110001110001111111101111
111101111110100101001000110100010110100011001011111000100110100010011001001010010110000001011100111111010100101111111111110001010101101001010111001001011001111100000010010010101011101111101101010010010000101000111111001111001110100000000000011100100000100111000111000111111001101010001001010101010111101000001101111001011111111111
110011110110100111100111001100001000101110101101111110100000110001100010100011011101011000111000100101000010100111110111101011000001100110011100100000010101111100111100001111001111001011101001100100011011111111111100110110010111110011011000011101000111000001100001110010111100100011110010011100100000000010010100101000001111111111
110101100010101011010010000011010011101100000011111000110101111001101011010001010010001000001001111110101000111011111111110110000011100010010110000101101101111110101110100000100111111111100000111001110100010110111101000001000010111001011100101000010101010011001111010000011110001011001111111010011011101001000001000110011111101111
110110101110001010110010000110111100001110101101111001100010010110011010010010101100000001111111101100010110111111110111100101000101100101110100011001011111111110110101100001001011101011110101011111111101001100111111110010110100111001011110101000101000110010010110110111010111010110101000111000111010011110110110100111001111101111
111001011110000000100000011011010010011111111001111011101100110001011000011100100100010110010011010101001101101011111011100011011001100010011111001111110001111101011010010000101011100011100100011110100011101100111101011100110101011110001000000001111101111000111111101101010011000101111001111100011001010111010110110010111111101111
111110001111001000000000000011110101101011110001111101100000001011001111000010000001100110110000101100010001100011110011101101011111111100110001110000111001111010011110110010000011011111101100110001110000101010111110000111100100010000001010011111000001100011010010001001000111101111100001010001101101101110010010100111011111111111
111001100010100101101100010101011010000001100001111010110111000101011000000100001100101111101110111110100100000011111011110101001101100100111001010111001010111101111111000010000111001011100000000001111101010000111111001101001111101100110111011100110011001111111110101101110001100010011110000000101011110001110010111010111111101111
111011000011000010000100100111100101111010110101111100100001011010100100100101111010000010000011011000011111111111110011101111001011100001111110101011101000111000110010000111111111000011110000011111100011001110111100001111010110101000011101011000111100011001001111100011010010010110110000001000101010100011110010000101011111111111
110111101100001111101001010101001100000111110101111011111111011000101110001001111101011111101010100001100001010111110011110111110111110110100110100111010111111101101001000011100011011111110010111001100001000100111110000100110010001110110001110001100101010000101110010001000111011100001011001010100000100110110001000111001111101111
110000000110111110100001000000001101101111101111111101100000011000000011011001011101110010111111100100100101100011110111111101000001110110111101010111000000111110111110010011100111101111100000110000111010110001111100101110000011001000010110001011010010001011100011100010111111101001010101111111000100011010000010010000111111101111
111001000000101000100111000101110101101110110011111011100010000110000100110100110000000010011011000101010011000111111011110011100101101110100011100000000010111010010011110100110111000011100001000001110000100111111111101110000111100000011000011111100100001111110001100001100010011100111001011110000101011000010000011111111111101111
110010111111101110001110101111011110110100010101111011101111111001010011000011000100111101101011111100100100110111111111101001010101101101101011100111101001111101111100001001101011100011101001100001000111011110111111011000101100101100100110100110111001110111011000001000011011110001011111100100010011110010110010101010001111111111
111101111001000101001000000111011000001000101101111100101001100100100111111110011101011110111110111100010011011011111011100111000001111001011011110011011110111111101100101110000011101011101100101111100000001011111100011100101101110101010111100011100010011011111000001101010001011010011010001100101101000110111100100011101111101111
110000000100001101001001111011111101100000000111111111111010111010111101110101111001010111011011101001101100101011111111101110000111110010011010011101111010111101111010111111110111110111111110110101101111011010111111101111000100101100100111000111100111011011001011100100110111001001101100101100110011111100011001001001011111101111
110110000010101001101001110111010111000000001001111100101110101000100100100010110110110010011110000110100000000011111011110010111111110010100111100000000111111011100001111010101111011011111100111010001010100111111100110011101100110100000001101111100100101001111101000110100110110001010110011101111000000011110001011101101111111111
111011010000111111111000110001111000101100111001111001110011111000001000001001011010011011111000000100101000101111110011100100001101111000010001110011001111111101000011111110101111011011100000111000110110110111111100000001110011111010101100001011101000111111110011000001100111110111010001110010110100100100110101010111101111101111
111111010001111111011101011000000101011100001101111000100010100000010111110110101001101011010101011101001100000011110111110110101101111001110000010001000001111010000101100100011111110011100001000000010111011010111101011110110010001101110010111100000010001110100000101111001111100100100011100100001111010100110100110010011111111111
111101010100001111101010111100010011000100000101111000101110100110101001011011111010000100000000011111010100111011110011101010101011100110010111011000101101111100100010000110001011011111110010110000001001010100111110100011111110000000111001110010100111000110100101000101010011101101001101100011100101000001000001101010111111111111
111111111100101111100010011000001000000011100001111110101011111000010111111001110101010010001100101110101110010011111111110010010001100011001110011100001111111011010000100010110011100011111010110110000011110000111111100110100110101111010001001101111101100000101011000001010111001001011100100100010100010111101000000010011111111111
110101100010110001001010011010100001010011001011111011111101110111100111111100111110111010111111101111111011000111111111101100111101111000110011111011111000111111100101111011110011001011111000001101101100000111111111010101000000010101111011001001001011011110000001011000010000000011111111111010000101110011000100010100111111111111
110110110101011011010110001110101111011011100011111010110001011010110011011101110100111100001001010101101101010111111111110000010001111010000000010101011000111010111110100011000111000011110000000100111100111100111111010001110111100111111000110101100001101010111010111110111101111100100001000011101110010111110001000010101111111111
111101001100011000000001000001110010100010001001111000100110011110101110100111001111000010000001110110000110011111110011111011001001110111100010100000000100111100111111100000010111110011100100011010001101100011111110110011010010000101111001001010111111001010001100100111000111010001011110000111001110100100010000000010111111101111
111110001100010111110110011011101111011010100111111010111001111010100011001011000000110101111100001010110010110011110111111111000001110111110110010111001000111101101000111101101011000111101110010000100000010011111111111101110011001100111010001110001111101000110111001111111010010000111110000010001000011010110011000001011111101111
111010111110001000111001010111011110110101000101111111111000110101001100011101101101011010101100001110111110100011110111110010110011111000100000000011001011111101011100011100001111000011111100010001000011101010111101110000101110111100110100001001010010111101001111010100011011010101110111100100010000010001110110010011101111101111
111101100111011110111101111111111001110100111101111011101010110000101101000110110001110010101101111111111000101011111011111010000111111101001010001111100000111100100011000010010111110011101110101000010101010010111111100011001100010010001001100011100000111100000001101100101011100110101111110100111011010110100010110001011111111111
111110001111111110101010100000000111011111110111111010101010000000001110010011010011110101110011010011110001001011110111101111000001110111100001110101000001111111111011100100110111111111110111111001100010111111111110110111100111011011001100001111100101101000010000001101010010110011011100110011110011100101101001011000111111111111
111111111101100010110111111111011101000110001101111001100010110001111101110000001111101000111000010101111000001111111011111100100101111101010100011000101110111000100111110011010111000111100011010000000010101101111101100000110101100100100000000011000011001100001000111101100000010100010000001000100010110101100100010111011111101111
110111001000111100101101101110011001101101010001111001111100001010001100011101100001000001100110100101000110010011110111111110111001110100010100001101000101111010100000011111100011000111111110111110011000110100111111001111000011010111011001001110011101001010010010010100010101001100110110101101100100001110101100101010011111101111
111110001000101001000000001111101010101111101101111100111000111001110000000101011101110100000111111001110010111011110111100010000001111000010111001010101111111001011110101000110011010011110011001001001101111111111100101100000110110000110001011110111000001111001110111001110000111000001111101000100101011001110011101110101111111111
110100110101101000100000011010011101101001011101111011111000110101000011000001011001110011111110001011100111110011110011111010100111100011011100001110111001111110001010001011010111000111110001100010010011111111111111000000010001010001010110110010100000010111100001011011100000111110010010101000001010110010110010000011111111111111
111011110001110000010111100011001011000000111001111000111111110010101000010100011100001100000011111111010111101011110111101111011111110000011011010101010110111001011010010111110011011011110100011111010100101110111111000110100101101011111111011001000001011000100000101101001011010010111010000110111000100011100011111111011111111111
110001010100000110010101001011100010110010111001111100111100011100111001111010000001000001001011111001010111011111110011100001010011100000100110101101001110111111000011010100011111101011111011011001110000001001111101011011001001011100010011011010111111001000001001001110011100000001100110010010101101001100111100101001011111101111
110000010000010000111110100001011111000001010101111111100000001110001010000110011111111001011000001010001010100111111011100011110101100001010001101010110100111110001001011001111011011111100010000001100101111001111110111100101100100011111101011000101001000101011110100100111100101100011000010111000001011011001100101011101111101111
111100101110000100010100001000100000011101010101111110100001110100010111000011101111100011000011110011110010001011111111110111110111110001101100100000011010111110111101010000111111010111111111011001111111001010111101000011100110010011111010111011010101111000111001111001110011011101000010011010101001010001110011100110111111111111
110011111011000001111010010100111110101110011111111010101101111110001101111011110010100000010000010000001111011111110011101000110001111000111101011110101010111010001001001110100111000111110000100101010000111110111101100100100110100010010001110000001101100100011001001011101101000000000010101010110011001011000110001101101111111111
111100000011110011101010001110111110111100010001111110101110111110011011110001000101011101000110010110101101000111110011101101101101101001111010010011011011111111110011111110110011000011111110010110111001011110111111001001000101001010000110000101011110011111101111101011010110001101011111001100110111111001101010111110101111111111
111110011010101101010011011011001110011101101101111110111100001011100101010011100100010001010000011111111111111111111111110010110011110011111101110111000011111100101000010110001011011111100111000000101111011011111100000111100001000011110100000111010110111100111110110101001111011100000011000011001110110011000010010100011111111111
111001000100100110101111011110011101000101111001111100100011011011100000000011000100111111010010100000100011111111111011100110001101101010010101100100110010111100100000101101101111011111100111100101001111100010111100001000100000111101110111111101110110011001110010100110001101111001010111110000101010001110110111111110011111111111
111111010010101111000111100101011001001010001001111110111111010000010011010110100110011000001000100011110010100011110011111100001001100100110100001010000101111001110100111011000111001111100110101111110101000011111101100011100111101000110010100100110010001111010010001001000010111111101110001001101010010000011000011111011111111111
110101111110000110011100000011011001001000111011111001111111100000111001000001001100000110111111101111100001001011111111100101110101100010000111000001010101111110001111000010001111101111100110100001000110111101111100011110011100001011110001011010100001111100011010100111101110100010011101101100001111111010101000111000011111111111
111100100100101111110000100110101001111110000111111001101101101100011100000100010111110011011000111000001100111111110011101111000111100010111100100001000010111100101010100110101111000011111100100010101011100110111110001111110110100101011011000000011101011010010001001010100000001010010010100111000011001101101000001101001111101111
110010000101010011101110110001001100000101000101111000100111110110001101101110101110100101000010000110110001110111111111101100001011111100111000100011101000111011111111111010011011111111101110100101000100111010111100110101101010110000010110000001011011100011101100100000100001001011110101001001110010110101001110001111101111101111
110000100111010010010000000000010010011101001101111100110011111111011101001000011111010010101111000001101010111111110011100011010011100111100101010001010001111101010110011011111111011111111110111101100011010010111110100110010110100100011100101111000001011001001111010100010001001101001010110111110000011100011010011010011111111111
111110001001001110101111000011000011010110001111111111100101000011100111000110111100100011000101011011000101000011110011110010010011111001111010110001010001111000100001010010001011000111100111011000010010111010111111100101110110100111101001110000101111100010000100100101001011001100110101000011001011111110100101010101111111101111
110111100010111111110000111010101011100101101111111000110010100000000001010101101010101010100001000001000101001111110011100111100111100101110010100110111010111110001001011010010011001011110110011001010101110000111111010010000110010011101010100001010110000100110101110010111011110100011010000110010110000011101101000010001111101111
111110110110111001010001111111110010000101000001111101110010010111001110010100001111111101100110000100001001101011110111110110000011100011100010010011001100111101011100010100001111111011111000100100100000000011111100111011110001100011111010111010011111111011100100111011001010011111110111100000001101011110110110111101011111111111
111111011101100010110001000000100100010100100111111000110011010010111110000101101111101010101110100011000000010111111011110000011001110101000100110111101001111101000111011100100011100111101010010011001101111101111100011110100000100001011000101011011110010010100000101111010110001100010110111010100100111111100001100111001111101111
111011101010011010101110111101100011010110000001111101111010101000000101010110101100010011100101001111010010001011110111111001111011110101100011001001110111111001110111011110001111010011101010001001111111000001111111110010100011111001110010011010011110010111110001101101101001110100010001001111011011001011111111101001111111111111
111000001011110000001111010001100010011111010111111100101000100001110101000010011000101111011111000011011100011111111111110010100001101000001000101000101010111010001000111100001111011111110001001001100010010111111101001010101000110011010100111011000100010010110110001011111111000010001110000010100100001001001000010101001111101111
110110101000001011110001111101001101001000000001111011100011000101000010000011011110011010011000111110101011111111110011101001101001100000001111011011001100111000110110001100101011111011100100010010011010010010111111000110001101110011001001110100011110001111111111011111101000101100111100000110110001100011110101000000001111111111
111001011100100101101001101001010000000010000111111000100110001110100101011100010111001000100100100001100010001011111111110110011111101001011011001110101011111100111110001010000011101111100010010101010111001110111111111001110011101110000111111011011001011011010001110000000000001100001100001011010101010101001010111100111111101111
111110100010101110101001001110110000001010010101111101101000100011010011100011000010111101001110011111101100011011111111110001110111101011110101000000111101111111110101101001001011010111111011011000000000111100111111000001100111100110110101100110111101010101111101101111110111111000011101110011011001000111101010111100101111111111
110101111010000000010110001110100000010000011001111001111100000000110000100110000000110010101110001110110110010011110111111001111011101110011011110111010101111010011001010010000111111011101011011000011100100010111111101001000100011011000101010101110010000100101000111011000000001110001010111101111100010111110000110110111111101111
110101000000100001110110100101111100100110001101111000100110010000000011000101011111100011101001101010100010000011111111100011000111110011001110000110111000111011011101000101100111101111111000000001010100111111111101000011101000111011000001001010101110000000110001010111110101010111110000011101000100010100111000010011111111101111
111100001101011011101101111000010011011111001101111100100101010010101010011101111101110111001101000110100111100011110111111110011111111101110001110000000110111001000101001100111111111011110010001100110000111000111100000010000001101011001010110000100110101001100100111000111000100010001100011110101001100111111110011010001111101111
111010001011011101110001111011101100011100100001111100110111010001001011000101100011000010011001010010101101011011111111101100101111101000101010001000111011111110000110110010001011100111100111110011011001101100111100000100101011000101001101100001100000100001110010110110001000010001010110010111100000111101111010101010001111111111
110100011011111101001110000000001111000001111011111110101010011000100001111101111001001001000100000010000010110011110011110011111001110001101000000000111100111001001001001000110111011011100010010010001101011110111110100111101011000010101000110110101011000111101110111101101001101100010101011010110001011100111001001111011111111111
110100011101101011110000111110100110011100111001111100100011011011010001011111101110110000100110000011011101111111111111111001111001101111010001111010111111111110110011111011111111111111111010011111111101101000111111000101011010000000110110000100010100100001010000101110101000011110011111111100011101100110010001010011011111101111
111101110000100111101100001100100110000000001001111110100101101110110011001111111100011001100110001110011111111111111011110010011011111011110001000001001011111101001111101101000111100111111011111000011001000001111100001000010011000100000111111001011100111010110011011000011100001101101011100011101101100010111001011010101111111111
111100110010111101100001010100100000000010111011111111101011100000100101111101100000011010010000001100111000100111111111110011111111101110101010000001100000111011100100101110111011010111101010011110010000001100111100011110010000110100000110010001111110001010111101110011000111001010100000010110101110010111100101110000111111111111
110101011101110010111111001000101100000011110101111010101000111001100100101101000101001101101101101000111111111111110011110100001101101001011101110001001010111101001001000001000011110011110010110110110101110011111111010111100011101001111010111100110010111101010110111101111010001100100100000101001011000111000111101101111111101111
110101000110001111111110010101101111101110111101111011101111001001100111100100010010100110001011100111100110000111111111111110010101110101010010000101000011111000010011101000110011000111101111100111100001010000111101010000001110110001101100111000001010111010000101001111011110101101010111111010110011111100011101110101111111101111
110110110001101101100011111011100111010001100111111000110110111011001101010110100110000110110111110111110110101011111011110000000001111100010110010011001100111100110011111101011011111111100100100001000010010111111101110001110110110001111110001001001110000000011110101111000101111000000000101100001000010000100010110101101111101111
110000001100100010101111010000001010101011010011111100100111001111111010101010011011100110010010100100000101001011111011111010000111100001100000000100111101111111010110001111001011001011101001001110010011000100111111001011010100100011111101101100001010110111101011001011000100110011010010110100011001011011001000001110101111111111
110011000100010011001111010011000010010111011111111001100001100000011111101010110111001101000011000111011011101111110111111010111101110101001000000011010011111110010001001110001111001111110011001010100000110000111110001010101010101001001100011000101001010110010111011001001001011010010010011001111110100110010110000010001111101111
110010110010011001111101010110010011101010100101111001101010011010000101001111010100001010001110010110101100101111111011110000101111110010001100000001000111111001010011000001100011110111101110101000101010011000111101000011101011001001000100011111101011001011011110011010110010110000000111010011101001000110011001010011001111111111
111010110011101000110110110110111010101100011101111010111101001111010001001000100100100100010110001111000101010011111111100000010001110010010110110111001111111110111010000011100011101111100011110100010010001110111101011100111010100010101010001101010101001011000010000100010101010000111100011111110111000000011011101110101111111111
110110111011001101011001100000000001101011111011111110101110010001001000001010101010100111111100110000010001101011110111110000111111101111011011110101101010111111001100111000110111011111101010010010101010000111111111010110000100001000101010011010101100110001011001011010101110100101101010100110011111000110110000101000011111101111
110000010100001011001100011110001011101110110111111001100000101011110100010011111000110110010110110000010101010111110111111111000011110110001000010111010001111101110001001010011011000111110001011110010010110100111110001000110100010111110111111110111110100110010001000111111001001110010101101001101001000010000101010001101111101111
111010110010101110110001100110001111010001010001111001110000001110001010001111111010010101011101111011001010101011111111100111111011111010010100111110100111111101011010011011011111100011110000110010011110011000111100010000101110001010111000011111100011011011100001101101101000000000000011110101101000000001110000000101011111101111
111111001011100010010001011011100000100001110111111101110000000011101100101010001101000000110000101000010000000011110111101011111011110000010011011101000100111000101001110001000111010011111111100110000111111110111100101000010010101010000111001110011011001010100101110101010001011000001110011111000111001000001001111010101111101111
~~~
81.0 146.0 91.0 368.0 1806.0 
90.0 157.0 87.0 360.0 1738.0 
106.0 161.0 88.0 326.0 1687.0 
89.0 159.0 92.0 324.0 1762.0 
89.0 161.0 90.0 325.0 1711.0 
73.0 139.0 106.0 340.0 1950.0 
89.0 161.0 90.0 325.0 1711.0 
83.0 145.0 106.0 305.0 1840.0 
81.0 146.0 91.0 368.0 1806.0 
66.0 146.0 100.0 363.0 1857.0 
79.0 137.0 103.0 348.0 1972.0 
62.0 146.0 97.0 381.0 1843.0 
85.0 165.0 93.0 292.0 1685.0 
83.0 157.0 98.0 292.0 1705.0 
75.0 146.0 97.0 349.0 1859.0 
106.0 161.0 88.0 326.0 1687.0 
70.0 138.0 102.0 395.0 1963.0 
96.0 159.0 86.0 333.0 1706.0 
0.0 279.0 28.0 106.0 509.0 
80.0 126.0 99.0 416.0 2059.0 
86.0 165.0 92.0 323.0 1692.0 
70.0 145.0 100.0 362.0 1883.0 
89.0 152.0 104.0 295.0 1768.0 
89.0 158.0 95.0 297.0 1726.0 
71.0 144.0 96.0 376.0 1849.0 
86.0 159.0 92.0 325.0 1738.0 
85.0 164.0 94.0 292.0 1699.0 
78.0 129.0 109.0 383.0 2002.0 
75.0 132.0 114.0 298.0 2003.0 
79.0 136.0 103.0 350.0 1977.0 
85.0 164.0 94.0 292.0 1699.0 
63.0 158.0 87.0 387.0 1779.0 
74.0 160.0 95.0 336.0 1681.0 
81.0 151.0 93.0 382.0 1789.0 
75.0 137.0 103.0 353.0 1969.0 
77.0 132.0 111.0 356.0 1967.0 
94.0 147.0 104.0 301.0 1778.0 
63.0 158.0 87.0 387.0 1779.0 
79.0 162.0 90.0 341.0 1672.0 
96.0 160.0 85.0 333.0 1699.0 
80.0 157.0 90.0 363.0 1702.0 
79.0 162.0 90.0 341.0 1672.0 
76.0 127.0 109.0 394.0 2019.0 
84.0 159.0 88.0 377.0 1735.0 
82.0 133.0 97.0 430.0 2006.0 
96.0 154.0 89.0 378.0 1740.0 
74.0 150.0 99.0 344.0 1826.0 
77.0 147.0 104.0 308.0 1793.0 
82.0 137.0 103.0 344.0 1960.0 
77.0 133.0 110.0 356.0 1960.0 
73.0 139.0 106.0 340.0 1950.0 
64.0 147.0 99.0 363.0 1847.0 
81.0 155.0 99.0 301.0 1726.0 
75.0 148.0 101.0 329.0 1815.0 
87.0 159.0 91.0 339.0 1728.0 
69.0 153.0 95.0 352.0 1798.0 
80.0 126.0 99.0 416.0 2059.0 
68.0 134.0 107.0 369.0 1968.0 
96.0 158.0 104.0 286.0 1722.0 
63.0 158.0 87.0 387.0 1779.0 
0.0 130.0 112.0 360.0 2029.0 
81.0 151.0 93.0 382.0 1789.0 
77.0 147.0 104.0 308.0 1793.0 
94.0 147.0 104.0 301.0 1778.0 
84.0 153.0 102.0 305.0 1769.0 
72.0 149.0 99.0 345.0 1816.0 
80.0 158.0 90.0 360.0 1690.0 
66.0 146.0 100.0 363.0 1857.0 
71.0 137.0 107.0 340.0 1952.0 
97.0 152.0 96.0 319.0 1748.0 
90.0 155.0 90.0 349.0 1791.0 
74.0 141.0 99.0 366.0 1940.0 
81.0 146.0 91.0 368.0 1806.0 
77.0 154.0 102.0 298.0 1762.0 
106.0 161.0 88.0 326.0 1687.0 
86.0 152.0 100.0 322.0 1742.0 
81.0 155.0 95.0 310.0 1758.0 
89.0 158.0 95.0 339.0 1669.0 
74.0 151.0 95.0 324.0 1818.0 
93.0 152.0 89.0 378.0 1753.0 
74.0 150.0 96.0 324.0 1828.0 
79.0 155.0 97.0 323.0 1750.0 
83.0 146.0 106.0 296.0 1831.0 
84.0 158.0 89.0 377.0 1745.0 
81.0 138.0 104.0 354.0 1856.0 
66.0 146.0 100.0 363.0 1857.0 
69.0 132.0 103.0 388.0 2004.0 
77.0 150.0 96.0 345.0 1807.0 
92.0 150.0 88.0 382.0 1809.0 
84.0 156.0 92.0 332.0 1750.0 
77.0 154.0 102.0 298.0 1762.0 
96.0 156.0 96.0 306.0 1751.0 
84.0 149.0 102.0 328.0 1772.0 
89.0 160.0 91.0 325.0 1719.0 
87.0 150.0 92.0 362.0 1786.0 
87.0 159.0 91.0 339.0 1728.0 
89.0 161.0 90.0 325.0 1711.0 
89.0 164.0 87.0 311.0 1666.0 
88.0 159.0 95.0 303.0 1709.0 
77.0 150.0 96.0 345.0 1807.0 
106.0 161.0 88.0 326.0 1687.0 
106.0 161.0 88.0 326.0 1687.0 
104.0 157.0 91.0 335.0 1729.0 
88.0 156.0 94.0 308.0 1793.0 
82.0 151.0 103.0 304.0 1810.0 
76.0 139.0 114.0 329.0 1877.0 
83.0 160.0 88.0 360.0 1667.0 
66.0 147.0 100.0 356.0 1846.0 
80.0 131.0 107.0 372.0 2012.0 
88.0 160.0 89.0 329.0 1718.0 
87.0 158.0 92.0 339.0 1742.0 
85.0 161.0 100.0 308.0 1675.0 
88.0 160.0 89.0 329.0 1718.0 
69.0 153.0 95.0 352.0 1798.0 
98.0 151.0 96.0 321.0 1759.0 
76.0 135.0 103.0 369.0 1989.0 
84.0 156.0 98.0 309.0 1684.0 
83.0 146.0 105.0 305.0 1828.0 
76.0 139.0 106.0 361.0 1921.0 
69.0 123.0 116.0 383.0 2092.0 
63.0 133.0 108.0 369.0 1982.0 
68.0 135.0 106.0 369.0 1958.0 
79.0 164.0 87.0 348.0 1736.0 
88.0 165.0 91.0 301.0 1665.0 
91.0 158.0 92.0 325.0 1712.0 
78.0 160.0 85.0 377.0 1679.0 
70.0 137.0 102.0 396.0 1970.0 
77.0 147.0 104.0 308.0 1793.0 
79.0 154.0 97.0 324.0 1760.0 
84.0 147.0 105.0 303.0 1820.0 
75.0 144.0 98.0 361.0 1884.0 
94.0 147.0 104.0 301.0 1778.0 
86.0 158.0 97.0 292.0 1698.0 
80.0 155.0 86.0 379.0 1782.0 
0.0 276.0 28.0 118.0 537.0 
85.0 159.0 97.0 291.0 1685.0 
89.0 158.0 95.0 297.0 1726.0 
70.0 141.0 99.0 394.0 1962.0 
95.0 157.0 90.0 318.0 1745.0 
78.0 162.0 94.0 329.0 1661.0 
93.0 152.0 86.0 382.0 1785.0 
74.0 140.0 113.0 332.0 1872.0 
87.0 157.0 94.0 300.0 1779.0 
89.0 159.0 93.0 340.0 1660.0 
75.0 142.0 101.0 351.0 1852.0 
80.0 158.0 90.0 360.0 1690.0 
81.0 154.0 95.0 314.0 1769.0 
78.0 160.0 85.0 377.0 1679.0 
75.0 142.0 101.0 351.0 1852.0 
77.0 132.0 111.0 356.0 1967.0 
77.0 147.0 104.0 308.0 1793.0 
84.0 154.0 102.0 305.0 1754.0 
75.0 148.0 101.0 329.0 1815.0 
74.0 141.0 99.0 366.0 1940.0 
88.0 123.0 119.0 376.0 2041.0 
88.0 155.0 89.0 328.0 1807.0 
84.0 158.0 89.0 377.0 1745.0 
81.0 138.0 104.0 354.0 1856.0 
76.0 136.0 110.0 350.0 1908.0 
0.0 283.0 24.0 101.0 465.0 
66.0 146.0 100.0 363.0 1857.0 
79.0 164.0 87.0 348.0 1736.0 
78.0 153.0 100.0 310.0 1748.0 
73.0 152.0 95.0 316.0 1807.0 
91.0 151.0 87.0 382.0 1798.0 
83.0 157.0 98.0 309.0 1676.0 
75.0 142.0 101.0 351.0 1852.0 
71.0 143.0 96.0 381.0 1914.0 
79.0 154.0 99.0 310.0 1738.0 
78.0 141.0 104.0 328.0 1901.0 
69.0 153.0 95.0 352.0 1798.0 
81.0 146.0 91.0 368.0 1806.0 
82.0 132.0 98.0 430.0 2019.0 
97.0 159.0 103.0 286.0 1711.0 
62.0 146.0 97.0 381.0 1843.0 
89.0 165.0 87.0 309.0 1654.0 
84.0 156.0 98.0 309.0 1684.0 
76.0 144.0 97.0 358.0 1871.0 
87.0 159.0 91.0 339.0 1728.0 
86.0 158.0 97.0 292.0 1698.0 
71.0 144.0 96.0 376.0 1849.0 
105.0 152.0 100.0 296.0 1812.0 
88.0 160.0 89.0 329.0 1718.0 
84.0 158.0 89.0 377.0 1745.0 
81.0 151.0 93.0 382.0 1789.0 
75.0 141.0 103.0 363.0 1887.0 
76.0 136.0 110.0 350.0 1908.0 
86.0 145.0 102.0 320.0 1877.0 
98.0 153.0 95.0 334.0 1721.0 
93.0 152.0 89.0 378.0 1753.0 
90.0 155.0 90.0 349.0 1791.0 
69.0 123.0 116.0 383.0 2092.0 
70.0 138.0 102.0 395.0 1963.0 
77.0 161.0 95.0 329.0 1671.0 
76.0 135.0 103.0 369.0 1989.0 
96.0 159.0 86.0 333.0 1706.0 
78.0 160.0 85.0 377.0 1679.0 
91.0 151.0 87.0 382.0 1798.0 
89.0 153.0 105.0 276.0 1757.0 
96.0 154.0 89.0 378.0 1740.0 
89.0 161.0 90.0 325.0 1711.0 
87.0 150.0 92.0 362.0 1786.0 
86.0 164.0 93.0 323.0 1697.0 
82.0 137.0 103.0 344.0 1960.0 
106.0 161.0 88.0 326.0 1687.0 
89.0 158.0 94.0 340.0 1672.0 
84.0 158.0 91.0 354.0 1745.0 
91.0 158.0 92.0 325.0 1712.0 
81.0 138.0 104.0 354.0 1856.0 
97.0 146.0 99.0 321.0 1785.0 
85.0 161.0 100.0 308.0 1675.0 
77.0 150.0 96.0 345.0 1807.0 
88.0 154.0 98.0 330.0 1729.0 
93.0 148.0 99.0 306.0 1829.0 
81.0 154.0 95.0 314.0 1769.0 
88.0 165.0 91.0 301.0 1665.0 
68.0 134.0 107.0 369.0 1968.0 
75.0 142.0 101.0 351.0 1852.0 
88.0 123.0 119.0 376.0 2041.0 
82.0 151.0 103.0 304.0 1810.0 
70.0 145.0 100.0 362.0 1883.0 
84.0 156.0 92.0 332.0 1750.0 
89.0 159.0 92.0 324.0 1762.0 
97.0 152.0 96.0 319.0 1748.0 
82.0 132.0 98.0 430.0 2019.0 
74.0 141.0 99.0 366.0 1940.0 
85.0 164.0 94.0 292.0 1699.0 
78.0 141.0 104.0 328.0 1901.0 
83.0 146.0 105.0 305.0 1828.0 
75.0 138.0 114.0 335.0 1890.0 
75.0 132.0 114.0 298.0 2003.0 
89.0 158.0 95.0 297.0 1726.0 
82.0 152.0 95.0 336.0 1792.0 
66.0 146.0 100.0 363.0 1857.0 
88.0 153.0 104.0 292.0 1754.0 
74.0 140.0 102.0 356.0 1925.0 
104.0 156.0 92.0 335.0 1734.0 
63.0 158.0 87.0 387.0 1779.0 
89.0 138.0 110.0 311.0 1931.0 
88.0 155.0 89.0 328.0 1807.0 
80.0 126.0 99.0 416.0 2059.0 
79.0 136.0 103.0 350.0 1977.0 
70.0 142.0 98.0 394.0 1955.0 
79.0 154.0 99.0 310.0 1738.0 
81.0 146.0 91.0 368.0 1806.0 
95.0 157.0 90.0 318.0 1745.0 
72.0 149.0 99.0 345.0 1816.0 
77.0 147.0 104.0 308.0 1793.0 
75.0 153.0 103.0 304.0 1789.0 
88.0 159.0 95.0 303.0 1709.0 
73.0 139.0 106.0 340.0 1950.0 
69.0 153.0 95.0 352.0 1798.0 
77.0 132.0 111.0 356.0 1967.0 
79.0 164.0 87.0 348.0 1736.0 
84.0 153.0 102.0 305.0 1769.0 
77.0 154.0 102.0 298.0 1762.0 
69.0 132.0 103.0 388.0 2004.0 
80.0 158.0 90.0 360.0 1690.0 
82.0 160.0 101.0 308.0 1704.0 
80.0 147.0 95.0 346.0 1840.0 
98.0 155.0 98.0 305.0 1771.0 
79.0 154.0 97.0 324.0 1760.0 
76.0 128.0 109.0 387.0 2014.0 
71.0 143.0 96.0 381.0 1914.0 
83.0 153.0 96.0 352.0 1718.0 
76.0 139.0 106.0 361.0 1921.0 
71.0 138.0 107.0 340.0 1943.0 
75.0 148.0 101.0 329.0 1815.0 
79.0 156.0 85.0 379.0 1774.0 
91.0 156.0 88.0 360.0 1748.0 
87.0 157.0 94.0 300.0 1779.0 
96.0 150.0 91.0 349.0 1790.0 
94.0 147.0 104.0 301.0 1778.0 
74.0 151.0 95.0 324.0 1818.0 
74.0 150.0 99.0 344.0 1826.0 
79.0 162.0 90.0 341.0 1672.0 
~~~
1.48
