110111101111111111101011110111101100111110110001111100111100101001001111100011001111000110100011100111100000110111111111110100110111101111101010000001100011111000000111011100001011000011111000111100010010001100111111110100010111010001011010100101011101011011000111100101111100100101111010011110111111010010110010101100011111111111
110100011101100000111100111001110111111010001011111101100110000111010101111010011010000010100100000010001101001111110111110011100101100100001011111000001111111001010100111001011111001111101000000100100111011110111111110111100011110101100111011100111001010101010100111100010001100100100111000101111111000100000001001000101111111111
111010101001111010101001000000100001111100000001111001101011111110001111100110110010011010010111000010010001010011111111101101110101101000101011001011100001111010100100001110111011011111100110100000110111010110111111110011000111011111101010001101100010000001101011010100010101110000100000110010011100101101010001000101111111101111
110011010110100010010011010011100100001001000001111110100000011001100000011000001101111101011111011110000110101111111111101100100001100111001111010111011001111010010111101100011111101111101101001000101010000010111100011011010001111111100000101011110110010001000111011010010001110101100110100110110001110001001111001011101111101111
110111101111101010110110111011111100111101011111111010111101001110110111011111101011001110010101100010100101100111110111101110101101101010111101001000011111111001100001110011000011001111110100111110000101110100111111110001101100101111010110100110010011110101111011001011001100001110011110101011101001000101110011011001111111111111
110001110111010000000001000000011001000110000011111001110000100001101001111000000001001011100110010001000011100011110111101011010101111000101001001001101011111000011111010110000111011011111110000001001111100000111110000100000110110111101110000110111111111100011101011010010101110100111001100100000110011110101001100011111111111111
110011010010011100110011010111001000111001010101111010101000011001100110100101010011101001100010010001100001100011110111110001010101100011000001101101011010111011111010110011110111110111101100000001100111101001111110001110110010000101101011111100101100010101011010111000110001101001011000011010001000011001000001001100001111111111
110100011101100000111100111001110111111010001011111101100110000111010101111010011010000010100100000010001101001111110111110011100101100100001011111000001111111001010100111001011111001111101000000100100111011110111111110111100011110101100111011100111001010101010100111100010001100100100111000101111111000100000001001000101111111111
111001001001010000011011110001000101001000110101111011110110011000000010001011111011011101000110100001010000000111111011100010000001110000000000001110011111111100011101011001100111111011110110011101111000100010111101001000111111011011000100001001011101111110111110011101011000011010011011101000100011101110010110000000101111101111
110010001000001011010000011111001000000001010011111110100000110001101101000111011100001100101001100110110110000111110111100000101001111111111011001001011011111011000010010010111111110011100100001101010101010011111110010101100010000000001001001000111000010100101001000101000010101010101110111111000011100100110001100010001111101111
111111110001101010111100000111010001100100010111111000101101011100001000110011110011001111111100000010001111001011111011111111100011110100111001010110100100111101110011111110011011101111101011110111111111000010111110001111001110001100100101011111101110001101100110000001011100011111001010111000111011000111111011000111011111111111
111100111001110111101001110110011111100110011111111000101110101101010001100101111100000101010010011001000100010111110011101000001001101001100110100101000000111110100011011000000111000111100000011000111011001000111101111011111111110011000000001000011100010001010111110100000100100011011001100100011000110100011010011101111111111111
110001111001101000001001111001010110011110011101111101110010001010010110100010101001111111101010101000111001101011110011111111111111111001100100000100001110111110001110011011000111010011101111011111010110000000111101001001100001001001111001110011101010011011010100011111011100110010010111010100010111011010110011101110101111111111
110010001000001011010000011111001000000001010011111110100000110001101101000111011100001100101001100110110110000111110111100000101001111111111011001001011011111011000010010010111111110011100100001101010101010011111110010101100010000000001001001000111000010100101001000101000010101010101110111111000011100100110001100010001111101111
110001010111101110111000001111010100101010101001111010100101011010110100101101100110111110111101101011011111110111110111110100100001110110000110110011111100111000000101110010100011101011110111010010011101100100111100001001100001110011011111011110010001011100110101111001100100010111111111000000001000100010110110000111111111101111
111000111001101111110000100010010000110100110001111011110001010110010110011101110110010011110010010001010000001011110011101100001001101101101100001001011001111000011101111001000011110011110100111001100100100000111100100011000001100011100110100000110001100111111100110101111001110000010100000101010011111001010101001000111111101111
111001011110111001111001100111010101101011101011111110110011111011010001110000110001101101010011000111001001001111111111100111110101111110011100001000101101111100000111101111000111110111110000001111001101011101111110011101010101001100010100011010011000111000111110110100100010111001011101001101111101010110010111011100101111111111
110111101000101100001010101001100000010111111001111111110100011110011111101100100010001101111111110100100001110011111111111110001001110000111101000101101001111101000000111111100111110111101110001100000010001111111100110000100100000000000111111001001001011110001101101010011101110000101111100110110001101111010001111101101111111111
111100100001110010000101010001110001101100111111111000111011011110010000110010110110001010000110011000110010101111110111100101111011111011101110010111010000111011101100111011101011010111111011101001000100001010111111111011110001110001100100001100010111001101011110000000000101010100110010000100000101000110011010010100101111111111
110001000100000010011100100111110011111111011001111011111101011110110111101010110100011110011011110100100000101011110111100100101011111010001010010000011110111001110101101011011011011111110110111010000011010000111111100110100001101111101000001001000100010100001001010000111011101000001110010001000011110010011010001111001111111111
110010100110011110111011000011110101010011110001111001100010100110111000001100111001110101000110010110011000010111110111101011111011100011001101111011000001111000011011011000010111110111100101100000101001011001111100000100010110011001001000011110011100011110101100101101101111101010101111111111110011000110111100010010001111111111
111100100001110010000101010001110001101100111111111000111011011110010000110010110110001011000110011000110010101111110111100101111011111011101110010111010000111011101100111011101011010111110011101001000100001010111111111011110001110001100100001100010111001101011110000000000101010100110010000100000101000110011010010100101111111111
111010001000011001001111111110101000111010000001111110111111100111001100011110001101110100111111011100110001101111110111111110110111110001000001010010100010111110100000011100111011011011100110000100100101111000111100001000100100000110110101100001010101010000010101100101011000111101010101011010010011010101011100010000001111101111
110001111001101000001001111001010110011110011101111101110010001010010110100010101001111111101010101000111001101011110011111111111111111001100100000100001110111110001110011011000111010011101111011111010110000000111101001001100001001001111001110011101010011011010100011111011100110010010111010100010111011010110011101110101111111111
111100011001011010010000100100000111101010110011111101101110110010010110111100011101101000001110110001001001101011110011101010110111110001010110000111011100111111010110110110010011111011111011100010011110001011111111100100110111110010100111101001010011011101000100110111001010100000010011110101011000010001111001001101101111101111
110110110001011110111001110110010010001110110001111010111111000110110011101101001101010010001111101100110100001111111011111011100001110111011110111001000110111100110010100000010011001111110001011110000110111110111100000100111001111001011110001010111011010011010010100110101001100000111001100001010101111110001000100001001111111111
110010000000110000010001010011101111010000110001111100100100110010111111000000010000110100100010010011000110001011110111100001001001101110001010010000110110111000000000010001011011011011101101001011100000000111111110100010011001111010110100000010100010100101111100001000011111011101110100101111000000011111101010110000011111101111
110110101011101010111110111111101010001101000101111110110101001110100010100101100111110111011000010111100010000111111111101010011001100111001011011011010100111111011110010001111011010011100100001100000011101110111101110000001111101001100101101100100011000010011110111111111100011111000110010011101011101001111111000100111111111111
111000111000001011110000010101011000000010100111111100110000101101010000110010101101000101111110000010101011110011111111101110100101101011101010111011101111111010101001000100011111101111101000001101001010110101111110100000010100100000010110001111010011010100100001101100101011101000111001100010000101101111100100010111011111111111
111001100101011001110110100100101000001010010001111111100000100100101010011100101100110101101110010010111001011011111011100001011111111110101010100010010001111001100010011111100111110011110010101100111010000100111111011001000100000001010101001001110111000000001010101010001001001010011010000010111010001111010011100111001111101111
111000101101011001000100001000110111000001001101111001101100110011010011001010000111011101011011101110101111001111110011100011010001101110000101101000100001111111000000000001000111010011100010001001110111000101111100000101001001000001010100011000000011010110011000111001100000101111111010000010011100010101110010001010011111101111
111101111000101111011000110000000101001110001101111111111001011111100000011101001011011101000000010111011011001011111011101101111111111100010111010001010100111100111000011011001111110111111111011111010110001001111111000110000010010110011010111100111111111100001110001010000001011011010010001101111110010010010000010011111111101111
111100010000110111110010100100100101011101101001111110110111100101010110010111100101101110010111010000101111100111111111110100110111100011001000110111001111111110110011011101101011101111111011101010111101110010111100111100111100010111010010011001001100101000010110111111011100010111101001001010001010101000100110001010001111111111
110100100000111111000101011110000101101110001001111111101101110100010111011100110000110000001010001011011111010111111011111001110001100000100001101000001110111110010110011110110111100111110000100101010110001001111111110000110100000000000110101100100110010000011111011111110010010010000110101101100001000100011011000110001111111111
110011010010011100110011010111001000111001010101111010101000011001100110100101010011101001100010010001100001100011110111110001010101100011000001101101011010111011111010110011110111110111101100000001100111101001111110001110110010000101101011111100101100010101011010111000110001101001011000011010001000011001000001001100001111111111
110101101110011011101001001001110011000111111111111001101010101111000101100001001101011010001100000000110011100111110011111010010011101110111101010000000101111010000001000100101011110111110101010100011001001010111110000100101011110010001000110000100111110010010101000001010010000010010010110100101000000110000000011100111111111111
111000101101011001000100001000110111000001001101111001101100110011010011001010000111011101011011101110101111001111110011100011010001101110000101101000100001111111000000000001000111010011100010001001110111000101111100000101001001000001010100011000000011010110011000111001100000101111111010000010011100010101110010001010011111101111
110001000100000010011100100111110011111111011001111011111101011110110111101010110100011110011011110100100000101011110111100100101011111010001010010000011110111001110101101011011011011111110110111010000011010000111111100110100001101111101000001001000100010100001001010000111011101000001110010001000011110010011010001111001111111111
111101111111010001111101110001011101111110010101111110100111110010100010011101110000011011101110110001100110010111110111110111001001101000100100111010000101111100010011111101101011010011110001000101001000000011111110010011000110010000110110100001000101001100000100001001110001100111011100111100001011011001100001000100011111101111
111101101101111010000111111001000001011111001101111000100001000100101101111101010010011001110011110001100101010011111111100110001001100110001101100100011000111100110101111100001011111111101110100011101000010001111101101110000100000000000001111001001000010001010000010110000111001100000111110111010010101110001111101101011111101111
110001110111010000000001000000011001000110000011111001110000100001101001111000000001001011100110010001000011100011110111101011010101111000101001001001101001111000011011010110000111011011111110000001001111100000111110000100000110110111101110000110111111111100011101011010010101110100111001100100000110011110101001100011111111111111
110000011111101110001111100110111001000000100001111100111000011011000111000010001010100000101110010011001110100011110011101111000011101010011101001100111000111010010111000011010111110111110111110001111111000000111100110000001011110111100011011110100111111111100101010010010001010110000011000001010010010110110011111010111111101111
111000110110101010001011001010101100111011010011111010111110101111101001111110000111100101101011000000010000000111111111111011110001111001000001100100101001111011000111110110101011010011111101111001101100100000111101110100001100011010001111000000001100111001011010110111000100010101000101011110000110000001001100000000001111111111
110001111001101000001001111001010110011110011101111101110010001010010110100010101001111111101010101000111001101011110011111111111111111001100100000100001110111110001110011011000111010011101111011111010110000000111101001001100001001001111001110011101010011011010100011111011100110010010111010100010111011010110011101110101111111111
111100010000110111110010100100100101011101101001111110110111100101010110010111100101101110010111010000101111100111111111110100110111100011001000110111001111111110110011011101101011101111111011101010111101110010111100111100111100010111010010011001001100101000010110111111011100010111101001001010001010101000100110001010001111111111
110111110111000010010000001000010001101101001101111111111110001100001010011100111100000010100111111101100010010011110111111010100111111011111010001110000100111110001011000101100011001011100110001111100101000011111110000111001111101100001001110100101100011110100110011011011101000000001011101010001111000110000111111010011111111111
111110010101111000001110101110101101111000111011111111101111100010000101001110111101011011111011100101011001011011111011111110111011101011110001011011001110111100000100101000011111011111110110110011101100000100111111001011100011001100101010001010000110101110001001110100100100110100100010111001010000011001101011010100011111111111
111100110010001100010010010111100000011101100011111100100100000101010010100100111010110100111111010010110110000111110011110111000011111101010000001101111011111000110011111011111011101111110111000001000011000010111110100100100000111111101011011001110111000101010100111110000001010011111100000110000110001100111101011001001111111111
110110111101111111101001100101011000000000100111111101101000111000010011110000110001100000011000011010100000111011111111101010100111111100101010110100010100111000101111011111010011001011111010111111010110010101111111011100001100100011010000000110100110100010011111000111101110000000010111001111101101001011011111011110011111111111
111101010110000001010110001000010100100100110101111110110001001000001110010010101100010100011110010100101000111111110011101101001111100111101101011000101000111110101000111000011011001111110001001010100100001000111101101100001010111110101100001000111100010101110000000110110100011100111011011000101001001101110111011001011111111111
110100011101100000111100111001110111111010001011111101100110000111010101111010011010000010100100000010001101001111110111110011100101100100001011111000001111111001010100111001011111001111101000000100100111011110111111110111100011110101100111011100111001010101010100111100010001100100100111000101111111000100000001001000101111111111
111101010110000001010110001000010100100100110101111100110001001000001110010010101100010100011110010100101000111111110011101101001111100111101101011000101000111110101000111000011011001111110001001010100100001000111101101100001010111110101100001000111100010101110000000110110100011100111011011000101001001101110111011001011111111111
111000101000100110110010111011010010001011000001111001101000000000001010101111100111110100001111001000011111000111110011100110101001100111010100100101000110111010010101100100001011110111101011010001101010011100111101111111100101000110110000011111011101001010100111100110010110001000001101101110111100000010100100010011101111111111
110000000010101010101101100011011110100101010101111101110001111110111001110011001101011111111000001111001000001111111011110100101011110100110011111011101010111110001000011100000011111011101101000111000110000111111111011101101101100100000110011101011111100100000100111001000010111101000011101101101100000101101000011010011111101111
110111000100011110101110100111010001101110111001111011100001100000000101100001010101111001001010101010100010100111110111111111111011101100111111011100111011111010101111110101010111110011111000101101110100100110111111000011111001101001101101110010001101011000010010110111010111111110001110111100100011111110111001000110111111111111
110011000111001011111000001010000110110010000011111111101000000111110110100110010011101010000100100001111010100011110011101011100011100011110111000111001000111101001101000100001111000011110111011001010001000000111111001111101000101010001111111001001001011010100010001001000100110001011101111011000010001111001010110110011111111111
110001010111101110111000001111010100101010110001111011110011010110101001111110101110010111110001100011111100111011111111100010010111110110111001111001101001111100000100111000110111110111101111011101111001001100111110100100111010110011111001011101101010010110110111001010111111111101110110010001100100011100101100111111001111101111
110011010110100010010011010011100100001001000001111110100000011001100000011000001101111101011111011110000110101111111111101000100001100111001111010111011001111010010111101100011111101111101101001000101010000010111100011011010001111111100000101011110110010000101101001110010101100010100101100110110111001000000110011100001111101111
110101101110011011101001001001110011000111111111111001101010101111000101100001001101011010001100000000110011100111110011111010010011101100111101010000000101111010000001000100101011110111110101010100011001001010111110000100101011110010001000110000100111110010010101000001010010000010010010110100101000000110000000011100111111111111
110111110111000010010000001000010001101101001101111111111110001100001010011100111100000010100111111101100010010011110111111010100111111011111010001110000100111100001011000101100011001011100110001111100101000011111110000111001111101100001001110100101100011110100110011011011101000000001011101010001111000110000111111010011111111111
110011010010011100110011010111001000111001010101111010101000011001100110100101010011101001100010010001100001100011110111110001010101100011000001101101011010111011111010110011110111110111101100000001100111101001111110001110110010000101101011111100101100010101011010111000110001101001011000011010001000011001000001001100001111111111
111100111111110110110001100010011000111100111101111101101010000111011111010010011010000100011110101110111001000111111111110010101001100110011100111100100010111011100101101010110011110111100010010111110001010110111100101101111010011001010111111101000110110001111110011011011001000101010110100010000101000001000111010001001111101111
111111111110100100100011011011001010001100001001111010100011111101001101100001110011011000001010110010000110110011111011101111110101100001011101001111010011111001000101011111101111100111101100111100100011001111111110001000011001101110101101011110111111110110101010101000111001110110010011100000101001101001001111110010111111101111
110111101111101010110110111011111100111101011111111010111101001110110111011111101011001110010101100010100101100111110111101110101101101010111101001000011111111001110001110011000011001111110100111110000101110100111111110001101100101111010110100110011011110101111011001011011100001110011110101011101001000101110011011001111111111111
111100001010110110111011000011010011111101100111111111101001111100100011001111011101100000001111111111001011000111110111101000010101100100011100110110001011111001110001101000011111110011100010110010000010100100111100000111110011111111111111100110011101101111100000111000000100001011001000100011000001000111101001000110011111111111
111111111111100000000000000000000000000000000001111101100011011110000101111111011100011010000000000010111000000011111111100010000001111111111100000111000000111110101100000000000011110011111110100000000000111100111100000000000000000000111111111001100110110000000000001111111011110110101000000011111011111111111100001101101111101111
110100011101100000111100111001110111111010001011111101100110000111010101111010011010000010100100000010001101001111110111110011100101100100001011111000001111111001010100111001011111001111101000000100100111011110111111110111100011110101100111011100111001010101010100111100010001100100100111000101111111000100000001001000101111111111
110100100111100001111001101101100010000001000111111110101010000101111111011111010011100101011001111011111011101111111011100011101111101111111011010110001100111000001111001111011111011011111100010010110010111110111111011100101111100010101101011010010100111111101111010110000011000010011111011101101011100110110101001000011111101111
111100111001110111101001110110011111100110011111111000101110101101010001100101111100000101010010011001000100010111110011101000001001101001100110100101000000111110100011011000000111000111100000011000111011001000111101111011111111110011000000001000011100010001010111110100000100100011011001100100011000110100011010011101111111111111
111001011110111001111001100111010101101011101011111110110011111011010001110000110001101101010011000111001001001111111111100111110101111110011100001000101101111100000111101111000111110111110000001111001101011101111110011101010101001100010100011010011000111000111110110100100010111001011101001101111101010110010111011100101111111111
110111101101011011110100100001001000101011100011111001100000001001010100110110100110001010101001110111110011000011111111110001111011111111000010000010100101111011111001111110100111000011110001000110010010101001111111011000001011001111001000110100000110111000011010111111011101001001110011010111011011000011110110011110111111101111
110101001110111110001000110100110010110010111001111010100010101110101101010101111100011011101011110010110111010011111011101101111111110110100111110001010101111110010000101101111011010111111110010001010100011000111100000001010000111010101011011010100101111100100001110001101000111000111111010000101000000001000000000111001111111111
111010001000011001001111111110101000111010000001111110111111100111001100011110001101110100111111011100110001101111110111111110110111110001000001010010100010111110100001011100111011011011100110000100100101111000111100001000100100000110110101100001010101010000010101100101011000111101010101011010010011010101011100010000001111101111
110100100000111111000101011110000101101110001001111111101101110100010111011100110000110000001010001011011111010111111011111001110001100000100001101000001110111110010110011110110111100111110000100101010110001001111111110000110100000000000110101100100110010000011111011111110010010010000110101101100001000100011011000110001111111111
110100011101100000111100111001010111111010001011111101100110000111010101111010011010000010100100000010001101001111110111110011100101100100001011111000001111111001010100111001011111001111101000000100100111011110111111110111100011110101100111011100111001010101010100111100010001100100100111000101111111000100000001001000101111111111
111000001011100111111100011110100111111010111011111111100100101010011111010110001011111101101001100000111010001111111111101111010011111101010110000011000001111000011111111110001111000111101101110111000100010011111111101001110110101011010000001100100110101010011111100001001011100101000011100011100100110001100001110101001111101111
110001010111101110111000001111010100101010110001111011110011010110101001111110101110010111110001100011111100111011111111100010010111110110111001111001101001111100000100111000110111110111101111011101111001001100111110100100111010110011111001011101101010010110110111001010111111111101110110010001100100011100101100111111001111101111
110001000100000010011100100111110011111111011001111011111101011110110111101010110100011110011011110100100000101011110111100100101011111010001010010000011110111001110101101011011011011111110110111010000011010000111111100110100001101111101000001001000100010100001001010000111011101000001110010001000011110010011010001111001111111111
111100111001110111101001110110011111100110011111111000101110101101010001100101111100000101010010011001000100010111110011101000001001101001100110100101000000111110100011011000000111000111100000011000111011001000111101111011111111110011000000001000011100010001010111110100000100100011011001100100011000110100011010011101111111111111
110011111010111111011000100101101001011101000001111111111100001011111000100110011111000100110110101100000011100011111111101001100111100110010000101101100110111000100111111111001011010011100001010110110111001101111101101110000001101110010010111011011100000011100110101000100101100101010011111101101111000110000000010011101111111111
110110110001011110111001110110010010001110110001111010111111000110110011101101001101010010001111101100110100001111111011111011100001110111011110111001000110111100110010100000010011001111110001011110000110111110111100000100111001111001011110001010111011010011010010100110101001100000111001100001010101111110001000100001001111111111
110001000110011101010110100011101110011110111001111010110111111000100110010010010000110011001010101110011001010111111111100001100111101000001011100110101101111101101101111101110111111011110101011011100111001010111111101100001010101100101111011100000101110100111001100000010000100011010011110011101000001110110011011000011111101111
111111111101101111011101111011011100001001111101111001101101101110101110111110110001010010011110110011110000011011111011111100000101111011100001001110100000111011010111100011110111010111100000110001100101100110111100111111100011001001111000011110111000001000000100111000001111111100110101100100110101000110100100000011101111101111
111001010101101100001010101000011011000100100111111010100101010100101110001111111011010111001011111001011110011111111011100110011011100100111011110001001111111011111011001001001111101111111010110011001011011010111100100111110001110111000001110000011101011100111001010110011010000000111010111111100100000100101011011111001111111111
111000000001110101000000000111010111101000011111111100110111101101000100111110100000010010010101001001001011110111111111100010111101110011110000011010101000111111010100000101100111000111110011101110001000010100111111100001000110110011111011011000001001001011001010000010010000100101100000111100101101011010100100001001001111111111
111101010011100010100001001010001000110010110011111010111001111101001110101000001111110001110000000010000001101011111111100111100101110011100111010101100100111010110101011100010111111111110100001100000011010110111110000100010001000100100001101110111110100001001001110100101100010100101100011110011000100100111011011000101111111111
111111111110100100100011011011001010001100001001111010100011111001001101100001110011011000001010110010000110110011111011101111110101100001011101001111010011111001000101011111101111100111101100111100100011001111111110001000011001101110101101011110111111110110101010101000111001110110010011100000101001101001001111110010111111101111
110011000111001011111000001010000001010001100011111100100111101101011011001000011000110010011110101011110111111111111111101101010001110000010001001100110011111100110001101001011111111011111000010011000010001101111101001101110001101001011000100001111100010110111110001111101011100010010111111101111100001111000111001111011111111111
111000101000100110110010111011010010001011000001111001101000000000001010101111100111110100001111001000011111000111110011100110101001100111010100100101000110111010010101100100001011110111101011010001101010011100111101111111100101000110110000011111011101001010100111100110010110001000001101101110111100000010100100010011101111111111
111101010011100010100001001010001000110010110011111010111001111101001110101000001111110001110000000010000001101011111111100111100101110011100111010101100100111010110101010100010111111111110100001100000011010110111110000100010001000100100001101110111110100001001001110100101100010100101100011110011000100100111011011000101111111111
110010000000110000010001010011101111010000110001111100100100110010111111000000010000110100100010010011000110001011110111100001001001101110001010010000110110111000000000010001011011011011101101001011100000000111111110100010011001111010110100000010100010100101111100001000011111011101110100101111000000011111101010110000011111101111
111100010000110111110010100100100101011101101001111110110111100101010110010111100101101110010111010000101111100111111111110100110111100011001001110111001111111110110011011101101011101111111011101010111101110010111100111100111100010111010010011001001100101000010110111111011100010111101001001010001010101000100110001010001111111111
110111101111101010110110111011111100111101011111111010111101001110110111011111101011001110010101100010100101100111110111101110101101101010111101001000011111111001100001110011000011001111110100111110000101110100111111110001101100101111010110100110011011110101111011001011011100001110011110101011101001000101110011011001111111111111
110001010111101110111000001111010100101010110001111011110011010110101001111110101110010111110001100011111100111011111111100010010111110110111001111001101001111100000100111000110111110111101111011101111001001100111110100100111010110011111001011101101010010110110111001010111111111101110110010001100100011100101100111111001111101111
111101111111010001111101110001011101111110010101111110100111110010100010011101110000011011101110110001100110010111110111110111001001101000100100111010000101111100010011111101101011010011110001000101001000000011111110010011000110010000110110100001000101001100000100001001110001100111011110111100001011011001100001000100011111101111
110011010111001101101010001110101100110011101111111010101000110100110110011110111110100101111111111010010010110111111111101001001111111000111001111001011110111010110101000010110011100111111111001001000011100101111101111000011011000110110101111000010001001011000100110111000001101110101100001001101010001111100000001010001111101111
111111111101101111011101111011011100001001111101111001101101101110101110111110110001010010011110110011110000011011111011111100000101111011100001001110100000111011010111100011110111010111100000110001100101100110111100111111100011001001111000011110111000101000000100111000001111111100110101100100110101000110100100000011101111101111
110000111000000001101101111110011010001101011111111101101110110010000001101100111111011000101010111101000011010111110011110001110101111110000001001000110110111101100101111000010111001011100010101100111101101111111111011100001110001001110010110101100101001001111011111101011011000010101111000100100110011000110000111100111111111111
111101101001001010110011010100001000000111101111111100101110011100011000111001111110111110110010010111000001010111111111111110010101111111010000000111010010111100101010001111010011010111101101001010100000100010111110111110110100001010010111001011010100010000000001010001100001000001101001000000011010101110011010010000001111111111
110110101000100011000000110100011011100110001001111001110110100101010101001001101111001111010001101111011011010011111111100010100011100100000000001100010010111011100100001100111011001111101111001100000010001100111110101111011110110010010011001011000111111101111110101110100000011010000000001101010101001100100010001100111111101111
110111111000101110011111000101110010101001110011111011111000111001101101011110111001001011010000000000101110010111110011101001000001111101011100100010101101111100100011010111111111011011101011000111111011111111111101110100010110100111011011101111011110010110001010010000011101010000001011010010101100101111010011111100011111111111
111000110110101010001011001010101100111011010011111010111110101111101001111110000111100101101011000000010000000111111111111011110001111001000001100100101001111011000111110110101011010011111101111001101100100000111101110100001100011010001111000000001100111001011010110111000100010101000101011110000110000001001100000000001111111111
110000000000010011111100101101101100100010110011111000111110010011100100001100110000110111011100010001001101010011110111100100010101101100011111011111110100111001101101010011001011100011100100101010100000101111111101010011110110110110110111011010100011000000101011100111100100000001110101011100001010101000110110010000001111101111
111111111111111111111111111111111111111111111111111111111111111111111111111111111111111111111111111111111111111111111111111111111111111111111111111111111111111111111111111111111111111111111111111111111111111111111111111111111111111111111111111111111111111111111111111111111111111111111111111111111111111111111111111111111111111111
111111111011101110101100001111000000000000001101111100110011011110011111100100111100011101101111100100011001111111110011110001000011111111111011100111111001111001110100100000000011001011101110000000001110111001111111111111110001101111111100111010110000111111011111110000000000000000000110111111100000000000000000001111111111101111
110100001011101110011011000010010000001011110011111011111000101110000001001000101111101101111100110101110011101011111011100111100011100101100110101011111000111101010000111100110111101111101111001100001110101101111111111100000100111010000001110110011101010101001100000110000111101011101011101111001011100000001001110100011111111111
110110100101000001010100111000110110000100011011111010100010001000001101010010011010110010000011101001011110010111110111110001101011111000101001110110101100111110001111100010101111010011111100001110111001100000111110001110111010110000010010001101101110011000110001101001001101010001001110011101000111100000100110010110001111111111
111101111111010001111101110001011101111110010101111110100111110010100010011101110000011011101110110001100110010111110111110111001001101000100100111010000101111100010011111101101011010011110001000101001000000011111110010011000110010000110110100001000101001100000100001001110001100111011110111100001011011001100001000100011111101111
111100110010001100010010010111100000011101100011111100100100000101010010100100111010110100111111010010110110000111110011110111000011111101010000001101111011111000110011111011111011101111110111000001000011000010111110100100100000111111101011011001110111000101010100111110000001010011111100000110000110001100111101011001001111111111
110111100011100011110000100111000000100100111111111010100101101110011010000000000011011101101100001100000001111111111011111110010111101111001010010101000101111011101010111000011111111011100000010001110010101111111100100011110111000110010011000001000001001110000000101001011110001100111100011111110000011011101000001111001111101111
110111101111101010110110110011111100111101011111111010111101001110110111011111101011001110010101100010100101100111110111101110101101101010111101001000011111111001100001110011000011001111110100111110000101110100111111110001101100101111010110100110011011110101111011001011011100001110011110101011101001000101110011011001111111111111
111100010001110111110010100100100101011101101001111110110111100101010110010111100101101110010111010000101111100111111111110100110111100011001000110111001111111110110011011101101011101111111011101010111101110010111100111100111100010111010010011001001100101000010110111111011100010011111011110010001001110110011101011101001111101111
111010101001111010101001000000100001111100000001111001101011111110001111100110110010011010010111000010010001010011111111101101110101101000101011001011100001111010100100001110111011011111100110100000110111010110111111110011000111011111101010001101100010000001101011010100010101110000100000110010011100101101010001000101111111101111
110001010111101110111000001111010100101010110001111011110011010110101001111110101110010111110001100011111100111011111111100010010111110110111001111001101001111100000100111000110111110111101111011101111001001100111110100100111010110011111001011101101010010110110111001010111111111101110110010001100100011100101100111111001111101111
111001100101011001110110100100101000001010010001111111100000100100101010011100101100110101101110010010111001011011111011100001011111111110101010100010010001111001100010011111100111110011110010101100111010000100111111011001000100000001010101001001110111000000001010101010001001001010011010000010111010001111010011100111001111101111
110001110111010000000001000000011001000110000011111001110000100001101001111000000001001011100110010001000011100011110111101011010101111000101001001001101011111000011011010110000111011011111110000001001111100000111110000100000110110111101110000110111111111100011101011010010101110100111001100100000110011110101001100011111111111111
110101101110011011101001001001110011000111111111111001101010101111000101100001001101011010001100000000110011100111110011111010010011101110111101010000000101111010000001000100101011110111110101010100011001001010111110000100101011110010001000110000100111110010010101000001010010000010010010110100101000000110000000011100111111111111
111110000111111101100001010000010011100011010001111011101011001011111011000000101011100001110101100011110101011011111111101101000011110011100110111011000110111010010100101011001111000111101111100000010011011110111100011110000011111001100100001010100000001011011111101010001110010010111101000101010010010110000001010001001111101111
111001100001001001100001100011111110010111000101111010101010100111110110010100011000100011000110000111101011101111110011110111011111100110101110110010101010111000100111111010110011010111110000011011001001011100111111101000100010011100001001010000100110110011001100001111010101000000001100011100000100010011101111000111101111111111
111111001100011011111001001111000001101011111111111010111010001011001001111010100110111111001011111100011010110111111011100010111111100101010101011011000000111100011010001100101111100011110110010000100000000011111111011110110111011101100100001101000111111110110010000000101100000111011100011010011100101101000001001100011111111111
111100111111110110110001100010011000111100111101111101101000000111011111010010011010000100011110101110111001000111111111110010101001100110011100111100100010111011100101101010110011110111100010010111110001010111111100101101111010111001010111111101000110110001111110011011011001000101010110100010000101000001000111010001001111101111
110011000111001011111000001010000001010001100011111100100111101101011011001000011000110010011110101011110111111111111111101101010001110000010001001100110011111100110001101001011111111011111000010011000010001101111101001101110001101001011000100001111100010110111110001111101011100010010111111101111100001111000111001111011111111111
110111100011100011110000100111000000100100111111111010100101101110011010000000000011011101101100001100000001111111111011111110010111101111001010010101000101111011101010111000011111111011100000010001110010101111111100100011110111000110010011000001000001001110000000101001011110001100111100011111110000011011101000001111001111101111
110100011101100000111100111001110111111010001011111101100110000111010101111010011010000010100100000010001101001111110111110011100101100100001011111000001111111001010100111001011111001111101000000100100111011110111111110011100011110101100111011100111001010101010100111100010001100100100111000101111111000100000001001000101111111111
111100101011011110110111100110010110001101000111111100100101111110011100011101110011001110010100001111100000010111110111111001000001100010000110111011011101111001001000001110101111011111110000101100110110111110111100111000110001100011100101111110101111111001001001101101111101011100000100100111110011100000101000111111001111101111
111100100001110010000101010001110001101100111111111000111011011110010000110010110110001010000110011000110010101111110111100101111011111011101110010111010000111011101100111011101011010111111011101001000100001010111111111011110001110001100100001100010111001101011110000000000101010100110010000100000101000110011010010100101111111111
111111111110100100100011011011001010001100001001111010100011111001001101100001110011011000001010110010000110110011111011101111110101100001011101001111010011111001000101011111101111100111101100111100100011001111111110001000011001101110101101011110111111110110101010101000111001110110010011100000101001101001001111110010111111101111
111001001001010000011011110001000101001000110101111011110110011000000010001011111011011101000110100001010000000111111011100010000001110000000000001110011111111100011101011001100111111011100110011101111000100010111101001000111111011011000100001001011101111110111110011101011000011010011011101000100011101110010110000000101111101111
110011000111001011111000001010000001010001100011111100100111101101011011001000011000110010011110101011110111111111111111101101010001110000010001001100110011111100110001101001011111111011111000010011000010001101111101001101110001101001011000100001111100010110111110001111101011100010010111111101111100001110000111001111011111111111
110100010101101111100101001111110001001110001001111000110011010101101010011101110101011001111100001000001111001011111011101101001011110001010100011101010101111110000000001010110111001111100110110101110000100100111100000101001010011110110010001000000010101101010101110000011001101000111000010010101010001001100011110101011111111111
110010010000101011010100001011011001100011011101111101110111111100001001010011101000000001110001011101101111111011110111100111001101111100011110010001100001111110100011011011010111101111100011101001110101111011111100001111100011100010001001101110000001000000000111000010001010000011011011010101001011101001101001000000001111101111
111101010000001011111001011101111101011001010101111100111100011111110010101111010001110100010001001101011001101111111111111111000011111111101100010011100101111001100000011110110111101111100101101010110011111000111101011110000001001100010001011010000000000111000001001101001001110110110111100101110111011110101011110100101111101111
111111101101110110101010101110110110001111011111111100111101001111011100011101010110111010101110101100110000101011111011110111011101111100010110101111101000111111100101111101000011001111101100011101101100110100111111001010000010011011110000000101101101010111000000011010100001001111001011001101011110011001101111010010111111101111
111111110011101101001001100001011110001100001101111010100111111001111010000001110101010100000000011100000000011011110011101001101111101100101111110100001010111101000101111001010111110111111100010101001001001001111100001111010000000000001011001010101000101011000000001001001111010001100001001101001100101110100010001110111111101111
111100010000110111110010100100100101011101101001111110110111100101010110010111100101101110010111010000101111100111111111110100110111100011001000110111001111111110110011011101101011101111111011101010111101110010111100111100111100010111010010011001001100101000010110111111011100010111101001001010001010101000100110001010001111111111
111111110001101010111100000111010001100100010111111000101101011100001000110011110011001111111100000010001111001011111011111111100011110100111001010110100100111101110011111110011011101111101011110111111111000010111110001111001110001100100101011111101110001101100110000001011100011111001010111000111011000111111011000111011111111111
110111111100000001101001100100010011100001011011111100100011101000011001111000010100011111100011000110001011011011110011100111101011100000000101011110010001111011101101100000100111101011101101100010101011010000111111000011010110100010111101001101001100100011000000010001110011000101011101100111010001110011101100110000001111101111
110010001000001011010000011111001000000001010011111110100000110001101101000111011100001100101001100110110110000111110111100000101001111111111011001001011011111011000010010010111111110011100100001101010101010011111110010101100010000000001001001000111000010100101001000101000010101010101110111111000011100100110001100010001111101111
111100011001011010010000100100000111101010110011111101101110110010010110111100011101101000001110110001001001101011110011101010110111110001010110000111011100111111010110110110010011111011111011100010011110001011111111100100110111110010100111101001010011011101000100110111001010100000010011110101011000010001111001001101101111101111
110111101111101010110010111011111100111101011111111010111101001110110111011111101011001110010101100010100101100111110111101110101101101010111101001000011111111001100001110011000011001111110100111110000101110100111111110001101100101111010110100110011011110101111011001011011100001110011110101011101001000101110011011001111111111111
111100111001001010011010010010000110101000001101111111111101100000010100000001100010011011100101100001001110111011110111111010100001100100101001011010010011111001001101101011011011001111101110011111011111011111111111111100001110001010100000101011010101110001110001000111110110100001011001010001110001110111101000011110001111111111
111101011000001110101000101100101000001000000011111111111011011000111001000001110111100100010101001001001110110011111111111101000001110011100011111001101100111001001101110110100111111011110011101110110010010101111111000011101001000000101100101000110110101011010111001011011110010011000000000100100000000110000000001000111111111111
111100101011011110110111100110010110001101000111111100100101111110011100011101110011001110010100001111100000010111110111111001000001100010000110111011011101111001001000001110101111011111110000111100110110111110111100111000110001100011100101111110101111111001001001101101111101011100000100100111110011100000101000111111001111101111
110111000100011110101110100111010001101110111001111011100001100000000101100001010101111001001010101010100010100111110111111111111011101100111111011100111011111010101111110101010111110011111000101101110100100110111111000011111001101001101101110010001101011000010010110111010111111110001110111100100011111110111001000110111111111111
111101111000111010000011011000111111111101101011111100101111100001011000000010001000000010000101111101100100000011110111111000010001110000100110101111110000111100100110001100101011111011101110101010010001111000111100010010111001100111000101001011110100110011011011000001100011100100101111100110000010001110100001010010001111111111
111001010101101100001010101000011011000100100111111010100101010100101110001111111011000111001011111001011110011111111011100110011011100100111011110001001111111011111011001001001111101111111010110011001011011010111100100111110001110111000001110000011101011100111001010110011010000000111010111111100100000100101011011111001111111111
111101010011100010100001001010001000110010110011111010111001011101001110101000001111110001110000000010000001101011111111100111100101110011100111010101100100111010110101011100010111111111110100001100000011010110111110000100010001000100100001101110111110100001001001110100101100010100101100011110011000100100111011011000101111111111
110111111001010111011001010100100100111101110111111010100001110011110000101011011011100100011110100010001101101111110111101001101101100111110110101001110101111001101011011000110011101011110011100101100111100001111110001100111001101011111100000001110110001010011100101100000000011010010111011110000011010011110000001010101111111111
110010001000001011010000011111001000000001010011111110100000110001101101000111011100001100101001100110110110000111110111100000101001111111111011001001011011111011000010010010111111110011100100001101010101010011111110010101100010000000001001001000111000010100101001000101000010101010101110111111000011100100110001100010001111101111
111101010011100010100001001010001000110010110011111010111001111101001110101000001111110001110000000010000001101011111111100111100101110011100111010101100100111010110101011100010111111111110100001100000011010110111110000100010001000100100001101110111110100001001001110100101100010100101100011110011000100100111011011000101111111111
110110110001011110111001110110010010001110110001111010111111000110110011101101001101010010001111101100110100001111111011111011100001110111011110111001000110111100110010100000010011001111110001011110000110111110111100000100111001111001011110001010111011010011010010100110101001100000111001100001010101111110001000100001001111111111
110110111101111111101001100101011000000000100111111101101000111000010011110000110001100000011000011010100000111011111111101010100111111100101010110100010100111000101111011111010011001011111010111111010110010101111111011100001100100011010000000110100110100010011111000111101110000000010111001111101101001011011111011110011111111111
110111110011111100010111101001001101111111100001111110100111000110100100101000010111100110100101000000110011110011111011101100101101101111001101001001111000111101110101110101010111111111100101011100100011011101111101011010011111111111111100010100001110011011100010101110111101011001101000001001101010011111010001010111101111111111
110010010000101011010100001011011001100011011101111101110111111100001001010011101000000001110001011101101111111011110111100111001101111100011110010001100001111110100011011011010111101111100011101001110101111011111100001111100011100010001001101110000001000000000111000010001010000011011011010101001011101001101001000000001111101111
111001110001000100111010010100010101001101101101111101110111111011110100110110101001010111010100110000100001010111110111101101110111111100010101010000100110111010001001001011000011110011110100001111101001001011111100101010010101011101000101101001000110011000010001001000011001110001000000110110000010111101001110110101011111101111
110010100110011110111011000011110101010011110001111001100010100110111000001100111001110101000110010110011000010111110111101011111011100011001101111011000001111000010011011000010111110111100101100000101001011001111100000100010110011001001000011110011100011110101100101101101111101010101111111111110011000110111100010010001111111111
111111001100011011111001001111000001101011111111111010111010001011001001111010100110111111001011111100011010110111111011100010111111100101010101011011000000111100011010001100101111100011110110010000100000000011111111011110110111011101100100001101000111111110110010000000101100000111011100011010011100101101000001001100011111111111
110111010010101000001100110000111111110111101101111100101010101101000010011110011001100010010000100001011010101111110111101100110001101100000100000111000010111001101001001001000111101111110110111011000011111001111101001111111111011011110000101000000100100101110000100000010110111100100111010110110000000000000010100000101111111111
110100100111100001111001101101100010000001000111111110101010000101111111011111010011100101011001111011111011101111111011100011101111101111111011010110001100111000001111001111011111011011111100010010110010111110111111011100101111100010101101011010010100111110101111010110000011000010011111011101101011100110110101001000011111101111
111110100101001000001101001011001101011010101101111100111101011111110100010101101000001000101100001000111000000111110011100000101011100110001110001011000100111000010101110100000111001111111011100011000000110011111110000101111110010111111110001111111000011011000011111001000011110010100110000110011111111101111001111000011111111111
111100110010001100010010010111100000011101100011111100100100000101010010100100111010110100111111010010110110000111110011110111000011111101010000001101111011111000110011111011111011101111110111000001000011000010111110100100100000111111101011011001110111000101010100111110000001010011111100000110000110001100111101011001001111111111
110111101000100011000011011111000011100111101101111000100000010011100100000011100100001010001001111001011000010011110011101011111001111110100001000110111100111011101100001000100011110011110111111100100111011110111101110101101001001000001101000001000110000010010110110100101110100111000101000011011100101111101110100001101111101111
111101100010100011111110000100101111111100000101111001110111101011010010101000100001110100001010111001101101100111111011110101001011100110110000110100001010111111010000000110110011000111110101111101010100010001111101000010100111101101010000011101111000101110111000010001101011110001110100001111010001101110100010110100001111111111
110000011110100111000000001011110000001110000011111001100011110111101100110001000101110100110100010110101001111011111011100001111111110101111000001010101101111011011010011100101111000011111111101011101010001010111111011000111001001100100000110001000110110111111000011011001011000111011100000001011100010111100010111010001111101111
110111101000100011000011011111000011100111101101111000100000010011100100000011100100001010001001111001011000010011110011101011111001111110100001000110111100111011101100001000100011110011110111111100100111011110111101110101101001001000001101000001000110000010010110110100101110100111000101000011011100101111101110100001101111101111
111001001111101101101010010111011101011111101001111111110111001010111001001000101010000101010110101001011101110111111111110010101001111000001111011101001110111010111010101101111011110111100000011111011011011110111100010101001010100101001001111010001111100111011100010001000111010000101001001000010101111011000101000000011111111111
111101111000101111011000110000000101001110001101111111111001011111100000011101001011011101000000010111011011101011111011101101111111111100010111010001010100111100111100011011001111110111111111011111010110001001111111000110000010010110011010111100111111111100001110001010000001011011010010001101111110010010010000010011111111101111
111111111101101111011101111011011100001001111101111001101101101110101110111110110001010010011110110011110000011011111011111100000101111011100001001110100000111011010111100011110111010111100000110001100101100110111100111111100011001001111000011110111000101000000100111000001111111100110101100100110101000110100100000011101111101111
110110100101000001010100111000110110000100011011111010100010001000001101010010011010110010000011101001011110010111110111110001101011111000101001110110101100111110001111100010101111010011111100001110111001100000111110001110111010110000010010001101101110011000110001101001001101010001001110011101000111100000100110010110001111111111
110011010111001101101010001110101100110011101111111010101000110100110110011110111110100101111111111010010010110111111111101001001111111000111001111001011110111010110101000010110011100111111111001001000011100101111101111000011011000110110101111000010001001011000100110111000001001110101100001001101010001111100000001010001111101111
111101111111010001111101110001011101111110010101111110100111110010100010011101110000011011101110110001100110010111110111110111001001101000100100111010000101111100010011111101101011010011110001000101001000000011111110010011000110010000110110100001000101001100000100001001110001100111011110111100001011011001100001000100011111101111
110011010010011100110011010111001000111001010101111010101000011001100110100101010011101001100010010001100001100011110111110001010101100011000001101101011010111011111010110011110111110111101100000001100111101001111110001110110010000101101011111100101100010101011010111000110001101001011000011010001000011001000001001100001111111111
110100100000111111000101011110000101101110001001111111101101110100010111011100110000110000001010001011011111010111111011111001110001100000100001101000001110111110010110011110110111100111110000100101010110001001111111110000110100000000000110101100100110010000011111011111110010010010000110101101100001000100011011000110001111111111
110010000000100101001110011001010000111110001101111001100110110011101011100111101001111101111110011110010010101111110011101111110111100101001111001101100001111001000001101111000011001111111110100010101110110101111100111000111111010001000000011110010111011011011001100101100011000111110110001101101101111000100000011001001111111111
110100011101100000111100111001110111111010001011111101100110000111010101111010011010000010100100000010001101001111110111110011100101100100001011111000001111111001010100111001011111001111101000000100100111011110111111110111100011110101100111011100111001010101010100111100010001100100100111000101111111000100000001001000101111111111
110111101101011011110100100001001000101011100011111001100000001001010100110110100110001010101001110111110011000011111111110001111011111111000010000010100101111011111001111110100111000011110001000110010010101001111111011000001011001111001000110100000110111000011010111111011101001001110011010111011011100011110110011110111111101111
111100100101110101101111111101001001010100101001111100101011111011010111101110100101011010000001001010101001111011111111100110110001101111001111101110101001111110110101001100011011001011101101111101100111111011111111110101000000100010110001000100110011001101010010010000100011100111000011110000100111111101001010010111011111111111
111101011000001110101000101100101000001000000011111111111011011000111001000001110111100100010101001001001110110011111111111101000001110011100011111001101100111001001101110110100111111011110011101110110010010101111111000011101001000000101100101000110110101011010111001011011110010011000000000100100000000110000000001000111111111111
111000110110101010001011001010101100111011010011111010111110101111101001111110000111100101101011000000010000000111111111111011110001111001000001100100101001111011000111110110101011010011111101111001101100100000111101110100001100011010001111000000001100111001011010110111000100010101000101011110000110000001001100000000001111111111
110111110011111100010111101001001101111111100001111110100111000110100100101000010111100110100101000000110011110011111011101100101101101111001101001001111000111101110101110101010111111111100101011100100011011101111101011010011111111111111100010100001110011011100010101110111101011001101000001001101010011111010001010111101111111111
111110111010110011111100101101101100100010110011111000111110010011100100001100110000110111011100010001001101010011110111100100010101101100011111011111110100111001101101010011001011100011100100101010100000101111111101010011110110110110110111011010100011000000101011100111100100000001110101011100001010101000110110010000001111101111
110110101000100011000000110100011011100110001001111001110110100101010101001001101111001111010001101111011011010011111111100010100011100100000000001100010010111011100100001100111011001111101111001100000010001100111110101111011110110010010011001011000111111101111110101110100000011010000000001101010101001100100010001100111111101111
110111110111000010010000001000010001101101001101111111111110001100001010011100111100000010100111111101100010010011110111111010100111111011111010001110000100111110001011000101100011001011100110001111100101000011111110000111001111101100001001110100101100011110100110011011011101000000001011101010001111000110000111111010011111111111
111100101011011110110111100110010110001101000111111100100101111110011100011101110011001110010100001111100000010111110111111001000001100010000110111011011101111001001000001110101111011111110000111100110110111110111100111000110001100011100101111110101111111001001001101101111101011100000100100111110011100000101000111111001111101111
110111010010101000001100110000111111110111101101111100101010101101000010011110011001100010010000100001011010101111110111101100110001101100000100000111000010111001101001001001000111101111110110111011000011111001111101001111111111011011110000101000000100100101110000100000010110111100100111010110110000000000000010100000101111111111
111100110010001100010010010111100000011101100011111100100100000101010010100100111010110100111111010010110110000111110011110111000011111101010000001101111011111000110011111011111011101111110111000001000011000010111110100100100000111111101011011001110111000101010100111110000001010011111100000110000110001100111101011001001111111111
110001000100000010011100100111110011111111011001111011111101011110110111101010110100011110011011110100100000101011110111100100101011111010001010010000011110111001110101101011011011011111110110111010000011010000111111100110100001101111101000001001000100010100001001010000111011101000001110010001000011110010011010001111001111111111
110001010111101110111000001111010100101010110001111011110011010110101001111110101110010111110001100011111100111011111111100010010111110110111001111001101001111100000100111000110111110111101111011101111001001100111110100100111010110011111001011101101010010110110111001010111111111101110110010001100100011100101100111111001111101111
110111111001010111011001010100100100111101110111111010100001110011110000101011011011100100011110100010001101101111110111101001101101100111110110101001110101111001101011011000110011101011110011100101100111100001111110001100111001101011111100000001110110001010011100101100000000011010010111011110000011010011110000001010101111111111
111000111000001011110000010101011000000010100111111100110000101101010000110010101101000101111110000010101011110011111111101110100101101011101010111011101111111010101001000100011111101111101000001101001010110101111110100000010100100000010110001111010011010100100001101100101011101000111001100010000101101111100100010111011111111111
111101101001001010110011010100001000000111101111111100101110011100011000111001111110111110110010010111000001010111111111111110010101111111010000000111010010111100101010001111010011010111101101001010100000100010111110111110110100001010010111001011010100010000000001010001100001000001101001000000011010101110011010010000001111111111
110100100111100001111001101101100010000001000111111110101010000101111111011111010011100101011001111011111011101111111011100011101111101111111011010110001100111000001111001111011111011011111100010010110010111110111111011100101111100010101101011010010100111110101111010110000011000010011111011101101011100110110101001000011111101111
110110110001011110111001110110010010001110110001111010111111000110110011101101001101010010001111101100110100001111111011111011100001110111011110111001000110111100110010100000010011001111110001011110000110111110111100000100111001111001011110001010111011010011010010100110101001100000111001100001010101111110001000100001001111111111
110111100011100011110000100111000000100100111111111010100101101110011010000000000011011101101100001100000001111111111011111110010111101111001010010101000101111011101010111000011111111011100000010001110010101111111100100011110111000110010011000001000001001110000000101001011110001100111100011111110000011011101000001111001111101111
111000101101011001000100001000110111000001001101111001101100110011010011001010000111011101011011101110101111001111110011100011010001101110000101101000100001111111000000000001000111010011100010001001110111000101111100000101001001000001010100011000000011010110011000111001100000101111111010000010011100010101110010001010011111101111
111001100001001001100001100011111110010111000101111010101010100111110110010100011000100011000110000111101011101111110011110111011111100110101110110010101010111000100111111010110011010111110000011011001001011100111111101000100010011100001001010000100110110011001100001111010101000000001100011100000100010011101111000111101111111111
111100001010110110111011000011010011111101100111111111101001111100100011001111011101100000001111111111001011000111110111101000010101100100011100110110001011111001110001101000011111110011100010110010000010100100111100000111110011111111111111100110011101101111100000111000000100001011001000100011000001000111101001000110011111111111
111011101011110010011011110010010000010100011101111011101111010010100010010001001001110010000101101001010011100011111011111100001001100000000101110001010000111111101000001101000011111111111101101000100000000001111110001101100010110111100110000011111000101111111110110001101010101001100110001100001100001111101111001011011111101111
110111000100011110101110100111010001101110111001111011100001100000000101100001010101111001001010101010100010100111110111111111111011101100111111011100111011111010101111110101010111110011111000101101110100100110111111000011111001101001101101110010001101011000010010110111010111111110001110111100100011111110111001000110111111111111
111100111001110111101001110110011111100110011111111000101110101101010001100101111100000101010010011001000100010111110011101000001001101001100110100101000000111110100011011000000111000111100000011000111011001000111101111011111111110011000000001000011100010001010111110100000100100011011001100100011000110100011010011101111111111111
110100010101101111100101001111110001001110001001111000110011010101101010011101110101011001111100001000001111001011111011101101001011110001010100011101010101111110000000001010110111001111100110110101110000100100111100000101001010011110110010001000000010101101010101110000011001101000111000010010101010001001100011110101011111111111
111000000001110101000000000111010111101000011111111100110111101101000100111110100000010010010101001001001011110111111111100010111101110011110000011010101000111111010100000101100111000111110011101110001000010100111111100001000110110011111011011000001001001011001010000010010000100101100000111100101101011010100100001001001111111111
111100111001001010011010010010000110101000001101111111111101100000010100000001100010011011100101100001001110111011110111111000100001100100101001011010010011111001001101101011011011001111101110011111011111011111111111111100001110001010100000101011110101110001110001000011110110100001011001010001110001110111101000011110001111111111
111101010110000001010110001000010100100100110101111110110001001000001110010010101100010100011110010100101000111111110011101101001111100111101101011000101000111110101000111000011011001111110001001010100100001000111101101100001010111110101100001000111100010101110000000110110100011100111011011000101001001101110111011001011111111111
111001011110111001111001100111010101101011101011111110110011111011010001110000110001101101010011000111001001001111111111100111110101111110011100001000101101111100000111101111000111110111110000001111001101011101111110011101010101001100010100011010011000111000111110110100100010111001011101001101111101010110010111011100101111111111
110100001011101110011011000010010000001011110011111011111000101110000001001000101111101101111100110101110011101011111011100111100011100101100110101011111000111101010000111100110111101111101111001100001110101101111111111100000100111010000001110110011101010101001100000110000111101011101011101111001011100000001001110100011111111111
111111100010101000001100100110011101111000110101111100110110111001101000001101000101100010001110011100001110101011110111101011100001111011101000011110100011111100111110111101000011010011110001001110000011010011111110000111000110000001010001110111000001011100000110111100001111000001101100101111001010010000001100001001101111111111
111001100101011001110110100100101000001010010001111111100000100100101010011100101100110101101110010010111001011011111011100001011111111110101010100010010001111001100010011111100111110011110010101100111010000100111111011001000100000001010101001001110111000000001010101010001001001010011010000010111010001111010011100111001111101111
110001000110011101010110100011101110011110111001111010110111111000100110010010010000110011001010101110011001010111111111100001100111101000001011100110101101111101101101111101110111111011110101011011100111001010111111101100001010101100101111011100000101110100111001100000010000100011010011110011101000001110110011011000011111101111
111000000100010101000011001101101110110000010101111001110111101001000100100110101000011111001100100110000100000111110111110110100011101010111010010110010010111000001101101110100111001111100110010101010000001100111100000000000111001101100110101100000010100111001010111101000101010011111011110010001001110110011101011101001111101111
110110101011101010111110111111101010001101000101111110110101001110100010100101100111110111011000010111100010000111111111101010011001100111001011011011010100111111011110010001111011010011100100001100000011101110111101110000001111101001100101101100100011000010011110111111111100011111000110010011101011101001111111000100111111111111
111001100100110011010011001000100110000111101001111010100101011010110100101101100110111110111101101011011111110111110111110100100001110110000110110011111100111000000101110010100011101011110111010010011101100100111100001001100001110011011111011110010001011100110101111001100100010111111111000000001000100010110110000111111111101111
110001001101110011000110001101010101100101011101111101111111101110100100001111110100100100100100110110110110111111110111100101111111111110010100101000010001111000110110101011001111011111101100111110111010000101111110011011000011111010001010011111011001010111011011111000001111101110010011101000010110111101101000101101011111101111
111010001000011001001111111110101000111010000001111110111111100111001100011110001101110100111111011100110001101111110111111110110111110001000001010010100010111110100000011100111011011011100110000100100101111000111100001000100100000110110101100001010101010000010101100101011000111101010101011010010011010101011100010000001111101111
110111101111101010110110111011111100111101011111111010111101001110110111011111101011001110010101100010100101100111110111101110101101101010111101001000011111111001100001110011000011001111110100111110000101110100111111110001101100101111010110100110011011110101111011001011011100001110011110101011101001000101110011011001111111111111
110111101000101100001010101001100000010111111001111111110100011110011111101100100010001101111111110100100001110011111111111110001001110000111101000101101001111101000000111111100111110111101110001100000010001111111100110000100100000000000111111001001001011110001101101010011101110000101111100110110001101111010001111101101111111111
111100000111111101100001010000010011100011010001111011101011001011111011000000101011100001110101100011110101011011111111101101000011110011100110111011000110111010010100101011001111000111101111100000010011011110111100011110000011111001100100001010100000001011011111101010001110010010111101000101010010010110000001010001001111101111
111000001011100111111100011110100111111010111011111111100100101010011111010110001011111101101001100000111010001111111111101111010011111101010110000011000001111000011111111110001111000111101101110111000100010011111111101001110110101011010000001100100110101010011111100001001011100101000011100011100100110001100001110101001111101111
110101001110111110001001110100110010110010111001111010100010101110101101010101111100011011101011110010110111010011111011101101111111110110100111110001010101111110010000101101111011010111111110010001010100011000111100000001010000111010101011011010100101111100100001110001101000111000111111010000101000000001000000000111001111111111
110010110001011111100000010010001101100111111111111101111110111110010010001100100100000101011010101000011000000011111011110010101111100001100001011110010100111011001111111011001111010011110010100001000001100010111100100111101011010110110101100010110001001110100011111111011100001011110111001000011010110101000101110001111111111111
110000011111101110001111100110111001000000100001111100111000011011000111000010001010100000101110010011001110100011110011101111000011101010011101001100111000111010010111000011010111110111110111110001111111000000111100110000001011110111100011011110100111111111100101010010010001010110000011000001010010010110110011111010111111101111
111101111000111010000011011000111111111101101011111100101111100001011000000010001000000010000101111101100100000011110111111000010001110000100110101111110000111100100110001100101011111011101110101010010001111000111100010010111001100111000101001011110100110011011011000001100011100100101111100110000010001110100001010010001111111111
110000111000000001101101111110011010001101011111111101101110110010000001101100111111011000101010111101000011010111110011110001110101111110000001001000110110111101100101111000010111001011100010101100111101101111111111011100001110001001110010110101100101001001111011111101011011000010101111000100100110011000110000111100111111111111
111111101101110110101010101110110110001111011111111100111101001111011100011001010110111010101110101100110000101011111011110111011101111100010110101111101000111111100101111101000011001111101100011101101100110100111111001010000010011011110000000101101101010111000000011010100001001111001011001101011110011001101111010010111111101111
110010100110011110111011000011110101010011110001111001100010100110111000001100111001110101000110010110011000010111110111101011111011100011001101111011000001111000010011011000010111110111100101100000101001011001111100000100010110011001001000011110011100011110101100101101101111101010101111111111110011000110111100010010001111111111
111110010101111000001110101110101101111000111011111111101111100010000101001110111101011011111011100101011001011011111011111110111011101011110001011011001110111100000100101000011111011111110110110011101100000100111111001011100011001100101010001010000110101110001001110100100100110100100010111001010000011001101011010100011111111111
111101101101111010000111111001000001011111001101111000100001000100101101111101010010011001110011110001100101010011110111100110001001100110001101100100011000111100110101111100001011111111101110100011101000010001111101101110000100000000000001111001001000010001010000010110000111001100000111110111010010101110001111101101011111101111
111100010000110111110010100100100101011101101001111110110111100101010110010111100101101110010111010000101111100111111111110100110111100011001000110111001111111110110011011101101011101111111011101010111101110010111100111100111100010111010010011001001100101000010110111111011100010111101001001010001010101000100110001010001111111111
110000000010100110010000000010101001000100111011111010100110011000010000000000011001001010110111010010101010011011110011101111000101100101000011100011110000111100111111101101111111010111100110011100101000110010111100010111010101111000111000110111001000000111100000111001100100110011110101110000110000101001000010010110101111101111
111001011111101001001101001100000011111100100101111010111110100110111000001101000010011100001001000100111011110011111111101100111011110001000110100010000110111011000000000001000011100011100011100111100100101000111101101011010010011111101100101011100111100100100010100011000101100000101000001000111000101000001111001000111111101111
111001000011000111010111111100001000001011110001111111111111111011110011001100000101111011011010011000111010110011110111110001100101110011101010010001011011111011011000111110111111101111100100010110000100111111111100001111111010110101110101000100010110100001101101010000100000111000110111100011111000100010100010011011001111111111
110001111001101000001001111001010110011110011101111101110010001010010110100010101001111111101010101000111001101011110011111111111111111001100100000100001110111110001110011011000111010011101111011111010110000000111101001001100001001001111001110011101010011011010100011111011100110010010111010100010111011010110011101110101111111111
110001101000000000000010001001101011011110100001111010100010101111101001000101101001100110111000110101111001111011110111110110100001111110010010011010100100111110001110000111001011101011100110100100000011010110111100101100011000100001111110101110111101101101000111011010010001110101100110100110110001110001001111001011101111101111
110001110111010000000001000000011001000110000011111001110000100001101001111000000001001011100110010001000011100011110111101011010101111000101001001001101011111000011011010110000111011011111110000001001111100000111110000100000110110111101110000110111111111100011101011010010101110100111001100100000110011110101001100011111111111111
110111101111111111101011110111101100111110110001111100111100101001001111100011001111000110100011100111100000110111111111110100110111101111101010000001100011111000000111011100001011000011111000111100010010001100111111110100010111010001011010100101011101011011000111100101111100100101111010011110111111010010110010101100011111111111
111010000010101011000001010000011001000111111001111011110101000100101100101111001100011101010101111001010001101011111111110000110011100110011001100101000110111100001101100110001011111011101100010101000011101110111110011100010110001000011100111010000001010000010000010000010010000110100101001110110011001100100011011101001111111111
110101001111110000100111111100101100100100000011111110100110100110011100111111001110111100000111010111100010100011110011111101101111100101111011110111111101111001001110010001000011100111100001111101010001111100111100010101101010110000110011110101110111011110010010101100100000101101010000110001001110001100000100011110111111111111
111110100101001000001101001011001101011010101101111100111101011111110100010101101000001000101100001000111000010111110011100000101011100110001110001011000100111000010101110100000111001111111011100011000000110011111110000101111110010111111110001111111000011011000011111001000011110010100110000110011111111101111001111000011111111111
111111110001101010111100000111010001100100010111111000101101011100001000110011110011001111111100000010001111001011111011111111100011110100111001010110100100111101110011111110011011101111101011110111111111000010111110001111001110001100100101011111101110001101100110000001011100011111001010111000111011000111111011000111011111111111
110011000111001011111000001010000001010001100011111100100111101101011011001000011000110010011110101011110111111111111111101101010001110000010001001100110011111100110001101001011111111011111000010011000010001101111101001101110001101001011000100001111100010110111110001111101011100010010111111101111100001111000111001111011111111111
110010000000110000010001010011101111010000110001111100100100110010111111000000010000110100100010010011000110001011110111100001001001101110001010010000110110111000000000010001011011011011101101001011100000000111111110100010011001111010110100000010100010100101111100001000011111011101110100101111000000011111101010110000011111101111
110011011010111101110101011101110010111010011011111011100101100110010001010100011010110010010101110100000111001111111111101101110111111101000000010001000110111010110011110000110111111011111100011000110111100000111100001101000010011111111010110111011101001010000011010010111001100011001000000101111101011010011111001101111111111111
111001110001000100111010010100010101001101101101111101110111111011110100110110101001010111010100110000100001010111110111101101110111111100010101010000100110111010001001001011000011110011110100001111101001001011111100101010010101011101000101101001000110011000010001001000011001110001000000110110000010111101001110110101011111101111
111110110001011101111000100000101100111111011001111100111011001001000000111000010011101110100011111101011101011111111011111110000101111010100000100000001110111010001010110101101011011111111100110010010011000101111111100011100010000110111001110101111001111101011111000100001100010010011001000010001110010001111010110110011111101111
110010001000001011010000011111001000000001010011111110100000110001101101000111011100001100101001100110110110000111110111100000101001111111111011001001011011111011000010010010111111110011100100001101010101010011111110010101100010000000001001001000111000010100101001000101000010101010101110111111000011100100110001100010001111101111
111010101001111010101001000000100001111100000001111001101011111110001111100110110010011010010111000010010001010011111111101101110101101000101011001011100001111010100100001110111011011111100110100000110111010110111111110011000111011111101010001101100010000001101011010100010101110000100000110010011100101101010001000101111111101111
111100011001011010010000100100000111101010110011111101101110110010010110111100011101101000001110110001001001101011110011101010110111110001010110000111011100111111010110110110010011111011111011100010011110001011111111100100110111110010100111101001010011011101000100110111001010100000010011110101011000010001111001001101101111101111
110000000010101010101101100011011110100101010101111101110001111110111001110011001101011111111000001111001000001111111011110100101011110100110011111011101010111110001000011100000011111011101101000111000110000111111111011101101101100100000110011101011111100100000100111001000010111101000011101101101100000101101000011010011111101111
111101010000001011111001011101111101011001010101111100111100011111110010101111010001110100010001001101011001101111111111111111000011111111101100010011100101111101100000011110110111101111100101101010110011111000111101011110000001001100010001011010000000000111000001001101001001110110110111100101110111011110101011010100101111101111
111011001001101011110110001011100101000111001101111011100101010101100111011000111010100100000111001001111101100111111111110111111001101010100001000101100000111101111011111111101111001111110101010010000110010110111111111111110101111101100001011001110110001010000010111010001010101000100001111110010101111001110111101100001111111111
110011010110100010010011010011100100001001000001111110100000011001100000011000001101111101011111011110000110101111111111101100100001100111001111010111011001111010010111101100011111101111101101001000101010000010111100011011010001111111100000101011110110010000101101001110010101100010100101100110110111001000000110011100001111101111
111111001100011011111001001111000001101011111111111010111010001011001001111010100110111111001011111100011010110111111011100010111111100101010101011011000000111100011010001100101111100011110110010000100000000011111111011110110111011101100100001101000111111110110010000000101100000111011100011010011100101101000001001100011111111111
111110101010100110101111110101111110111101011011111001111010101111011001010111100101110110100100110110011001101011110011101111100001100000111100011011000101111101010010010010001111111011110000001011000011110010111100101111101010001100100000001111111111010111000000011011101101011011100100101111100111100011101011000100001111111111
110101101110011011101001001001110011000111111111111001101010101111000101100001001101011010001100000000110011100111110011111010010011101110111101010000000101111010000001000100101011110111110101010100011001001010111110000100101011110010001000110000100111110010010101000001010010000010010010110100101000000110000000011100111111111111
111111110011101101001001110001011110001100001101111010100111111001111010000001110101010100000000011100000000011011110011101001101111101100101111110100001010111101000101111001010111110111111100010101001001001001111100001111010000000000001011001010101000101011000000001001001111010001100001001101001100101110100010001110111111101111
110011111010111111011000100101101001011101000001111111111100001011111000100100011111000100110110101100000011100011111111101001100111100110010000101101100110111000100111111111001011010011100001010110110111001101111101101110000001101110010010111011011100000011100110101000100101100101010011111101101111000110000000010011101111111111
111001010101101100001010101000011011000100100111111010100101010100101110001111111011000111001011111001011110011111111011100110011011100100111011110001001111111011111011001001001111101111111010110011001011011010111100100111110001110111000001110000011101011100111001010110011010000000111010111111100100000100101011011111001111111111
111101010011100010100001001010001000110010110011111010111001111101001110101000001111110001110000000010000001101011111111100111100101110011100111010101100100111010110101011100010111111111110100001100000011010110111110000100010001000100100001101110111110100001001001110100101100010100101100011110011000100100111011011000101111111111
110100011000110111011010100110000010111111001111111000111110000011110100010110000101001100101111110110010111101011111011100000110111111100011000011110100010111110010011001000111011110011110001010111000110010000111111011000111101011101101000111000000110100111101010110001001111000011100000000100001001011100110111110010111111111111
111100100001110010000101010001110001101100111111111000111011011110010000110010110110001010000110011000110010101111110111100101111011111011101110010111010000111011101100111011101011010111111011101001000100001010111111111011110001110001100100001100010111001101011110000000000101010100110010000100000101000110011010010100101111111111
111000111001101111110000100010010000110100110001111011110001010110010110011101110110010011110010010001010000001011110011101100001001101101101100001001011001111000011101111001000011110011110100111001100100100000111100100011000001100011100110100000110001100111111100110101111001110000010100000101010011111001010101001000111111101111
110000000000010011111100000101101000001001111101111011110011000001100101000001111000001100101011101111110001111111111011100001100111110010010001001110001110111101000001101001001011001111101100110000111011101111111111110001101110110010110101101011100000011010011011110010010010100111100010110100000110101111101110111011111111111111
111000101000100110110010111011010010001011000001111001101000000000001010101111100111110100001111001000011111000111110011100110101001100111010100100101000110111010010101100100001011110111101011010001101010011100111101111111100101000110110000011111011101001010100111100110010110001000001101101110111100000010100100010011101111111111
111111111101010001000001100111011101000111101001111011101000111000101010010110110000110010111110110011001110100011110011100111110011110111111100110000110110111111111111111010001011000111110000010101010011101000111100010100000100100101110111111100110000111011000111010110011100001100110101111101100000100011011110011101011111111111
111001001001010000011011110001000101001000110101111011110110011000000010001011111011011101000110100001010000000111111011100010000001110000000000001110011111111100011101011001100111111011100110011101111000100010111101001000111111011011000100001001011101111110111110011101011000011010011011101000100011101110010110000000101111101111
111100011101010010110011000111010100000101011001111101110010110101001101011001111010100111101101101101110101111011110111110100010101101000100010011011010000111011101010111110000011000111101010001000101101011110111111011110011100001001100000110000010000011111111010100011011100010001010110001111000111110100000111010011111111111111
110110111101111111101001100101011000000000100111111101101000111000010011110000110001100000011000011010100000111011111111101010100111111100101010110100010100111000101111011111010011001011111010111111010110010101111111011100001100100011010000000110100110100010011111000111101110000000010111001111101101001011011111011110011111111111
110010010000101011010100001011011001100011011101111101110111111100001001010011101000000001110001011101101111111011110111100111001101111100011110010001100001111110100011011011010111101111100011101001110101111011111100001111100011100010001001101110000001000000000111000010001010000011011011010101001011101001101001000000001111101111
110010101010100001100001011100011001010101110001111101101011010001110110100011010010100101010000110001001000001011111111110010010011100101110110100101000001111011000101100011001111001011101010011001000110110000111110010010101100001111001010111101010101000001011011011000111001110011000110001101110101010000000100010001111111111111
111111111110100100100011011011001010001100001001111010100011111001001101100001110011011000001010110010000110110011111011101111110101100001011101001111010011111001000101011111101111100111101100111100100011001111111110001000011001101110101101011110111111110110101010101000111001110110010011100000101001101001001111110010111111101111
~~~
94.0 131.0 107.0 368.0 1986.0 
75.0 148.0 104.0 306.0 1811.0 
80.0 153.0 98.0 327.0 1785.0 
88.0 150.0 99.0 303.0 1806.0 
80.0 122.0 104.0 406.0 2105.0 
84.0 160.0 92.0 307.0 1699.0 
98.0 158.0 99.0 281.0 1751.0 
75.0 148.0 104.0 306.0 1811.0 
70.0 158.0 93.0 313.0 1738.0 
81.0 168.0 90.0 314.0 1595.0 
85.0 130.0 107.0 399.0 2012.0 
89.0 157.0 93.0 318.0 1713.0 
67.0 139.0 108.0 355.0 1912.0 
81.0 168.0 90.0 314.0 1595.0 
75.0 141.0 96.0 382.0 1853.0 
78.0 163.0 99.0 267.0 1668.0 
87.0 131.0 105.0 397.0 1969.0 
60.0 142.0 101.0 341.0 1940.0 
78.0 152.0 88.0 390.0 1775.0 
80.0 150.0 97.0 320.0 1842.0 
75.0 145.0 93.0 360.0 1858.0 
78.0 152.0 89.0 381.0 1779.0 
81.0 154.0 87.0 344.0 1816.0 
67.0 139.0 108.0 355.0 1912.0 
78.0 144.0 97.0 374.0 1859.0 
75.0 145.0 105.0 330.0 1845.0 
94.0 173.0 86.0 326.0 1577.0 
76.0 134.0 111.0 358.0 1985.0 
89.0 154.0 90.0 336.0 1783.0 
90.0 160.0 86.0 337.0 1727.0 
91.0 170.0 81.0 337.0 1612.0 
66.0 138.0 110.0 338.0 1901.0 
100.0 134.0 93.0 397.0 2003.0 
71.0 157.0 94.0 327.0 1660.0 
98.0 158.0 99.0 281.0 1751.0 
80.0 165.0 94.0 311.0 1684.0 
91.0 170.0 81.0 337.0 1612.0 
80.0 150.0 97.0 320.0 1842.0 
78.0 153.0 96.0 339.0 1777.0 
84.0 156.0 101.0 295.0 1773.0 
84.0 162.0 92.0 301.0 1674.0 
69.0 151.0 102.0 336.0 1789.0 
82.0 156.0 90.0 350.0 1779.0 
67.0 139.0 108.0 355.0 1912.0 
100.0 134.0 93.0 397.0 2003.0 
86.0 149.0 94.0 325.0 1783.0 
78.0 138.0 104.0 368.0 1954.0 
84.0 150.0 101.0 296.0 1792.0 
79.0 144.0 97.0 366.0 1849.0 
103.0 158.0 97.0 290.0 1724.0 
75.0 148.0 104.0 306.0 1811.0 
101.0 159.0 96.0 290.0 1717.0 
96.0 157.0 85.0 341.0 1738.0 
71.0 145.0 100.0 385.0 1882.0 
82.0 129.0 113.0 385.0 1997.0 
78.0 159.0 95.0 320.0 1719.0 
69.0 125.0 116.0 390.0 2074.0 
87.0 155.0 96.0 314.0 1752.0 
81.0 166.0 94.0 307.0 1676.0 
86.0 150.0 93.0 325.0 1773.0 
98.0 158.0 99.0 281.0 1751.0 
74.0 142.0 94.0 367.0 1928.0 
74.0 137.0 107.0 337.0 1970.0 
80.0 119.0 107.0 406.0 2139.0 
80.0 145.0 98.0 321.0 1909.0 
0.0 174.0 91.0 265.0 1577.0 
75.0 148.0 104.0 306.0 1811.0 
75.0 127.0 119.0 350.0 2000.0 
89.0 157.0 93.0 318.0 1713.0 
87.0 131.0 105.0 397.0 1969.0 
80.0 145.0 100.0 321.0 1846.0 
74.0 148.0 103.0 323.0 1823.0 
81.0 153.0 87.0 347.0 1822.0 
71.0 157.0 94.0 327.0 1660.0 
75.0 149.0 104.0 297.0 1797.0 
74.0 138.0 102.0 387.0 1950.0 
69.0 125.0 116.0 390.0 2074.0 
80.0 150.0 97.0 320.0 1842.0 
89.0 157.0 93.0 318.0 1713.0 
74.0 144.0 92.0 392.0 1870.0 
75.0 145.0 105.0 330.0 1845.0 
79.0 142.0 106.0 334.0 1929.0 
72.0 138.0 109.0 322.0 1928.0 
89.0 136.0 114.0 303.0 1950.0 
101.0 162.0 87.0 335.0 1694.0 
97.0 157.0 98.0 279.0 1761.0 
73.0 138.0 106.0 337.0 1956.0 
81.0 141.0 101.0 348.0 1820.0 
96.0 157.0 85.0 341.0 1738.0 
101.0 158.0 97.0 279.0 1748.0 
94.0 173.0 86.0 326.0 1577.0 
99.0 133.0 94.0 397.0 2013.0 
80.0 120.0 106.0 406.0 2124.0 
69.0 125.0 116.0 390.0 2074.0 
75.0 152.0 96.0 341.0 1789.0 
78.0 140.0 105.0 340.0 1885.0 
74.0 137.0 110.0 322.0 1938.0 
82.0 141.0 95.0 405.0 1863.0 
71.0 158.0 89.0 309.0 1722.0 
83.0 158.0 96.0 317.0 1693.0 
90.0 134.0 98.0 406.0 1964.0 
82.0 156.0 90.0 350.0 1779.0 
78.0 158.0 84.0 362.0 1708.0 
0.0 0.0 179.0 626.0 3323.0 
0.0 143.0 103.0 364.0 1852.0 
77.0 142.0 99.0 374.0 1841.0 
90.0 158.0 92.0 335.0 1685.0 
75.0 152.0 96.0 341.0 1789.0 
84.0 150.0 101.0 296.0 1792.0 
83.0 154.0 97.0 314.0 1776.0 
81.0 121.0 105.0 406.0 2109.0 
95.0 127.0 97.0 414.0 2083.0 
80.0 153.0 98.0 327.0 1785.0 
69.0 125.0 116.0 390.0 2074.0 
90.0 160.0 86.0 337.0 1727.0 
84.0 161.0 92.0 303.0 1688.0 
80.0 165.0 94.0 311.0 1684.0 
83.0 153.0 101.0 314.0 1723.0 
82.0 153.0 99.0 306.0 1772.0 
73.0 142.0 95.0 388.0 1921.0 
72.0 141.0 95.0 367.0 1943.0 
81.0 141.0 101.0 348.0 1820.0 
83.0 154.0 97.0 314.0 1776.0 
76.0 149.0 103.0 306.0 1801.0 
75.0 138.0 100.0 391.0 1934.0 
78.0 152.0 88.0 390.0 1775.0 
73.0 138.0 106.0 337.0 1956.0 
70.0 159.0 92.0 313.0 1724.0 
80.0 142.0 101.0 343.0 1806.0 
87.0 158.0 98.0 302.0 1698.0 
79.0 155.0 92.0 333.0 1744.0 
74.0 138.0 106.0 369.0 1948.0 
75.0 130.0 104.0 407.0 1995.0 
78.0 162.0 103.0 270.0 1694.0 
100.0 134.0 93.0 397.0 2003.0 
85.0 130.0 107.0 399.0 2012.0 
88.0 160.0 86.0 359.0 1700.0 
81.0 168.0 90.0 314.0 1595.0 
78.0 144.0 97.0 374.0 1859.0 
79.0 121.0 106.0 397.0 2116.0 
78.0 147.0 107.0 287.0 1803.0 
84.0 158.0 90.0 345.0 1696.0 
74.0 137.0 101.0 391.0 1947.0 
82.0 129.0 113.0 385.0 1997.0 
80.0 158.0 88.0 322.0 1706.0 
88.0 137.0 113.0 303.0 1944.0 
97.0 158.0 98.0 276.0 1756.0 
89.0 143.0 91.0 380.0 1892.0 
81.0 168.0 90.0 314.0 1595.0 
97.0 157.0 98.0 279.0 1761.0 
75.0 145.0 105.0 330.0 1845.0 
79.0 144.0 97.0 366.0 1849.0 
94.0 130.0 105.0 383.0 2010.0 
79.0 155.0 92.0 333.0 1744.0 
85.0 155.0 97.0 297.0 1777.0 
75.0 146.0 92.0 360.0 1848.0 
73.0 142.0 95.0 388.0 1921.0 
75.0 160.0 93.0 295.0 1698.0 
75.0 128.0 118.0 350.0 1995.0 
81.0 149.0 93.0 344.0 1812.0 
84.0 150.0 101.0 296.0 1792.0 
72.0 157.0 102.0 326.0 1778.0 
79.0 150.0 96.0 347.0 1811.0 
77.0 150.0 96.0 358.0 1820.0 
72.0 157.0 102.0 326.0 1778.0 
80.0 139.0 106.0 326.0 1926.0 
64.0 136.0 110.0 348.0 1917.0 
74.0 137.0 110.0 322.0 1938.0 
90.0 158.0 92.0 335.0 1685.0 
78.0 141.0 104.0 340.0 1870.0 
75.0 152.0 96.0 341.0 1789.0 
98.0 158.0 99.0 281.0 1751.0 
71.0 157.0 94.0 327.0 1660.0 
70.0 142.0 99.0 354.0 1892.0 
75.0 148.0 104.0 306.0 1811.0 
82.0 144.0 100.0 324.0 1858.0 
71.0 137.0 103.0 397.0 1961.0 
84.0 158.0 90.0 345.0 1696.0 
82.0 156.0 90.0 350.0 1779.0 
94.0 130.0 105.0 383.0 2010.0 
82.0 150.0 91.0 362.0 1794.0 
83.0 158.0 96.0 317.0 1693.0 
86.0 149.0 94.0 325.0 1783.0 
74.0 137.0 101.0 391.0 1947.0 
75.0 160.0 93.0 295.0 1698.0 
84.0 150.0 101.0 296.0 1792.0 
80.0 150.0 97.0 320.0 1842.0 
69.0 125.0 116.0 390.0 2074.0 
89.0 143.0 91.0 380.0 1892.0 
89.0 154.0 90.0 336.0 1783.0 
71.0 158.0 89.0 309.0 1722.0 
75.0 128.0 118.0 350.0 1995.0 
75.0 145.0 105.0 330.0 1845.0 
83.0 154.0 97.0 314.0 1776.0 
91.0 170.0 81.0 337.0 1612.0 
82.0 153.0 99.0 306.0 1772.0 
80.0 145.0 98.0 321.0 1909.0 
75.0 155.0 98.0 298.0 1772.0 
82.0 129.0 113.0 385.0 1997.0 
89.0 157.0 93.0 318.0 1713.0 
87.0 158.0 98.0 302.0 1698.0 
101.0 162.0 87.0 335.0 1694.0 
80.0 148.0 106.0 287.0 1789.0 
103.0 158.0 97.0 290.0 1724.0 
87.0 131.0 105.0 397.0 1969.0 
77.0 142.0 99.0 374.0 1841.0 
84.0 156.0 92.0 327.0 1758.0 
90.0 160.0 86.0 337.0 1727.0 
79.0 142.0 106.0 334.0 1929.0 
81.0 162.0 88.0 320.0 1687.0 
76.0 134.0 111.0 358.0 1985.0 
87.0 144.0 91.0 399.0 1845.0 
83.0 131.0 108.0 393.0 1984.0 
81.0 154.0 87.0 344.0 1816.0 
80.0 120.0 106.0 406.0 2124.0 
60.0 142.0 101.0 341.0 1940.0 
84.0 154.0 100.0 314.0 1714.0 
74.0 138.0 102.0 387.0 1950.0 
75.0 147.0 104.0 323.0 1835.0 
76.0 147.0 97.0 351.0 1856.0 
69.0 151.0 102.0 336.0 1789.0 
80.0 158.0 88.0 322.0 1706.0 
82.0 141.0 95.0 405.0 1863.0 
76.0 131.0 103.0 407.0 1987.0 
75.0 146.0 92.0 360.0 1848.0 
78.0 138.0 104.0 368.0 1954.0 
84.0 157.0 100.0 295.0 1760.0 
100.0 134.0 93.0 397.0 2003.0 
77.0 166.0 87.0 324.0 1663.0 
99.0 164.0 90.0 284.0 1656.0 
77.0 140.0 102.0 352.0 1951.0 
67.0 139.0 108.0 355.0 1912.0 
97.0 153.0 97.0 304.0 1767.0 
84.0 161.0 92.0 303.0 1688.0 
94.0 131.0 107.0 368.0 1986.0 
87.0 163.0 97.0 289.0 1677.0 
72.0 141.0 104.0 376.0 1935.0 
82.0 148.0 94.0 344.0 1818.0 
85.0 130.0 107.0 399.0 2012.0 
81.0 141.0 101.0 348.0 1820.0 
94.0 173.0 86.0 326.0 1577.0 
110.0 139.0 110.0 305.0 1946.0 
85.0 155.0 97.0 297.0 1777.0 
74.0 145.0 99.0 383.0 1885.0 
81.0 168.0 90.0 314.0 1595.0 
80.0 153.0 98.0 327.0 1785.0 
78.0 144.0 97.0 374.0 1859.0 
71.0 145.0 100.0 385.0 1882.0 
75.0 138.0 106.0 364.0 1948.0 
89.0 134.0 108.0 350.0 1999.0 
87.0 154.0 96.0 314.0 1757.0 
73.0 142.0 95.0 388.0 1921.0 
90.0 136.0 107.0 338.0 1951.0 
80.0 165.0 94.0 311.0 1684.0 
78.0 161.0 104.0 270.0 1703.0 
75.0 145.0 91.0 392.0 1855.0 
88.0 137.0 113.0 303.0 1944.0 
97.0 157.0 98.0 279.0 1761.0 
73.0 148.0 97.0 359.0 1824.0 
78.0 152.0 88.0 390.0 1775.0 
78.0 163.0 99.0 267.0 1668.0 
71.0 146.0 99.0 369.0 1882.0 
96.0 157.0 85.0 341.0 1738.0 
85.0 138.0 104.0 343.0 1920.0 
70.0 159.0 92.0 313.0 1724.0 
91.0 146.0 94.0 351.0 1783.0 
79.0 144.0 97.0 366.0 1849.0 
79.0 155.0 92.0 333.0 1744.0 
95.0 163.0 95.0 289.0 1673.0 
73.0 138.0 106.0 337.0 1956.0 
~~~
1.377
