1000000000000000010000000001100000000000000000000
1101111001100100011000000001101100110000110101001
1001010101100010010100000001110000010000000010000
1100011111010110111001000101111111101011100100000
1000000101111000111010110001111010010000010111011
1011111100101001111110111111111000000000111100000
1000000000000000010000000001100000000000000000000
1000101000100000011100110111100000110100110010000
1110000111011000111101011001110010000010110000100
1101011000011001011010011111111011100011110111010
1110011111101000111101000001101000101001000011000
1000000000000000010000000001100000000000000000000
1100000110100000111101101101111001000101111011100
1100011111010110111001000101111111101011100100000
1111011100101000110001110101101100111100100110000
1001100011101000111110010111110000000000001001000
1000101000100000011100110111100000110100110010000
1111111001001111011110000001111010001001100101111
1010011100011000011110000011110001111011111000001
1111111001001111011110000001111010001001100101111
1110000111011000111101011001110010000010110000100
1110110111100110110001001001110001000100100101111
1110101001110110011101010101110100010100010011001
1000101000100000011100110111100000110100110010000
1111011100101000110001111101101100111100100110000
1011111100101001111110111111111000000000111100000
1111111001001111011110000001111010001001100101111
1101110111010110110010111101111010010011011101011
1110000000111110011100101001101001111010000101011
1111111010010111010111110101111111010011010111100
1111001010011000010101111011111011011001111101111
1000000000000000010000000001100000000000000000000
1010011100011000011110000011110001111011111000001
1011100010010001011110001101100000100001110011010
1101011000011001011010011111111011100011110111010
1000000000000000010000000001100000000000000000000
1100000000000000010000110101111001011011100111100
1011101100111110110101000101100001010000011111100
1010111010011000110110010011101010101110000100000
1101011000011001011010011111111011100011110111010
1001010101100010010100000001110000010000000010000
1101111001100100011000000001101100110000110101001
1000101000101000011100110111100000110100110010000
1001100011101000111110010111110000000000001001000
1110000000111110011100110011101110001111111011011
1011111100101001111110111111111000000000111100000
1010011000001001010011000101111101001101100010010
1100111110000111111000111111111101100100010000000
1100011111010110111001000101111111101011100100000
1000101000100000011100110111100001001101101101110
1010011000001001010011000101111101001101100010010
1000101001101001011111011001111100000010001000000
1010011000001001010011000101111101001101100010010
1010011000001001010011000101111101001101100010010
1000101001101001011111011001111100000010001000000
1101110111000110110010111101111010010011011101011
1111011100101000110001111101101100111100100110000
1000101000100000011100110111100000110100110010000
1010000010101100111111000001110001100011010011000
1110000111011000111101011001110010000010110000100
1000101000100000011100110111100000110100110010000
1111011100101000110001111101101100111100100110000
1100011100110111011010100001111011111011110010000
1101011000011001011010011111111011100011110111010
1111011111111111011101111111111111111011111111010
1000101000100000011100110111100001001101101101110
1111111010010111010111110101111111010011010111100
1001010101100010010100000001110000010000000010000
1100000000000000010000110101111001011011100111100
1110000000111110011100101001101001111010000101011
1010011000001001010011000101111101001101100010010
1111010000000000010000000001111010111100000000000
1000000000000000010000000001100000000000000000000
1101110111010110110010111101111010010011011101011
1110010111000001011110000001111001110010101110010
1000101000100000011100110111100000110100110010000
1001000100111000011000111011101100000001010010001
1000101000100000011100110111100000110100110010000
1100111110000111111000111111111101100100010000000
1111011100101000110001111101101100111100100110000
1111011100101000110001111101101100111100100110000
1000101000100000011100110111100000110100110010000
1000101000100000011100110111100001001101101101110
1100011111010110111001000101111111101011100100000
1101110111010110110010111101111010110001110111011
1110010111000001011110000001111001110010101110010
1011001001001010010001100011111110000101000000100
1010000010101100111111000001110001100011010011000
1111011100101000110001111101101100111100100110000
1001010101100010010100000001110000010000000010000
1101111001100100011000000001101100110000110101001
1100100110001001010000000011100011110100111111001
1000101000100000011100110111100000110100110010000
1101110111010110110010111101111010010011000110111
1001010101100010010100000001110000010000000010000
1000101001101001011111011001111100000010001000000
1000000000000000010000000001100000000000000000000
1110000000111110011100101001101001111010000101011
1100011100110111011010100001111011111011110010000
1000101000100000011100110111100000110100110010000
1001000100111000011000111011101100000001010010001
1101011000011001011010011111111011100011110111010
1000101000100000011100110111100000110100110010000
1101110111010110110010111101111010010011000010111
1100011111010110111001000101111111101011100100000
1011101100111110110101000101100001010000011111100
1111010110110110110000111111100000011101110000000
1010110001111001011110011111111100001110101100000
1100011100110111011010100001111011111011110010000
1001100011101000111110010111110000000000001001000
1110010111000000011110000001111001110010101110010
1110010111000001011110000001111001100010101110010
1011001001001010010001100011111110000101000000100
1001000100111000011000111011101100000001010010001
1010011000001001010011000101111101001101100010010
1100000000000000010000110101111001011011100111100
1110101001110110011101010101110100010100110011001
1010011100011000011110000011110001111011111000001
1101110010100110011111110011101110001111111011011
1000101000100000011100110111100000110100110010000
1100011100110111011010100001111011111011110010000
1111011100101000110001111101101100111100100110000
1110000111011000111101011001110010000010110000100
1101111001100100011000000001101100110000110101001
1111111001001111011110000001111010001001100101111
1000000101111000111010110001111010010000010111011
1111011110111111011101111111111111111011111111001
1111010110000011110010000001110000000011001001010
1011001001001010010001100011111110000101000000100
1110000111011000111101011001110010000010110000100
1111011111111111011101111111111111111011111111010
1110000000111110011100101001101001111010000101011
1101110111010110110010111101111010010011000010111
1000101001101001011111011001111100000010001000000
1100100110001001010000000011100011110100111111001
1100100110001001010000000011100011110100111111001
1100011100110111011010100001111011111011110010000
1001010101100010010100000001110000010000000010000
1110101001110110011101010101110100010100010011001
1110000111011000111101011001110010000010110000100
1111111001001111011110000001111010001001100101111
1000000000000000010000000001100000000000000000000
1111111001001111011110000001111010001001100101111
1111111010010111010111110101111111010011010111100
1111110110111111011110111111111111111011111111001
1110101001110110011101010101110100010100010011001
1111111001001111011110000001111010001001100101111
1001010101100010010100000001110000010000000010000
1000000000000000010000000001100000000000000000000
1111111001001111011110000001111010001001100101111
1010000010101100111111000001110001100011010011000
1010111010011000110110010011101010101110000100000
1000101001101001011111011001111100000010001000000
1011001001001010010001100011111110000101000000100
1000101000100000011100110111100000110100110010000
1111111001001111011110000001111010001001100101111
1111011111111111011101111111111111111011111111010
1101011000011001011010011111111011100011110111010
1001010101100010010100000001110000010000000010000
1111111110111110011110111111111111111011111111010
1011001001001010010001100011111110000101000000100
1101110111010110110010111101111010010011000010111
1101110111010110110010111101111010010011011101011
1000101001101001011111011001111100000010001000000
1001000100111000011000111011101100000001010010001
1010000010101100111111000001110001100011010011000
1000101000100000011100110111100000110100110010000
1101110111010110110010111101111010010011011101011
1110010011000001011101011101100001100001111110110
1000101001101001011111011001111100000010001000000
1011101100111110110101000101100001010000011111100
1001100011101000111110010111110000000000001001000
1110010011000001011101011101100001100001111110110
1010000010101100111111000001110001100011010011000
1010011100011000011110000011110001111011111000001
1010011000001001010011000101111101001101100010010
1010011000001001010011000101111101001101100010010
1111111001001111011110000001111010001001100101111
1101110111010110110010111101111010010011000010111
1010011000001001010011000101111101001101100010010
1000101000100000011100110111100000110100110010000
1100000000000000010000110101111001011011100111100
1111111010010111010111110101111111010011010111100
1111111010010111010111110101111111010011010111100
1110101001110110011101010101110100010100010011001
1011001001001010010001100011111110000101000000100
1000000000000000010000000001100000000000000000000
1001000100111000011000111011101100000001010010001
1010011000001001010011000101111101001101100010010
1110101001110110011101010101110100010100010011001
1101011000011001011010011111111011100011110111010
1000101000100000011100110111100000110100110010000
1101011000011001011010011111111011100011110111010
1000101001101001011111011001111100000010001000000
1111010110000011110010000001110000000011001001010
1001000100111000011000111011101100000001010010001
1111111001001111011110000001111010001001100101111
1010011000001001010011000101111101001101100010010
1010000010101100111111000001110001100011010011000
1110010111000000011110000001111001110010101110010
1111111010010111010111110101111111010011010111100
1011001001001010010001100011111110000101000000100
1111111001001111011110000001111010001001100101111
1000101000100000011100110111100000110100110010000
1011001001001010010001100011111110000101000000100
1101011000011001011010011111111011100011110111010
1001000100111000011000111011101100000001010010001
1110101001110110011101010101110100010100010011001
1111011100101000110001111101101100111100100110000
1000101001101001011111011001111100000010001000000
1101111001100100011000000001101100110000110101001
1111011111111111011101111111111111111011111111010
1101011000011001011010011111111011100011110111010
1000101000100000011100110111100000110100110010000
1101110111010110110010111101111010010011000010111
1110010011000001011101011101100001100001111110110
1001111111101100111110000011110001010000011100101
1100011111010110111001000101111111101011100100000
1010011100011000011110000011110001111011111000001
1000101000100000011100110111100000110100110010000
1010000010101100111111000001110001100011010011000
1100001001011000111100001111111011011001111111100
1010011000001001010011000101111101001101100010010
1101011000011001011010011111111011100011110111010
1001010101100010010100000001110000010000000010000
1100001001011000111100001111111011011001111111100
1101011000011001011010011111111011100011110111010
1001010101100010010100000001110000010000000010000
1100111110000111111000111111111101100100010000000
1011001001001010010001100011111110000101000000100
1111011100101000110001111101101100111100100110000
1111011000100001011101011101101101000010001111001
1011111100101001111110111111111000000000111100000
1101111001100100011000000001101100110000110101001
1001010101100010010100000001110000010000000010000
1101110111010110110010111101111010010011000010111
1101010110101001110001110011101000111011010000000
1110110111100110110001001001110001000100100000001
1010011000001001010011000101111101001101100010010
1100011111010110111001000101111111101011100100000
1100011100110111011010100001111011111011110010000
1011100010010001011110001101100001100101011100000
1110000000111110011100101001101001111010000101011
1110000000111110011100101001101001111010000101011
1000000000000000010000000001100000000000000000000
1110110111100110110001001001110001000100100000001
1000000101111000111010110001111010010000010111011
1000101000100000011100110111100001001101101101110
1100011111010110111001000101111111101011100100000
1101111001100100011000000001101100110000110101001
1110000111011000111101011001110010000010110000100
1000000000000000010000000001100000000000000000000
1111111001001111011110000001111010001001100101111
1101110111010110110010111101111010010011011101011
1100011100110111011010100001111011111011110010000
1000000101111000111010110001111010010000010111011
1100001001011000111100001111111011011001111111100
1111001010011000010101111011111011011001111101111
1110010011000001011101011101100001100001111110110
1101110111010110110010111101111010010011000010111
1000000000110100011110101101110111000000011110100
1100011111010110111001000101111111101011100100000
1111111010010111010111110101111111010011010111100
1110000000111110011100101001101001111010000101011
1110000111011000111101011001110010000010110000100
1011001001001010010001100011111110000101000000100
1011101100111110110101000101100001010000011111100
1010001101011110010010001001110001110001000010010
1001010101100010010100000001110000010000000010000
1000000101111000111010110001111010010000010111011
1100011100110111011010100001111011111011110010000
1111010110000011110010000001110000000011001001010
1000101001101001011111011001111100000010001000000
1110010111000001011110000001111001110010101110010
1101011000011001011010011111111011100011110111010
1101111001100100011000000001101100110000110101001
1011111100101001111110111111111000000000111100000
1010110001111001011110011111111100001110101100000
1101010110101001110001110011101000111011010000000
1010000010101100111111000001110001100011010011000
1110101001110110011101010101110100010100010011001
1000101000100000011100110111100000110100110010000
1111011100101000110001111101101100111100100110000
1010011000001001010011000101111101001101100010010
1110110111100110110001001001110001000100100000001
1001000100111000011000111011101100000001010010001
1100000110100000111101101101111001000101111011100
1010011100011000011110000011110001111011111000001
1001100011101000111110010111110000000000001001000
1001111111101100111110000011110001010000011100101
1010111010011000110110010011101010101110000100000
1100111110000111111000111111111101100100010000000
1111111001001111011110000001111010001001100101111
1011100010010001011110001101100001100101011100000
1111011000100001011101011101101101000010001111001
~~~
0.0 45.0 2.0 9.0 40.0 
11.0 27.0 10.0 53.0 192.0 
12.0 35.0 9.0 19.0 126.0 
7.0 21.0 12.0 62.0 247.0 
12.0 25.0 15.0 30.0 223.0 
10.0 21.0 14.0 49.0 252.0 
0.0 45.0 2.0 9.0 40.0 
11.0 30.0 10.0 41.0 165.0 
12.0 26.0 13.0 30.0 219.0 
8.0 19.0 15.0 53.0 282.0 
10.0 26.0 11.0 49.0 212.0 
0.0 45.0 2.0 9.0 40.0 
8.0 23.0 16.0 36.0 248.0 
7.0 21.0 12.0 62.0 247.0 
7.0 23.0 12.0 72.0 225.0 
14.0 29.0 12.0 22.0 184.0 
11.0 30.0 10.0 41.0 165.0 
8.0 20.0 14.0 53.0 261.0 
11.0 24.0 12.0 47.0 217.0 
8.0 20.0 14.0 53.0 261.0 
12.0 26.0 13.0 30.0 219.0 
11.0 23.0 14.0 40.0 250.0 
9.0 23.0 16.0 42.0 231.0 
11.0 30.0 10.0 41.0 165.0 
7.0 22.0 13.0 72.0 237.0 
10.0 21.0 14.0 49.0 252.0 
8.0 20.0 14.0 53.0 261.0 
15.0 17.0 22.0 32.0 297.0 
8.0 24.0 13.0 48.0 235.0 
10.0 15.0 19.0 53.0 303.0 
10.0 17.0 19.0 44.0 297.0 
0.0 45.0 2.0 9.0 40.0 
11.0 24.0 12.0 47.0 217.0 
8.0 27.0 13.0 32.0 211.0 
8.0 19.0 15.0 53.0 282.0 
0.0 45.0 2.0 9.0 40.0 
0.0 29.0 11.0 35.0 186.0 
13.0 23.0 17.0 29.0 240.0 
14.0 26.0 8.0 63.0 196.0 
8.0 19.0 15.0 53.0 282.0 
12.0 35.0 9.0 19.0 126.0 
11.0 27.0 10.0 53.0 192.0 
11.0 29.0 10.0 44.0 174.0 
14.0 29.0 12.0 22.0 184.0 
6.0 19.0 17.0 64.0 265.0 
10.0 21.0 14.0 49.0 252.0 
14.0 27.0 8.0 63.0 186.0 
6.0 22.0 13.0 55.0 256.0 
7.0 21.0 12.0 62.0 247.0 
11.0 26.0 12.0 43.0 207.0 
14.0 27.0 8.0 63.0 186.0 
13.0 28.0 9.0 50.0 190.0 
14.0 27.0 8.0 63.0 186.0 
14.0 27.0 8.0 63.0 186.0 
13.0 28.0 9.0 50.0 190.0 
14.0 18.0 21.0 32.0 288.0 
7.0 22.0 13.0 72.0 237.0 
11.0 30.0 10.0 41.0 165.0 
16.0 27.0 11.0 35.0 201.0 
12.0 26.0 13.0 30.0 219.0 
11.0 30.0 10.0 41.0 165.0 
7.0 22.0 13.0 72.0 237.0 
5.0 21.0 13.0 61.0 251.0 
8.0 19.0 15.0 53.0 282.0 
0.0 6.0 23.0 79.0 393.0 
11.0 26.0 12.0 43.0 207.0 
10.0 15.0 19.0 53.0 303.0 
12.0 35.0 9.0 19.0 126.0 
0.0 29.0 11.0 35.0 186.0 
8.0 24.0 13.0 48.0 235.0 
14.0 27.0 8.0 63.0 186.0 
0.0 34.0 5.0 47.0 134.0 
0.0 45.0 2.0 9.0 40.0 
15.0 17.0 22.0 32.0 297.0 
8.0 24.0 11.0 47.0 239.0 
11.0 30.0 10.0 41.0 165.0 
11.0 29.0 13.0 33.0 182.0 
11.0 30.0 10.0 41.0 165.0 
6.0 22.0 13.0 55.0 256.0 
7.0 22.0 13.0 72.0 237.0 
7.0 22.0 13.0 72.0 237.0 
11.0 30.0 10.0 41.0 165.0 
11.0 26.0 12.0 43.0 207.0 
7.0 21.0 12.0 62.0 247.0 
9.0 16.0 22.0 39.0 310.0 
8.0 24.0 11.0 47.0 239.0 
13.0 29.0 10.0 46.0 168.0 
16.0 27.0 11.0 35.0 201.0 
7.0 22.0 13.0 72.0 237.0 
12.0 35.0 9.0 19.0 126.0 
11.0 27.0 10.0 53.0 192.0 
11.0 26.0 11.0 45.0 226.0 
11.0 30.0 10.0 41.0 165.0 
15.0 18.0 21.0 32.0 285.0 
12.0 35.0 9.0 19.0 126.0 
13.0 28.0 9.0 50.0 190.0 
0.0 45.0 2.0 9.0 40.0 
8.0 24.0 13.0 48.0 235.0 
5.0 21.0 13.0 61.0 251.0 
11.0 30.0 10.0 41.0 165.0 
11.0 29.0 13.0 33.0 182.0 
8.0 19.0 15.0 53.0 282.0 
11.0 30.0 10.0 41.0 165.0 
14.0 19.0 21.0 30.0 275.0 
7.0 21.0 12.0 62.0 247.0 
13.0 23.0 17.0 29.0 240.0 
0.0 23.0 17.0 42.0 228.0 
11.0 21.0 11.0 74.0 241.0 
5.0 21.0 13.0 61.0 251.0 
14.0 29.0 12.0 22.0 184.0 
7.0 25.0 11.0 42.0 228.0 
7.0 25.0 10.0 47.0 233.0 
13.0 29.0 10.0 46.0 168.0 
11.0 29.0 13.0 33.0 182.0 
14.0 27.0 8.0 63.0 186.0 
0.0 29.0 11.0 35.0 186.0 
9.0 22.0 16.0 47.0 237.0 
11.0 24.0 12.0 47.0 217.0 
10.0 16.0 19.0 64.0 292.0 
11.0 30.0 10.0 41.0 165.0 
5.0 21.0 13.0 61.0 251.0 
7.0 22.0 13.0 72.0 237.0 
12.0 26.0 13.0 30.0 219.0 
11.0 27.0 10.0 53.0 192.0 
8.0 20.0 14.0 53.0 261.0 
12.0 25.0 15.0 30.0 223.0 
0.0 7.0 22.0 79.0 379.0 
10.0 29.0 12.0 27.0 197.0 
13.0 29.0 10.0 46.0 168.0 
12.0 26.0 13.0 30.0 219.0 
0.0 6.0 23.0 79.0 393.0 
8.0 24.0 13.0 48.0 235.0 
14.0 19.0 21.0 30.0 275.0 
13.0 28.0 9.0 50.0 190.0 
11.0 26.0 11.0 45.0 226.0 
11.0 26.0 11.0 45.0 226.0 
5.0 21.0 13.0 61.0 251.0 
12.0 35.0 9.0 19.0 126.0 
9.0 23.0 16.0 42.0 231.0 
12.0 26.0 13.0 30.0 219.0 
8.0 20.0 14.0 53.0 261.0 
0.0 45.0 2.0 9.0 40.0 
8.0 20.0 14.0 53.0 261.0 
10.0 15.0 19.0 53.0 303.0 
0.0 7.0 22.0 77.0 382.0 
9.0 23.0 16.0 42.0 231.0 
8.0 20.0 14.0 53.0 261.0 
12.0 35.0 9.0 19.0 126.0 
0.0 45.0 2.0 9.0 40.0 
8.0 20.0 14.0 53.0 261.0 
16.0 27.0 11.0 35.0 201.0 
14.0 26.0 8.0 63.0 196.0 
13.0 28.0 9.0 50.0 190.0 
13.0 29.0 10.0 46.0 168.0 
11.0 30.0 10.0 41.0 165.0 
8.0 20.0 14.0 53.0 261.0 
0.0 6.0 23.0 79.0 393.0 
8.0 19.0 15.0 53.0 282.0 
12.0 35.0 9.0 19.0 126.0 
0.0 7.0 22.0 76.0 384.0 
13.0 29.0 10.0 46.0 168.0 
14.0 19.0 21.0 30.0 275.0 
15.0 17.0 22.0 32.0 297.0 
13.0 28.0 9.0 50.0 190.0 
11.0 29.0 13.0 33.0 182.0 
16.0 27.0 11.0 35.0 201.0 
11.0 30.0 10.0 41.0 165.0 
15.0 17.0 22.0 32.0 297.0 
13.0 23.0 15.0 35.0 252.0 
13.0 28.0 9.0 50.0 190.0 
13.0 23.0 17.0 29.0 240.0 
14.0 29.0 12.0 22.0 184.0 
13.0 23.0 15.0 35.0 252.0 
16.0 27.0 11.0 35.0 201.0 
11.0 24.0 12.0 47.0 217.0 
14.0 27.0 8.0 63.0 186.0 
14.0 27.0 8.0 63.0 186.0 
8.0 20.0 14.0 53.0 261.0 
14.0 19.0 21.0 30.0 275.0 
14.0 27.0 8.0 63.0 186.0 
11.0 30.0 10.0 41.0 165.0 
0.0 29.0 11.0 35.0 186.0 
10.0 15.0 19.0 53.0 303.0 
10.0 15.0 19.0 53.0 303.0 
9.0 23.0 16.0 42.0 231.0 
13.0 29.0 10.0 46.0 168.0 
0.0 45.0 2.0 9.0 40.0 
11.0 29.0 13.0 33.0 182.0 
14.0 27.0 8.0 63.0 186.0 
9.0 23.0 16.0 42.0 231.0 
8.0 19.0 15.0 53.0 282.0 
11.0 30.0 10.0 41.0 165.0 
8.0 19.0 15.0 53.0 282.0 
13.0 28.0 9.0 50.0 190.0 
10.0 29.0 12.0 27.0 197.0 
11.0 29.0 13.0 33.0 182.0 
8.0 20.0 14.0 53.0 261.0 
14.0 27.0 8.0 63.0 186.0 
16.0 27.0 11.0 35.0 201.0 
7.0 25.0 11.0 42.0 228.0 
10.0 15.0 19.0 53.0 303.0 
13.0 29.0 10.0 46.0 168.0 
8.0 20.0 14.0 53.0 261.0 
11.0 30.0 10.0 41.0 165.0 
13.0 29.0 10.0 46.0 168.0 
8.0 19.0 15.0 53.0 282.0 
11.0 29.0 13.0 33.0 182.0 
9.0 23.0 16.0 42.0 231.0 
7.0 22.0 13.0 72.0 237.0 
13.0 28.0 9.0 50.0 190.0 
11.0 27.0 10.0 53.0 192.0 
0.0 6.0 23.0 79.0 393.0 
8.0 19.0 15.0 53.0 282.0 
11.0 30.0 10.0 41.0 165.0 
14.0 19.0 21.0 30.0 275.0 
13.0 23.0 15.0 35.0 252.0 
18.0 22.0 15.0 31.0 238.0 
7.0 21.0 12.0 62.0 247.0 
11.0 24.0 12.0 47.0 217.0 
11.0 30.0 10.0 41.0 165.0 
16.0 27.0 11.0 35.0 201.0 
12.0 20.0 17.0 40.0 262.0 
14.0 27.0 8.0 63.0 186.0 
8.0 19.0 15.0 53.0 282.0 
12.0 35.0 9.0 19.0 126.0 
12.0 20.0 17.0 40.0 262.0 
8.0 19.0 15.0 53.0 282.0 
12.0 35.0 9.0 19.0 126.0 
6.0 22.0 13.0 55.0 256.0 
13.0 29.0 10.0 46.0 168.0 
7.0 22.0 13.0 72.0 237.0 
9.0 23.0 13.0 52.0 232.0 
10.0 21.0 14.0 49.0 252.0 
11.0 27.0 10.0 53.0 192.0 
12.0 35.0 9.0 19.0 126.0 
14.0 19.0 21.0 30.0 275.0 
9.0 25.0 13.0 52.0 223.0 
11.0 27.0 11.0 38.0 201.0 
14.0 27.0 8.0 63.0 186.0 
7.0 21.0 12.0 62.0 247.0 
5.0 21.0 13.0 61.0 251.0 
15.0 27.0 11.0 37.0 202.0 
8.0 24.0 13.0 48.0 235.0 
8.0 24.0 13.0 48.0 235.0 
0.0 45.0 2.0 9.0 40.0 
11.0 27.0 11.0 38.0 201.0 
12.0 25.0 15.0 30.0 223.0 
11.0 26.0 12.0 43.0 207.0 
7.0 21.0 12.0 62.0 247.0 
11.0 27.0 10.0 53.0 192.0 
12.0 26.0 13.0 30.0 219.0 
0.0 45.0 2.0 9.0 40.0 
8.0 20.0 14.0 53.0 261.0 
15.0 17.0 22.0 32.0 297.0 
5.0 21.0 13.0 61.0 251.0 
12.0 25.0 15.0 30.0 223.0 
12.0 20.0 17.0 40.0 262.0 
10.0 17.0 19.0 44.0 297.0 
13.0 23.0 15.0 35.0 252.0 
14.0 19.0 21.0 30.0 275.0 
16.0 27.0 13.0 30.0 198.0 
7.0 21.0 12.0 62.0 247.0 
10.0 15.0 19.0 53.0 303.0 
8.0 24.0 13.0 48.0 235.0 
12.0 26.0 13.0 30.0 219.0 
13.0 29.0 10.0 46.0 168.0 
13.0 23.0 17.0 29.0 240.0 
18.0 28.0 13.0 27.0 200.0 
12.0 35.0 9.0 19.0 126.0 
12.0 25.0 15.0 30.0 223.0 
5.0 21.0 13.0 61.0 251.0 
10.0 29.0 12.0 27.0 197.0 
13.0 28.0 9.0 50.0 190.0 
8.0 24.0 11.0 47.0 239.0 
8.0 19.0 15.0 53.0 282.0 
11.0 27.0 10.0 53.0 192.0 
10.0 21.0 14.0 49.0 252.0 
11.0 21.0 11.0 74.0 241.0 
9.0 25.0 13.0 52.0 223.0 
16.0 27.0 11.0 35.0 201.0 
9.0 23.0 16.0 42.0 231.0 
11.0 30.0 10.0 41.0 165.0 
7.0 22.0 13.0 72.0 237.0 
14.0 27.0 8.0 63.0 186.0 
11.0 27.0 11.0 38.0 201.0 
11.0 29.0 13.0 33.0 182.0 
8.0 23.0 16.0 36.0 248.0 
11.0 24.0 12.0 47.0 217.0 
14.0 29.0 12.0 22.0 184.0 
18.0 22.0 15.0 31.0 238.0 
14.0 26.0 8.0 63.0 196.0 
6.0 22.0 13.0 55.0 256.0 
8.0 20.0 14.0 53.0 261.0 
15.0 27.0 11.0 37.0 202.0 
9.0 23.0 13.0 52.0 232.0 
~~~
1.735
