1111010010111101110000000001110101100101110100100
1111001111011010110010110111111011100011100111000
1000001000110100010110101001100000010011010011101
1010110111111111110110100001111111100011111101010
1000001000110100010110101001100000010011010011101
1111010010000010111100110101101001001110000000001
1100011101011110010101000011110000010001110100011
1011011011001010010001000101100001010001000010101
1100011101011110010101000011110000010001110100011
1100011101011110010101000011110000010001110100011
1111011110111110110001001101100011011010011001011
1110111111111101111001011101100001000001110010000
1000111000101101011001000001101010111010110100010
1111010010111101110000000001110101100101110100100
1111011000110110011110000001100000011011110011010
1111001111011111011101111101111011111010000000000
1010000100000001010110010001101110100111000100000
1000011000011001111001110101100000000010010010100
1000111000101101011001000001101010111010110100010
1111010010110101110000000001110101100101110100100
1011010110101101110000000001110111001000011100000
1010011010101100010010000101100000001011100110010
1011011011001010010001000101100001010001000010101
1010110111111111110110100001111111100011111101010
1100011101011110010101000011110000010001110100011
1100011111110110011111001001100011011111100100010
1111010010000010111100110101101001001110000000001
1110111111111101111001011101100001000001110010000
1000000000000000010000000001100000000000000000000
1111010110111111111110110111100000011011111100000
1111011110111110110001001101100011011010011001011
1000111000101101011001000001101010111010110100010
1100000010101001011001110101100000000010010010100
1111010110111111111110110111100000011011111100000
1000001000110100010110101001100000010011010011101
1111010010000010111100110101101001001110000000001
1000000000000000010000000001100000000000000000000
1001000010111101110110100001100001000010010111000
1111011110111110110001001101100011011010011001011
1001111001011110010001111101100011000011110100000
1100000000000000011101110111111011100001111011001
1000111000101101011001000001101010111010110100010
1000001000110100010110101001100000010011010011101
1111010100000010011100100101100000000010010010100
1100101011100010011010101101110001010000010010100
1100011101011110010101000011110000010001110100011
1111010010000010111100110101101001001110000000001
1010101000100000110010000111100010100010010100001
1101100000001010010000010101100000111000111101010
1010110111111111110110100001111111100011111101010
1100011111110110011111001001100011011111101100010
1111010010110101110000000001110101100101110100100
1111111000110111010000111001100001001101100000010
1111010010110101110000000001110101100101110100100
1011111110100110111100100001101001100100001000001
1001000010111101110110100001100001000010010111000
1000001000110100010110101001100000010011010011101
1111111110011001011100010111110110111111110111111
1100011111110110011111001001100011011111101100010
1000011000011001111001110101100000000010010010100
1101100000001010010000010101100000111000111101010
1100011111110110011111001001100011011111100100010
1000001000110100010110101001100000010011010011101
1010011010101100010010000101100000001011100110010
1001010000001010110111000001100001001000100000100
1111010010000010111100110101101001001110000000001
1010101000100000110010000111100010100010010100001
1100011111110110011111001001100011011111100100010
1101000101011000111110111001111100000000110101010
1110111111111110011110000001100000011011110011010
1100011101011110010101000011110000000001110100011
1011011011001010010001000101100001010001000010101
1111111000110111010000111001100001001101100000010
1111111000110111010000111001100001001101100000010
1001111001011110010001111101100011000011110100000
1000011000011001111001110101100000000010010010100
1011011011001010010001000101100001010001000010101
1001011010010100011000110111110001011100101111001
1000111000100010111100110101101001001110000000001
1100011101011110010101000011110000010001110100011
1001000010111101110110100001100001000010010111000
1000111000101101011001000001111011110000011011010
1111010010000010111100110101101001001110000000001
1111010010000010111100110101101001001110000000001
1111001111011010110010110111111011100011100111000
1011011011001010010001000101100001010001000010101
1111111000110111010000111001100001001101100000010
1001010000001010110111000001100001001000100000100
1101000100000011010001110101101101000010000111011
1111010010000010111100110101101001001110000000001
1011011011001010010001000101100001010001000010101
1110111111111101111001011101100001000001110010000
1010110111111111110110100001111111100011111101010
1010110111111111110110100001111111100011111101010
1001111001011110010001111101100011000011110100000
1101000100000011010001110101101101000010000111011
1111010010000010111100110101101001001110000000001
1011010110101101110000000001110111001000011100000
1111001111011010110010110111111011100011100111000
1010110111111111110110100001111111100011111101010
1000111000101101011001000001101010111010110100010
1000001000110100010110101001100000010011010011101
1110111111111101111001011101100001000001110010000
1010011010101100010010000101100000001011100110010
1000001000110100010110101001100000010011010011101
1010101000100000110010000111100010100010010100001
1011011011001010010001000101100001010001000010101
1010110111111111110110100001111111100011111101010
1111010010110101110000000001110101100101110100100
1001011010010100011000110111110001011100101111001
1111010010110101110000000001110101100101110100100
1111010010110101110000000001110101100101110100100
1111010010110101110000000001110101100101110100100
1000011000011001111001110101100000000010010010100
1111011110111110110001001101100011011010011001011
1011010110101101110000000001110111001000011100000
1000111000101101011001000001101010111010110100010
1100011101011110010101000011110000010001110100011
1111010010110101110000000001110101100101110100100
1011111110100110111100100001101001100100001000001
1100001000000110110100001101110010011010100010010
1111111111111111111110111111111111111011111111001
1001000010111101110110100001100001000010010111000
1111000101011000010110001111100011010010010011000
1111010010000010111100110101101001001110000000001
1111011110111110110001001101100011011010011001011
1000001000110100010110101001100000010011010011101
1011111110100110111100100001101001100100001000001
1001111001011110010001111101100011000011110100000
1111010010000010111100110101101001001110000000001
1001111001011110010001111101100011000011110100000
1011111110100110111100100001101001100100001000001
1111010010000010111100110101101001001110000000001
1100101011100010011010101101110001010000010010100
1100011101011110010101000011110000010001110100011
1010000100000001010110010001101110100111000100000
1111000101011000010110001111100011010010010011000
1100011101011110010101000011110000010001110100011
1000111000101101011001000001101010111010110100010
1111010010000010111100110101101001001110000000001
1100000000000000011101110111111011100001111011001
1111111000110111010000111001100001001111100000010
1111010010110101110000000001110101100101110100100
1001000010111101110110100001100001000010010111000
1000111000101101011001000001101010111010110100010
1111111111111111011101111111111111111101111111001
1111000101011000010110001111100011010010010011000
1010011010101100010010000101100000001011100110010
1011010110101101110000000001110111001000011100000
1100011100010010010011010011110001000011111101000
1111111000110111010000111001100001001010011001011
1111110000000000011110110111111101011011101100000
1011011011001010010001000101100001010001000010101
1001011010010100011000110111110001011100101111001
1010011010101100010010000101100000001011100110010
1010110111111111110110100001111111100011111101010
1001011010010100011000110111110001011100101111001
1000011000011001111001110101100000000010010010100
1010011010101100010010000111100000001011100110010
1101100000001010010000010101100000111000111101010
1000111000101101011001000001101010111010110100010
1110111111111101111001011101100001000001110010000
1111001111011010110010110111111011100011100111000
1001000010111101110110100001100001000010010111000
1111010010110101110000000001110101100101110100100
1111010110111111111110110111100000011011111100000
1111010010000010111100110101101001001110000000001
1000111000101101011001000001101010111010110100010
1011011011001010010001000101100001010001000010101
1010110111111111110110100001111111100011111101010
1011011011001010010001000101100001010001000010101
1111010010000010111100110101101001001110000000001
1100011101011110010101000011110000010001110100011
1000111000101101011001000001101010111010110100010
1010011010101100010010000101100000001011100110010
1111010010000010111100110101101001001110000000001
1111011000110110011110000001100000011011110011010
1000111000101101011001000001101010111010110100010
1000011000011001111001110101100000000010010010100
1110011010110010010000110101110100001110100000100
1000111000101101011001000001101010111010110100010
1100000000000000011101110111111011100001111011001
1000001000110100010110101001100000010011010011101
1100101011100010011000101101110001010000010010100
1101100000001010010000010101100000111000111101010
1001111001011110010001111101100011000011110100000
1111001111011010110010110111111011100011100111000
1001011010010100011000110111110001011100101111001
1011101110000010111110011111110010011011010001111
1111000101011000010110001111100011010010010011000
1111111110011001011100010111110110111111110111111
1111111000110111010000111001100001001101100000010
1111111000110111010000111001100001001101100000010
1011111110100110111100100001101001100100001000001
1111010010110101110000000001110101100101110100100
1101000100000011010001110101101101000010000111011
1111100000111111010000110011100000011101111111001
1111110111110110011101111101111111111011110111100
1000111000101101011001000001111011110000011011010
1000001000110100010110101001100000010011010011101
1100011111110110011111001001100011011111100100010
1100011101011110010101000011110000010001110100011
1111010010110101110000000001110101100101110100100
1100011100010010010011010011110001000011111101000
1100000010101001011001110101100000000010010010100
1111001111011010110010110111111011100011100111000
1111011110111110110001001101100011011010011001011
1100011101011110010101000011110000010001110100011
1001000010111101110110100001100001000010010111000
1000111000101101011001000001101010111010110100010
1111010010000010111100110101101001001110000000001
1111001111011010110010110111111011100011100111000
1100011100010010010011010011110001000011111101000
1010110111111111110110100001111111100011111101010
1011111110100110111100100001101001100100001000001
1111010010110101110000000001110101100101110100100
1111010010000010111100110101101001001110000000001
1110111111111101111001011101100001000001110010000
1000011000011001111001110101100000000010010010100
1001011010010100011000110111110001011100101111001
1000111000101101011001000001101010111010110100010
1000001000110100010110101001100000010011010011101
1101010111100110111110101111100000001100000111010
1010110111111111110110100001111111100011111101010
1100011111110110011111001001100011011111101100010
1001111001011110010001111101100011000011110100000
1100011111110110011111001001100011011111101100010
1010011010101100010010000101100000001011100110010
1111001111011010110010110111111011100011100111000
1111010010000010111100110101101001001110000000001
1000111000101101011001000001101010111010110100010
1010110111111111110110100001111111100011111101010
1111010010111101110000000001110101100101110100100
1110011010110010010000110101110100001110100000100
1010101000100000110010000111100010100010010100001
1010011010101100010010000101100000001011100110010
1011011011001010010001000101100001010001000010101
1011011011001010010001000101100001010001000010101
1110111111111101111001011101100001000001110010000
1111010110111111111110110111100000011011111100000
1100011100010010010011010011110001000011111101000
1111111000110111010000111001100001001101100000010
1001111001011110010001111101100011000011110100000
1101010111100110111110101111100000001100000111010
1110111111111101111001011101100001000001110010000
1111010010000010111100110101101001001110000000001
1111011110111110110001001101100011011010011001011
1001011010010100011000110111110001011100101111001
1011101110000010111110011111110010011011010001111
1011011011001010010001000101100001010001000010101
1100011111110110011111001001100011011111101100010
1010011010101100010010000101100000001011100110010
1101000101011000111110111001111100000000110101010
1101100000001010010000010101100000111000111101010
1111000101011000010110001111100011010010010011000
1100011100010010010011010011110001000011111101000
1010000100000001010110010001101110100111000100000
1001010000001010110111000001100001001000100000100
1011111110100110111100100001101001100100001000001
1100011101011110010101000011110000010001110100011
1110011010110010010000110101110100001110100000100
1111111110011001011100010111110110111111110111111
1010101000100000110010000111100010100010010100001
1011010110101101110000000001110111001000011100000
1000001000110100010110101001100000010011010011101
1111111011111001010100110001111111111010100000010
1000011000011001111001110101100000000010010010100
1000110000000101011000000001111011110000011011010
1010110111111111110110100001111111100011111101010
1101000001001010110110011101100000011100001011001
1111010010110101110000000001110101100101110100100
1100101011100010011010101101110001010000010010100
1001000010111101110110100001100001000010010111000
1111001111011010110010110111111011100011100111000
1111111000110111010000111001100001001101100000010
1101000100000011010001110101101101000010000111011
1001000000001011011000111111111001010110001001000
1000111000101101011001000001101010111010110100010
~~~
9.0 24.0 10.0 62.0 222.0 
9.0 18.0 17.0 49.0 283.0 
11.0 29.0 15.0 24.0 172.0 
9.0 15.0 16.0 70.0 307.0 
11.0 29.0 15.0 24.0 172.0 
9.0 27.0 11.0 42.0 184.0 
12.0 25.0 16.0 27.0 221.0 
16.0 29.0 12.0 23.0 166.0 
12.0 25.0 16.0 27.0 221.0 
12.0 25.0 16.0 27.0 221.0 
10.0 19.0 18.0 44.0 272.0 
8.0 21.0 15.0 41.0 254.0 
11.0 26.0 7.0 67.0 205.0 
9.0 24.0 10.0 62.0 222.0 
0.0 24.0 15.0 42.0 217.0 
5.0 18.0 16.0 54.0 286.0 
14.0 31.0 7.0 57.0 160.0 
12.0 30.0 11.0 29.0 168.0 
11.0 26.0 7.0 67.0 205.0 
9.0 25.0 10.0 59.0 213.0 
15.0 27.0 8.0 52.0 195.0 
12.0 29.0 8.0 48.0 166.0 
16.0 29.0 12.0 23.0 166.0 
9.0 15.0 16.0 70.0 307.0 
12.0 25.0 16.0 27.0 221.0 
8.0 20.0 15.0 53.0 253.0 
9.0 27.0 11.0 42.0 184.0 
8.0 21.0 15.0 41.0 254.0 
0.0 45.0 2.0 9.0 40.0 
0.0 17.0 19.0 49.0 282.0 
10.0 19.0 18.0 44.0 272.0 
11.0 26.0 7.0 67.0 205.0 
10.0 31.0 10.0 29.0 175.0 
0.0 17.0 19.0 49.0 282.0 
11.0 29.0 15.0 24.0 172.0 
9.0 27.0 11.0 42.0 184.0 
0.0 45.0 2.0 9.0 40.0 
12.0 28.0 12.0 31.0 186.0 
10.0 19.0 18.0 44.0 272.0 
12.0 24.0 14.0 36.0 211.0 
0.0 25.0 15.0 31.0 228.0 
11.0 26.0 7.0 67.0 205.0 
11.0 29.0 15.0 24.0 172.0 
9.0 31.0 12.0 20.0 168.0 
19.0 27.0 13.0 23.0 206.0 
12.0 25.0 16.0 27.0 221.0 
9.0 27.0 11.0 42.0 184.0 
16.0 31.0 8.0 41.0 153.0 
10.0 29.0 12.0 35.0 203.0 
9.0 15.0 16.0 70.0 307.0 
9.0 19.0 16.0 53.0 264.0 
9.0 25.0 10.0 59.0 213.0 
4.0 25.0 12.0 52.0 213.0 
9.0 25.0 10.0 59.0 213.0 
11.0 25.0 11.0 49.0 208.0 
12.0 28.0 12.0 31.0 186.0 
11.0 29.0 15.0 24.0 172.0 
12.0 12.0 18.0 77.0 337.0 
9.0 19.0 16.0 53.0 264.0 
12.0 30.0 11.0 29.0 168.0 
10.0 29.0 12.0 35.0 203.0 
8.0 20.0 15.0 53.0 253.0 
11.0 29.0 15.0 24.0 172.0 
12.0 29.0 8.0 48.0 166.0 
16.0 33.0 9.0 27.0 138.0 
9.0 27.0 11.0 42.0 184.0 
16.0 31.0 8.0 41.0 153.0 
8.0 20.0 15.0 53.0 253.0 
9.0 24.0 16.0 35.0 240.0 
2.0 20.0 16.0 48.0 261.0 
11.0 26.0 15.0 27.0 215.0 
16.0 29.0 12.0 23.0 166.0 
4.0 25.0 12.0 52.0 213.0 
4.0 25.0 12.0 52.0 213.0 
12.0 24.0 14.0 36.0 211.0 
12.0 30.0 11.0 29.0 168.0 
16.0 29.0 12.0 23.0 166.0 
10.0 23.0 14.0 40.0 223.0 
12.0 28.0 9.0 50.0 168.0 
12.0 25.0 16.0 27.0 221.0 
12.0 28.0 12.0 31.0 186.0 
12.0 25.0 10.0 49.0 229.0 
9.0 27.0 11.0 42.0 184.0 
9.0 27.0 11.0 42.0 184.0 
9.0 18.0 17.0 49.0 283.0 
16.0 29.0 12.0 23.0 166.0 
4.0 25.0 12.0 52.0 213.0 
16.0 33.0 9.0 27.0 138.0 
10.0 27.0 14.0 36.0 216.0 
9.0 27.0 11.0 42.0 184.0 
16.0 29.0 12.0 23.0 166.0 
8.0 21.0 15.0 41.0 254.0 
9.0 15.0 16.0 70.0 307.0 
9.0 15.0 16.0 70.0 307.0 
12.0 24.0 14.0 36.0 211.0 
10.0 27.0 14.0 36.0 216.0 
9.0 27.0 11.0 42.0 184.0 
15.0 27.0 8.0 52.0 195.0 
9.0 18.0 17.0 49.0 283.0 
9.0 15.0 16.0 70.0 307.0 
11.0 26.0 7.0 67.0 205.0 
11.0 29.0 15.0 24.0 172.0 
8.0 21.0 15.0 41.0 254.0 
12.0 29.0 8.0 48.0 166.0 
11.0 29.0 15.0 24.0 172.0 
16.0 31.0 8.0 41.0 153.0 
16.0 29.0 12.0 23.0 166.0 
9.0 15.0 16.0 70.0 307.0 
9.0 25.0 10.0 59.0 213.0 
10.0 23.0 14.0 40.0 223.0 
9.0 25.0 10.0 59.0 213.0 
9.0 25.0 10.0 59.0 213.0 
9.0 25.0 10.0 59.0 213.0 
12.0 30.0 11.0 29.0 168.0 
10.0 19.0 18.0 44.0 272.0 
15.0 27.0 8.0 52.0 195.0 
11.0 26.0 7.0 67.0 205.0 
12.0 25.0 16.0 27.0 221.0 
9.0 25.0 10.0 59.0 213.0 
11.0 25.0 11.0 49.0 208.0 
14.0 29.0 12.0 34.0 179.0 
0.0 4.0 24.0 81.0 399.0 
12.0 28.0 12.0 31.0 186.0 
15.0 26.0 16.0 23.0 211.0 
9.0 27.0 11.0 42.0 184.0 
10.0 19.0 18.0 44.0 272.0 
11.0 29.0 15.0 24.0 172.0 
11.0 25.0 11.0 49.0 208.0 
12.0 24.0 14.0 36.0 211.0 
9.0 27.0 11.0 42.0 184.0 
12.0 24.0 14.0 36.0 211.0 
11.0 25.0 11.0 49.0 208.0 
9.0 27.0 11.0 42.0 184.0 
19.0 27.0 13.0 23.0 206.0 
12.0 25.0 16.0 27.0 221.0 
14.0 31.0 7.0 57.0 160.0 
15.0 26.0 16.0 23.0 211.0 
12.0 25.0 16.0 27.0 221.0 
11.0 26.0 7.0 67.0 205.0 
9.0 27.0 11.0 42.0 184.0 
0.0 25.0 15.0 31.0 228.0 
5.0 24.0 12.0 57.0 219.0 
9.0 25.0 10.0 59.0 213.0 
12.0 28.0 12.0 31.0 186.0 
11.0 26.0 7.0 67.0 205.0 
0.0 5.0 23.0 84.0 395.0 
15.0 26.0 16.0 23.0 211.0 
12.0 29.0 8.0 48.0 166.0 
15.0 27.0 8.0 52.0 195.0 
13.0 26.0 14.0 29.0 222.0 
7.0 23.0 15.0 44.0 242.0 
0.0 22.0 13.0 52.0 231.0 
16.0 29.0 12.0 23.0 166.0 
10.0 23.0 14.0 40.0 223.0 
12.0 29.0 8.0 48.0 166.0 
9.0 15.0 16.0 70.0 307.0 
10.0 23.0 14.0 40.0 223.0 
12.0 30.0 11.0 29.0 168.0 
13.0 28.0 9.0 48.0 176.0 
10.0 29.0 12.0 35.0 203.0 
11.0 26.0 7.0 67.0 205.0 
8.0 21.0 15.0 41.0 254.0 
9.0 18.0 17.0 49.0 283.0 
12.0 28.0 12.0 31.0 186.0 
9.0 25.0 10.0 59.0 213.0 
0.0 17.0 19.0 49.0 282.0 
9.0 27.0 11.0 42.0 184.0 
11.0 26.0 7.0 67.0 205.0 
16.0 29.0 12.0 23.0 166.0 
9.0 15.0 16.0 70.0 307.0 
16.0 29.0 12.0 23.0 166.0 
9.0 27.0 11.0 42.0 184.0 
12.0 25.0 16.0 27.0 221.0 
11.0 26.0 7.0 67.0 205.0 
12.0 29.0 8.0 48.0 166.0 
9.0 27.0 11.0 42.0 184.0 
0.0 24.0 15.0 42.0 217.0 
11.0 26.0 7.0 67.0 205.0 
12.0 30.0 11.0 29.0 168.0 
11.0 27.0 9.0 61.0 188.0 
11.0 26.0 7.0 67.0 205.0 
0.0 25.0 15.0 31.0 228.0 
11.0 29.0 15.0 24.0 172.0 
17.0 28.0 12.0 23.0 198.0 
10.0 29.0 12.0 35.0 203.0 
12.0 24.0 14.0 36.0 211.0 
9.0 18.0 17.0 49.0 283.0 
10.0 23.0 14.0 40.0 223.0 
13.0 19.0 19.0 35.0 275.0 
15.0 26.0 16.0 23.0 211.0 
12.0 12.0 18.0 77.0 337.0 
4.0 25.0 12.0 52.0 213.0 
4.0 25.0 12.0 52.0 213.0 
11.0 25.0 11.0 49.0 208.0 
9.0 25.0 10.0 59.0 213.0 
10.0 27.0 14.0 36.0 216.0 
0.0 21.0 17.0 50.0 254.0 
0.0 10.0 21.0 69.0 356.0 
12.0 25.0 10.0 49.0 229.0 
11.0 29.0 15.0 24.0 172.0 
8.0 20.0 15.0 53.0 253.0 
12.0 25.0 16.0 27.0 221.0 
9.0 25.0 10.0 59.0 213.0 
13.0 26.0 14.0 29.0 222.0 
10.0 31.0 10.0 29.0 175.0 
9.0 18.0 17.0 49.0 283.0 
10.0 19.0 18.0 44.0 272.0 
12.0 25.0 16.0 27.0 221.0 
12.0 28.0 12.0 31.0 186.0 
11.0 26.0 7.0 67.0 205.0 
9.0 27.0 11.0 42.0 184.0 
9.0 18.0 17.0 49.0 283.0 
13.0 26.0 14.0 29.0 222.0 
9.0 15.0 16.0 70.0 307.0 
11.0 25.0 11.0 49.0 208.0 
9.0 25.0 10.0 59.0 213.0 
9.0 27.0 11.0 42.0 184.0 
8.0 21.0 15.0 41.0 254.0 
12.0 30.0 11.0 29.0 168.0 
10.0 23.0 14.0 40.0 223.0 
11.0 26.0 7.0 67.0 205.0 
11.0 29.0 15.0 24.0 172.0 
10.0 22.0 18.0 36.0 250.0 
9.0 15.0 16.0 70.0 307.0 
9.0 19.0 16.0 53.0 264.0 
12.0 24.0 14.0 36.0 211.0 
9.0 19.0 16.0 53.0 264.0 
12.0 29.0 8.0 48.0 166.0 
9.0 18.0 17.0 49.0 283.0 
9.0 27.0 11.0 42.0 184.0 
11.0 26.0 7.0 67.0 205.0 
9.0 15.0 16.0 70.0 307.0 
9.0 24.0 10.0 62.0 222.0 
11.0 27.0 9.0 61.0 188.0 
16.0 31.0 8.0 41.0 153.0 
12.0 29.0 8.0 48.0 166.0 
16.0 29.0 12.0 23.0 166.0 
16.0 29.0 12.0 23.0 166.0 
8.0 21.0 15.0 41.0 254.0 
0.0 17.0 19.0 49.0 282.0 
13.0 26.0 14.0 29.0 222.0 
4.0 25.0 12.0 52.0 213.0 
12.0 24.0 14.0 36.0 211.0 
10.0 22.0 18.0 36.0 250.0 
8.0 21.0 15.0 41.0 254.0 
9.0 27.0 11.0 42.0 184.0 
10.0 19.0 18.0 44.0 272.0 
10.0 23.0 14.0 40.0 223.0 
13.0 19.0 19.0 35.0 275.0 
16.0 29.0 12.0 23.0 166.0 
9.0 19.0 16.0 53.0 264.0 
12.0 29.0 8.0 48.0 166.0 
9.0 24.0 16.0 35.0 240.0 
10.0 29.0 12.0 35.0 203.0 
15.0 26.0 16.0 23.0 211.0 
13.0 26.0 14.0 29.0 222.0 
14.0 31.0 7.0 57.0 160.0 
16.0 33.0 9.0 27.0 138.0 
11.0 25.0 11.0 49.0 208.0 
12.0 25.0 16.0 27.0 221.0 
11.0 27.0 9.0 61.0 188.0 
12.0 12.0 18.0 77.0 337.0 
16.0 31.0 8.0 41.0 153.0 
15.0 27.0 8.0 52.0 195.0 
11.0 29.0 15.0 24.0 172.0 
10.0 19.0 11.0 79.0 261.0 
12.0 30.0 11.0 29.0 168.0 
9.0 29.0 9.0 36.0 197.0 
9.0 15.0 16.0 70.0 307.0 
12.0 27.0 17.0 27.0 198.0 
9.0 25.0 10.0 59.0 213.0 
19.0 27.0 13.0 23.0 206.0 
12.0 28.0 12.0 31.0 186.0 
9.0 18.0 17.0 49.0 283.0 
4.0 25.0 12.0 52.0 213.0 
10.0 27.0 14.0 36.0 216.0 
12.0 27.0 12.0 37.0 204.0 
11.0 26.0 7.0 67.0 205.0 
~~~
1.251
