1000010111111111011111010101111011111010111101110
1111110111101100111111000011111111010101111111001
1000000000000000010000000001100000000000000000000
1110110101101111111001110001111111101101100101010
1011101000000010110110000001100110100000101100000
1000000000000000010000000001111101011011100100000
1100010010100100111011111111101011010001111101001
1000010111111111011111010101111011111010111101110
1101100000010011111101111111101001100011110111001
1100000001010001010100000011110001001100101001010
1000000000000000010000000001100000000000000000000
1000000000000000010000000001100000000000000000000
1001001110111110011100010101100100011111100100100
1000010111111111011111010101111011111010111101110
1111111100001010010000101001100010011010010111001
1101111000101001011000110011110111000100000000001
1101111000101001011000110011110111000100000000001
1111111001110100110100010111101001010000101100000
1100010110110111110000000001111010000000000011100
1101100000010011111101111111101001100001010000001
1100110001001100110001110011110000000011110000000
1110111000000010010001111111110000001010100101111
1100010010100100111011111111101011010001111101001
1111111111111111111101111101111111111101110111100
1100000001010001010100000011110001001100101001010
1101111000101001011000110011110111000100000000001
1000011110011000011010001011111011001000000011011
1110111000000010010001111111110000001010100101111
1000000000000000010000000001100000000000000000000
1011100000111111011101010111111001000101110111101
1110111110000110010011000001110000101011110100010
1000100110000011011010000111101110100101101000000
1111111001110100110100010111101001010000101100000
1111111001110100110100010111101001010000101100000
1111111001110100110100010111101001010000101100000
1010110000101010011100000101111011000001110010110
1000010111011100111100011111110101000000001110001
1100000001010001010100000011110001001100101001010
1111111001110100110100010111101001010000101100000
1000011110011000011010001011111011001000000011011
1110111000000010110000100011111111011010001111010
1100010010100100111011111111101011010001111101001
1110110100000010010100000001101011011001110010101
1111111100001010010000101001100010011010010111001
1010000001010010011100000001100100000110001010001
1000000000000000010000000001100000000000000000000
1000011100111001011100100001110011111101110000000
1111010001111110010011000011100000010000001110001
1010000001010010011100000001100100000110001010001
1111011110110110010000111011100000011101110100000
1000000000000000010000100001100000000000000000000
1100000001010001010100000011110001001100101001010
1101100000010011111101111111101011100011110111001
1110000110011010010110110011110001011011000111000
1000000000000000010000000001100000000000000000000
1000000001101101010110000101111000111010010000010
1000101010111111010001111101111010100110101100000
1111100000111111011101110101111011111101110000000
1111100000111011011101110101111011111101110000000
1111111001110100110100010111101001010000101100000
1000000001101101010110000101111000111010010000010
1111111000001100011000010011111011001101011011000
1111110110100110110000010111111001010001110010001
1110100011010000011001000101101010001011100100000
1111100000101111010010001001111001110000111011111
1111111001110100110100010111101001010000101100000
1100010110110111110000000001111010000000000011100
1111110110100110110000010111111001010001110010001
1111110110100110110000010111110001010001110010001
1111111001110110110100010111101001010000101100000
1111010000111110011110111011100000011011111111010
1101111000101001011000110011110111000100000000001
1000000000000000010000000001100000000000000000000
1000000001101101010110000101111000111010010011010
1000010111111111011111010101111011111010111101110
1111111001110100110100010111101001010000101100000
1011111100110100010100100011100001010001010001010
1101100110111101011000100101100011000000101000010
1110110101101111111001110001111111101101100101010
1000011011010100010100000101100011010001010000001
1010000001010010011100000001100100000110001010001
1111111111111111111110111111111111111011111111001
1110111000000010110000100011111111011010001111010
1100000001010001010100000011110001001100101001010
1111110110100110110000010111111001010001110010001
1110100011010000011001000101101010001011100100101
1000000000000000010000000001111101011011100100000
1000010111111111011111010101111011111010111101110
1110110001111111111100000111111010111000110000001
1101100110111101011000100101100011000000001000010
1110110001111111111100000111111010111000110000001
1110110101101111111001110001111111101101100101010
1101111000101001011000110011110111000100000000001
1111111001110100110100010111101001010000101100000
1110000110011010010110110011110001011011000111000
1110111000000010110000100011111111011010001111010
1111010001111110010011000011100000010000001110001
1110111000000010110000100011111111011010001111010
1000000000000000010000000001100000000000000000000
1000000000000000010000000001100000000000000000000
1111111001110100110100010111101001010000101100000
1101100000010011111101111111101001100011110111001
1000010111111111011111010101111011111010111101110
1000010111111111011111010101111011111010111101110
1110110001111111111100000111111010111000110000001
1100110001001100110001110011110000000011110000000
1000101010111111010001111101111010100110101100000
1111110110100110110000010111111001010001110010001
1110110101101111111001110001111111101101100101010
1010110000101010011100000101111011000001110010110
1101100110111101011000100101100011000000101000010
1101001010011001110000010001111110111100000000010
1000000000000000010000000001100000000000000000000
1010000001010010011100000001100100000110001010001
1001001110111110011100010101100100011111100100100
1000010111111111011111010101111011111010111101110
1101100110111101011000100101100011000000101000010
1111100000101111010010001001111001110000111011111
1100000001010001010100000011110001001100101001010
1110111000000010010001111111110000001010100101111
1100010000000000010000111111111000111101101111010
1000000000000000010000000001100000000000000000000
1101100110111101011000100101100011000000101000010
1100110001001100110001110011110000000011110000000
1111110110100110110000010111111001010001110010001
1111111001110100110100010111101001010000101100000
1100000001101101010110000101111000111010010000010
1010000001010010011100000001100100000110001010001
1111100000101111010010001001111001110000111011111
1000000000000000010000000001110000011010001111010
1101100110111101011000100101100011000000001000010
1010000001010010011100000001100100000110001010001
1111010000111110011110111011100000011011111111010
1000010111111111011111010101111011111010111101110
1111100111011110111100110011110100000011010111111
1001010110110110111111110101110000000011110000000
1111010001111110010011000011100000010000001110001
1111111000111111011110110011111111011011111011001
1110100111111010011010000001111111011111110101101
1100000001010001010100000011110001001100101001010
1011110111111110011101111011110111001111110111001
1101100000010011111101111111101001100011110111001
1001111001010000010011011001100001100000100010100
1110110001111111111100000111111010111000110000001
1010110100000011111000001101101000001100100000001
1101100110111101011000100101100011000000101000010
1110111000000000010011011001100001100000100010100
1011011110011000110101110101111001011011000111000
1101111000101001011000110011110111000100000000001
1000000000000000010000000001100000000000000000000
1110110001111111111100000111111010111000110000001
1111110110100110110000010111111001010001110010001
1000010111111111011111010101111011111010111101110
1111010001111110010011000011100000010000001110001
1100000001010001010100000011111001010001110010001
1111110110100110110000010111111001010001110010001
1111110110100110110000010111111001010001110010001
1101111000101001011000110011110111000100000000001
1001000000000000010000000001111101011011100100000
1001001110111110011100010101100100011111100100100
1111111001110100110100010111101001010000101100000
1110100111111010011010000001111111011111110101101
1000010111111111011111010101111011111010111101110
1101100000010011111101111111101001100011110111001
1111100000101111010010001001111001110000111011111
1000000000000000010000000001100000000000000000000
1000000000000000010000000001100000000000000000000
1010000001010010011100000001100100000110001010001
1111100000111111011101110101111011111101110000000
1110100011010000011001000101101010001010100100101
1000011110011000011010001011111011001000000011011
1000000000000000010000000001100000000000000000000
1101100000010011111101111111101001100011110111001
1111111001110100110100010111101001010000101100000
1000000000000000010000000001100000000000000000000
1111110111101100111111000011111111010101111111001
1000101010111111010001111101111010100110101100000
1111110110100110110000010111111001010001110010001
1101100110111101011000100101100011000000101000010
1000010111111111011111010101111011111010111101110
1001111001010000010011011001100001100000100010100
1000010111111111011111010101111011111010111101110
1111111001110100110100010111101001010000101100000
1000000000000000010000000001100000000000000000000
1011101000000010110110000001100110100000000111011
1000000000000000010000000001100000000000000000000
1010110000101010011100000101111011000001110010110
1101100110111101011000100101100011000000101000010
1111010000111110011110111011100000011011111111010
1010000001010010011100000001100100000110001010001
1001010110110110111111110101111011101101001011100
1000000000000000010000000001100000000000000000000
1011110111111110011101111011110111001111110111001
1110110101101111111001110001111111101101100101010
1101111000101001011000110011110111000100000000001
1010110100000011111000001101101000001100100000001
1011101000000010110110000001100110100000000111011
1101100000010011111101111111101001100011110111001
1101100000010011111101111111101001100011110111001
1110111110000110010011000001110000101011110100010
1000000000000000010000000001111101011011100100000
1000010111111111011111010101111011111010111101110
1111111001110100110100010111101001010000101100000
1010000001010010011100000001100100000110001010001
1000010111111111011111010101111011111010111101110
1011101000000010110110000001100110100000000111011
1110110101101111111001110001111111101101100101010
1101100000010011111101111111101001100011110111001
1110111110000110010011000001110000101011110100010
1000011110011000011010001011111011001000000011011
1111110110100110110000010111111001010001110010001
1111110110100110110000010111111001010001110010001
1110000110011010010110110011110001011011000111000
1100010010100100111011111111101011010001111101001
1111100000101111010010001001111001110000111011111
1000101010111111010001111101111010100110101100000
1100010110110111110000000001111010000000000011100
1101001010011001110000010001111110111100000000010
1101100000010011111101111111101011100011110111001
1100000001010001010100000011110001001100101001010
1000101010111111010001111101111010100110101100000
1001111001010000010011011001100001100000100010100
1110111000000010110000100011111111011010001111010
1100000001010001010100000011110001001100101001010
1100110001001100110001110011110000000011110000000
1111111001110100110100010111101001010000101100000
1000000000000000010000000001100000000000000000000
1111110111101100111111000011111111010101111111001
1111111111111111111110111111111111111011111111001
1111100000111111011101110101111011111101110000000
1110110100000010010100000001101011011001110010101
1111111001110100110100010111101001010000101100000
1011111100110100010100100011100001010001010001101
1000011011010100010100000101100011010001010000001
1101100110111101011000100101100011000000101000010
1111100000101111010010001001111001110000111011111
1111010001111110010011000011100000010000001110001
1000000000000000010000000001100000000000000000000
1101111000101001011000110011110111000100000000001
1010000001010010011100000001100100000110001010001
1110110001111111111100000111111010111000110000001
1101100110111101011000100101100011000000001000010
1000010111111111011111010101111011111010111101110
1110100011010000011001000101101010001011100100101
1111110110100110110000010111111001010001110010001
1100000001010001010100000011110001001100101001010
1000010111111111011111010101111011111010111101110
1001001110111110011100010101100100011111100100100
1110111000000010110000100011111111011010001111010
1111111001110100110100010111101001010000101100000
1101100110111101011000100101100011000000101000010
1001001110111110011100010101100100011111100100100
1101100110111101011000100101100011000000101000010
1011100000111111011101010111111001000101110111101
1100000001010001010100000011110001001100101001010
1110100111111010011010000001111111011111110101101
1111100111011110111100110011110100000011010111111
1010110000101010011100000101111011000001110010110
1111111000001100011000010011111111001101011011000
1111010001111110010011000011100000010000001110001
1110111000000010110000100011111111011010001111010
1001001110111110011100010101100100011111100100100
1011110111111110011101111011110111001111110111001
1101001010011001110000010001111110111100000000010
1111111100001010010000101001100010011010010111001
1000011011010100010100000101100011010001010000001
1101111000101001011000110011110111000100000000001
1111100000101111010010001001111001110000111011111
1011111100110100010100100011100001010001010001101
1100010010100100111011111111101011010001111101001
1101100000010011111101111111101001100011110111001
1111110110100110110000010111111001010001110010001
1111111001110100110100010111101001010000101100000
1110000110011010010110110011110001011011000111000
1110111110000110010011000001110000101011110100010
1000101010111111010001111101111010100110101100000
1000000001101101010110000101111000111010010000010
1001010110110110111111110101111011101101001011100
1000010111111111011111010101111011111010111101110
1110110001111111111100000111111010111000110000001
1110100011010000011001000101101010001011100100101
1100110001001100110001110011110000000011110000000
1010110100000011111000001101101000001100100000001
1111110111101100111111000011111111010101111111001
1001111001010000010011011001100001100000100010100
1110111000000010010001111111110000001010100101111
1011101000000010110110000001100110100000000111011
1010000001010010011100000001100100000110001010001
1110110101101111111001110001111111101101100101010
1110110100000010010100000001101011011001110010101
1000011110011000011010001011111011001000000011011
~~~
8.0 14.0 18.0 63.0 329.0 
8.0 13.0 19.0 61.0 314.0 
0.0 45.0 2.0 9.0 40.0 
9.0 16.0 14.0 79.0 305.0 
12.0 31.0 8.0 44.0 154.0 
0.0 35.0 4.0 44.0 116.0 
12.0 20.0 18.0 35.0 257.0 
8.0 14.0 18.0 63.0 329.0 
9.0 19.0 19.0 41.0 282.0 
11.0 31.0 10.0 35.0 175.0 
0.0 45.0 2.0 9.0 40.0 
0.0 45.0 2.0 9.0 40.0 
9.0 23.0 13.0 59.0 219.0 
8.0 14.0 18.0 63.0 329.0 
8.0 25.0 13.0 41.0 219.0 
12.0 27.0 8.0 53.0 189.0 
12.0 27.0 8.0 53.0 189.0 
10.0 24.0 14.0 40.0 211.0 
0.0 29.0 11.0 34.0 199.0 
11.0 24.0 17.0 29.0 237.0 
11.0 29.0 12.0 28.0 179.0 
9.0 24.0 14.0 41.0 239.0 
12.0 20.0 18.0 35.0 257.0 
0.0 6.0 22.0 84.0 386.0 
11.0 31.0 10.0 35.0 175.0 
12.0 27.0 8.0 53.0 189.0 
11.0 26.0 11.0 37.0 218.0 
9.0 24.0 14.0 41.0 239.0 
0.0 45.0 2.0 9.0 40.0 
6.0 18.0 17.0 50.0 282.0 
10.0 25.0 11.0 49.0 232.0 
11.0 28.0 9.0 55.0 194.0 
10.0 24.0 14.0 40.0 211.0 
10.0 24.0 14.0 40.0 211.0 
10.0 24.0 14.0 40.0 211.0 
13.0 26.0 10.0 41.0 206.0 
15.0 24.0 15.0 28.0 226.0 
11.0 31.0 10.0 35.0 175.0 
10.0 24.0 14.0 40.0 211.0 
11.0 26.0 11.0 37.0 218.0 
8.0 23.0 12.0 54.0 235.0 
12.0 20.0 18.0 35.0 257.0 
11.0 27.0 12.0 38.0 198.0 
8.0 25.0 13.0 41.0 219.0 
15.0 33.0 9.0 34.0 132.0 
0.0 45.0 2.0 9.0 40.0 
11.0 25.0 9.0 61.0 205.0 
13.0 27.0 15.0 26.0 196.0 
15.0 33.0 9.0 34.0 132.0 
0.0 23.0 15.0 48.0 230.0 
1.0 44.0 3.0 9.0 47.0 
11.0 31.0 10.0 35.0 175.0 
9.0 18.0 19.0 44.0 288.0 
11.0 24.0 15.0 31.0 238.0 
0.0 45.0 2.0 9.0 40.0 
8.0 29.0 10.0 49.0 182.0 
10.0 22.0 11.0 67.0 248.0 
0.0 18.0 15.0 65.0 277.0 
3.0 19.0 14.0 65.0 269.0 
10.0 24.0 14.0 40.0 211.0 
8.0 29.0 10.0 49.0 182.0 
10.0 23.0 12.0 49.0 235.0 
5.0 22.0 16.0 36.0 243.0 
10.0 29.0 8.0 43.0 176.0 
8.0 21.0 16.0 47.0 277.0 
10.0 24.0 14.0 40.0 211.0 
0.0 29.0 11.0 34.0 199.0 
5.0 22.0 16.0 36.0 243.0 
7.0 23.0 16.0 30.0 234.0 
9.0 23.0 15.0 40.0 222.0 
0.0 18.0 20.0 43.0 282.0 
12.0 27.0 8.0 53.0 189.0 
0.0 45.0 2.0 9.0 40.0 
7.0 27.0 12.0 49.0 205.0 
8.0 14.0 18.0 63.0 329.0 
10.0 24.0 14.0 40.0 211.0 
14.0 27.0 14.0 27.0 195.0 
12.0 27.0 11.0 34.0 210.0 
9.0 16.0 14.0 79.0 305.0 
16.0 31.0 11.0 20.0 139.0 
15.0 33.0 9.0 34.0 132.0 
0.0 4.0 24.0 81.0 399.0 
8.0 23.0 12.0 54.0 235.0 
11.0 31.0 10.0 35.0 175.0 
5.0 22.0 16.0 36.0 243.0 
13.0 27.0 10.0 43.0 194.0 
0.0 35.0 4.0 44.0 116.0 
8.0 14.0 18.0 63.0 329.0 
9.0 20.0 14.0 60.0 255.0 
12.0 28.0 11.0 29.0 204.0 
9.0 20.0 14.0 60.0 255.0 
9.0 16.0 14.0 79.0 305.0 
12.0 27.0 8.0 53.0 189.0 
10.0 24.0 14.0 40.0 211.0 
11.0 24.0 15.0 31.0 238.0 
8.0 23.0 12.0 54.0 235.0 
13.0 27.0 15.0 26.0 196.0 
8.0 23.0 12.0 54.0 235.0 
0.0 45.0 2.0 9.0 40.0 
0.0 45.0 2.0 9.0 40.0 
10.0 24.0 14.0 40.0 211.0 
9.0 19.0 19.0 41.0 282.0 
8.0 14.0 18.0 63.0 329.0 
8.0 14.0 18.0 63.0 329.0 
9.0 20.0 14.0 60.0 255.0 
11.0 29.0 12.0 28.0 179.0 
10.0 22.0 11.0 67.0 248.0 
5.0 22.0 16.0 36.0 243.0 
9.0 16.0 14.0 79.0 305.0 
13.0 26.0 10.0 41.0 206.0 
12.0 27.0 11.0 34.0 210.0 
11.0 27.0 9.0 63.0 202.0 
0.0 45.0 2.0 9.0 40.0 
15.0 33.0 9.0 34.0 132.0 
9.0 23.0 13.0 59.0 219.0 
8.0 14.0 18.0 63.0 329.0 
12.0 27.0 11.0 34.0 210.0 
8.0 21.0 16.0 47.0 277.0 
11.0 31.0 10.0 35.0 175.0 
9.0 24.0 14.0 41.0 239.0 
0.0 25.0 14.0 48.0 231.0 
0.0 45.0 2.0 9.0 40.0 
12.0 27.0 11.0 34.0 210.0 
11.0 29.0 12.0 28.0 179.0 
5.0 22.0 16.0 36.0 243.0 
10.0 24.0 14.0 40.0 211.0 
7.0 28.0 11.0 49.0 197.0 
15.0 33.0 9.0 34.0 132.0 
8.0 21.0 16.0 47.0 277.0 
4.0 36.0 7.0 24.0 130.0 
12.0 28.0 11.0 29.0 204.0 
15.0 33.0 9.0 34.0 132.0 
0.0 18.0 20.0 43.0 282.0 
8.0 14.0 18.0 63.0 329.0 
14.0 17.0 21.0 35.0 302.0 
6.0 24.0 16.0 30.0 218.0 
13.0 27.0 15.0 26.0 196.0 
0.0 12.0 19.0 71.0 319.0 
9.0 17.0 14.0 70.0 285.0 
11.0 31.0 10.0 35.0 175.0 
10.0 12.0 19.0 67.0 323.0 
9.0 19.0 19.0 41.0 282.0 
18.0 30.0 11.0 30.0 175.0 
9.0 20.0 14.0 60.0 255.0 
16.0 30.0 8.0 48.0 168.0 
12.0 27.0 11.0 34.0 210.0 
13.0 31.0 9.0 33.0 175.0 
9.0 21.0 15.0 44.0 244.0 
12.0 27.0 8.0 53.0 189.0 
0.0 45.0 2.0 9.0 40.0 
9.0 20.0 14.0 60.0 255.0 
5.0 22.0 16.0 36.0 243.0 
8.0 14.0 18.0 63.0 329.0 
13.0 27.0 15.0 26.0 196.0 
9.0 30.0 12.0 26.0 171.0 
5.0 22.0 16.0 36.0 243.0 
5.0 22.0 16.0 36.0 243.0 
12.0 27.0 8.0 53.0 189.0 
1.0 34.0 5.0 44.0 123.0 
9.0 23.0 13.0 59.0 219.0 
10.0 24.0 14.0 40.0 211.0 
9.0 17.0 14.0 70.0 285.0 
8.0 14.0 18.0 63.0 329.0 
9.0 19.0 19.0 41.0 282.0 
8.0 21.0 16.0 47.0 277.0 
0.0 45.0 2.0 9.0 40.0 
0.0 45.0 2.0 9.0 40.0 
15.0 33.0 9.0 34.0 132.0 
0.0 18.0 15.0 65.0 277.0 
14.0 28.0 9.0 43.0 188.0 
11.0 26.0 11.0 37.0 218.0 
0.0 45.0 2.0 9.0 40.0 
9.0 19.0 19.0 41.0 282.0 
10.0 24.0 14.0 40.0 211.0 
0.0 45.0 2.0 9.0 40.0 
8.0 13.0 19.0 61.0 314.0 
10.0 22.0 11.0 67.0 248.0 
5.0 22.0 16.0 36.0 243.0 
12.0 27.0 11.0 34.0 210.0 
8.0 14.0 18.0 63.0 329.0 
18.0 30.0 11.0 30.0 175.0 
8.0 14.0 18.0 63.0 329.0 
10.0 24.0 14.0 40.0 211.0 
0.0 45.0 2.0 9.0 40.0 
12.0 29.0 11.0 39.0 180.0 
0.0 45.0 2.0 9.0 40.0 
13.0 26.0 10.0 41.0 206.0 
12.0 27.0 11.0 34.0 210.0 
0.0 18.0 20.0 43.0 282.0 
15.0 33.0 9.0 34.0 132.0 
9.0 17.0 19.0 51.0 292.0 
0.0 45.0 2.0 9.0 40.0 
10.0 12.0 19.0 67.0 323.0 
9.0 16.0 14.0 79.0 305.0 
12.0 27.0 8.0 53.0 189.0 
16.0 30.0 8.0 48.0 168.0 
12.0 29.0 11.0 39.0 180.0 
9.0 19.0 19.0 41.0 282.0 
9.0 19.0 19.0 41.0 282.0 
10.0 25.0 11.0 49.0 232.0 
0.0 35.0 4.0 44.0 116.0 
8.0 14.0 18.0 63.0 329.0 
10.0 24.0 14.0 40.0 211.0 
15.0 33.0 9.0 34.0 132.0 
8.0 14.0 18.0 63.0 329.0 
12.0 29.0 11.0 39.0 180.0 
9.0 16.0 14.0 79.0 305.0 
9.0 19.0 19.0 41.0 282.0 
10.0 25.0 11.0 49.0 232.0 
11.0 26.0 11.0 37.0 218.0 
5.0 22.0 16.0 36.0 243.0 
5.0 22.0 16.0 36.0 243.0 
11.0 24.0 15.0 31.0 238.0 
12.0 20.0 18.0 35.0 257.0 
8.0 21.0 16.0 47.0 277.0 
10.0 22.0 11.0 67.0 248.0 
0.0 29.0 11.0 34.0 199.0 
11.0 27.0 9.0 63.0 202.0 
9.0 18.0 19.0 44.0 288.0 
11.0 31.0 10.0 35.0 175.0 
10.0 22.0 11.0 67.0 248.0 
18.0 30.0 11.0 30.0 175.0 
8.0 23.0 12.0 54.0 235.0 
11.0 31.0 10.0 35.0 175.0 
11.0 29.0 12.0 28.0 179.0 
10.0 24.0 14.0 40.0 211.0 
0.0 45.0 2.0 9.0 40.0 
8.0 13.0 19.0 61.0 314.0 
0.0 4.0 24.0 81.0 399.0 
0.0 18.0 15.0 65.0 277.0 
11.0 27.0 12.0 38.0 198.0 
10.0 24.0 14.0 40.0 211.0 
16.0 26.0 15.0 27.0 199.0 
16.0 31.0 11.0 20.0 139.0 
12.0 27.0 11.0 34.0 210.0 
8.0 21.0 16.0 47.0 277.0 
13.0 27.0 15.0 26.0 196.0 
0.0 45.0 2.0 9.0 40.0 
12.0 27.0 8.0 53.0 189.0 
15.0 33.0 9.0 34.0 132.0 
9.0 20.0 14.0 60.0 255.0 
12.0 28.0 11.0 29.0 204.0 
8.0 14.0 18.0 63.0 329.0 
13.0 27.0 10.0 43.0 194.0 
5.0 22.0 16.0 36.0 243.0 
11.0 31.0 10.0 35.0 175.0 
8.0 14.0 18.0 63.0 329.0 
9.0 23.0 13.0 59.0 219.0 
8.0 23.0 12.0 54.0 235.0 
10.0 24.0 14.0 40.0 211.0 
12.0 27.0 11.0 34.0 210.0 
9.0 23.0 13.0 59.0 219.0 
12.0 27.0 11.0 34.0 210.0 
6.0 18.0 17.0 50.0 282.0 
11.0 31.0 10.0 35.0 175.0 
9.0 17.0 14.0 70.0 285.0 
14.0 17.0 21.0 35.0 302.0 
13.0 26.0 10.0 41.0 206.0 
10.0 22.0 12.0 58.0 240.0 
13.0 27.0 15.0 26.0 196.0 
8.0 23.0 12.0 54.0 235.0 
9.0 23.0 13.0 59.0 219.0 
10.0 12.0 19.0 67.0 323.0 
11.0 27.0 9.0 63.0 202.0 
8.0 25.0 13.0 41.0 219.0 
16.0 31.0 11.0 20.0 139.0 
12.0 27.0 8.0 53.0 189.0 
8.0 21.0 16.0 47.0 277.0 
16.0 26.0 15.0 27.0 199.0 
12.0 20.0 18.0 35.0 257.0 
9.0 19.0 19.0 41.0 282.0 
5.0 22.0 16.0 36.0 243.0 
10.0 24.0 14.0 40.0 211.0 
11.0 24.0 15.0 31.0 238.0 
10.0 25.0 11.0 49.0 232.0 
10.0 22.0 11.0 67.0 248.0 
8.0 29.0 10.0 49.0 182.0 
9.0 17.0 19.0 51.0 292.0 
8.0 14.0 18.0 63.0 329.0 
9.0 20.0 14.0 60.0 255.0 
13.0 27.0 10.0 43.0 194.0 
11.0 29.0 12.0 28.0 179.0 
16.0 30.0 8.0 48.0 168.0 
8.0 13.0 19.0 61.0 314.0 
18.0 30.0 11.0 30.0 175.0 
9.0 24.0 14.0 41.0 239.0 
12.0 29.0 11.0 39.0 180.0 
15.0 33.0 9.0 34.0 132.0 
9.0 16.0 14.0 79.0 305.0 
11.0 27.0 12.0 38.0 198.0 
11.0 26.0 11.0 37.0 218.0 
~~~
1.144
