1111010000011110110000100011111010010001001100100
1001000010100001010110011001100011110010100100100
1100111001110110111001110001111100001100000000000
1011011010110110011010000001110000011111100000000
1100011110110100111111001101110000011101000010000
1000110011101001110000010101111111010100001100000
1110100001011001110101110111111001000101101100000
1000011101100100110101010101101001000001000001001
1110100001011001110101110111111001000101101100000
1110100001011001110101110111111001000101101100000
1111010000001100110000100011111010010001001100100
1110101111000010011110101001111010010001001100100
1100111001110110111001110001111100001100000000000
1100111001110110111001110001111100001100000000000
1101000110011000010000100001101100110101101000001
1110100000111100011000110101111110110100010000010
1110100111001110011101110001110011001010100110000
1111010000001100110000100011111010010001001100100
1000011101100100110101010101101001000001000001001
1111111111111111111110111111111111111011111111010
1101000110100000110110110001111001110000110001010
1101110110011001111110110101111001010001011110111
1000110011101001110000010101111111010100001100000
1000000000000000010000000001100000000000000000000
1111000111001010111101011011111010111001011111110
1001000010100001010110011001100011110010100100100
1111101001001010111001011011111001010000100000000
1101100010010110111110110001101000000100000011010
1000110011101001110000010101111111010100001100000
1000110011101001110000010101111111010100001100000
1110100001011001110101110111111001000101101100000
1100110001111100011110011001111110111011110111111
1100000010000111011000010111110001010110101001000
1100111001110110111001110001111100001100000000000
1000110010001101011010001101111111011110110111001
1111111100001110011111101011110000010000111000111
1111000111001010111101010011111010110001110110100
1110100001011001110101110111111001000101101100000
1101110000111100011000000001100011001100000001001
1110100111001110011101110001110011001010100110000
1101000110100000110110110001111001100000110001010
1000101001011000010010000111111011100011000111010
1110111000001011010101111001100010000011110101010
1100110100100100111110100011111110011001101011010
1110100111001110011101110001110011001010100110000
1111010100101111010111101001101111011101110011111
1000110010001101011010001101111111111110110111001
1110111000001011010101111001100010000011110101010
1000011101100100110101010101101001000001000001001
1000110010001101011010001101111111011110110111001
1101110000111100011000000001100011001100000001001
1101000110100000110110110001111001100000110001010
1111010111111110011101111111111111111011111111010
1111111100001110011111101011110000010000111000111
1111100111111111010001111111110111111111011010011
1101000110011000010000100001101100110101101000001
1110100111001110011101110001110011001010100110000
1111100010010001111001111111111101001010101011111
1110100000111100011000110101111110110100010000010
1110011110110111011101000101111010110000000011111
1101000110100000110110110001111001100000110001010
1101110000111100011000000001100011001100000001001
1101100010010110111110110001101000000100000011010
1111010000001100110000100011111010010001001100100
1101000110100000110110110001111001100000110001010
1110100111001110011101110001110011001010100110000
1101000111010010111101110111111010001100101011010
1101110000111100011000000001100011001100000110000
1100111001110110111001110001111100001100000000000
1111011000001110011100110111111011010010110011011
1100111001110110111001110001111100001100000000000
1100010001111110010001011101101010101101110111001
1000000000000000010000000001100000000000000000000
1100010001111110010001011101101010101101110111001
1101000110011000010000100001101100110101101000001
1110100001011001110101110111111001000101101100000
1101100010010110111110110001101000000100000011010
1011011010110110011010000001110000011111100000000
1110111000001011010101111001100010000011110101010
1111100010010001111001111111111101001010101011111
1100010001111110010001011101101010101101110111001
1111100111111111010001111111110111111111011010011
1000101001011000010010000111111011100011000111010
1000110011101001110000010101111111010100001100000
1011000000011000111001011001111000110001101111001
1111010100101111010111101001101111011101110011111
1110100001011001110101110111111001000101101100000
1110100001011001110101110111111001000101101100000
1111011110110111011101111101111111111101110111100
1100111001110110111001110001111100001100000000000
1100001010101100010010001001110001111011000001001
1001010111111110011011011011100010000001100011010
1111100111111111010001111111110111111111011010011
1000110011101001110000010101111111010100001100000
1101110000111100011000000001100011001100000001001
1110100000111100011000110101111110110100010000010
1100111001110110111001110001111100001100000000000
1111010000001100110000100011111010010001001100100
1100110001111100011110001101111101111010010010000
1111000111001010111101011011111010111001011111110
1111111100001110011111101011110000000000111000111
1100110001111100011110011001111110111011110111111
1111011000001110011100110111111011010010110011011
1100010110111111010000111111111010011010000000000
1110100000111100011000110101111110110100010000010
1110100001011001110101110111111001000101101100000
1000000000000000010000000001100000000000000000000
1111010000001100110000100011111010010001001100100
1111010000001100110000100011111010010001001100100
1110100111001110011101110001110011001010100110000
1100110001111100011110011001111110111011110111111
1000110011101001110000010101111111010100001100000
1111010000001100110000100111111010010001000101111
1111010000001100110000100011111010010001001100100
1111011110110111011101111101111111111101110111100
1011000100100000111000001101101011001110000011000
1100010001111110010001011101101010101101110111001
1111000111001010111101011011111010111001011111110
1100110001001110110001111111111010100001010001010
1000110110001100011101010001101000010001000000110
1000110010001101011010001101111111111110110111001
1101000110100000110110110001111001100000110001010
1111101001001010111001011011111001010000100000000
1000110011101001110000010101111111010100001100000
1100010001111110010001011101101010101101110111001
1011011010110110011010000001110000011111100000000
1011010000001000110101100001110110011101000100100
1100011000111110010000000001111101111100000000000
1111101001001010111001011011111001010000100000000
1100110001111100011110011001111110111011110111111
1100111001110110111001110001111100001100000000000
1100001010101100010010001001110001111011000001001
1000110010001101011010001101111111111110110111001
1000110010001101011010001101111111111110110111001
1110101111000010011110100001100011001100000001001
1101110000111100011000000001100011001100000001001
1101110000111100011000000001100011001100000001001
1000110010001101011010001101111111111110110111001
1101000111010010111101110111111010001100101011010
1111010000001100110000100011111010010001001100100
1000110011101001110000010101111111010100001100000
1110011110110111011101000101111010110000000011111
1110011110110111011101000101111010110000000011111
1000000000000000010000000001100000000000000000000
1101000111010010111101110111111010001100101011010
1101000111010010111101110111111010001100101011010
1111100010010001111001111111111101001010101011111
1100110001111100011110001101111101111010010010000
1111101001001010111001011011111001010000100000000
1110100000111100011000110101111110110100010000010
1101110000111100011000000001100011001100000001001
1100110110101000010010110001101001110001110110100
1100010001111110010001011101101010101101110111001
1000101001011000010010000111111011100011000111010
1000110110001100011101010001101000010001000000110
1000000000000000010000000001100000000000000000000
1100111001110110111001110001111100001100000000000
1110100000111100011000110101111110110100010000010
1000101001011000010010000111111011100011000111010
1011100000110011111110111111111010000101111101010
1100011000000000011101111101111110011100000011100
1110100001011001110101110111111001000101101100000
1101000110100000110110110001111001100000110001010
1111010000001100110000100011111010010001001100100
1111010111111110011101111111111111111011111111010
1110011110110111011101000101111010110000000011111
1001010111111110011011011011100010000001100011010
1110110001111100011110011001111110111011110111111
1111111100001110011111101011110000010000111000111
1111111100001110011111101011110000010000111000111
1111110110110110011110111111111111111011111111010
1110100001011001110101110111111001000101101100000
1110100111001110011101110001110011001010100110000
1111010000001100110000100011111010010001001100100
1101110000111100011000000001100011001100000001001
1110011110110111011101000101111010110000000011111
1101000111010010011101110111111010001100101011111
1101000111010010111101110111111010001100101011111
1111010000001100110000100011111010010001001100100
1100111001110110111001110001111100001100000000000
1100110001111100011110011001111110111011110111111
1100111001110110111001110001111100001100000000000
1000000000000000010000000001100000000000000000000
1100011111111110110000110011111001111011101000000
1111101001001010111001011011111001010000100000000
1101000110100000110110110001111001100000110001010
1000110011101001110000010101111111010100001100000
1100110001111100011110011001111110111011110111111
1111010111111110011101111111111111111011111111010
1110111000001011010101111001100010000011110101010
1000110010001101011010001101111111111110110111001
1110100001011001110101110111111001000101101100000
1111010000001100110000100011111010010001001100100
1111010100101111010111101001101111011101110011111
1100011111111110110000110011111001111011101000000
1100110001111100011110001101111101111010010010000
1000110000011000010111000001100101011101101011000
1100010001111110010001011101101010101101110111001
1110100001011001110101110111111001000101101100000
1000011101100100110101010101101001000001000001001
1000110010001101011010001101111111111110110111001
1001000010100001010110011001100011110010100100100
1000011101100100110101010101101001000001000001001
1110100000111100011000110101111110110100010000010
1000110110001100011101010001101000010001000000110
1100111001110110111001110001111100001100000000000
1011000000011000111001011001111000110001101111001
1100110110101000010010110001101001110001110110100
1110100111001110011101110001110011001010100110000
1100111001110110111001110001111100001100000000000
1001010111111110011011011011100010000001100011010
1111010000001100110000100011111010010001001100100
1100011000000000011101111101111110011100000011100
1101000111010010111101110111111010001100101011111
1111100010010001111001111111111101001010101111000
1111000111001010111101011011111010111001011111110
1101100010101101010000001001110110000100100000011
1111010000001100110000100011111010010001001100100
1110100001011001110101110111111001000101101100000
1101110000111100011000000001100011001100000001001
1011010000001000110101100001110110011101000100100
1111100111111111010001111111110111111111011010011
1110100000111100011000110101111110110100010000010
1101100010101101010000001001110110000100100000011
1101000111010010111101110111111010001100101011010
1111100111111111010001111111110111111111011010011
1100110001001110110001111111111010100001010001010
1101000110100000110110110001111001100000110001010
1110100001011001110101110111111001000101101100000
1100000010000111011000010111110001010110101001000
1101110000111100011000000001100011001100000001001
1000110010001101011010001101111111011110110111001
1100111001110110111001110001111100001100000000000
1100110100100100111110100011111110011001101011010
1110011110110111011101000101111010110000000011111
1111010000001100110000100011111010010001001100100
1111011110110111011101111101111111111101110111100
1110111000001011010101111001100010000011110101010
1100110100100100111110100011111110011001101011010
1011000000011000111001011001111000110001101111001
1110100111001110011101110001110011001010100110000
1100110001001110110001111111111010100001010001010
1011011010110110011010000001110000011111100000000
1101000110100000110110110001111001100000110001010
1111110110110110011110111111111111111011111111010
1101100010010110111110110001101000000100000011010
1101000110011000010000100001101100110101101000001
1100110110101000010010110001101001110001110110100
1000110011101001110000010101111111010100001100000
1111101001001010111001011011111001010000100000000
1000101001011000010010000111111011100011000111010
1011000000011000111001011001111000110001101111001
1000110011101001110000010101111111010100001100000
1101110000111100011000000001100011001100000001001
1011000000011000111001011001111000110001101111001
1000110011101001110000010101111111010100001100000
1111010000001100110000100011111010010001001100100
1101110000111100011000000001100011001100000001001
1101000111010010111101110111111010001100101011010
1110100111001110011101110001110011001010100110000
1100010001111110010001011101101010101101110111001
1000101001011000010010000111111011100011000111010
1000110010001101011010001101111111111110110111001
1110100001011001110101110111111001000101101100000
1011011010110110011010000001110000011111100000000
1101100010101101010000001001110110000100100000011
1100110001001110110001111111111010100001010001010
1101000110011000010000100001101100110101101000001
1110011110110111011101000101111010110000000011111
1001000010100001010110011001100011110010100100100
1100000010000111011000010111110001010110101001000
1110111000001011010101111001100010000011110101010
1100110100100100111110100011111110011001101011010
1111101001001010111001011011111001010000100000000
1100111001110110111001110001111100001100000000000
1000110000011000010111000001100101011101101011000
1100001010101100010010001001110001111011000001001
1011000000011000111001011001111000110001101111001
1000011101100100110101010101101001000001000001001
1111011000001110011100110111111011010010110011011
1101100010010110111110110001101000000100000011010
1100110110101000010010110001101001110001110110100
1111000111001010111101011011111010111001011111110
1110100000111100011000110101111110110100010000010
1101000110100000110110110001111001100000110001010
1100110001111100011110001101111101111010010010000
1001010111111110011011011011100010000001100011010
1000110110001100011101010001101000010001000000110
~~~
13.0 26.0 14.0 30.0 206.0 
15.0 29.0 9.0 43.0 181.0 
8.0 26.0 11.0 55.0 200.0 
9.0 27.0 9.0 52.0 175.0 
8.0 24.0 15.0 39.0 221.0 
15.0 26.0 8.0 58.0 195.0 
9.0 23.0 14.0 44.0 234.0 
11.0 29.0 13.0 28.0 170.0 
9.0 23.0 14.0 44.0 234.0 
9.0 23.0 14.0 44.0 234.0 
13.0 28.0 12.0 30.0 186.0 
13.0 24.0 14.0 31.0 235.0 
8.0 26.0 11.0 55.0 200.0 
8.0 26.0 11.0 55.0 200.0 
10.0 29.0 11.0 48.0 180.0 
7.0 25.0 11.0 57.0 221.0 
12.0 23.0 12.0 41.0 243.0 
13.0 28.0 12.0 30.0 186.0 
11.0 29.0 13.0 28.0 170.0 
0.0 4.0 24.0 81.0 407.0 
10.0 26.0 14.0 35.0 225.0 
18.0 17.0 20.0 32.0 301.0 
15.0 26.0 8.0 58.0 195.0 
0.0 45.0 2.0 9.0 40.0 
13.0 16.0 21.0 42.0 327.0 
15.0 29.0 9.0 43.0 181.0 
13.0 26.0 12.0 33.0 211.0 
12.0 27.0 15.0 26.0 210.0 
15.0 26.0 8.0 58.0 195.0 
15.0 26.0 8.0 58.0 195.0 
9.0 23.0 14.0 44.0 234.0 
5.0 15.0 18.0 68.0 310.0 
13.0 28.0 11.0 34.0 199.0 
8.0 26.0 11.0 55.0 200.0 
12.0 20.0 11.0 69.0 250.0 
17.0 20.0 19.0 30.0 274.0 
10.0 20.0 17.0 40.0 275.0 
9.0 23.0 14.0 44.0 234.0 
8.0 30.0 8.0 41.0 166.0 
12.0 23.0 12.0 41.0 243.0 
9.0 27.0 13.0 35.0 219.0 
11.0 26.0 11.0 42.0 213.0 
9.0 24.0 13.0 44.0 233.0 
8.0 21.0 16.0 51.0 254.0 
12.0 23.0 12.0 41.0 243.0 
10.0 15.0 20.0 67.0 304.0 
12.0 19.0 11.0 76.0 264.0 
9.0 24.0 13.0 44.0 233.0 
11.0 29.0 13.0 28.0 170.0 
12.0 20.0 11.0 69.0 250.0 
8.0 30.0 8.0 41.0 166.0 
9.0 27.0 13.0 35.0 219.0 
0.0 8.0 23.0 70.0 377.0 
17.0 20.0 19.0 30.0 274.0 
15.0 11.0 22.0 69.0 351.0 
10.0 29.0 11.0 48.0 180.0 
12.0 23.0 12.0 41.0 243.0 
11.0 17.0 18.0 53.0 303.0 
7.0 25.0 11.0 57.0 221.0 
4.0 20.0 16.0 48.0 279.0 
9.0 27.0 13.0 35.0 219.0 
8.0 30.0 8.0 41.0 166.0 
12.0 27.0 15.0 26.0 210.0 
13.0 28.0 12.0 30.0 186.0 
9.0 27.0 13.0 35.0 219.0 
12.0 23.0 12.0 41.0 243.0 
7.0 20.0 19.0 40.0 275.0 
9.0 30.0 7.0 43.0 167.0 
8.0 26.0 11.0 55.0 200.0 
7.0 19.0 17.0 42.0 264.0 
8.0 26.0 11.0 55.0 200.0 
6.0 21.0 16.0 59.0 254.0 
0.0 45.0 2.0 9.0 40.0 
6.0 21.0 16.0 59.0 254.0 
10.0 29.0 11.0 48.0 180.0 
9.0 23.0 14.0 44.0 234.0 
12.0 27.0 15.0 26.0 210.0 
9.0 27.0 9.0 52.0 175.0 
9.0 24.0 13.0 44.0 233.0 
11.0 17.0 18.0 53.0 303.0 
6.0 21.0 16.0 59.0 254.0 
15.0 11.0 22.0 69.0 351.0 
11.0 26.0 11.0 42.0 213.0 
15.0 26.0 8.0 58.0 195.0 
11.0 25.0 14.0 36.0 224.0 
10.0 15.0 20.0 67.0 304.0 
9.0 23.0 14.0 44.0 234.0 
9.0 23.0 14.0 44.0 234.0 
0.0 10.0 20.0 79.0 354.0 
8.0 26.0 11.0 55.0 200.0 
11.0 28.0 10.0 43.0 193.0 
13.0 23.0 17.0 30.0 243.0 
15.0 11.0 22.0 69.0 351.0 
15.0 26.0 8.0 58.0 195.0 
8.0 30.0 8.0 41.0 166.0 
7.0 25.0 11.0 57.0 221.0 
8.0 26.0 11.0 55.0 200.0 
13.0 28.0 12.0 30.0 186.0 
7.0 22.0 13.0 58.0 241.0 
13.0 16.0 21.0 42.0 327.0 
16.0 21.0 18.0 30.0 268.0 
5.0 15.0 18.0 68.0 310.0 
7.0 19.0 17.0 42.0 264.0 
0.0 24.0 13.0 49.0 234.0 
7.0 25.0 11.0 57.0 221.0 
9.0 23.0 14.0 44.0 234.0 
0.0 45.0 2.0 9.0 40.0 
13.0 28.0 12.0 30.0 186.0 
13.0 28.0 12.0 30.0 186.0 
12.0 23.0 12.0 41.0 243.0 
5.0 15.0 18.0 68.0 310.0 
15.0 26.0 8.0 58.0 195.0 
14.0 25.0 15.0 30.0 215.0 
13.0 28.0 12.0 30.0 186.0 
0.0 10.0 20.0 79.0 354.0 
13.0 29.0 9.0 47.0 175.0 
6.0 21.0 16.0 59.0 254.0 
13.0 16.0 21.0 42.0 327.0 
10.0 23.0 17.0 34.0 253.0 
15.0 30.0 11.0 24.0 183.0 
12.0 19.0 11.0 76.0 264.0 
9.0 27.0 13.0 35.0 219.0 
13.0 26.0 12.0 33.0 211.0 
15.0 26.0 8.0 58.0 195.0 
6.0 21.0 16.0 59.0 254.0 
9.0 27.0 9.0 52.0 175.0 
14.0 28.0 10.0 48.0 169.0 
0.0 29.0 7.0 63.0 176.0 
13.0 26.0 12.0 33.0 211.0 
5.0 15.0 18.0 68.0 310.0 
8.0 26.0 11.0 55.0 200.0 
11.0 28.0 10.0 43.0 193.0 
12.0 19.0 11.0 76.0 264.0 
12.0 19.0 11.0 76.0 264.0 
11.0 27.0 11.0 37.0 197.0 
8.0 30.0 8.0 41.0 166.0 
8.0 30.0 8.0 41.0 166.0 
12.0 19.0 11.0 76.0 264.0 
7.0 20.0 19.0 40.0 275.0 
13.0 28.0 12.0 30.0 186.0 
15.0 26.0 8.0 58.0 195.0 
4.0 20.0 16.0 48.0 279.0 
4.0 20.0 16.0 48.0 279.0 
0.0 45.0 2.0 9.0 40.0 
7.0 20.0 19.0 40.0 275.0 
7.0 20.0 19.0 40.0 275.0 
11.0 17.0 18.0 53.0 303.0 
7.0 22.0 13.0 58.0 241.0 
13.0 26.0 12.0 33.0 211.0 
7.0 25.0 11.0 57.0 221.0 
8.0 30.0 8.0 41.0 166.0 
10.0 25.0 12.0 44.0 229.0 
6.0 21.0 16.0 59.0 254.0 
11.0 26.0 11.0 42.0 213.0 
15.0 30.0 11.0 24.0 183.0 
0.0 45.0 2.0 9.0 40.0 
8.0 26.0 11.0 55.0 200.0 
7.0 25.0 11.0 57.0 221.0 
11.0 26.0 11.0 42.0 213.0 
9.0 18.0 18.0 50.0 282.0 
0.0 25.0 13.0 50.0 215.0 
9.0 23.0 14.0 44.0 234.0 
9.0 27.0 13.0 35.0 219.0 
13.0 28.0 12.0 30.0 186.0 
0.0 8.0 23.0 70.0 377.0 
4.0 20.0 16.0 48.0 279.0 
13.0 23.0 17.0 30.0 243.0 
5.0 14.0 18.0 71.0 317.0 
17.0 20.0 19.0 30.0 274.0 
17.0 20.0 19.0 30.0 274.0 
0.0 9.0 22.0 69.0 370.0 
9.0 23.0 14.0 44.0 234.0 
12.0 23.0 12.0 41.0 243.0 
13.0 28.0 12.0 30.0 186.0 
8.0 30.0 8.0 41.0 166.0 
4.0 20.0 16.0 48.0 279.0 
8.0 19.0 20.0 40.0 287.0 
9.0 18.0 21.0 40.0 293.0 
13.0 28.0 12.0 30.0 186.0 
8.0 26.0 11.0 55.0 200.0 
5.0 15.0 18.0 68.0 310.0 
8.0 26.0 11.0 55.0 200.0 
0.0 45.0 2.0 9.0 40.0 
0.0 20.0 15.0 57.0 260.0 
13.0 26.0 12.0 33.0 211.0 
9.0 27.0 13.0 35.0 219.0 
15.0 26.0 8.0 58.0 195.0 
5.0 15.0 18.0 68.0 310.0 
0.0 8.0 23.0 70.0 377.0 
9.0 24.0 13.0 44.0 233.0 
12.0 19.0 11.0 76.0 264.0 
9.0 23.0 14.0 44.0 234.0 
13.0 28.0 12.0 30.0 186.0 
10.0 15.0 20.0 67.0 304.0 
0.0 20.0 15.0 57.0 260.0 
7.0 22.0 13.0 58.0 241.0 
12.0 28.0 11.0 46.0 178.0 
6.0 21.0 16.0 59.0 254.0 
9.0 23.0 14.0 44.0 234.0 
11.0 29.0 13.0 28.0 170.0 
12.0 19.0 11.0 76.0 264.0 
15.0 29.0 9.0 43.0 181.0 
11.0 29.0 13.0 28.0 170.0 
7.0 25.0 11.0 57.0 221.0 
15.0 30.0 11.0 24.0 183.0 
8.0 26.0 11.0 55.0 200.0 
11.0 25.0 14.0 36.0 224.0 
10.0 25.0 12.0 44.0 229.0 
12.0 23.0 12.0 41.0 243.0 
8.0 26.0 11.0 55.0 200.0 
13.0 23.0 17.0 30.0 243.0 
13.0 28.0 12.0 30.0 186.0 
0.0 25.0 13.0 50.0 215.0 
9.0 18.0 21.0 40.0 293.0 
10.0 19.0 15.0 55.0 281.0 
13.0 16.0 21.0 42.0 327.0 
15.0 29.0 8.0 52.0 184.0 
13.0 28.0 12.0 30.0 186.0 
9.0 23.0 14.0 44.0 234.0 
8.0 30.0 8.0 41.0 166.0 
14.0 28.0 10.0 48.0 169.0 
15.0 11.0 22.0 69.0 351.0 
7.0 25.0 11.0 57.0 221.0 
15.0 29.0 8.0 52.0 184.0 
7.0 20.0 19.0 40.0 275.0 
15.0 11.0 22.0 69.0 351.0 
10.0 23.0 17.0 34.0 253.0 
9.0 27.0 13.0 35.0 219.0 
9.0 23.0 14.0 44.0 234.0 
13.0 28.0 11.0 34.0 199.0 
8.0 30.0 8.0 41.0 166.0 
12.0 20.0 11.0 69.0 250.0 
8.0 26.0 11.0 55.0 200.0 
8.0 21.0 16.0 51.0 254.0 
4.0 20.0 16.0 48.0 279.0 
13.0 28.0 12.0 30.0 186.0 
0.0 10.0 20.0 79.0 354.0 
9.0 24.0 13.0 44.0 233.0 
8.0 21.0 16.0 51.0 254.0 
11.0 25.0 14.0 36.0 224.0 
12.0 23.0 12.0 41.0 243.0 
10.0 23.0 17.0 34.0 253.0 
9.0 27.0 9.0 52.0 175.0 
9.0 27.0 13.0 35.0 219.0 
0.0 9.0 22.0 69.0 370.0 
12.0 27.0 15.0 26.0 210.0 
10.0 29.0 11.0 48.0 180.0 
10.0 25.0 12.0 44.0 229.0 
15.0 26.0 8.0 58.0 195.0 
13.0 26.0 12.0 33.0 211.0 
11.0 26.0 11.0 42.0 213.0 
11.0 25.0 14.0 36.0 224.0 
15.0 26.0 8.0 58.0 195.0 
8.0 30.0 8.0 41.0 166.0 
11.0 25.0 14.0 36.0 224.0 
15.0 26.0 8.0 58.0 195.0 
13.0 28.0 12.0 30.0 186.0 
8.0 30.0 8.0 41.0 166.0 
7.0 20.0 19.0 40.0 275.0 
12.0 23.0 12.0 41.0 243.0 
6.0 21.0 16.0 59.0 254.0 
11.0 26.0 11.0 42.0 213.0 
12.0 19.0 11.0 76.0 264.0 
9.0 23.0 14.0 44.0 234.0 
9.0 27.0 9.0 52.0 175.0 
15.0 29.0 8.0 52.0 184.0 
10.0 23.0 17.0 34.0 253.0 
10.0 29.0 11.0 48.0 180.0 
4.0 20.0 16.0 48.0 279.0 
15.0 29.0 9.0 43.0 181.0 
13.0 28.0 11.0 34.0 199.0 
9.0 24.0 13.0 44.0 233.0 
8.0 21.0 16.0 51.0 254.0 
13.0 26.0 12.0 33.0 211.0 
8.0 26.0 11.0 55.0 200.0 
12.0 28.0 11.0 46.0 178.0 
11.0 28.0 10.0 43.0 193.0 
11.0 25.0 14.0 36.0 224.0 
11.0 29.0 13.0 28.0 170.0 
7.0 19.0 17.0 42.0 264.0 
12.0 27.0 15.0 26.0 210.0 
10.0 25.0 12.0 44.0 229.0 
13.0 16.0 21.0 42.0 327.0 
7.0 25.0 11.0 57.0 221.0 
9.0 27.0 13.0 35.0 219.0 
7.0 22.0 13.0 58.0 241.0 
13.0 23.0 17.0 30.0 243.0 
15.0 30.0 11.0 24.0 183.0 
~~~
1.719
