1111001111010001111101000001111111010100000010010
1000000010001000010100000011101101111011100111111
1000001001101100011000000001100101101000100010101
1111110100111110110111111001110101011000010111101
1000111110011111111111011111111101100000010011111
1000001001101100011000000001100101101000100010101
1001000110000101010100000011100100000101000110001
1100010000000000111000110101111000010000110010101
1111100101111110011001011111110011011000001000010
1110010111100110110101001111111110100001101000000
1100101111001010010000000001111111000011110000100
1000000001111001011101001101111111011100010111000
1000000100001000010101010011111100001000011010010
1111011101101111111101010111100001100011001011001
1000000001111001011101001101111111011100010111000
1111011101101111111101010111100001100011001011001
1100010000000000111000110101111000010000110010101
1100101111001010010000000001111111000011110000100
1000000001111001011101001101111111011100010111000
1011011111000001011001010101110010000101100100001
1000000000000000010000000001100000000000000000000
1110000111101101111111111111101100101111010111101
1111100101111110011001011111110011011000001000010
1000111110011111111111011111111101100000010011111
1110000000101001010000101001110001111100100100010
1001110000011110011000010011111011000011111011101
1111011110000011010101010101111001010000101101001
1111100101111110011001011111110011011000001000010
1000000010001000010100000011101101111011100111111
1111100101111110011001011111110011011000001000010
1000101010101110011111100111110001000001000000001
1110000000101001010000101001110001111100100100010
1111111010001001110100110101100000010010010110000
1111100101111110011001011111110011011000001000010
1111011111000000010000110011111010000001111000000
1111011110000011010101010101111001010000101101001
1110010111100110110101011111111110100001101000000
1000000000000000010000000001100000000000000000000
1001110111101101111111111111101100101111010111101
1111100101111110011001011111110011011000001000010
1100111000011110011001010001100001010100000111100
1000000100001000010101010011111100001000011010010
1000000010001000010100000011101101111011100111111
1110010111100110110101001111111110100001101000000
1111101101010110010000011101110100000001010100100
1000001001101100011000000001100101101000100010101
1001010000001000110000101101101011001101001000100
1111011110111110111110110011111010011011100111001
1111011110000011010101010101111001010000101101001
1111111010001001110100110101100000010010010110000
1001000110000101010100000011100100000101000110001
1001010000001000110000101101101011001101001000100
1100110001000101111000000001100111000101000001110
1110000011000000011100001111111001011100011001010
1000111110011111111111011111111101100000010011111
1100101111001010010000000001111111000011110000100
1111011101101111111101010111100001100011001011001
1000001001101100011000000001100101101000100010101
1111111010001001110100110101100000010010010110000
1110000000101001010000101001110001111100100100010
1100110001000101111000000001100111000101000001110
1111111111111111111110111111111111111011111111001
1100110001000101111000000001100111000101000001110
1001000110000101010100000011100100000101000110001
1000111001000001111100110111111001111001100010000
1000000001111001011101001101111111011100010111000
1000001001101100011000000001100101101000100010101
1111010100111100011110011111101000110001001000000
1011000110000101010100000011100100000101000110001
1110010111100110110101001111111110100001101000000
1100011111011101010000010001111110111000111100010
1110000011000000011100001111111001011100011001010
1100010000000000111000110101111000010000110010101
1001010000001000110000101101101011001101001000100
1001110111101101111111111111101100101111010111101
1011011111000001011001010101110010000101100100001
1011110101000110011101011111110001000100110110000
1001110000011110011000010011111011000011111011101
1000001001101100011000000001100101101000100010101
1110000000101001010000101001110001111100100100010
1111011110000011010101010101111001010000101101001
1000000000000000010000000001100000000000000000000
1001000110000101010100000011100100000101000110001
1111111010001001110100110101100000010010010110000
1011110101000110011101011111110001000100110110000
1111111010001001110100110101100000010010010110000
1100111000011110011001010001100001010100000111100
1111011101011000011110000001101010000111110110100
1000000001111001011101001101111111011100010111000
1000001001101100011000000001100101101000100010101
1111011110000011010101010101111001010000101101001
1000000000000000010000000001100000000000000000000
1111111010001001110100110101100000010010010110000
1101100000011010111000001001100000010100101001101
1110000000101001010000101001110001111100100100010
1110010111100110110101001111111110100001101000000
1011000000001101010111001101110011000000010011100
1111100101111110011001011111110011011000001000010
1110010111100110110101001111111110100001101000000
1111011010001001110100111101100000010010010110000
1000001001101100011000000001100101101000100010101
1101011111001010010101000001101000100000001100001
1000000100001000010101010011111100001000011010010
1111101101010110010000011101110100000001010100100
1110000011000000011100001111111001011100011001010
1110101111101110010000110001111110000010100000001
1110000000101001010000101001110001111100100100010
1110000000101001010000101001110001111100100100010
1111011101101111111101010111100001100011001011001
1110010111100110110101001111111110100001101000000
1101100000011010111000001001100000010100101001101
1100000011000000011100001111111001011100011001010
1110000000101001010000101001110001111100100100010
1110000011000000011100001111111001011100011001010
1000000000000000010000000001100000000000000000000
1011011111000001011001010101110010000101100100001
1100010001110111011100100001111111000011110000100
1111110001010010011101011001111001011101111101110
1001000110000101010100000011100100000101000110001
1110000000101001010000101001110001111100100100010
1000001001101100011000000001100101101000100010101
1111110100111110110111111001110101011000010111101
1111100101111110011001011111110011011000001000010
1111111010001001110100110101100000010010010110000
1001110111101101111111111111101100101111010111101
1001110111101101111111111111101100101111010111101
1000111001000001111100110111111001111001100010000
1001110000011110011000010011111011000011111011101
1111110100111110110111111001110101011000010011101
1000001001101100011000000001100101101000100010101
1000101100000001011100001011101101001100100011001
1111100011101110110110101101100001000011010100100
1111011101101111111101010111100001100011001011001
1001110111101101111111111111101100101111010111101
1111011101101111111101010111100001100011001011001
1110000000101001010000101001110001111100100100010
1010100001000110110110000001110100010010100001101
1010100001000110110110000001110100010010100001101
1011011111000001011001010101110010000101100100001
1111100101111110011001011111110011011000001000010
1000101100000001011100001011101101001100100011001
1100000011111101011111110011111001010101100111010
1001000110000101010100000011100100000101000110001
1000001001101100011000000001100101101000100010101
1101100000011010111000001001100000010100101001101
1100101111001010010000000001111111000011110000100
1001000111100110110101001111111110100001101000000
1001000110000101010100000011100100000101000110001
1011110101000110011101011111110001000100110110000
1000000001111001011101001101111111011100010111000
1111011101101111111101010111100001100011001011001
1100010000001000110000101101101011001101001000100
1110000011000000011100001111111001011100011001010
1101000001010010011100111111110001111011000100001
1110010111100110110101001111111110100001101000000
1100000011111011010110001001111010001010110100010
1111111010001001110100110101100000010010010110000
1011011111000001011001010101110010000101100100001
1100010000000000111000110101111000010000110010101
1011011111000001011001010101110010000101100100001
1000011001110010111101111111110010000010100100000
1111011110000011010101010101111001010000101101001
1100010000000000111000110101111000010000110010101
1100010000000000111000110101111001011101111101110
1110010111100110110101001111111010100001101000000
1011000000001101010111001101110011000000010011100
1111100101111110011001011111110011011000001000010
1001010000000110110101001111111110100001101000000
1000000001111001011101001101111111011100010111000
1001000110000101010100000011100100000101000110001
1011011111000001011001010101110010000101100100001
1110000000101001010000101001110001111100100100010
1011110110111001111111001111101001001111110011110
1100101111001010010000000001111111000011110000100
1111010100111100011110011111101000110001001000000
1100010000000000111000110101111000010000110010101
1110010111100110110101001111111110100001101000000
1000011001110010111101111111110010000010100100000
1100000011111011010110001001111010001010110100010
1010100010001011010111111101100011000001110100100
1100010000000000111000110101111001011101111101110
1000111110101101011010100111111001111110110010100
1111111010001001110100110101100000010010010110000
1011110101000110011101011111110001000100110110000
1000110011111101011111110011111001010101100111010
1111100101111110011001011111110011011000001000010
1110010111100110110101001111111110100001101000000
1111111010001001110100110101100000010010010110000
1111100101111110011001011111110011011000001000010
1000000000000000010000000001100000000000000000000
1101100000011010111000001001100000010100101001101
1110111010101100111000110011110011111010010101100
1100000011111101011111110011111001010101100111010
1001000110000101010100000011100100000101000110001
1100110001000101111000000001100111000101000001110
1111110100111110110111111001110101011000010111101
1000000001111001011101001101111111011100010111000
1110010111100110110101001111111110100001101000000
1100011111011101010000010001111110111000111100010
1001000110000101010100000011100100000101000110001
1110111010101100111000110011110011111010010101100
1110000000101001010000101001110001111100100100010
1111100101111110011001011111110011011000001000010
1111100101111110011001011111110011011000001000010
1100011110100110010001101011100011000011010100001
1000000010001000010100000011101101111011100111111
1110011111101110110110000011110111010010000010000
1101100000011010111000001001100000010100101001101
1001110111101101111111111111101100101111010111101
1000001001101100011000000001100101101000100010101
1001000110000101010100000011100100000101000110001
1001110111101101111111111111101100101111010111101
1100111000011110011001010001100001010100000111100
1000000100001000010101010011111100001000011010010
1100000011111011010110001001111010001010110100010
1001110111101101111111111111101100101111010111101
1101100000011010111000001001100000010100101001101
1001110000011110011000010011111011000011111011101
1110000011000000011100001111111001011100011001010
1110000111101101111111111111101100101111010111101
1111011110000011010101010101111001010000101101001
1111100101111110011001011111110011011000001000010
1000000010001000010100000011101101111011100111111
1111011110000011010101010101111001010000101101001
1111011101101111111101010111100001100011001011001
1110000000101001010000101001110001111100100100010
1110000000101001010000101001110001111100100100010
1000100010000010011000100011110010001101101011000
1001000110000101010100000011100100000101000110001
1111100101111110011001011111110011011000001000010
1100110001000101111000000001100111000101000001110
1000000010001000010100000011101101111011100111111
1001000110000101010100000011100100000101000110001
1100110001000101111000000001100111000101000001110
1010100001000110110110000001110100010010100001101
1111111010001001110100110101100000010010010110000
1000011001110010111101111111110010000010100100000
1000111110011111111111011111111101100000010011111
1110000000101001010000101001110001111100100100010
1000001001101100011000000001100101101000100010101
1000000100001000010101010011111100001000011010010
1110010111100110110101001111111110100001101000000
1000001001101100011000000001100101101000100010101
1000110011111101011111110011111001010101100111010
1100010000000000111000110101111000010000110010101
1000000010001000010100000011101101111011100111111
1011110101000110011101011111110001000100110110000
1000000001111001011101001101111111011100010111000
1100000011111011010110001001111010001010110100010
1110101111101110010000110001111110000010100000001
1010100010001011010111111101100011000001110100100
1000110011111101011111110011111001010101100111010
1011011111000001011001010101110010000101100100001
1111111010001001110100110101100000010010010110000
1110000000101001010000101001110001111100100100010
1000101010101110011111100111110001000001000000001
1100111000011110011001010001100001010100000111100
1100011110100110010001101011100011000011010100001
1000111001000001111100110111111001111001100010000
1111011101101111111101010111100001100011001011001
1111110001010010011101011011110001001100100110001
1100101111001010010000000001111111000011110000100
1111011110000011010101010101111001010000101101001
1100110001000101111000000001100111000101000001110
1001110111101101111111111111101100101111010111101
1000111110011111111111011111111101100000010011111
1110000011000000011100001111111001011100011001010
1101000001010010011100111111110001111011000100001
1010100001000110110110000001110100010010100001101
1110010111100110110101001111111110100001101000000
1111110100111110110111111001110101011000010011101
1000000100001000010101010011111100001000011010010
1100011111011101010000010001111110111000111100010
1001010000001000110000101101101011001101001000100
1000100010000010011000100011110010001101101011000
1000011001110010111101111111110010000010100100000
1101011111001010010101000001101000100000101000100
1111100101111110011001011111110011011000001000010
1011000000001101010111001101110011000000010011100
1001000110000101010100000011100100000101000110001
1111010100111100011110011111101000110001001000000
1000111110101101011010100111111001111110110010100
1000001001101100011000000001100101101000100010101
1000101100000001011100001011101101001100100011001
1111101101010110010000011101110100000001010100100
1001110000011110011000010011111011000011111011101
1101100000011010111000001001100000010100101001101
1111011101011000011110000001101010000111110110100
~~~
10.0 23.0 13.0 49.0 233.0 
8.0 26.0 11.0 54.0 209.0 
18.0 31.0 7.0 50.0 153.0 
12.0 16.0 21.0 45.0 306.0 
12.0 15.0 20.0 50.0 328.0 
18.0 31.0 7.0 50.0 153.0 
13.0 32.0 10.0 34.0 150.0 
10.0 30.0 12.0 24.0 171.0 
11.0 21.0 17.0 34.0 270.0 
6.0 22.0 15.0 53.0 246.0 
7.0 27.0 9.0 48.0 202.0 
9.0 23.0 12.0 59.0 230.0 
12.0 31.0 11.0 35.0 182.0 
9.0 18.0 19.0 45.0 281.0 
9.0 23.0 12.0 59.0 230.0 
9.0 18.0 19.0 45.0 281.0 
10.0 30.0 12.0 24.0 171.0 
7.0 27.0 9.0 48.0 202.0 
9.0 23.0 12.0 59.0 230.0 
10.0 26.0 10.0 44.0 195.0 
0.0 45.0 2.0 9.0 40.0 
14.0 13.0 21.0 71.0 330.0 
11.0 21.0 17.0 34.0 270.0 
12.0 15.0 20.0 50.0 328.0 
11.0 29.0 7.0 56.0 191.0 
11.0 22.0 15.0 37.0 245.0 
8.0 23.0 14.0 39.0 243.0 
11.0 21.0 17.0 34.0 270.0 
8.0 26.0 11.0 54.0 209.0 
11.0 21.0 17.0 34.0 270.0 
14.0 27.0 12.0 26.0 192.0 
11.0 29.0 7.0 56.0 191.0 
12.0 26.0 12.0 37.0 200.0 
11.0 21.0 17.0 34.0 270.0 
0.0 27.0 12.0 35.0 198.0 
8.0 23.0 14.0 39.0 243.0 
4.0 21.0 16.0 53.0 257.0 
0.0 45.0 2.0 9.0 40.0 
16.0 12.0 21.0 73.0 331.0 
11.0 21.0 17.0 34.0 270.0 
13.0 27.0 12.0 31.0 208.0 
12.0 31.0 11.0 35.0 182.0 
8.0 26.0 11.0 54.0 209.0 
6.0 22.0 15.0 53.0 246.0 
12.0 26.0 15.0 30.0 219.0 
18.0 31.0 7.0 50.0 153.0 
14.0 30.0 10.0 39.0 158.0 
0.0 14.0 19.0 58.0 304.0 
8.0 23.0 14.0 39.0 243.0 
12.0 26.0 12.0 37.0 200.0 
13.0 32.0 10.0 34.0 150.0 
14.0 30.0 10.0 39.0 158.0 
15.0 29.0 10.0 39.0 180.0 
10.0 26.0 13.0 35.0 219.0 
12.0 15.0 20.0 50.0 328.0 
7.0 27.0 9.0 48.0 202.0 
9.0 18.0 19.0 45.0 281.0 
18.0 31.0 7.0 50.0 153.0 
12.0 26.0 12.0 37.0 200.0 
11.0 29.0 7.0 56.0 191.0 
15.0 29.0 10.0 39.0 180.0 
0.0 4.0 24.0 81.0 399.0 
15.0 29.0 10.0 39.0 180.0 
13.0 32.0 10.0 34.0 150.0 
10.0 24.0 12.0 49.0 214.0 
9.0 23.0 12.0 59.0 230.0 
18.0 31.0 7.0 50.0 153.0 
8.0 24.0 16.0 37.0 232.0 
13.0 31.0 10.0 37.0 157.0 
6.0 22.0 15.0 53.0 246.0 
10.0 22.0 12.0 65.0 255.0 
10.0 26.0 13.0 35.0 219.0 
10.0 30.0 12.0 24.0 171.0 
14.0 30.0 10.0 39.0 158.0 
16.0 12.0 21.0 73.0 331.0 
10.0 26.0 10.0 44.0 195.0 
10.0 23.0 15.0 33.0 238.0 
11.0 22.0 15.0 37.0 245.0 
18.0 31.0 7.0 50.0 153.0 
11.0 29.0 7.0 56.0 191.0 
8.0 23.0 14.0 39.0 243.0 
0.0 45.0 2.0 9.0 40.0 
13.0 32.0 10.0 34.0 150.0 
12.0 26.0 12.0 37.0 200.0 
10.0 23.0 15.0 33.0 238.0 
12.0 26.0 12.0 37.0 200.0 
13.0 27.0 12.0 31.0 208.0 
10.0 23.0 13.0 51.0 222.0 
9.0 23.0 12.0 59.0 230.0 
18.0 31.0 7.0 50.0 153.0 
8.0 23.0 14.0 39.0 243.0 
0.0 45.0 2.0 9.0 40.0 
12.0 26.0 12.0 37.0 200.0 
15.0 29.0 13.0 27.0 188.0 
11.0 29.0 7.0 56.0 191.0 
6.0 22.0 15.0 53.0 246.0 
13.0 28.0 13.0 24.0 198.0 
11.0 21.0 17.0 34.0 270.0 
6.0 22.0 15.0 53.0 246.0 
12.0 26.0 13.0 35.0 201.0 
18.0 31.0 7.0 50.0 153.0 
11.0 29.0 11.0 35.0 191.0 
12.0 31.0 11.0 35.0 182.0 
12.0 26.0 15.0 30.0 219.0 
10.0 26.0 13.0 35.0 219.0 
9.0 25.0 10.0 57.0 212.0 
11.0 29.0 7.0 56.0 191.0 
11.0 29.0 7.0 56.0 191.0 
9.0 18.0 19.0 45.0 281.0 
6.0 22.0 15.0 53.0 246.0 
15.0 29.0 13.0 27.0 188.0 
9.0 27.0 13.0 32.0 212.0 
11.0 29.0 7.0 56.0 191.0 
10.0 26.0 13.0 35.0 219.0 
0.0 45.0 2.0 9.0 40.0 
10.0 26.0 10.0 44.0 195.0 
5.0 24.0 12.0 52.0 215.0 
8.0 18.0 18.0 46.0 291.0 
13.0 32.0 10.0 34.0 150.0 
11.0 29.0 7.0 56.0 191.0 
18.0 31.0 7.0 50.0 153.0 
12.0 16.0 21.0 45.0 306.0 
11.0 21.0 17.0 34.0 270.0 
12.0 26.0 12.0 37.0 200.0 
16.0 12.0 21.0 73.0 331.0 
16.0 12.0 21.0 73.0 331.0 
10.0 24.0 12.0 49.0 214.0 
11.0 22.0 15.0 37.0 245.0 
11.0 17.0 21.0 43.0 296.0 
18.0 31.0 7.0 50.0 153.0 
12.0 28.0 9.0 55.0 190.0 
15.0 23.0 16.0 31.0 230.0 
9.0 18.0 19.0 45.0 281.0 
16.0 12.0 21.0 73.0 331.0 
9.0 18.0 19.0 45.0 281.0 
11.0 29.0 7.0 56.0 191.0 
15.0 29.0 12.0 34.0 170.0 
15.0 29.0 12.0 34.0 170.0 
10.0 26.0 10.0 44.0 195.0 
11.0 21.0 17.0 34.0 270.0 
12.0 28.0 9.0 55.0 190.0 
8.0 19.0 17.0 46.0 277.0 
13.0 32.0 10.0 34.0 150.0 
18.0 31.0 7.0 50.0 153.0 
15.0 29.0 13.0 27.0 188.0 
7.0 27.0 9.0 48.0 202.0 
8.0 24.0 15.0 47.0 226.0 
13.0 32.0 10.0 34.0 150.0 
10.0 23.0 15.0 33.0 238.0 
9.0 23.0 12.0 59.0 230.0 
9.0 18.0 19.0 45.0 281.0 
12.0 30.0 10.0 39.0 166.0 
10.0 26.0 13.0 35.0 219.0 
11.0 24.0 16.0 31.0 227.0 
6.0 22.0 15.0 53.0 246.0 
10.0 25.0 11.0 53.0 226.0 
12.0 26.0 12.0 37.0 200.0 
10.0 26.0 10.0 44.0 195.0 
10.0 30.0 12.0 24.0 171.0 
10.0 26.0 10.0 44.0 195.0 
10.0 25.0 13.0 38.0 203.0 
8.0 23.0 14.0 39.0 243.0 
10.0 30.0 12.0 24.0 171.0 
6.0 24.0 14.0 41.0 230.0 
6.0 23.0 15.0 44.0 241.0 
13.0 28.0 13.0 24.0 198.0 
11.0 21.0 17.0 34.0 270.0 
9.0 27.0 13.0 43.0 193.0 
9.0 23.0 12.0 59.0 230.0 
13.0 32.0 10.0 34.0 150.0 
10.0 26.0 10.0 44.0 195.0 
11.0 29.0 7.0 56.0 191.0 
14.0 15.0 18.0 63.0 308.0 
7.0 27.0 9.0 48.0 202.0 
8.0 24.0 16.0 37.0 232.0 
10.0 30.0 12.0 24.0 171.0 
6.0 22.0 15.0 53.0 246.0 
10.0 25.0 13.0 38.0 203.0 
10.0 25.0 11.0 53.0 226.0 
12.0 25.0 13.0 33.0 220.0 
6.0 24.0 14.0 41.0 230.0 
15.0 19.0 12.0 72.0 268.0 
12.0 26.0 12.0 37.0 200.0 
10.0 23.0 15.0 33.0 238.0 
11.0 18.0 16.0 51.0 278.0 
11.0 21.0 17.0 34.0 270.0 
6.0 22.0 15.0 53.0 246.0 
12.0 26.0 12.0 37.0 200.0 
11.0 21.0 17.0 34.0 270.0 
0.0 45.0 2.0 9.0 40.0 
15.0 29.0 13.0 27.0 188.0 
14.0 20.0 12.0 56.0 265.0 
8.0 19.0 17.0 46.0 277.0 
13.0 32.0 10.0 34.0 150.0 
15.0 29.0 10.0 39.0 180.0 
12.0 16.0 21.0 45.0 306.0 
9.0 23.0 12.0 59.0 230.0 
6.0 22.0 15.0 53.0 246.0 
10.0 22.0 12.0 65.0 255.0 
13.0 32.0 10.0 34.0 150.0 
14.0 20.0 12.0 56.0 265.0 
11.0 29.0 7.0 56.0 191.0 
11.0 21.0 17.0 34.0 270.0 
11.0 21.0 17.0 34.0 270.0 
13.0 26.0 13.0 33.0 208.0 
8.0 26.0 11.0 54.0 209.0 
11.0 23.0 13.0 47.0 222.0 
15.0 29.0 13.0 27.0 188.0 
16.0 12.0 21.0 73.0 331.0 
18.0 31.0 7.0 50.0 153.0 
13.0 32.0 10.0 34.0 150.0 
16.0 12.0 21.0 73.0 331.0 
13.0 27.0 12.0 31.0 208.0 
12.0 31.0 11.0 35.0 182.0 
10.0 25.0 11.0 53.0 226.0 
16.0 12.0 21.0 73.0 331.0 
15.0 29.0 13.0 27.0 188.0 
11.0 22.0 15.0 37.0 245.0 
10.0 26.0 13.0 35.0 219.0 
14.0 13.0 21.0 71.0 330.0 
8.0 23.0 14.0 39.0 243.0 
11.0 21.0 17.0 34.0 270.0 
8.0 26.0 11.0 54.0 209.0 
8.0 23.0 14.0 39.0 243.0 
9.0 18.0 19.0 45.0 281.0 
11.0 29.0 7.0 56.0 191.0 
11.0 29.0 7.0 56.0 191.0 
10.0 30.0 9.0 36.0 175.0 
13.0 32.0 10.0 34.0 150.0 
11.0 21.0 17.0 34.0 270.0 
15.0 29.0 10.0 39.0 180.0 
8.0 26.0 11.0 54.0 209.0 
13.0 32.0 10.0 34.0 150.0 
15.0 29.0 10.0 39.0 180.0 
15.0 29.0 12.0 34.0 170.0 
12.0 26.0 12.0 37.0 200.0 
10.0 25.0 13.0 38.0 203.0 
12.0 15.0 20.0 50.0 328.0 
11.0 29.0 7.0 56.0 191.0 
18.0 31.0 7.0 50.0 153.0 
12.0 31.0 11.0 35.0 182.0 
6.0 22.0 15.0 53.0 246.0 
18.0 31.0 7.0 50.0 153.0 
11.0 18.0 16.0 51.0 278.0 
10.0 30.0 12.0 24.0 171.0 
8.0 26.0 11.0 54.0 209.0 
10.0 23.0 15.0 33.0 238.0 
9.0 23.0 12.0 59.0 230.0 
10.0 25.0 11.0 53.0 226.0 
9.0 25.0 10.0 57.0 212.0 
12.0 25.0 13.0 33.0 220.0 
11.0 18.0 16.0 51.0 278.0 
10.0 26.0 10.0 44.0 195.0 
12.0 26.0 12.0 37.0 200.0 
11.0 29.0 7.0 56.0 191.0 
14.0 27.0 12.0 26.0 192.0 
13.0 27.0 12.0 31.0 208.0 
13.0 26.0 13.0 33.0 208.0 
10.0 24.0 12.0 49.0 214.0 
9.0 18.0 19.0 45.0 281.0 
11.0 23.0 14.0 40.0 236.0 
7.0 27.0 9.0 48.0 202.0 
8.0 23.0 14.0 39.0 243.0 
15.0 29.0 10.0 39.0 180.0 
16.0 12.0 21.0 73.0 331.0 
12.0 15.0 20.0 50.0 328.0 
10.0 26.0 13.0 35.0 219.0 
11.0 24.0 16.0 31.0 227.0 
15.0 29.0 12.0 34.0 170.0 
6.0 22.0 15.0 53.0 246.0 
11.0 17.0 21.0 43.0 296.0 
12.0 31.0 11.0 35.0 182.0 
10.0 22.0 12.0 65.0 255.0 
14.0 30.0 10.0 39.0 158.0 
10.0 30.0 9.0 36.0 175.0 
10.0 25.0 13.0 38.0 203.0 
10.0 29.0 11.0 38.0 193.0 
11.0 21.0 17.0 34.0 270.0 
13.0 28.0 13.0 24.0 198.0 
13.0 32.0 10.0 34.0 150.0 
8.0 24.0 16.0 37.0 232.0 
15.0 19.0 12.0 72.0 268.0 
18.0 31.0 7.0 50.0 153.0 
12.0 28.0 9.0 55.0 190.0 
12.0 26.0 15.0 30.0 219.0 
11.0 22.0 15.0 37.0 245.0 
15.0 29.0 13.0 27.0 188.0 
10.0 23.0 13.0 51.0 222.0 
~~~
1.251
