1001001111010001111100110111100010011000010000001
1101110100011100011010000001111111111010100111000
1111110110000000010000111101111011100000000011001
1011011010011100011100010101100011010001111101001
1111100011010000011101010101111100011000001100000
1001100110011000010100010101100011010001111101001
1111100011010000011101010101111100011000001100000
1110110100001100011110100001101001000001000000101
1000000000000000010000000001100000000000000000000
1100111100111111010110000011111100010010111011010
1011011010011100011100010101100011010001111101001
1111100110101110111001001101101111010000110001010
1110011011001010011111110111101001011110010011001
1001001000111010110000110101110000001100110101000
1001010000010001010001111101101001110000011011001
1001001000111010110000110101110000001101110101000
1010000111110111111101111101111010011100111111111
1011011010011100011100010101100011010001111101001
1001001111010001111100110111100010011000010000001
1010000110010000011101111101110011000010000111101
1100010010000101011110100111110011000010000100001
1111000110111110011101111111111111111011111111010
1001000000101001011110001001110001011010011100000
1100011000101001011000011111111011110010101111100
1010000110010000011101111101110011000010000111101
1111111111111111111101111111111111111101111111001
1010011000111000011000011111111111111101111111010
1110010101001001110001001011110000000000111100000
1000101110111000110101111111101000000000110101001
1001010000010001010001111101101001110000011011001
1010001000111000011101001101111111010010000110000
1111100011010000011101010101111100011000001100000
1010000110010000011101111101110011000010000111101
1001001000111010110000110101110000001101110101000
1010000110010000011101111101110011000010000111101
1100010010000101011110100111110011000010000100001
1110010101001001110001001011110000000000111100000
1100010010101000010000001011111111000110101110000
1111110110000000010000111101111011100000000011001
1000111110111000110110011001111110000000101000100
1000000000000000010000000001100000000000000000000
1000111110111000110110011001111110000000101000100
1001001111010001111100110111100010011000010000001
1010000000011001010001000001101100000011101000101
1100111010110100111110100001110011011010010001011
1001000000101001011110001001110001011010011100000
1011011010011100011100010101100011010001111101001
1001100110011000010100010001100101000000101101000
1001010000010001010001111101101001110000011011001
1001010110101000111111010111111111111010011111010
1100111100111111010110000011111100010010111011010
1010110110001101111110100111111011101111111111000
1001100110011000010100010001100101000000101101000
1111110110110110111101111111111111111101111111010
1000000000000000010000000001100000000000000000000
1100011111111110111110000001111100111010000011001
1001100110011000010100010001100101000000101101000
1010100000110100011100011111111101111100110110000
1001001111010001111100110101100000000000000000000
1110011011001010011111110111101001011110010011011
1010000110010000011101111101110011000010000111101
1000111101010101010000110001111000111011101100000
1000000000000000010000000001100000000000000000000
1101000011110000110111000101110011011010000000001
1110011011001010011111110111101001011110010011001
1010000000011001010001000001101100000011101000101
1011011010011100011100010101100011010001111101001
1000000000000000010000000001100000000000000000000
1001010000010001010001111101101001110000011011001
1101011110111101011011110101111110001101100111101
1000000000000000010000000001100000000000000000000
1001001111010001111100110111100010011000010000001
1100010010101000010000001011111111000110101110000
1010011010001100010000101001111111101000110000100
1100010010101000010000001011111111000110101110000
1010100000110100011100011111111101111100110110000
1011011111100110010000101011111001110000000110001
1111100110101110111001001101101111010000110001010
1110011011001010011111110111101001011110010011011
1010001000111000011101001101111111010010000110000
1001001111010001111100110111100010011000010000001
1001100110011000010100010001100101000000101101000
1011011111100110010000101011111001110000000110001
1000101110011100010001000001111111000010101101010
1010100000110100011100011111111101111100110110000
1100011000101001011000011111111011110010101111100
1001100110011000010100010001100101000000101101000
1111111010011110011110100101100001111100110100000
1101110000101101110110100101110001000001000001001
1010000111110111111101111101111010011101011010000
1000111101010101010000110001111000111001101111100
1001100110011000010100010001100101000000101101000
1000000010000000010000000001100000000000000000000
1100110101000010111110000001110100100000001111100
1101110000101101110110100101110001000001000001001
1010001000111000011101001101111111010010000110000
1100111010110100111110100001110011011010010001011
1100111100111111010110000011111100010010111011010
1111001010111111111000110111100101001101111101110
1011000111111000110101111111101000000000110101001
1001001000111010110000110101110000001101110101000
1000000000000000010000000001100000000000000000000
1101110000101101110110100101110001000001000001001
1010000000011001010001000001101100000011101000101
1100110101000010111110000001110100100000001111100
1001010110101000111111010111111111111010011111010
1111011010110001011000011101100100001000000000000
1110110100001100011110100001101001000001000000101
1010001000111000011110100001110011011010010001011
1000000000000000010000000001100000001111111111000
1100111100111111010110000011111100010010111011010
1000010010001110011100111101110100010000001100001
1000111101010101010000110001111000111011101111100
1100010010101000010000001011111111000110101110000
1001010000010001010001111101101001110000011011001
1000000000000000010000000001100000000000000000000
1010000111110111111101111101111010011101011010000
1010100000110100011100011111111101111100110110000
1111111111110000010000111101110010010101000011001
1100011000101001011000011111111011110010101111100
1001100110011000010100010001100101000000101101000
1000000000000000010000000001100000000000000000000
1111010110111111011101111101111111111101110111100
1111010110111110011101111111111111111011111111010
1010000000011001010001000001101100000011101000101
1000000000000000010000000001100000000000000000000
1001010101100100011110111001111000101010100111011
1000000000000000010000000001100000000000000000000
1000000000000000010000000001100000000000000000000
1110010101001001110001001011110000000000111100000
1100010000111110010000000001111111100000000011001
1001010110101000111111010111111111111010011111010
1010100000110100011100011111111101111100110110000
1001001111010001111100110111100010011000010000001
1111010110111111011101111101111111111101110111100
1001001111010001111100110111100010011000010000001
1011011010011100011100010101100011010001111101001
1001001000111010110000110101110000001101110101000
1011000111111000110101111111101000000000110101001
1010011010001100010000101001111111101000110000100
1001000000101001011110001001110001011010011100000
1001010110101000111111010111111111111010011111010
1100111010110100111110100001110011011010010001011
1110010101001001110001001011110000000000111100000
1010011010001100010000101001111111101000110000100
1010011010001100010000101001111111101000110000100
1000000000000000010000000001100000000000000000000
1000000000000000010000000001100000000000000000000
1010000000011001010001000001101100000011101000101
1111000011101000011011111111111010011111100111001
1110000111110101110111101111111010011000111111111
1101000011110000110111000101110011011010000000001
1011000111111000110101111111101000000000110101001
1101110000101101110110100101110001000001000001001
1111001010111111111000110111100101001101111101110
1000000000000000011101111101111111111101110111100
1000111101010101010000110001111000111011101111100
1000111101010101010000110001111000111011101111100
1001010110101000111111010111111111111010011111010
1000010010001110011100111101110100010000001100001
1111000011101000011011111111111010011111100111001
1001100110011000010100010001100101000000101101000
1111010100111100011101011101101101100100100000000
1010000000011001010001000001101100000011101000101
1100111100111111010110000011111100010010111011010
1111111111110000010000111101110010010101000011001
1110000111110101110111101111111010011000111111111
1101110100011100011010000001111111111010100111000
1000000000000000010000000001100000000000000000000
1100111010110100111110100001110011011010010001011
1111100011010000011101010101111100011000001100000
1000000000000000011110110011111101111011111011010
1000000000000000010000000001100000000000000000000
1111111111111111111101111111111111111101111111001
1010000110010000011101111101110011000010000111101
1001000000101001011110001001110001011010011100000
1100011000101001011000011111111011110010101111100
1000111101010101010000110001111000111011101111100
1111110110110110111101111111111111111101111111010
1110000111110101110111101111111010011000111111111
1111100011010000011101010101111100011000001100000
1001000000101001011110001001110001011010011100000
1000000000000000010000000001100000000000000000000
1001100110011000010100010001100101000000101101000
1011011111100110010000101011111001110000000110001
1101011110111101011011110101111110001101100111101
1011011010011100011100010101100011010001111101001
1000101110011100010001000001111111000010101101010
1010000111110111111101111101111010011101011010000
1100111010110100111110100001110011011010010001011
1101110100011100011010000001111111111010100111000
1000000000000000010000000001100000000000000000000
1110011011001010011111110111101001011110010011011
1010000000011001010001000001101100000011101000101
1111010110111111011101111101111111111101110111100
1001100110011000010100010001100101000000101101000
1111001010111111111000110111100101001101111101110
1001001111010001111100110111100010011000010000001
1001010110101000111111010111111111111010011111010
1100111100111111010110000011111100010010111011010
1011000111111000110101111111101000000000110101001
1100010010000101011110100111110011000010000100001
1011011111100110010000101011111001110000000110001
1001001000111010110000110101110000001101110101000
1000010010001110011100111101110100010000001100001
1000000000000000010000000001100000000000000000000
1001001000111010110000110101110000001101110101000
1111100110101110111001001101101111010000110001010
1010000000011001010001000001101100000011101000101
1111110110000000010000111101111011100000000011001
1010011010001100010000101001111111101000110000100
1001010000010001010001111101101001110000011011001
1001010000010001010001111101101001110000011011001
1110110100001110011110100001101001000001000000101
1001000000101001011110001001110001011010011100000
1100111010110100111110100001110011011010010001011
1001010000010001010001111101101001110000011011001
1001000000101001011110001001110001011010011100000
1001010101100100011110111001111000101010100111011
1101110100011100011010000001111111111010100111000
1010000110010000011101111101110011000010000111101
1010110110001101111110100111111011101111111111000
1111011110110111110000000001111100011100000000000
1100110101000010111110000001110100100000001111100
1110110100001100011110100001101001000001000000101
1111111111110000010000111101110010010101000011001
1100110101000010111110000001110100100000001111100
1011011111100110010000101011111001110000000110001
1111001010111111111000110111100101001101111101110
1001001111010001111100110111100010011000010000001
1110011011001010011111110111101001011110010011001
1010100000110100011100011111111101111100110110000
1010000110010000011101111101110011000010000111101
1011000111111000110101111111101000000000110101001
1110010101001001110001001011110000000000111100000
1100111010110100111110100001110011011010010001011
1010001000111000011101001101111111010010000110000
1110110100001100011110100001101001000001000000101
1001000000101001011110001001110001011010011100000
1000000000000000010000000001100000000000000000000
1100010010101000010000001011111111000110101110000
1010000110010000011101111101110011000010000111101
1010100000110100011100011111111101111100110110000
1001010101100100011110111001111000101010100111011
1001001000111010110000110101110000001101110101000
1111111111111111111101111111111111111101111111001
1000111101010101010000110001111000111011101111100
1000101110011100010001000001111111000010101101010
1010001000111000011101001101111111010010000110000
1100010010101000010000001011111111000110101110000
1111010110111110011101111111111111111011111111010
1000111110111000110110011001111110000000101000100
1010000000011001010001000001101100000011101000101
1101110000101101110110100101110001000001000001001
1101110100011100011010000001111111111010100111000
1011000111111000110101111111101000000000110101001
1010010111011101111101100101111011010010111011101
1010000110010000011101111101110011000010000111101
1000111110111000110110011001111110000000101000100
1110100110010101111110110011100110010011110111110
1010110110001101111110100111111011101111111111000
1000001100000100111100110011111000011111111111001
1000010010001110011100111101110100010000001100001
1100010010101000010000001011111111000110101110000
1010011010001100010000101001111111101000110000100
1001001000111010110000110101110000001101110101000
1100111100111111010110000011111100010010111011010
1010000111110111111101111101111010011101011010000
1001010110101000111111010111111111111010011111010
1001001111010001111100110111100010011000010000001
1001011001110111111000101001100001000100001100000
1010000000011001010001000001101100000011101000101
1100110101000010111110000001110100100000001111100
1110110100001100011110100001101001000001000000101
1100011000101001011000011111111011110010101111100
1001010000010001010001111101101001110000011011001
1111111010011110011110100101100001100001111010101
1101110000101101110110100101110001000001000001001
1000111101010101010000110001111000111011101111100
1111100011010000011101010101111100011000001100000
1000101110011100010001000001111111000010101101010
1110011011001010011111110111101001011110010011001
1111001010111111111000110111100101001101111101110
1011011111100110010000101011111001110000000110001
1111010100111100011101011101101101100100100000000
1110010101001001110001001011110000000000111100000
1110000111110101110111101111111010011000111111111
1111111111110000010000111101110010010101000011001
1101011110111101011011110101111110001101100111101
1010100000110100011100011111111101111100110110000
1001000000101001011110001001110001011010011100000
1010001000111000011101001101111111010010000110000
1111000011101000011011111111111010011111100111001
1101000011110000110111000101110011011010000000001
1100010010000101011110100111110011000010000100001
1011011010011100011100010101100011010001111101001
1100111010110100111110100001110011011010010001011
1001010101100100011110111001111000101010100111011
1001100110011000010100010001100101000000101101000
~~~
12.0 26.0 15.0 29.0 196.0 
11.0 22.0 11.0 62.0 249.0 
0.0 26.0 12.0 35.0 225.0 
14.0 23.0 14.0 33.0 216.0 
8.0 26.0 12.0 40.0 211.0 
13.0 26.0 14.0 25.0 208.0 
8.0 26.0 12.0 40.0 211.0 
12.0 29.0 11.0 26.0 182.0 
0.0 45.0 2.0 9.0 40.0 
7.0 20.0 16.0 58.0 273.0 
14.0 23.0 14.0 33.0 216.0 
10.0 21.0 15.0 47.0 262.0 
10.0 19.0 17.0 49.0 259.0 
11.0 28.0 11.0 45.0 183.0 
10.0 27.0 15.0 30.0 207.0 
10.0 27.0 12.0 45.0 189.0 
7.0 13.0 22.0 56.0 332.0 
14.0 23.0 14.0 33.0 216.0 
12.0 26.0 15.0 29.0 196.0 
10.0 25.0 14.0 24.0 228.0 
12.0 28.0 10.0 29.0 185.0 
1.0 10.0 22.0 67.0 366.0 
12.0 29.0 9.0 38.0 181.0 
9.0 21.0 12.0 59.0 264.0 
10.0 25.0 14.0 24.0 228.0 
0.0 4.0 24.0 84.0 401.0 
7.0 17.0 14.0 76.0 284.0 
11.0 29.0 11.0 31.0 196.0 
10.0 24.0 15.0 38.0 231.0 
10.0 27.0 15.0 30.0 207.0 
11.0 26.0 9.0 51.0 195.0 
8.0 26.0 12.0 40.0 211.0 
10.0 25.0 14.0 24.0 228.0 
10.0 27.0 12.0 45.0 189.0 
10.0 25.0 14.0 24.0 228.0 
12.0 28.0 10.0 29.0 185.0 
11.0 29.0 11.0 31.0 196.0 
10.0 27.0 7.0 61.0 196.0 
0.0 26.0 12.0 35.0 225.0 
10.0 25.0 11.0 52.0 216.0 
0.0 45.0 2.0 9.0 40.0 
10.0 25.0 11.0 52.0 216.0 
12.0 26.0 15.0 29.0 196.0 
13.0 32.0 8.0 45.0 148.0 
11.0 22.0 14.0 41.0 236.0 
12.0 29.0 9.0 38.0 181.0 
14.0 23.0 14.0 33.0 216.0 
15.0 31.0 9.0 31.0 172.0 
10.0 27.0 15.0 30.0 207.0 
10.0 16.0 17.0 62.0 304.0 
7.0 20.0 16.0 58.0 273.0 
13.0 15.0 15.0 70.0 304.0 
15.0 31.0 9.0 31.0 172.0 
0.0 8.0 23.0 72.0 378.0 
0.0 45.0 2.0 9.0 40.0 
0.0 20.0 15.0 61.0 259.0 
15.0 31.0 9.0 31.0 172.0 
8.0 22.0 12.0 65.0 241.0 
8.0 32.0 11.0 19.0 150.0 
11.0 18.0 18.0 49.0 273.0 
10.0 25.0 14.0 24.0 228.0 
8.0 25.0 11.0 56.0 216.0 
0.0 45.0 2.0 9.0 40.0 
12.0 27.0 13.0 32.0 185.0 
10.0 19.0 17.0 49.0 259.0 
13.0 32.0 8.0 45.0 148.0 
14.0 23.0 14.0 33.0 216.0 
0.0 45.0 2.0 9.0 40.0 
10.0 27.0 15.0 30.0 207.0 
9.0 15.0 17.0 72.0 302.0 
0.0 45.0 2.0 9.0 40.0 
12.0 26.0 15.0 29.0 196.0 
10.0 27.0 7.0 61.0 196.0 
13.0 27.0 7.0 61.0 193.0 
10.0 27.0 7.0 61.0 196.0 
8.0 22.0 12.0 65.0 241.0 
11.0 24.0 13.0 42.0 225.0 
10.0 21.0 15.0 47.0 262.0 
11.0 18.0 18.0 49.0 273.0 
11.0 26.0 9.0 51.0 195.0 
12.0 26.0 15.0 29.0 196.0 
15.0 31.0 9.0 31.0 172.0 
11.0 24.0 13.0 42.0 225.0 
13.0 26.0 9.0 50.0 218.0 
8.0 22.0 12.0 65.0 241.0 
9.0 21.0 12.0 59.0 264.0 
15.0 31.0 9.0 31.0 172.0 
10.0 21.0 13.0 54.0 242.0 
13.0 27.0 13.0 29.0 193.0 
9.0 18.0 19.0 49.0 277.0 
9.0 23.0 14.0 51.0 245.0 
15.0 31.0 9.0 31.0 172.0 
1.0 44.0 2.0 10.0 50.0 
11.0 27.0 13.0 33.0 220.0 
13.0 27.0 13.0 29.0 193.0 
11.0 26.0 9.0 51.0 195.0 
11.0 22.0 14.0 41.0 236.0 
7.0 20.0 16.0 58.0 273.0 
10.0 16.0 18.0 62.0 297.0 
10.0 23.0 17.0 35.0 235.0 
10.0 27.0 12.0 45.0 189.0 
0.0 45.0 2.0 9.0 40.0 
13.0 27.0 13.0 29.0 193.0 
13.0 32.0 8.0 45.0 148.0 
11.0 27.0 13.0 33.0 220.0 
10.0 16.0 17.0 62.0 304.0 
8.0 30.0 8.0 47.0 168.0 
12.0 29.0 11.0 26.0 182.0 
12.0 26.0 11.0 41.0 197.0 
4.0 35.0 7.0 36.0 125.0 
7.0 20.0 16.0 58.0 273.0 
12.0 28.0 12.0 28.0 186.0 
8.0 22.0 14.0 56.0 251.0 
10.0 27.0 7.0 61.0 196.0 
10.0 27.0 15.0 30.0 207.0 
0.0 45.0 2.0 9.0 40.0 
9.0 18.0 19.0 49.0 277.0 
8.0 22.0 12.0 65.0 241.0 
6.0 22.0 16.0 40.0 238.0 
9.0 21.0 12.0 59.0 264.0 
15.0 31.0 9.0 31.0 172.0 
0.0 45.0 2.0 9.0 40.0 
0.0 10.0 20.0 78.0 358.0 
0.0 9.0 22.0 70.0 371.0 
13.0 32.0 8.0 45.0 148.0 
0.0 45.0 2.0 9.0 40.0 
9.0 22.0 15.0 51.0 250.0 
0.0 45.0 2.0 9.0 40.0 
0.0 45.0 2.0 9.0 40.0 
11.0 29.0 11.0 31.0 196.0 
0.0 29.0 9.0 47.0 187.0 
10.0 16.0 17.0 62.0 304.0 
8.0 22.0 12.0 65.0 241.0 
12.0 26.0 15.0 29.0 196.0 
0.0 10.0 20.0 78.0 358.0 
12.0 26.0 15.0 29.0 196.0 
14.0 23.0 14.0 33.0 216.0 
10.0 27.0 12.0 45.0 189.0 
10.0 23.0 17.0 35.0 235.0 
13.0 27.0 7.0 61.0 193.0 
12.0 29.0 9.0 38.0 181.0 
10.0 16.0 17.0 62.0 304.0 
11.0 22.0 14.0 41.0 236.0 
11.0 29.0 11.0 31.0 196.0 
13.0 27.0 7.0 61.0 193.0 
13.0 27.0 7.0 61.0 193.0 
0.0 45.0 2.0 9.0 40.0 
0.0 45.0 2.0 9.0 40.0 
13.0 32.0 8.0 45.0 148.0 
9.0 17.0 17.0 59.0 279.0 
14.0 14.0 23.0 48.0 329.0 
12.0 27.0 13.0 32.0 185.0 
10.0 23.0 17.0 35.0 235.0 
13.0 27.0 13.0 29.0 193.0 
10.0 16.0 18.0 62.0 297.0 
0.0 22.0 14.0 57.0 244.0 
8.0 22.0 14.0 56.0 251.0 
8.0 22.0 14.0 56.0 251.0 
10.0 16.0 17.0 62.0 304.0 
12.0 28.0 12.0 28.0 186.0 
9.0 17.0 17.0 59.0 279.0 
15.0 31.0 9.0 31.0 172.0 
7.0 24.0 12.0 59.0 226.0 
13.0 32.0 8.0 45.0 148.0 
7.0 20.0 16.0 58.0 273.0 
6.0 22.0 16.0 40.0 238.0 
14.0 14.0 23.0 48.0 329.0 
11.0 22.0 11.0 62.0 249.0 
0.0 45.0 2.0 9.0 40.0 
11.0 22.0 14.0 41.0 236.0 
8.0 26.0 12.0 40.0 211.0 
0.0 24.0 14.0 49.0 230.0 
0.0 45.0 2.0 9.0 40.0 
0.0 4.0 24.0 84.0 401.0 
10.0 25.0 14.0 24.0 228.0 
12.0 29.0 9.0 38.0 181.0 
9.0 21.0 12.0 59.0 264.0 
8.0 22.0 14.0 56.0 251.0 
0.0 8.0 23.0 72.0 378.0 
14.0 14.0 23.0 48.0 329.0 
8.0 26.0 12.0 40.0 211.0 
12.0 29.0 9.0 38.0 181.0 
0.0 45.0 2.0 9.0 40.0 
15.0 31.0 9.0 31.0 172.0 
11.0 24.0 13.0 42.0 225.0 
9.0 15.0 17.0 72.0 302.0 
14.0 23.0 14.0 33.0 216.0 
13.0 26.0 9.0 50.0 218.0 
9.0 18.0 19.0 49.0 277.0 
11.0 22.0 14.0 41.0 236.0 
11.0 22.0 11.0 62.0 249.0 
0.0 45.0 2.0 9.0 40.0 
11.0 18.0 18.0 49.0 273.0 
13.0 32.0 8.0 45.0 148.0 
0.0 10.0 20.0 78.0 358.0 
15.0 31.0 9.0 31.0 172.0 
10.0 16.0 18.0 62.0 297.0 
12.0 26.0 15.0 29.0 196.0 
10.0 16.0 17.0 62.0 304.0 
7.0 20.0 16.0 58.0 273.0 
10.0 23.0 17.0 35.0 235.0 
12.0 28.0 10.0 29.0 185.0 
11.0 24.0 13.0 42.0 225.0 
10.0 27.0 12.0 45.0 189.0 
12.0 28.0 12.0 28.0 186.0 
0.0 45.0 2.0 9.0 40.0 
10.0 27.0 12.0 45.0 189.0 
10.0 21.0 15.0 47.0 262.0 
13.0 32.0 8.0 45.0 148.0 
0.0 26.0 12.0 35.0 225.0 
13.0 27.0 7.0 61.0 193.0 
10.0 27.0 15.0 30.0 207.0 
10.0 27.0 15.0 30.0 207.0 
11.0 28.0 12.0 26.0 193.0 
12.0 29.0 9.0 38.0 181.0 
11.0 22.0 14.0 41.0 236.0 
10.0 27.0 15.0 30.0 207.0 
12.0 29.0 9.0 38.0 181.0 
9.0 22.0 15.0 51.0 250.0 
11.0 22.0 11.0 62.0 249.0 
10.0 25.0 14.0 24.0 228.0 
13.0 15.0 15.0 70.0 304.0 
0.0 26.0 10.0 62.0 201.0 
11.0 27.0 13.0 33.0 220.0 
12.0 29.0 11.0 26.0 182.0 
6.0 22.0 16.0 40.0 238.0 
11.0 27.0 13.0 33.0 220.0 
11.0 24.0 13.0 42.0 225.0 
10.0 16.0 18.0 62.0 297.0 
12.0 26.0 15.0 29.0 196.0 
10.0 19.0 17.0 49.0 259.0 
8.0 22.0 12.0 65.0 241.0 
10.0 25.0 14.0 24.0 228.0 
10.0 23.0 17.0 35.0 235.0 
11.0 29.0 11.0 31.0 196.0 
11.0 22.0 14.0 41.0 236.0 
11.0 26.0 9.0 51.0 195.0 
12.0 29.0 11.0 26.0 182.0 
12.0 29.0 9.0 38.0 181.0 
0.0 45.0 2.0 9.0 40.0 
10.0 27.0 7.0 61.0 196.0 
10.0 25.0 14.0 24.0 228.0 
8.0 22.0 12.0 65.0 241.0 
9.0 22.0 15.0 51.0 250.0 
10.0 27.0 12.0 45.0 189.0 
0.0 4.0 24.0 84.0 401.0 
8.0 22.0 14.0 56.0 251.0 
13.0 26.0 9.0 50.0 218.0 
11.0 26.0 9.0 51.0 195.0 
10.0 27.0 7.0 61.0 196.0 
0.0 9.0 22.0 70.0 371.0 
10.0 25.0 11.0 52.0 216.0 
13.0 32.0 8.0 45.0 148.0 
13.0 27.0 13.0 29.0 193.0 
11.0 22.0 11.0 62.0 249.0 
10.0 23.0 17.0 35.0 235.0 
15.0 17.0 18.0 44.0 282.0 
10.0 25.0 14.0 24.0 228.0 
10.0 25.0 11.0 52.0 216.0 
12.0 18.0 19.0 44.0 288.0 
13.0 15.0 15.0 70.0 304.0 
9.0 22.0 16.0 47.0 236.0 
12.0 28.0 12.0 28.0 186.0 
10.0 27.0 7.0 61.0 196.0 
13.0 27.0 7.0 61.0 193.0 
10.0 27.0 12.0 45.0 189.0 
7.0 20.0 16.0 58.0 273.0 
9.0 18.0 19.0 49.0 277.0 
10.0 16.0 17.0 62.0 304.0 
12.0 26.0 15.0 29.0 196.0 
14.0 28.0 11.0 37.0 177.0 
13.0 32.0 8.0 45.0 148.0 
11.0 27.0 13.0 33.0 220.0 
12.0 29.0 11.0 26.0 182.0 
9.0 21.0 12.0 59.0 264.0 
10.0 27.0 15.0 30.0 207.0 
14.0 20.0 17.0 37.0 258.0 
13.0 27.0 13.0 29.0 193.0 
8.0 22.0 14.0 56.0 251.0 
8.0 26.0 12.0 40.0 211.0 
13.0 26.0 9.0 50.0 218.0 
10.0 19.0 17.0 49.0 259.0 
10.0 16.0 18.0 62.0 297.0 
11.0 24.0 13.0 42.0 225.0 
7.0 24.0 12.0 59.0 226.0 
11.0 29.0 11.0 31.0 196.0 
14.0 14.0 23.0 48.0 329.0 
6.0 22.0 16.0 40.0 238.0 
9.0 15.0 17.0 72.0 302.0 
8.0 22.0 12.0 65.0 241.0 
12.0 29.0 9.0 38.0 181.0 
11.0 26.0 9.0 51.0 195.0 
9.0 17.0 17.0 59.0 279.0 
12.0 27.0 13.0 32.0 185.0 
12.0 28.0 10.0 29.0 185.0 
14.0 23.0 14.0 33.0 216.0 
11.0 22.0 14.0 41.0 236.0 
9.0 22.0 15.0 51.0 250.0 
15.0 31.0 9.0 31.0 172.0 
~~~
2.002
