1111011111010110111010001101101001011111110011111
1000000000000000010000000001100000000000000000000
1111111100001000111101100001100001011110100011100
1111001000111011010001000101111110101010100001000
1000000000000000010000000001100000000000000000000
1000000111001110110001001001101011000000110000101
1100010001110111110000000001110011100010010011100
1011101010110001111101110001101110100010000100000
1111010111100100110000110101110111011111110000001
1110001111010100111010110011110011000001000001000
1110010101001000011001000001100000010111000001101
1101101011010110010001110101111001010000110100001
1110010011100110010001000001111110111001000001001
1111010111100100110000110101110111011111110000001
1000000010100000010001001001101011111011101100001
1111100110110010011101111111111101111111000011110
1000000000000000010000000001100000000000000000000
1111111100001000111101100001100001011110100011100
1110111111010100011001000111111111111100011011011
1101100000000000110111111111111110000010010011001
1101000010010011110101111101111000000000010001101
1110010011100110010001000001111110111001000000001
1100100000001100011101100101111001100011001010010
1101101011010110010001110101111001010000110100001
1111111111111111111101111111111111111101111111001
1101000000110111011101001001101001101011100100001
1100100000001100011101100101111001100011001010010
1111011111010110111010001101101001011111110011111
1110010000000101011110100101111011111010110111010
1100100000001100011101100101111001100011001010010
1000000111000100111110101001100000101011100110000
1100011110001010110111111111110011011101100100000
1110010011100110010001000001111110111001000000001
1110001111010100111010110011110011000001000001000
1110010011100110010001000001111110111001000000001
1111010101001000011001000001100000010111000001101
1000010000111100110110001011110011011001111100000
1111010101001000011001000001111000000000010001101
1100111101110110010111001001100010000011110011000
1100001110111111110110000011100010011000000000010
1100111101110110010111001001100010000011110011000
1100100000001100011101100101111001100011001010010
1000000010100000010001001001101011111011101100001
1111111100001000111101100001100001011110100011100
1111100110110010011101111111111101111111000011110
1111100110110010011101111111111101111111000011110
1111111100001000111101100001100001011110100011100
1101000000110111011101001001101001101011100100001
1110000111110000111110010111100001001011010110010
1101100000000000110111111111111110000010010011001
1111111100001000111101100001100001011110100011100
1111010111100100110000110101110111011111110000001
1000000010100000010001001001101011111011101100001
1111001000111011010001000101111110101010100001000
1010000011001000111010001011111001010011000000010
1000000111000100111110101001100000101011100110000
1101011001000000110011010011100010011010100000001
1010000011001000111010001011111001010011000000010
1010000011001000111010001011111001010011000000010
1010001000001100111100000001111111000010010110100
1111000111010100011101110011111111110100110001001
1110010000000101011110100101111011111010110111010
1111010111100100110000110101110111011111110000001
1011101010110001111101110001101110100010000100000
1111001101001101111110000001111111101110100000010
1111010111100100110001110101111001010000110100001
1000000010100000010001001001101011111011101100001
1111011111010110111010001101101001011011110011111
1101000000110111011101001001101001101011100100001
1101101011010110010001110101111001010000110100001
1010000011001000111010001011111001010011000000010
1101000010010011110101111101111000000000010001101
1111000111101100010001100001101011010001010000001
1010000011001000111010001011111001010011000000010
1110100010100011011110101001100000101011100110000
1101000010010011110101111101111000000000010001101
1111000111010100011101110011111111110100110001001
1010001000001100111100000001110111000010010110100
1000000111000100111110101001100000101011100110000
1111100110110010011101111111111101111111000011110
1000000111001110110001001001101011000000110000101
1111100110110010011101111111111101111111000011110
1111100110110010011101111111111101111111000011110
1000000111001110110001001001101011000000110000101
1111000111010100011101110011111111110100110001001
1011000001011111011010001011110000010000011011001
1010001000001100111100000001111111000010010110100
1011100111110010110000001001101001111010010100000
1111100110110010011101111111111101111111000011110
1000000010100000010001001001101011111011101100001
1110010011100110010001000001111110111001000000001
1111111100001000111101100001100001011110100011100
1101100000000000110111111111111110000010010011001
1110010101001000011001000001100000010111100001101
1111100100111100111101011001100010110000000001100
1010000011001000111010001011111001010011000000010
1010000011001000111010001011111001010011000000010
1101000010010011110101111101111000000000010001101
1010000011001000111010001011111001010011000000010
1111111100001000111101100001100001011110100011100
1010000011001000111010001011111001010011000000010
1011000001011111011010001011110000010000011011001
1100001110111111110110000011100010011000000000010
1010001000001100111100000001111111000010010110100
1111001001011001010010000101110100101010100000000
1110001111010100111010110011110011000001000001000
1010000011001000111010001011111001010011000000010
1111011111010110111010001101101001011111110011111
1111111100001000111101100001100001011110100011100
1110001111010100111010110011110011000001000001000
1000000111001110110001001001101011000000110000101
1100100000001100011101100101111001100011001010010
1111111100001000111101100001100001011110100011100
1000000101000100111110101001100000101011100110000
1111111100001000111101100001100001011110100011100
1111111100001000111101100001100001011110100011100
1110010000000101011110100101111011111010110111010
1100100000001100011101100101111001100011001010010
1110000111110000111110010111100001001011010110010
1101101011010110010001110101111001010000110100001
1111110110110110111110111101111111111011110111100
1100100000001100011101100101111001100011001010010
1010001000001100111100000001111111000010010110100
1111011111010110111010001101101001011111110011111
1101000000110111011101001001101001101011100100001
1101000000110111011101001001101001101011100100001
1110010000000101011110100101111011111010110111010
1101000000110111011101001001101001101011100100001
1010000011001000111010001011111001010011000000010
1000000010100000010001001001101011111011101100001
1101100000000000110111111111111110000010010011001
1111111100001000111101100001100001011110100011100
1111000111101100010001100001101011010001010001001
1010000011001000111010001011111001010011000000010
1101100000000000110111111111111110000010010011001
1110010000000101011110100101111011111010110111010
1111011111010110111010001101111001011111110011111
1111111100001000111101100001100001011110100011100
1111111100001000111101100001100001011110100011100
1000000111000100111110101001100000101011100110000
1110010011100110010001000001111110111001000000001
1010110000000110011100001011111101110010000011000
1110010011100110010001000001111110111001000000001
1110010000000101011110100101111011111010110111010
1111010111100100110000110101110111011111110000001
1010110000000110011100001011111101110010000011000
1111111100001000111101100001100001011110100011100
1111110111111111011101111111111111111011111111010
1111001001011001010010000101110100101010100000000
1111011110111110111110111111111111111011111110010
1000000111001110110001001001101011000000110000101
1000000111000100111110101001100000101011100110000
1101100000000000110111111111111110000010010011001
1100011110001011110110000011100010011000000000010
1111100110110010011101111111111101111111000011110
1111100100111100111101011001100010110000000001100
1111100110110010011101111111111101111111100011100
1101000000110111011101001001101001101011100100001
1111010101001000011001000001100000010111000001101
1111011110111110111110111111111111111011111111010
1110001111010100111010110011110011000001000001000
1111100110110010011101111111111101111111000011110
1101000000110111011101001001101001101011100100001
1111111100001000111101100001100001011110100011100
1101100000000000110111111111111110000010010011001
1011000001011111011010101011110000010000011011001
1010001000001100111100000001111111000010010110100
1111110111111111011101111111111111111011111111010
1100011110001010110111111111110011011101100100000
1111100110110010011101111111111101111111000011110
1111010111100100110000110101110111011111110000001
1101000010010011110101111101111000000000010001101
1111010111100100110000110101110111011111110000001
1111100110110010011101111111111101111111000011110
1101101011010110010001110101111001010000110100001
1100011110001010110111111111110011011101100100000
1101000010010011110101111101111000000000010001101
1000000010100000010001001001101011111011101100001
1111010111100100110000110101110111011111110000001
1000000000000000010000000001100000000000000000000
1111001000111011010001000101111110101010100001000
1110010000000101011110100101111011111010110111010
1011110111001101011011111011111111000000011111011
1101100000000000110111111111111110000010010011001
1111010111100100110000110101110111011111110000001
1110010101001000011001000001100000010111100001101
1000000111000100111110101001100000101011100110000
1010000011001000111010001011111001010011000000010
1100100000001100011101100101111001100011001010010
1110001111010100111010110011110011000001000001000
1111010111100100110000110101110111011111110000001
1000000000000000010000000001100000000000000000000
1101101011010110010001110101111001010000110100001
1110010000000101011110100101111011111010110111010
1101000000110111011101001001101001101011100100001
1111001001011001010010000101110100101010100000000
1100011110001010110111111111110011011101100100000
1111000111010100011101110011111111110100110001001
1111010111100100110000110101110111011111110000001
1010000011001000111010001011111001110011000000010
1101011001000000110011010011100010011010100000001
1010000011001000111010001011111001010011000000010
1000000111000100111110101001100000101011100110000
1110010011100110010001000001111110111001000000001
1111000111010100011101110011111111110100110001001
1101000000110111011101001001101001101011100100001
1111111100001000111101100001100001011110100011100
1110001111010100111010110011110011000001000001000
1111100100111100111101011001100010110000000001100
1100111101110110010111001001100010000011110011000
1100101110001111111111111001111101110011111110100
1111110110110110111110111101111111111011110111100
1101100000000000110111111111111110000010010011001
1100001110111111110110000011100010011000000000010
1000000111000100111110101001100000101011100110000
1111001001011001010010000101110100101010100000000
1111111100001000111101100001100001011110100011100
1000000000000000010000000001100000000000000000000
1110001111010100111010110011110011000001000001000
1000000010100000010001001001101011111011101100001
1111011111010110111010001101101001011111110011111
1111010101001000011001000001100000010111000001101
1111110111111111011101111111111111111011111111010
1111100110110010011101111111111101111111000011110
1000000000000000010000000001100000000000000000000
1000000010100000010001001001101011111011101100001
1111111100001000111101100001100001011110100011100
1001111000110101011110000011101010000110011000000
1110010011100110010001000001111110111001000000001
1101000000110111011101001001101001101011100100001
1110010011100110010001000001111110111001000000001
1111001000111011010001000101111110101010100001000
1110010011100110010001000001111110111001000000001
1100001110111111110110000011100010011000000000010
1000010000111100110110001011110011011001111100000
1101000000110111011101001001101001101011100100001
1011100111110010110000001001101001111010010100000
1110001111010100111010110011110011000001000001000
1111111100001000111101100001100001011110100011100
1111100110110010011101111111111101111111000011110
1110010000000101011110100101111011111010110111010
1101011001000000110011010011100010011010100000001
1010000011001000111010001011111001010011000000010
1110001111010100111010110011110011000001000001000
1011000001011111011010001011110000010000011011001
1111011111010110111010001101101001011111110011111
1111001000111011010001000101111110101010100001000
1101000010010011110101111101111000000000010001101
1100100000001100011101100101111001100011001010010
1111111100001000111101100001100001011110100011100
1111100110110010011101111111111101111111000011110
1000000010100000010001001001101011111011101100001
1110010000000101011110100101111011111010110111010
1111011110111110111110111111111111111011111111010
1111100110110010011101111111111101111111000011110
1100100000001100011101100101111001100011001010010
1111001000111011010001000101111110101010100001000
1010001000001100111100000001111111000010010110100
1101101011010110010001110101111001010000110100001
1111111100001000111101100001100001011110100011100
1101011001000000110011010011100010011010100000001
1000000010100000010001001001101011111011101100001
1011100111110010110000001001101001111010010100000
1110010000000101011110100101111011111010110111010
1010001000001100111100000001111111000010010110100
1000000111000100111110101001100000101011100110000
1111010111100100110000110101110111011111110000001
1100010001110111110000000001110011100010010011100
1101101011010110010001110101111001010000110100001
1111011111010110111010001101101001011111110011111
1101100000000000110111111111111110000010010011001
1011000001011111011010001011110000010000011011001
1100001110111111110110000011100010011000000000010
1111001000111011010001000101111110101010100001000
1110010101001000011001000001100000010111000001101
1111111100001000111101100001100001011110100011100
1100101110001111111111111001111101110011111110100
1011110111001101011011111011111111000000011111011
1000000111001110110001001001101011000000110000101
1111000111010100011101110011111111110100110001001
1111001101001101111110000001111111101110100000010
1111000111101100010001100001101011010001010000001
1111100110110010011101111111111101111111000011110
1101000010010011110101111101111000000000010001101
1100111101110110010111001001100010000011110011000
1000010000111100110110001011110011011001111100000
1110010011100110010001000001111110111001000000001
1010110000000110011100001011111101110010000011000
1011101010110001111101110001101110100010000100000
1111001001011001010010000101110100101010100000000
1100100000001100011101100101111001100011001010010
1001111000110101011110000011101010000110011000000
1101000000110111011101001001101001101011100100001
1110001111010100111010110011110011000001000001000
1100011110001010110111111111110011011101100100000
1010000011001000111010001011111001010011000000010
1110111111010100011001000111111111111100011011011
~~~
11.0 15.0 21.0 51.0 299.0 
0.0 45.0 2.0 9.0 40.0 
9.0 23.0 13.0 49.0 228.0 
11.0 25.0 9.0 73.0 218.0 
0.0 45.0 2.0 9.0 40.0 
13.0 29.0 12.0 27.0 185.0 
8.0 27.0 12.0 39.0 209.0 
12.0 25.0 9.0 62.0 208.0 
8.0 20.0 15.0 60.0 235.0 
16.0 26.0 14.0 21.0 211.0 
14.0 30.0 11.0 31.0 171.0 
11.0 24.0 15.0 30.0 225.0 
9.0 26.0 11.0 55.0 205.0 
8.0 20.0 15.0 60.0 235.0 
10.0 29.0 8.0 51.0 176.0 
7.0 14.0 20.0 64.0 334.0 
0.0 45.0 2.0 9.0 40.0 
9.0 23.0 13.0 49.0 228.0 
11.0 16.0 17.0 63.0 305.0 
8.0 24.0 17.0 35.0 229.0 
12.0 26.0 17.0 22.0 226.0 
9.0 27.0 10.0 55.0 192.0 
12.0 27.0 12.0 33.0 214.0 
11.0 24.0 15.0 30.0 225.0 
0.0 4.0 24.0 84.0 401.0 
6.0 25.0 12.0 52.0 220.0 
12.0 27.0 12.0 33.0 214.0 
11.0 15.0 21.0 51.0 299.0 
6.0 21.0 13.0 56.0 256.0 
12.0 27.0 12.0 33.0 214.0 
10.0 28.0 12.0 36.0 188.0 
9.0 20.0 16.0 46.0 256.0 
9.0 27.0 10.0 55.0 192.0 
16.0 26.0 14.0 21.0 211.0 
9.0 27.0 10.0 55.0 192.0 
13.0 29.0 12.0 31.0 178.0 
12.0 25.0 13.0 39.0 204.0 
9.0 30.0 11.0 25.0 186.0 
10.0 24.0 16.0 37.0 227.0 
8.0 27.0 13.0 38.0 205.0 
10.0 24.0 16.0 37.0 227.0 
12.0 27.0 12.0 33.0 214.0 
10.0 29.0 8.0 51.0 176.0 
9.0 23.0 13.0 49.0 228.0 
7.0 14.0 20.0 64.0 334.0 
7.0 14.0 20.0 64.0 334.0 
9.0 23.0 13.0 49.0 228.0 
6.0 25.0 12.0 52.0 220.0 
12.0 23.0 16.0 33.0 239.0 
8.0 24.0 17.0 35.0 229.0 
9.0 23.0 13.0 49.0 228.0 
8.0 20.0 15.0 60.0 235.0 
10.0 29.0 8.0 51.0 176.0 
11.0 25.0 9.0 73.0 218.0 
15.0 29.0 10.0 28.0 178.0 
10.0 28.0 12.0 36.0 188.0 
14.0 29.0 12.0 36.0 162.0 
15.0 29.0 10.0 28.0 178.0 
15.0 29.0 10.0 28.0 178.0 
14.0 28.0 8.0 45.0 179.0 
9.0 19.0 17.0 52.0 272.0 
6.0 21.0 13.0 56.0 256.0 
8.0 20.0 15.0 60.0 235.0 
12.0 25.0 9.0 62.0 208.0 
12.0 21.0 11.0 75.0 246.0 
6.0 23.0 15.0 36.0 229.0 
10.0 29.0 8.0 51.0 176.0 
10.0 16.0 21.0 43.0 294.0 
6.0 25.0 12.0 52.0 220.0 
11.0 24.0 15.0 30.0 225.0 
15.0 29.0 10.0 28.0 178.0 
12.0 26.0 17.0 22.0 226.0 
12.0 27.0 13.0 31.0 193.0 
15.0 29.0 10.0 28.0 178.0 
11.0 26.0 10.0 52.0 215.0 
12.0 26.0 17.0 22.0 226.0 
9.0 19.0 17.0 52.0 272.0 
18.0 29.0 8.0 39.0 170.0 
10.0 28.0 12.0 36.0 188.0 
7.0 14.0 20.0 64.0 334.0 
13.0 29.0 12.0 27.0 185.0 
7.0 14.0 20.0 64.0 334.0 
7.0 14.0 20.0 64.0 334.0 
13.0 29.0 12.0 27.0 185.0 
9.0 19.0 17.0 52.0 272.0 
14.0 26.0 16.0 21.0 215.0 
14.0 28.0 8.0 45.0 179.0 
10.0 26.0 11.0 48.0 212.0 
7.0 14.0 20.0 64.0 334.0 
10.0 29.0 8.0 51.0 176.0 
9.0 27.0 10.0 55.0 192.0 
9.0 23.0 13.0 49.0 228.0 
8.0 24.0 17.0 35.0 229.0 
14.0 29.0 11.0 36.0 177.0 
9.0 25.0 15.0 33.0 235.0 
15.0 29.0 10.0 28.0 178.0 
15.0 29.0 10.0 28.0 178.0 
12.0 26.0 17.0 22.0 226.0 
15.0 29.0 10.0 28.0 178.0 
9.0 23.0 13.0 49.0 228.0 
15.0 29.0 10.0 28.0 178.0 
14.0 26.0 16.0 21.0 215.0 
8.0 27.0 13.0 38.0 205.0 
14.0 28.0 8.0 45.0 179.0 
13.0 29.0 8.0 58.0 175.0 
16.0 26.0 14.0 21.0 211.0 
15.0 29.0 10.0 28.0 178.0 
11.0 15.0 21.0 51.0 299.0 
9.0 23.0 13.0 49.0 228.0 
16.0 26.0 14.0 21.0 211.0 
13.0 29.0 12.0 27.0 185.0 
12.0 27.0 12.0 33.0 214.0 
9.0 23.0 13.0 49.0 228.0 
11.0 29.0 12.0 35.0 178.0 
9.0 23.0 13.0 49.0 228.0 
9.0 23.0 13.0 49.0 228.0 
6.0 21.0 13.0 56.0 256.0 
12.0 27.0 12.0 33.0 214.0 
12.0 23.0 16.0 33.0 239.0 
11.0 24.0 15.0 30.0 225.0 
0.0 10.0 21.0 69.0 353.0 
12.0 27.0 12.0 33.0 214.0 
14.0 28.0 8.0 45.0 179.0 
11.0 15.0 21.0 51.0 299.0 
6.0 25.0 12.0 52.0 220.0 
6.0 25.0 12.0 52.0 220.0 
6.0 21.0 13.0 56.0 256.0 
6.0 25.0 12.0 52.0 220.0 
15.0 29.0 10.0 28.0 178.0 
10.0 29.0 8.0 51.0 176.0 
8.0 24.0 17.0 35.0 229.0 
9.0 23.0 13.0 49.0 228.0 
12.0 26.0 14.0 31.0 206.0 
15.0 29.0 10.0 28.0 178.0 
8.0 24.0 17.0 35.0 229.0 
6.0 21.0 13.0 56.0 256.0 
9.0 14.0 21.0 52.0 311.0 
9.0 23.0 13.0 49.0 228.0 
9.0 23.0 13.0 49.0 228.0 
10.0 28.0 12.0 36.0 188.0 
9.0 27.0 10.0 55.0 192.0 
10.0 27.0 10.0 45.0 203.0 
9.0 27.0 10.0 55.0 192.0 
6.0 21.0 13.0 56.0 256.0 
8.0 20.0 15.0 60.0 235.0 
10.0 27.0 10.0 45.0 203.0 
9.0 23.0 13.0 49.0 228.0 
0.0 6.0 23.0 77.0 399.0 
13.0 29.0 8.0 58.0 175.0 
2.0 8.0 22.0 74.0 366.0 
13.0 29.0 12.0 27.0 185.0 
10.0 28.0 12.0 36.0 188.0 
8.0 24.0 17.0 35.0 229.0 
10.0 29.0 11.0 35.0 186.0 
7.0 14.0 20.0 64.0 334.0 
9.0 25.0 15.0 33.0 235.0 
6.0 14.0 19.0 69.0 326.0 
6.0 25.0 12.0 52.0 220.0 
13.0 29.0 12.0 31.0 178.0 
0.0 7.0 23.0 74.0 379.0 
16.0 26.0 14.0 21.0 211.0 
7.0 14.0 20.0 64.0 334.0 
6.0 25.0 12.0 52.0 220.0 
9.0 23.0 13.0 49.0 228.0 
8.0 24.0 17.0 35.0 229.0 
15.0 25.0 17.0 21.0 222.0 
14.0 28.0 8.0 45.0 179.0 
0.0 6.0 23.0 77.0 399.0 
9.0 20.0 16.0 46.0 256.0 
7.0 14.0 20.0 64.0 334.0 
8.0 20.0 15.0 60.0 235.0 
12.0 26.0 17.0 22.0 226.0 
8.0 20.0 15.0 60.0 235.0 
7.0 14.0 20.0 64.0 334.0 
11.0 24.0 15.0 30.0 225.0 
9.0 20.0 16.0 46.0 256.0 
12.0 26.0 17.0 22.0 226.0 
10.0 29.0 8.0 51.0 176.0 
8.0 20.0 15.0 60.0 235.0 
0.0 45.0 2.0 9.0 40.0 
11.0 25.0 9.0 73.0 218.0 
6.0 21.0 13.0 56.0 256.0 
15.0 16.0 18.0 47.0 311.0 
8.0 24.0 17.0 35.0 229.0 
8.0 20.0 15.0 60.0 235.0 
14.0 29.0 11.0 36.0 177.0 
10.0 28.0 12.0 36.0 188.0 
15.0 29.0 10.0 28.0 178.0 
12.0 27.0 12.0 33.0 214.0 
16.0 26.0 14.0 21.0 211.0 
8.0 20.0 15.0 60.0 235.0 
0.0 45.0 2.0 9.0 40.0 
11.0 24.0 15.0 30.0 225.0 
6.0 21.0 13.0 56.0 256.0 
6.0 25.0 12.0 52.0 220.0 
13.0 29.0 8.0 58.0 175.0 
9.0 20.0 16.0 46.0 256.0 
9.0 19.0 17.0 52.0 272.0 
8.0 20.0 15.0 60.0 235.0 
15.0 28.0 10.0 35.0 192.0 
14.0 29.0 12.0 36.0 162.0 
15.0 29.0 10.0 28.0 178.0 
10.0 28.0 12.0 36.0 188.0 
9.0 27.0 10.0 55.0 192.0 
9.0 19.0 17.0 52.0 272.0 
6.0 25.0 12.0 52.0 220.0 
9.0 23.0 13.0 49.0 228.0 
16.0 26.0 14.0 21.0 211.0 
9.0 25.0 15.0 33.0 235.0 
10.0 24.0 16.0 37.0 227.0 
13.0 14.0 19.0 59.0 331.0 
0.0 10.0 21.0 69.0 353.0 
8.0 24.0 17.0 35.0 229.0 
8.0 27.0 13.0 38.0 205.0 
10.0 28.0 12.0 36.0 188.0 
13.0 29.0 8.0 58.0 175.0 
9.0 23.0 13.0 49.0 228.0 
0.0 45.0 2.0 9.0 40.0 
16.0 26.0 14.0 21.0 211.0 
10.0 29.0 8.0 51.0 176.0 
11.0 15.0 21.0 51.0 299.0 
13.0 29.0 12.0 31.0 178.0 
0.0 6.0 23.0 77.0 399.0 
7.0 14.0 20.0 64.0 334.0 
0.0 45.0 2.0 9.0 40.0 
10.0 29.0 8.0 51.0 176.0 
9.0 23.0 13.0 49.0 228.0 
12.0 27.0 10.0 51.0 184.0 
9.0 27.0 10.0 55.0 192.0 
6.0 25.0 12.0 52.0 220.0 
9.0 27.0 10.0 55.0 192.0 
11.0 25.0 9.0 73.0 218.0 
9.0 27.0 10.0 55.0 192.0 
8.0 27.0 13.0 38.0 205.0 
12.0 25.0 13.0 39.0 204.0 
6.0 25.0 12.0 52.0 220.0 
10.0 26.0 11.0 48.0 212.0 
16.0 26.0 14.0 21.0 211.0 
9.0 23.0 13.0 49.0 228.0 
7.0 14.0 20.0 64.0 334.0 
6.0 21.0 13.0 56.0 256.0 
14.0 29.0 12.0 36.0 162.0 
15.0 29.0 10.0 28.0 178.0 
16.0 26.0 14.0 21.0 211.0 
14.0 26.0 16.0 21.0 215.0 
11.0 15.0 21.0 51.0 299.0 
11.0 25.0 9.0 73.0 218.0 
12.0 26.0 17.0 22.0 226.0 
12.0 27.0 12.0 33.0 214.0 
9.0 23.0 13.0 49.0 228.0 
7.0 14.0 20.0 64.0 334.0 
10.0 29.0 8.0 51.0 176.0 
6.0 21.0 13.0 56.0 256.0 
0.0 7.0 23.0 74.0 379.0 
7.0 14.0 20.0 64.0 334.0 
12.0 27.0 12.0 33.0 214.0 
11.0 25.0 9.0 73.0 218.0 
14.0 28.0 8.0 45.0 179.0 
11.0 24.0 15.0 30.0 225.0 
9.0 23.0 13.0 49.0 228.0 
14.0 29.0 12.0 36.0 162.0 
10.0 29.0 8.0 51.0 176.0 
10.0 26.0 11.0 48.0 212.0 
6.0 21.0 13.0 56.0 256.0 
14.0 28.0 8.0 45.0 179.0 
10.0 28.0 12.0 36.0 188.0 
8.0 20.0 15.0 60.0 235.0 
8.0 27.0 12.0 39.0 209.0 
11.0 24.0 15.0 30.0 225.0 
11.0 15.0 21.0 51.0 299.0 
8.0 24.0 17.0 35.0 229.0 
14.0 26.0 16.0 21.0 215.0 
8.0 27.0 13.0 38.0 205.0 
11.0 25.0 9.0 73.0 218.0 
14.0 30.0 11.0 31.0 171.0 
9.0 23.0 13.0 49.0 228.0 
13.0 14.0 19.0 59.0 331.0 
15.0 16.0 18.0 47.0 311.0 
13.0 29.0 12.0 27.0 185.0 
9.0 19.0 17.0 52.0 272.0 
12.0 21.0 11.0 75.0 246.0 
12.0 27.0 13.0 31.0 193.0 
7.0 14.0 20.0 64.0 334.0 
12.0 26.0 17.0 22.0 226.0 
10.0 24.0 16.0 37.0 227.0 
12.0 25.0 13.0 39.0 204.0 
9.0 27.0 10.0 55.0 192.0 
10.0 27.0 10.0 45.0 203.0 
12.0 25.0 9.0 62.0 208.0 
13.0 29.0 8.0 58.0 175.0 
12.0 27.0 12.0 33.0 214.0 
12.0 27.0 10.0 51.0 184.0 
6.0 25.0 12.0 52.0 220.0 
16.0 26.0 14.0 21.0 211.0 
9.0 20.0 16.0 46.0 256.0 
15.0 29.0 10.0 28.0 178.0 
11.0 16.0 17.0 63.0 305.0 
~~~
1.064
