1001001000000100011101000101100111001011111100000
1000010000101000111100001101100000000100000100110
1000110111111000111101011001110010000010010011000
1010001000111111111101111011101001110001000011001
1011111000000111011110010101101010010000101111000
1110001101010000110010010001111001000001110101001
1110001010101100011001000001101011001010000010100
1001001000000100011101000101100111001011111100000
1001110011110000010000000001101110011101100111011
1110001010101100011001000001101010001010000010100
1111110101111100111100110001110001000001101110110
1111010000000010011101111111101010001111111101000
1000000100011110011101111111111001011111010111011
1000001100111000111000111011110010001010000101000
1111000000000000010000111101111010111100000011010
1000000111011000110010011001110001000001001101111
1110001010100111011110110011111100011010110001011
1000000111011000110010011001110001000001001101111
1000010000101000111100001101100000000100000100110
1000000011110001110010000001110010010101100010001
1000010000101000111100001101100000000100000100110
1000001100011110011101111111111001011111010111011
1110111111110100111110010001111011001010101010000
1000000111011000110010011001110001000001001101111
1000001100111000111000111011110010001010000101000
1110000111101110010000110011100011011011110100100
1110001101010000110010010001111001000001110111001
1001001000000100011101000101100111001011111100000
1101000011001010011110110101110010011110000100010
1000000111011000110010011001110001000001001101111
1110111111110100111110010001111011001010101010000
1000000111011000110010011001110001000001001101111
1110001010101100011001000001101010001010000010100
1111000000000000010000111101111010111100000011010
1111111011110000011100110011111111000001100010001
1101000011001010011110110101110010011110000100010
1111111011110000011100110001111111000001100010001
1001001000000100011101000101100111001011111100000
1111111011110000011100110011111111000001100010001
1000000111011000110010011001110001000001001101111
1000111000000000011010111101101101000010001000110
1110111111110100111110010001111011001010101010000
1000000111011000110010011001110001000001001101111
1111111110110111011101111101111111111101110111100
1111010110110110011110110011100000011011111011001
1111110110111111111110111111111111111011111111010
1000000100011110011101111111111010110001111011101
1100010000000000010000110101111111100001110111001
1111111101110100111101111101101010011100000000001
1110111111110100111110010001111011001010101010000
1111010000000010011101111111101010001111111101000
1111010100110110011110111011111100001101101011111
1000000100011110011101111111111001011111010111011
1000001000011100010000110011100010110001111011101
1111111011110000011100110001111111000001100010001
1100001000111111111101110101100110010010100011001
1100001100010111110101111001110001110001000011001
1001110011110000010000000001101110011101100111011
1110001101010000110010010001111001000001110101001
1111110101111100111100110001110001000001101110110
1110001101010000110010010001111001000001110101001
1111111011110000011100110011111111000001100010001
1000001000011100010000110011100010110001111011101
1111100000100000111100010001100100101010000000010
1000000110001100010100000001111101010001001100100
1110001010101100011001000001101010001010000010100
1000001000011100010000110011100010110001111011101
1110001101010000110010010001111001000001110101001
1010100011111111011110101001111011101110110001111
1111110111111110111101111111111111111101111111010
1111010101111111010101011111100001011001011111101
1101110001010010110000000001111111010001110101011
1110111111110100111110010001111011001010101010000
1001110011110000010000000001101110011101100111011
1000000111011000110010011001110001000001001101111
1111110101111100111100110001110001000001101110110
1100000001011000011101011011101011100010110001001
1100001100010111110101111001110001110001000011001
1110001101010000110010010001111001000001110101001
1000001100111000111000111011110010000000100001011
1000000100011110011101111111111001011111010111011
1000111000000000011010111101101101000010001000110
1110100111110010011000100101100001000000000110110
1110001010100111011110110011111100011010110001011
1111000000111110011110111001111101011011110111010
1110001010100111011110110011111100011010110001011
1111111011110000011100110011111111000001100010001
1100001000111111111101110101100110010010100111001
1000000110001100010100000001111101010001001100100
1100001000111111111101110101100110010010100111001
1000000111011000110010011001110001000001001101111
1110001010101100011001000001101010001010000010100
1110001101010000110010010001111001000001110101001
1101000011001010011110110101110010011110000100010
1000111000000000011010111101101101000010001000110
1000001000011100010000110011100010110001111011101
1000000110001100010100000001111101010001001100100
1010000010000101010010000001100011001111111000101
1111000000110110010000000001111010011011110011010
1100000110010000110100010001111010100000011110001
1000000000000000010000000001100000000000000000000
1111111011110000011100110011111111000001100010001
1001001000000100011101000101100111001011111100000
1001110011110000010000000001101110011101100111011
1110001101010000110010010001111001000001110101001
1111111101110100111101111101101010011100000000001
1011100011000100011111101101100000000100000110100
1000000100011110011101111111111001011111010111011
1000000000000000010000000001100000000000000000000
1111111011110000011100110011111111000001100010001
1110100111110010011000100101100001000000000110110
1111010101111111010101011111100001011001011111101
1111110111000000010000111101111011111011100100000
1000111000000000011010111101101101000010001000110
1111010100110110011110111011111100001101101011111
1111010000000010011101111111101010001111111101000
1000111000000000011010111101101101000010001000100
1000000011110001111010000001110010010101100010001
1000000111011000110010011001110001000001001101111
1000111000000000011010111101101101000010001000110
1111111011110000011100110001111111000001100010001
1110001101010000110010010001111001000001110101001
1000110111111000111101011001110010000010010011000
1010111010111010011101110001111011001010101010000
1000001000011100010000110011100010110001111011101
1011100011000100011111101101100000000100000110100
1111010000000010011101111111101010001111111101000
1011111000000111011110010101101010010000101111000
1111010101111111010101011111100001011001011111101
1110001010100111011110110011111100011010110001011
1110000111101110010000110011100011011011110100100
1100000110010000110100110001111010100000011110001
1110001010101100011001000001101010001010000010100
1000111000000000011010111101101101000010001000110
1111111011110000011100110011111111000001100010001
1111111011110000011100110011111111000001100010001
1000010000101000111100001101100000000100000100110
1110001101010000110010010001111001000001110101001
1000001100111000111000111011110010001010000101000
1110001010100111011110110011111100011010101110001
1111111111111111111101111111111111111011111111010
1111111011110000011100110011111111000001100010001
1000000111011000110010011001110001000001001101111
1110001010101100011001000001101010001010000010100
1110001101010000110010010001111001000001110101001
1111000000111110011110111001111101011011110111010
1010111000000000011010111101101101000010001000110
1110000111101110010000110011100011011011110100100
1000000100011110011101111111111001011111010111011
1111111101110100111101111101101010011100000000001
1111100000100000111100010001100100101010000000010
1111111110110111011101111101111111111101110111100
1001001000000100011101000101100111001011111100000
1111010101111111010101011111100001011001011111101
1011100011000100011111101101100000000100000110100
1110001010100111011110110011111100011010110001011
1001110011110000010000000001101110011101100111011
1111110110111111111110111111111111111011111111010
1000010000101000111100001101100000000100000100110
1011100011000100011111101101100000000100000110100
1111111011110000011100110001111111000001100010001
1010100011111111011110101001111011101110110001111
1100001100010111110101111001110001110001000011001
1001001000000100011101000101100111001011111100000
1000000111011000110010011001110001000001001101111
1000111000000000011010111101101101000010001000110
1011111100000111011010000001100000000000000000000
1000111000000000011010111101101101000010001000110
1000110111111000111101011001110010000010010011001
1000110111111000111101011001110010000010010011001
1111100000100000111100010001100100101010000000010
1000010000101000111100001101100000000100000100110
1111111011110000011100110011111111000001100010001
1000111000000000011010111101101101000010001000110
1000000000000000010000000001100000000000000000000
1111111101110100111101111101101010011100000000001
1111000000000000010000111101111010111100000011010
1111110101111100111100110001110001000001101110110
1000000000000000010000000001100000000000000000000
1110001010101100011001000001101010001010000010100
1110111111110100111110010001111011001010101010000
1111110101111100111100110001110001000001101110110
1111111011110000011100110011111111000001100010001
1001001000000100011101000101100111001011111100000
1111111011110000011100110011111111000001100010001
1100001000111111111101110101100110010010100111001
1001110011110000010000000001101110011101100111011
1110001101010000110010010001111001000001110101001
1100000110010000110100010001111010100000011110001
1000001000011100010000110011100010110001111011101
1101000011001010011110110101110010011110000100010
1110111111110100111110010001111011001010101010000
1000000111011000110010011001110001000001001101111
1011100011000100011111101101100000000100000110100
1011100011000100011111101101100000000100000110100
1001110011110000010000000001101110011101100111011
1100001000111111111101110101100110010010100111001
1111110010010101111000100111111111111010101111101
1011100011000100011111101101100000000100000110100
1100000001011000011101011011101011100010110001001
1000000111011000110010011001110001000001001101111
1010000010000101010010000001100011001111111000101
1000111000000000011010111101101101000010001000100
1000000111011000110010011001110001000001001101111
1000001000011100010000110011100010110001111011101
1001001000000100011101000101100111001011111100000
1000000111011000110010011001110001000001001101111
1111000000111110011110111001111101011011110111010
1110001010101100011001000001101010001010000010100
1000001100111000111000111011110010001010000101000
1000010000101000111100001101100000000100000100110
1110001010101100011001000001101010001010000010100
1110111111110100111110010001111011001010101010000
1110001101010000110010010001111001000001110101001
1111111011110000011100110011111111000001100010001
1111110101111100111100110001110001000001101110110
1011111000000111011110010101101010010000101111000
1110000111101110010000110011100011011011110100100
1111110110111111111110111111111111111011111111010
1000110111111000111101011001110010000010010011001
1111010101111111010101011111100001011001011111101
1000000011110001111010000001110010010101100010001
1010100011111111011110101001111011101110110001111
1111111011110000011100110011111111000001100010001
1000111000000000011010111101101101000010001000110
1000010000101000111100001101100000000100000100110
1110111111110100111110010001111011001010101010000
1111111110110111011101111101111111111101110111100
1000001100111000111000111011110010001010000101000
1100001100010111110101111001110001110001000011001
1110001010100111011110110011111100011010110001011
1000000100011110011101111111111001011111010111011
1111010110000100011110011111101101011001000111111
1110100111110010011000100101100001000000000110110
1110001010101100011001000001101010001010000010100
1010100011111111011110101001111011101110110001111
1000000000000000010000000001100000000000000000000
1000000011110001111010000001110010010101100010001
1000000100011110011101111111111001011111010111011
1000111000000000011010111101101101000010001000110
1110111111110100111110010001111011001010101010000
1111010101111111010101011111100001011001011111101
1110001101010000110010010001111001000001110101001
1111010000000010011101111111101010001111111101000
1111111011110000011100110001111111000001100010001
1011111000000111011110010101101010010000101111000
1111010100110110011110111011111100001101101011111
1111111011110000011100110011111111000001100010001
1000000011110001111010000001110010010101100010001
1111010110000100011110011111101101011001000111111
1110100111110010011000100101100001000000000110110
1100001100010111110101111001110001110001000011001
1111000000000000010000111101111010111100000011010
1000111000000000011010111101101101000010001000110
1111100000100000111100010001100100101010000000010
1111100000100000111100010001100100101010000000010
1000001100111000111000111011110010001010000101000
1110001101010000110010010001111001000001110101001
1100000110010000110100010001111010100000011110001
1010011000000010111011100001101001010010001001001
1000000110001100010100000001111101010001001100100
1001001000000100011101000101100111001011111100000
1000000011110001111010000001110010010101100010001
1110100111110010011000100101100001000000000110110
1111010100110110011110111011111100001101101011111
1001110011110000010000000001101110011101100111011
1000000111011000110010011001110001000001001101111
1110001101010000110010010001111001000001110101001
1110001010100111011110110011111100011010110001011
1010000010000101010010000001100011001111111000101
1000010000101000111100001101100000000100000100110
1000111000000000011010111101101101000010001000110
1000110111111000111101011001110010000010010011000
1111010000000010011101111111101010001111111101000
1011100011000100011111101101100000000100000110100
1101110001010010110000000001111111010001110101011
1011111000000111011110010101101010010000101111000
1111110010010101111000100111111111111010101111101
1111110101111100111100110001110001000001101110110
1010100011111111011110101001111011101110110001111
1111010101111111010101011111100001011001011111101
1000001000011100010000110011100010110001111011101
1110111111110100111110010001111011001010101010000
1100000001011000011101011011101011100010110001001
1111100000100000111100010001100100101010000000010
1111111011110000011100110011111111000001100010001
1000000100011110011101111111111001011111010111011
1000001100111000111000111011110010001010000101000
1111111101110100111101111101101010011100000000001
1110001010101100011001000001101010001010000010100
1011010111110010110000110011100011011011110100100
1111010110000100011110011111101101011001000111111
1101000011001010011110110101110010011110000100010
1100001000111111111101110101100110010010100111001
1100001100010111110101111001110001110001000011001
~~~
10.0 28.0 10.0 44.0 170.0 
13.0 33.0 8.0 31.0 143.0 
11.0 25.0 13.0 33.0 225.0 
9.0 21.0 17.0 43.0 252.0 
10.0 24.0 13.0 42.0 218.0 
11.0 27.0 13.0 30.0 202.0 
12.0 29.0 7.0 47.0 180.0 
10.0 28.0 10.0 44.0 170.0 
10.0 25.0 11.0 61.0 199.0 
12.0 30.0 7.0 47.0 172.0 
11.0 20.0 17.0 34.0 268.0 
6.0 21.0 16.0 51.0 249.0 
10.0 18.0 20.0 41.0 289.0 
12.0 28.0 10.0 40.0 195.0 
0.0 28.0 12.0 44.0 203.0 
15.0 27.0 15.0 16.0 218.0 
7.0 20.0 15.0 61.0 261.0 
15.0 27.0 15.0 16.0 218.0 
13.0 33.0 8.0 31.0 143.0 
15.0 30.0 10.0 38.0 154.0 
13.0 33.0 8.0 31.0 143.0 
11.0 17.0 20.0 45.0 294.0 
8.0 20.0 13.0 55.0 255.0 
15.0 27.0 15.0 16.0 218.0 
12.0 28.0 10.0 40.0 195.0 
8.0 23.0 14.0 44.0 234.0 
10.0 26.0 14.0 30.0 212.0 
10.0 28.0 10.0 44.0 170.0 
10.0 25.0 13.0 39.0 214.0 
15.0 27.0 15.0 16.0 218.0 
8.0 20.0 13.0 55.0 255.0 
15.0 27.0 15.0 16.0 218.0 
12.0 30.0 7.0 47.0 172.0 
0.0 28.0 12.0 44.0 203.0 
7.0 21.0 13.0 52.0 234.0 
10.0 25.0 13.0 39.0 214.0 
8.0 22.0 12.0 52.0 224.0 
10.0 28.0 10.0 44.0 170.0 
7.0 21.0 13.0 52.0 234.0 
15.0 27.0 15.0 16.0 218.0 
11.0 29.0 10.0 38.0 180.0 
8.0 20.0 13.0 55.0 255.0 
15.0 27.0 15.0 16.0 218.0 
0.0 9.0 20.0 81.0 365.0 
0.0 19.0 20.0 39.0 268.0 
0.0 6.0 23.0 77.0 396.0 
8.0 19.0 21.0 34.0 287.0 
0.0 27.0 11.0 45.0 200.0 
5.0 20.0 17.0 51.0 245.0 
8.0 20.0 13.0 55.0 255.0 
6.0 21.0 16.0 51.0 249.0 
5.0 16.0 21.0 57.0 305.0 
10.0 18.0 20.0 41.0 289.0 
10.0 27.0 15.0 31.0 199.0 
8.0 22.0 12.0 52.0 224.0 
8.0 22.0 16.0 49.0 231.0 
13.0 24.0 18.0 26.0 243.0 
10.0 25.0 11.0 61.0 199.0 
11.0 27.0 13.0 30.0 202.0 
11.0 20.0 17.0 34.0 268.0 
11.0 27.0 13.0 30.0 202.0 
7.0 21.0 13.0 52.0 234.0 
10.0 27.0 15.0 31.0 199.0 
10.0 31.0 8.0 48.0 167.0 
12.0 31.0 9.0 31.0 168.0 
12.0 30.0 7.0 47.0 172.0 
10.0 27.0 15.0 31.0 199.0 
11.0 27.0 13.0 30.0 202.0 
12.0 16.0 15.0 71.0 301.0 
0.0 6.0 24.0 75.0 393.0 
12.0 16.0 23.0 38.0 308.0 
10.0 24.0 14.0 40.0 221.0 
8.0 20.0 13.0 55.0 255.0 
10.0 25.0 11.0 61.0 199.0 
15.0 27.0 15.0 16.0 218.0 
11.0 20.0 17.0 34.0 268.0 
10.0 26.0 13.0 38.0 217.0 
13.0 24.0 18.0 26.0 243.0 
11.0 27.0 13.0 30.0 202.0 
12.0 28.0 12.0 31.0 197.0 
10.0 18.0 20.0 41.0 289.0 
11.0 29.0 10.0 38.0 180.0 
14.0 28.0 12.0 23.0 208.0 
7.0 20.0 15.0 61.0 261.0 
0.0 17.0 18.0 56.0 290.0 
7.0 20.0 15.0 61.0 261.0 
7.0 21.0 13.0 52.0 234.0 
7.0 21.0 16.0 51.0 241.0 
12.0 31.0 9.0 31.0 168.0 
7.0 21.0 16.0 51.0 241.0 
15.0 27.0 15.0 16.0 218.0 
12.0 30.0 7.0 47.0 172.0 
11.0 27.0 13.0 30.0 202.0 
10.0 25.0 13.0 39.0 214.0 
11.0 29.0 10.0 38.0 180.0 
10.0 27.0 15.0 31.0 199.0 
12.0 31.0 9.0 31.0 168.0 
14.0 29.0 9.0 46.0 168.0 
0.0 26.0 13.0 45.0 210.0 
13.0 29.0 12.0 29.0 201.0 
0.0 45.0 2.0 9.0 40.0 
7.0 21.0 13.0 52.0 234.0 
10.0 28.0 10.0 44.0 170.0 
10.0 25.0 11.0 61.0 199.0 
11.0 27.0 13.0 30.0 202.0 
5.0 20.0 17.0 51.0 245.0 
15.0 28.0 13.0 25.0 187.0 
10.0 18.0 20.0 41.0 289.0 
0.0 45.0 2.0 9.0 40.0 
7.0 21.0 13.0 52.0 234.0 
14.0 28.0 12.0 23.0 208.0 
12.0 16.0 23.0 38.0 308.0 
0.0 22.0 12.0 54.0 244.0 
11.0 29.0 10.0 38.0 180.0 
5.0 16.0 21.0 57.0 305.0 
6.0 21.0 16.0 51.0 249.0 
9.0 30.0 9.0 38.0 166.0 
16.0 29.0 10.0 38.0 163.0 
15.0 27.0 15.0 16.0 218.0 
11.0 29.0 10.0 38.0 180.0 
8.0 22.0 12.0 52.0 224.0 
11.0 27.0 13.0 30.0 202.0 
11.0 25.0 13.0 33.0 225.0 
13.0 22.0 10.0 58.0 235.0 
10.0 27.0 15.0 31.0 199.0 
15.0 28.0 13.0 25.0 187.0 
6.0 21.0 16.0 51.0 249.0 
10.0 24.0 13.0 42.0 218.0 
12.0 16.0 23.0 38.0 308.0 
7.0 20.0 15.0 61.0 261.0 
8.0 23.0 14.0 44.0 234.0 
12.0 28.0 13.0 29.0 208.0 
12.0 30.0 7.0 47.0 172.0 
11.0 29.0 10.0 38.0 180.0 
7.0 21.0 13.0 52.0 234.0 
7.0 21.0 13.0 52.0 234.0 
13.0 33.0 8.0 31.0 143.0 
11.0 27.0 13.0 30.0 202.0 
12.0 28.0 10.0 40.0 195.0 
7.0 20.0 14.0 63.0 255.0 
0.0 4.0 24.0 81.0 410.0 
7.0 21.0 13.0 52.0 234.0 
15.0 27.0 15.0 16.0 218.0 
12.0 30.0 7.0 47.0 172.0 
11.0 27.0 13.0 30.0 202.0 
0.0 17.0 18.0 56.0 290.0 
12.0 28.0 10.0 41.0 187.0 
8.0 23.0 14.0 44.0 234.0 
10.0 18.0 20.0 41.0 289.0 
5.0 20.0 17.0 51.0 245.0 
10.0 31.0 8.0 48.0 167.0 
0.0 9.0 20.0 81.0 365.0 
10.0 28.0 10.0 44.0 170.0 
12.0 16.0 23.0 38.0 308.0 
15.0 28.0 13.0 25.0 187.0 
7.0 20.0 15.0 61.0 261.0 
10.0 25.0 11.0 61.0 199.0 
0.0 6.0 23.0 77.0 396.0 
13.0 33.0 8.0 31.0 143.0 
15.0 28.0 13.0 25.0 187.0 
8.0 22.0 12.0 52.0 224.0 
12.0 16.0 15.0 71.0 301.0 
13.0 24.0 18.0 26.0 243.0 
10.0 28.0 10.0 44.0 170.0 
15.0 27.0 15.0 16.0 218.0 
11.0 29.0 10.0 38.0 180.0 
7.0 34.0 7.0 26.0 137.0 
11.0 29.0 10.0 38.0 180.0 
10.0 24.0 14.0 33.0 231.0 
10.0 24.0 14.0 33.0 231.0 
10.0 31.0 8.0 48.0 167.0 
13.0 33.0 8.0 31.0 143.0 
7.0 21.0 13.0 52.0 234.0 
11.0 29.0 10.0 38.0 180.0 
0.0 45.0 2.0 9.0 40.0 
5.0 20.0 17.0 51.0 245.0 
0.0 28.0 12.0 44.0 203.0 
11.0 20.0 17.0 34.0 268.0 
0.0 45.0 2.0 9.0 40.0 
12.0 30.0 7.0 47.0 172.0 
8.0 20.0 13.0 55.0 255.0 
11.0 20.0 17.0 34.0 268.0 
7.0 21.0 13.0 52.0 234.0 
10.0 28.0 10.0 44.0 170.0 
7.0 21.0 13.0 52.0 234.0 
7.0 21.0 16.0 51.0 241.0 
10.0 25.0 11.0 61.0 199.0 
11.0 27.0 13.0 30.0 202.0 
13.0 29.0 12.0 29.0 201.0 
10.0 27.0 15.0 31.0 199.0 
10.0 25.0 13.0 39.0 214.0 
8.0 20.0 13.0 55.0 255.0 
15.0 27.0 15.0 16.0 218.0 
15.0 28.0 13.0 25.0 187.0 
15.0 28.0 13.0 25.0 187.0 
10.0 25.0 11.0 61.0 199.0 
7.0 21.0 16.0 51.0 241.0 
13.0 15.0 16.0 68.0 304.0 
15.0 28.0 13.0 25.0 187.0 
10.0 26.0 13.0 38.0 217.0 
15.0 27.0 15.0 16.0 218.0 
14.0 29.0 9.0 46.0 168.0 
9.0 30.0 9.0 38.0 166.0 
15.0 27.0 15.0 16.0 218.0 
10.0 27.0 15.0 31.0 199.0 
10.0 28.0 10.0 44.0 170.0 
15.0 27.0 15.0 16.0 218.0 
0.0 17.0 18.0 56.0 290.0 
12.0 30.0 7.0 47.0 172.0 
12.0 28.0 10.0 40.0 195.0 
13.0 33.0 8.0 31.0 143.0 
12.0 30.0 7.0 47.0 172.0 
8.0 20.0 13.0 55.0 255.0 
11.0 27.0 13.0 30.0 202.0 
7.0 21.0 13.0 52.0 234.0 
11.0 20.0 17.0 34.0 268.0 
10.0 24.0 13.0 42.0 218.0 
8.0 23.0 14.0 44.0 234.0 
0.0 6.0 23.0 77.0 396.0 
10.0 24.0 14.0 33.0 231.0 
12.0 16.0 23.0 38.0 308.0 
16.0 29.0 10.0 38.0 163.0 
12.0 16.0 15.0 71.0 301.0 
7.0 21.0 13.0 52.0 234.0 
11.0 29.0 10.0 38.0 180.0 
13.0 33.0 8.0 31.0 143.0 
8.0 20.0 13.0 55.0 255.0 
0.0 9.0 20.0 81.0 365.0 
12.0 28.0 10.0 40.0 195.0 
13.0 24.0 18.0 26.0 243.0 
7.0 20.0 15.0 61.0 261.0 
10.0 18.0 20.0 41.0 289.0 
10.0 19.0 19.0 40.0 278.0 
14.0 28.0 12.0 23.0 208.0 
12.0 30.0 7.0 47.0 172.0 
12.0 16.0 15.0 71.0 301.0 
0.0 45.0 2.0 9.0 40.0 
16.0 29.0 10.0 38.0 163.0 
10.0 18.0 20.0 41.0 289.0 
11.0 29.0 10.0 38.0 180.0 
8.0 20.0 13.0 55.0 255.0 
12.0 16.0 23.0 38.0 308.0 
11.0 27.0 13.0 30.0 202.0 
6.0 21.0 16.0 51.0 249.0 
8.0 22.0 12.0 52.0 224.0 
10.0 24.0 13.0 42.0 218.0 
5.0 16.0 21.0 57.0 305.0 
7.0 21.0 13.0 52.0 234.0 
16.0 29.0 10.0 38.0 163.0 
10.0 19.0 19.0 40.0 278.0 
14.0 28.0 12.0 23.0 208.0 
13.0 24.0 18.0 26.0 243.0 
0.0 28.0 12.0 44.0 203.0 
11.0 29.0 10.0 38.0 180.0 
10.0 31.0 8.0 48.0 167.0 
10.0 31.0 8.0 48.0 167.0 
12.0 28.0 10.0 40.0 195.0 
11.0 27.0 13.0 30.0 202.0 
13.0 29.0 12.0 29.0 201.0 
18.0 29.0 11.0 30.0 168.0 
12.0 31.0 9.0 31.0 168.0 
10.0 28.0 10.0 44.0 170.0 
16.0 29.0 10.0 38.0 163.0 
14.0 28.0 12.0 23.0 208.0 
5.0 16.0 21.0 57.0 305.0 
10.0 25.0 11.0 61.0 199.0 
15.0 27.0 15.0 16.0 218.0 
11.0 27.0 13.0 30.0 202.0 
7.0 20.0 15.0 61.0 261.0 
14.0 29.0 9.0 46.0 168.0 
13.0 33.0 8.0 31.0 143.0 
11.0 29.0 10.0 38.0 180.0 
11.0 25.0 13.0 33.0 225.0 
6.0 21.0 16.0 51.0 249.0 
15.0 28.0 13.0 25.0 187.0 
10.0 24.0 14.0 40.0 221.0 
10.0 24.0 13.0 42.0 218.0 
13.0 15.0 16.0 68.0 304.0 
11.0 20.0 17.0 34.0 268.0 
12.0 16.0 15.0 71.0 301.0 
12.0 16.0 23.0 38.0 308.0 
10.0 27.0 15.0 31.0 199.0 
8.0 20.0 13.0 55.0 255.0 
10.0 26.0 13.0 38.0 217.0 
10.0 31.0 8.0 48.0 167.0 
7.0 21.0 13.0 52.0 234.0 
10.0 18.0 20.0 41.0 289.0 
12.0 28.0 10.0 40.0 195.0 
5.0 20.0 17.0 51.0 245.0 
12.0 30.0 7.0 47.0 172.0 
10.0 22.0 15.0 44.0 229.0 
10.0 19.0 19.0 40.0 278.0 
10.0 25.0 13.0 39.0 214.0 
7.0 21.0 16.0 51.0 241.0 
13.0 24.0 18.0 26.0 243.0 
~~~
1.06
