1010100010001011011010000011110111111101110100000
1111001110110010011101111011101010010000111101101
1000010000010110011010110101100000100110011011011
1111111110111110011101111111111111111101111111010
1000010011000101111100101001110011000010101111000
1001111010000000010101110101101000010000111100000
1011010101000000011101000101101011011010001111001
1100000000111111010000000001111110000001100100000
1010011010000000010111110101101010111011100011001
1010011010000000010111110101101010111011100011001
1000110110101111111001100001111011110000110101001
1010011010001100010000110011110011010000010111110
1000110110101111111001100001111011110000110101001
1000010000010110011010110101100000100110011011011
1001110100111110011110111001111010111011110001001
1010001110010110010000110111111111111011110001001
1111010110111111011101111111111111111101111111001
1010011010001100010000110011110011010000010111110
1101100111110100011000000011100000100100110000000
1001111010000000010101110101101000010000111100000
1111111111000110010000001001111001100100110101010
1011000000010101111010110101111000111011110011101
1000010010001001010010110011111111000001110001001
1110111110110100111100110011100011101001100111111
1000010000010110011010110101100000100110011011011
1010001110010110010000110111111111111011110001001
1100001010011001010000000111111010011010101000100
1111011110110110110000000001111010111011100111100
1111010110111111011101111111111111111101111111001
1010001110010110010000110111111111111011110001001
1000010010001001010010110011111111000000111011010
1111010110111111011101111111111111111101111111001
1101100111110100011000000011100000100100110010010
1110010100111100010010010001111010011111100111101
1100011110000100011111111011101110000000000111000
1110101000111110110100111011101110000000000111000
1011010101000000011101000101101011011010001111001
1011100001010100010010111101100010011011111100110
1110010010111011111100111001111110101100110101100
1000010011000101111100101001110011000010101111000
1100011110000100011111111011101110000000000111000
1010001000111100111000111101101111000000110000010
1000110010101100111000110001101000111100100100010
1000010000010110011010110101100000100110011011011
1100001010011001010000000111111010011010101000100
1100111010100110011000111001100111000000100100100
1100011111111111011101111101111110100000000000000
1010001110010110010000110111111111111011110001001
1000010010001001010010110011111111000000111011010
1010001110010110010000110111111111111011110001001
1010001000111100111000111101101111000000110100010
1010101000001010011101010101111010101100000111010
1011000000010101111010110101111000111011110011101
1010001110010110010000110111111111111011110001001
1010101000001010011101010101111010101100000111010
1100011110000100011111111011101110000000000111000
1000110010101100111000110001101000111100100100010
1001110100111110011110111001111010111011110001001
1111011101000000110011000001111001100010100011010
1100001010011001010000000111111010011010101000100
1000010011000101111100101001110011000010101111000
1100001010011001010000000111111010011010101000100
1010011001000110110110110111111000000011110110010
1000010011000101111100101001110011000010101111000
1111111111000110010000001001111001100100110101010
1000110010101100111000110001101000111100100100010
1011000000010101111010110101111000111011110011101
1100011110000100011111111011101110000000000111000
1000110110101111111001100001111011110000110101001
1000010000010110011010110101100000100110011011011
1010001110010110010000110111111111111011110001001
1111111111000110010000001001111001100100110101010
1101100111110100011000000011100000100100110010010
1000010010001001010010110011111111000000111011010
1110010010111011111100111001111110101100110101100
1111111110110110111101111101111111111101110111100
1100011110000100011111111011101110000000000111000
1110010010111011111100111001111110101100110101100
1111001110110010011101111011101010010000111101101
1101100111110100011000000011100000100100110010010
1100011110000100011111111011101110000000000111000
1110010010111011111100111011111110101100110101100
1111111111111111111101111101111111111011110111100
1000010010001001010010110011111111000000111011010
1000110101110000010100110101100000000000111011101
1000010010000111011110011101110110000101111011010
1000010011000101111100101001110011000010101111000
1000110101110000010100110101100000000000111011101
1011000000010101111010110101111000111011110011101
1110010100000000110110000011110110000011101100011
1010001110010110010000110111111111111011110001001
1010101000001010011101010101111010101100000111010
1000010010001001010010110011111111000000111011010
1111110000101100010000110011110011010000010111110
1000000000000000010000000001100000000000000000000
1011010101000000011101000101101011011010001111001
1010011010000000010111110101101010111011100011001
1000010000010110011010110101100000100110011011011
1010011010000000010111110101101010111011100011001
1111111111111111111110111111111111111011111111001
1111011101000000110011000001111001100010100011010
1100001010011001010000000111111010011010101000100
1000110110101111111001100001111011110000110101001
1000010000010110011010110101100000100110011011011
1010011010000000010111110101101010111011100011001
1100011110000100011111111011101110000000000111000
1010101000001010011101010101111010101100000111010
1000110110101111111001100001111011110000110101001
1101100111110100011000000011100000100100110010010
1100011110000100011111111011101110000000000111000
1111011101000000110011000001111001100010100011010
1100111111011100110101011011111011010101111000001
1010011000101100010000110011110011010000010111110
1000010011000101111100101001110011000010101111000
1100001010011001010000000111111010011010101000100
1000000000000000010000000001100000000000000000000
1110010010111011111100111001111110101100110101100
1110101000111110110100111011101110000000000111000
1100111010100110011000111001100111000000100100100
1110111001100101011100110111111010011010101100100
1011111011011100010110000001111011011010101001000
1110000110011110110000111101110110010011110111011
1111100000110111010000000001111011011101100111010
1111100000110111010000000001111011011101100111010
1010100010001011011010000011110111111101110100000
1110111110110100111100110011100011101001100111111
1010101000001010011101010101111010101100000111010
1101100111110100011000000011100000100100110010010
1110111110110100111100110011100011101001100111111
1000110010101100111000110001101000111100100100010
1100011111111111011101111101111110100000000000000
1111110000101100010000110011110011010000010111110
1011111011011100010110000001111011011010101001000
1000010000010110011010110101100000100110011011011
1011111011011100010110000001111011011010101001000
1000010011000101111100101001110011000010101111000
1110010010111011111100111001111110101100110101100
1000010000010110011010110101100000100110011011011
1111011101000000110011000001111001100010100011010
1110000110011110110000111101110110010011110111011
1011000000010101111010110101111000111011110011101
1010011010001100010000110011110011010000010111110
1010011001000110110110110111111000000011110110010
1101000100100010110101111111110011000100010011010
1000110110101111111001100001111011110000110101001
1000110010101100111000110001101000111100100100010
1000010010001001010010110011111111000000111011010
1000010010001001010010110011101111000000111011010
1010001000111100111000111101101111000000110000010
1000110110101111111001100001111011110000110101001
1011111011011100010110000001111011011010101001000
1000110101110000010100110101100000000000111011101
1100011110000100011111111011101110000000000111000
1101010010111110010000110111100011111001000101111
1010001000111100111000111101101111000000110100010
1000010011000101111100101001110011000010101111000
1010101000001010011101010101111010101100000111010
1101100111010000110000111111111011001101101011000
1000010010000111011110011101110110000101110100000
1111110110111110011101111111111111111011111111010
1010101000001010011101010101111010101100000111010
1110111110110100111100110011100011101001100111111
1000000000000000010000000001100000000000000000000
1011101000001010011101010101111010101100000111010
1010011010000000010111110101101010111011100011001
1111111111111111111110111111111111111011111111001
1100111111011100110101011011111011010101111010001
1011010101000000011101000101101011011010001111001
1101010010111110010000110111100011111001000101111
1100011110000100011111111011101110000000000111000
1011000000010101111010110101111000111011110011101
1010011010000000010111110101101010111011100011001
1010001110010110010000110111111111111011110001001
1011111011011100010110000001111011011010101001000
1000110110101111111001100001111011110000110101001
1010001110010110010000110111111111111011110001001
1010001000111100111000111101101111000000110000010
1101100111010000110000111111111011001101101011000
1011100001010100010010111101100010011011111100110
1101100111110100011000000011100000100100110010010
1111010110111111011101111111111111111101111111001
1110101000111110110100111011101110000000000111000
1010011010001100010000110011110011010000010111110
1100111111011100110101011011111011010101111000001
1000000111001110011101100111101010110010010001010
1111100000110111010000000001111011011101100111010
1011100001010100010010111101100010011011111100110
1000110110101111111001100001111011110000110101001
1000010000010110011010110101100000100110011011011
1101010010111110010000110111100011111001000101111
1101100111110100011000000011100000100100110010010
1000010000010110011010110101100000100110011011011
1110000110011110110000111101110110010011110111011
1100001010011001010000000111111010011010101000100
1011011101000111111100010111111001000101110111100
1000010000010110011010110101100000100110011011011
1110010010111011111100111001111110101100110101100
1111011101000000110011000001111001100010100011010
1010101000001010011101010101111010101100000111010
1010100010001011011010000011110111111101110100000
1011111011011100010110000001111011011010101001000
1111011101000000110011000001111001100010100011010
1111110000101100010000110011110011010000010111110
1100011111111111011101111101111110100000000000000
1010011000101100010000110011110011010000010111110
1110000110011110110000111101110110010011110111011
1100011110000100011111111011101110000000000111000
1010001110010110010000110111111111111011110001001
1100001010011001010000000111111010011010101000100
1110010100000000110110000011110110000011101100011
1010101000001010011101010101111010101100000111010
1000000111001110011101100111101010110010010001010
1000010011000101111100101001110011000010101111000
1000110010101100111000110001101000111100100100010
1100011110000100011111111011101110000000000111000
1000010011000101111100101001110011000010101111000
1000110101110000010100110101100000000000111011101
1011000000010101111010110101111000111011110011101
1000010010001001010010110011111111000000111011010
1110000110011110110000111101110110010011110111011
1101100111110100011000000011100000100100110010010
1000110110101111111001100001111011110000110101001
1000010000010110011010110101100000100110011011011
1110010010111011111100111011111110101100110101100
1110000110011110110000111101110110010011110111011
1101010010111110010000110111100011111001000101111
1001110100111110011110111001111010111011110001001
1011111011011100010110000001111011011010101001000
1111111111000110010000001001111001100100110101010
1011010011010010010110100111111011011000011010000
1011010100010011010010010011111001001001100100100
1110111110110100111100110011100011101001100111111
1010101000001010011101010101111010101100000111010
1011000000010101111010110101111000111011110011101
1010011001000110110110110111111000000011110110010
1011011101000111111100010111111001000101110111100
1100110110100010111101110001111101111110110010100
1000110010101100111000110001101000111100100100010
1110000110011110110000111101110110010011110111011
1110010010111011111100111001111110101100110101100
1000000111001110011101100111101010110010010001010
1111011101000000110011000001111001100010100011010
1000010011000101111100101001110011000010101111000
1010011010000000010111110101101010111011100011001
1000010000010110011010110101100000100110011011011
1010100010001011011010000011110111111101110100000
1100001010011001010000000111111010011010101000100
1010001000111100111000111101101111000000110100010
1101100111110100011000000011100000100100110010010
1111111111001111011000001101101100001110100111101
1101000100100010110101111111110011000100010011010
1001111010000000010101110101101000010000111100000
1111110000101100010000110011110011010000010111110
1000110101110000010100110101100000000000111011101
1011100001010100010010111101100010011011111100110
1011001100111010011010000001100011000001110001010
1011010101000000011101000101101011011010001111001
1010001110010110010000110111111111111011110001001
1100111111011100110101011011111011010101111000001
1101100111010000110000111111111011001101101011000
1101010111010111110011001001100001011010110111111
1110010100000000110110000011110110000011101100011
1111001110110010011101111011101010010000111101101
1011111011011100010110000001111011011010101001000
1000110011111111111001111111111100101111101110101
1101101000111100010010010001111010011111100111101
1111111111000110010000001001111001100100110101010
1100111010100110011000111001100111000000100100100
1000110110101111111001100001111011110000110101001
1100111100111111110000001001101011000010011100000
1101010010111110010000110111100011111001000101111
1100011110000100011111111011101110000000000111000
1000010010001001010010110011111111000000111011010
~~~
15.0 24.0 8.0 65.0 222.0 
11.0 19.0 19.0 39.0 282.0 
13.0 27.0 15.0 32.0 204.0 
0.0 7.0 22.0 79.0 386.0 
17.0 26.0 11.0 34.0 203.0 
10.0 29.0 11.0 32.0 173.0 
9.0 25.0 13.0 38.0 207.0 
0.0 31.0 7.0 49.0 164.0 
8.0 24.0 13.0 53.0 208.0 
8.0 24.0 13.0 53.0 208.0 
11.0 21.0 12.0 53.0 260.0 
15.0 26.0 12.0 29.0 213.0 
11.0 21.0 12.0 53.0 260.0 
13.0 27.0 15.0 32.0 204.0 
6.0 18.0 17.0 57.0 278.0 
7.0 20.0 15.0 60.0 255.0 
0.0 8.0 22.0 78.0 373.0 
15.0 26.0 12.0 29.0 213.0 
10.0 30.0 10.0 38.0 182.0 
10.0 29.0 11.0 32.0 173.0 
5.0 23.0 12.0 51.0 253.0 
9.0 21.0 17.0 48.0 248.0 
7.0 27.0 10.0 45.0 192.0 
10.0 17.0 17.0 52.0 295.0 
13.0 27.0 15.0 32.0 204.0 
7.0 20.0 15.0 60.0 255.0 
10.0 28.0 9.0 49.0 192.0 
0.0 20.0 14.0 62.0 263.0 
0.0 8.0 22.0 78.0 373.0 
7.0 20.0 15.0 60.0 255.0 
7.0 26.0 11.0 45.0 215.0 
0.0 8.0 22.0 78.0 373.0 
12.0 28.0 12.0 38.0 206.0 
8.0 21.0 14.0 61.0 249.0 
8.0 25.0 14.0 37.0 226.0 
8.0 24.0 14.0 47.0 228.0 
9.0 25.0 13.0 38.0 207.0 
12.0 23.0 17.0 36.0 228.0 
10.0 18.0 13.0 78.0 286.0 
17.0 26.0 11.0 34.0 203.0 
8.0 25.0 14.0 37.0 226.0 
10.0 26.0 11.0 48.0 195.0 
12.0 27.0 8.0 59.0 195.0 
13.0 27.0 15.0 32.0 204.0 
10.0 28.0 9.0 49.0 192.0 
9.0 27.0 9.0 44.0 198.0 
0.0 21.0 14.0 57.0 261.0 
7.0 20.0 15.0 60.0 255.0 
7.0 26.0 11.0 45.0 215.0 
7.0 20.0 15.0 60.0 255.0 
10.0 25.0 11.0 50.0 205.0 
8.0 25.0 10.0 55.0 229.0 
9.0 21.0 17.0 48.0 248.0 
7.0 20.0 15.0 60.0 255.0 
8.0 25.0 10.0 55.0 229.0 
8.0 25.0 14.0 37.0 226.0 
12.0 27.0 8.0 59.0 195.0 
6.0 18.0 17.0 57.0 278.0 
9.0 26.0 12.0 43.0 217.0 
10.0 28.0 9.0 49.0 192.0 
17.0 26.0 11.0 34.0 203.0 
10.0 28.0 9.0 49.0 192.0 
12.0 23.0 16.0 38.0 221.0 
17.0 26.0 11.0 34.0 203.0 
5.0 23.0 12.0 51.0 253.0 
12.0 27.0 8.0 59.0 195.0 
9.0 21.0 17.0 48.0 248.0 
8.0 25.0 14.0 37.0 226.0 
11.0 21.0 12.0 53.0 260.0 
13.0 27.0 15.0 32.0 204.0 
7.0 20.0 15.0 60.0 255.0 
5.0 23.0 12.0 51.0 253.0 
12.0 28.0 12.0 38.0 206.0 
7.0 26.0 11.0 45.0 215.0 
10.0 18.0 13.0 78.0 286.0 
0.0 9.0 21.0 76.0 360.0 
8.0 25.0 14.0 37.0 226.0 
10.0 18.0 13.0 78.0 286.0 
11.0 19.0 19.0 39.0 282.0 
12.0 28.0 12.0 38.0 206.0 
8.0 25.0 14.0 37.0 226.0 
11.0 17.0 14.0 78.0 296.0 
0.0 6.0 22.0 81.0 387.0 
7.0 26.0 11.0 45.0 215.0 
11.0 28.0 15.0 25.0 193.0 
10.0 23.0 15.0 44.0 237.0 
17.0 26.0 11.0 34.0 203.0 
11.0 28.0 15.0 25.0 193.0 
9.0 21.0 17.0 48.0 248.0 
12.0 27.0 12.0 40.0 195.0 
7.0 20.0 15.0 60.0 255.0 
8.0 25.0 10.0 55.0 229.0 
7.0 26.0 11.0 45.0 215.0 
10.0 24.0 14.0 32.0 238.0 
0.0 45.0 2.0 9.0 40.0 
9.0 25.0 13.0 38.0 207.0 
8.0 24.0 13.0 53.0 208.0 
13.0 27.0 15.0 32.0 204.0 
8.0 24.0 13.0 53.0 208.0 
0.0 4.0 24.0 81.0 399.0 
9.0 26.0 12.0 43.0 217.0 
10.0 28.0 9.0 49.0 192.0 
11.0 21.0 12.0 53.0 260.0 
13.0 27.0 15.0 32.0 204.0 
8.0 24.0 13.0 53.0 208.0 
8.0 25.0 14.0 37.0 226.0 
8.0 25.0 10.0 55.0 229.0 
11.0 21.0 12.0 53.0 260.0 
12.0 28.0 12.0 38.0 206.0 
8.0 25.0 14.0 37.0 226.0 
9.0 26.0 12.0 43.0 217.0 
12.0 18.0 18.0 45.0 275.0 
14.0 26.0 12.0 34.0 210.0 
17.0 26.0 11.0 34.0 203.0 
10.0 28.0 9.0 49.0 192.0 
0.0 45.0 2.0 9.0 40.0 
10.0 18.0 13.0 78.0 286.0 
8.0 24.0 14.0 47.0 228.0 
9.0 27.0 9.0 44.0 198.0 
8.0 20.0 13.0 61.0 252.0 
13.0 23.0 11.0 52.0 217.0 
12.0 19.0 19.0 41.0 277.0 
0.0 23.0 12.0 57.0 239.0 
0.0 23.0 12.0 57.0 239.0 
15.0 24.0 8.0 65.0 222.0 
10.0 17.0 17.0 52.0 295.0 
8.0 25.0 10.0 55.0 229.0 
12.0 28.0 12.0 38.0 206.0 
10.0 17.0 17.0 52.0 295.0 
12.0 27.0 8.0 59.0 195.0 
0.0 21.0 14.0 57.0 261.0 
10.0 24.0 14.0 32.0 238.0 
13.0 23.0 11.0 52.0 217.0 
13.0 27.0 15.0 32.0 204.0 
13.0 23.0 11.0 52.0 217.0 
17.0 26.0 11.0 34.0 203.0 
10.0 18.0 13.0 78.0 286.0 
13.0 27.0 15.0 32.0 204.0 
9.0 26.0 12.0 43.0 217.0 
12.0 19.0 19.0 41.0 277.0 
9.0 21.0 17.0 48.0 248.0 
15.0 26.0 12.0 29.0 213.0 
12.0 23.0 16.0 38.0 221.0 
12.0 24.0 18.0 27.0 244.0 
11.0 21.0 12.0 53.0 260.0 
12.0 27.0 8.0 59.0 195.0 
7.0 26.0 11.0 45.0 215.0 
8.0 27.0 11.0 44.0 203.0 
10.0 26.0 11.0 48.0 195.0 
11.0 21.0 12.0 53.0 260.0 
13.0 23.0 11.0 52.0 217.0 
11.0 28.0 15.0 25.0 193.0 
8.0 25.0 14.0 37.0 226.0 
11.0 21.0 17.0 41.0 259.0 
10.0 25.0 11.0 50.0 205.0 
17.0 26.0 11.0 34.0 203.0 
8.0 25.0 10.0 55.0 229.0 
7.0 21.0 17.0 42.0 260.0 
9.0 26.0 11.0 46.0 199.0 
0.0 8.0 22.0 72.0 382.0 
8.0 25.0 10.0 55.0 229.0 
10.0 17.0 17.0 52.0 295.0 
0.0 45.0 2.0 9.0 40.0 
7.0 24.0 11.0 55.0 236.0 
8.0 24.0 13.0 53.0 208.0 
0.0 4.0 24.0 81.0 399.0 
13.0 17.0 19.0 45.0 285.0 
9.0 25.0 13.0 38.0 207.0 
11.0 21.0 17.0 41.0 259.0 
8.0 25.0 14.0 37.0 226.0 
9.0 21.0 17.0 48.0 248.0 
8.0 24.0 13.0 53.0 208.0 
7.0 20.0 15.0 60.0 255.0 
13.0 23.0 11.0 52.0 217.0 
11.0 21.0 12.0 53.0 260.0 
7.0 20.0 15.0 60.0 255.0 
10.0 26.0 11.0 48.0 195.0 
7.0 21.0 17.0 42.0 260.0 
12.0 23.0 17.0 36.0 228.0 
12.0 28.0 12.0 38.0 206.0 
0.0 8.0 22.0 78.0 373.0 
8.0 24.0 14.0 47.0 228.0 
15.0 26.0 12.0 29.0 213.0 
12.0 18.0 18.0 45.0 275.0 
12.0 25.0 15.0 34.0 228.0 
0.0 23.0 12.0 57.0 239.0 
12.0 23.0 17.0 36.0 228.0 
11.0 21.0 12.0 53.0 260.0 
13.0 27.0 15.0 32.0 204.0 
11.0 21.0 17.0 41.0 259.0 
12.0 28.0 12.0 38.0 206.0 
13.0 27.0 15.0 32.0 204.0 
12.0 19.0 19.0 41.0 277.0 
10.0 28.0 9.0 49.0 192.0 
9.0 19.0 17.0 46.0 266.0 
13.0 27.0 15.0 32.0 204.0 
10.0 18.0 13.0 78.0 286.0 
9.0 26.0 12.0 43.0 217.0 
8.0 25.0 10.0 55.0 229.0 
15.0 24.0 8.0 65.0 222.0 
13.0 23.0 11.0 52.0 217.0 
9.0 26.0 12.0 43.0 217.0 
10.0 24.0 14.0 32.0 238.0 
0.0 21.0 14.0 57.0 261.0 
14.0 26.0 12.0 34.0 210.0 
12.0 19.0 19.0 41.0 277.0 
8.0 25.0 14.0 37.0 226.0 
7.0 20.0 15.0 60.0 255.0 
10.0 28.0 9.0 49.0 192.0 
12.0 27.0 12.0 40.0 195.0 
8.0 25.0 10.0 55.0 229.0 
12.0 25.0 15.0 34.0 228.0 
17.0 26.0 11.0 34.0 203.0 
12.0 27.0 8.0 59.0 195.0 
8.0 25.0 14.0 37.0 226.0 
17.0 26.0 11.0 34.0 203.0 
11.0 28.0 15.0 25.0 193.0 
9.0 21.0 17.0 48.0 248.0 
7.0 26.0 11.0 45.0 215.0 
12.0 19.0 19.0 41.0 277.0 
12.0 28.0 12.0 38.0 206.0 
11.0 21.0 12.0 53.0 260.0 
13.0 27.0 15.0 32.0 204.0 
11.0 17.0 14.0 78.0 296.0 
12.0 19.0 19.0 41.0 277.0 
11.0 21.0 17.0 41.0 259.0 
6.0 18.0 17.0 57.0 278.0 
13.0 23.0 11.0 52.0 217.0 
5.0 23.0 12.0 51.0 253.0 
15.0 24.0 15.0 33.0 214.0 
13.0 27.0 11.0 41.0 205.0 
10.0 17.0 17.0 52.0 295.0 
8.0 25.0 10.0 55.0 229.0 
9.0 21.0 17.0 48.0 248.0 
12.0 23.0 16.0 38.0 221.0 
9.0 19.0 17.0 46.0 266.0 
10.0 19.0 14.0 69.0 276.0 
12.0 27.0 8.0 59.0 195.0 
12.0 19.0 19.0 41.0 277.0 
10.0 18.0 13.0 78.0 286.0 
12.0 25.0 15.0 34.0 228.0 
9.0 26.0 12.0 43.0 217.0 
17.0 26.0 11.0 34.0 203.0 
8.0 24.0 13.0 53.0 208.0 
13.0 27.0 15.0 32.0 204.0 
15.0 24.0 8.0 65.0 222.0 
10.0 28.0 9.0 49.0 192.0 
10.0 25.0 11.0 50.0 205.0 
12.0 28.0 12.0 38.0 206.0 
11.0 18.0 14.0 72.0 278.0 
12.0 24.0 18.0 27.0 244.0 
10.0 29.0 11.0 32.0 173.0 
10.0 24.0 14.0 32.0 238.0 
11.0 28.0 15.0 25.0 193.0 
12.0 23.0 17.0 36.0 228.0 
13.0 28.0 11.0 33.0 190.0 
9.0 25.0 13.0 38.0 207.0 
7.0 20.0 15.0 60.0 255.0 
12.0 18.0 18.0 45.0 275.0 
7.0 21.0 17.0 42.0 260.0 
13.0 19.0 20.0 37.0 283.0 
12.0 27.0 12.0 40.0 195.0 
11.0 19.0 19.0 39.0 282.0 
13.0 23.0 11.0 52.0 217.0 
15.0 13.0 18.0 79.0 320.0 
9.0 21.0 14.0 61.0 245.0 
5.0 23.0 12.0 51.0 253.0 
9.0 27.0 9.0 44.0 198.0 
11.0 21.0 12.0 53.0 260.0 
9.0 25.0 11.0 48.0 224.0 
11.0 21.0 17.0 41.0 259.0 
8.0 25.0 14.0 37.0 226.0 
7.0 26.0 11.0 45.0 215.0 
~~~
1.046
