1110111010111111010001010101111101111001110001010
1111100001001001011010110011111011101010101000000
1111100001001001011010110011111011101010101000000
1111011010001101011100111001100001000010010001010
1110010001010001110101001111100001000001110100010
1111010010111101111110111101101011100000111111011
1111010110110111011101111111111111111101111111010
1011100000000010111010100101111011011001010000100
1011011101010010111110101101110001010010101011011
1111100001001001011010110011111011101010101000000
1011100000000010111010100101111011011001010000100
1000010000101111111110000001110101011010100001001
1101000001100010110100111111111010010000101111001
1011100110000000111110000001111000001011010011110
1001010010111011010000000111100011000000010000001
1101000001100010110100111111111010010000101111001
1111110010111101011111010011111100010010110100001
1100000010011111010000000011100100000011101100101
1011011100001000010010011111111011011010000111110
1110111010111111010001010101111101111001110001010
1000010000101111111110000001110101011010100001001
1011100110000000111110000001111000001011010011110
1111010010011111010110011111110011011010000101001
1001010110110011111000000001111011101110000110010
1000010000101111111110000001110101011010100001001
1111110110000000011101111111111001000000000011001
1110010010010001111010000001111110101110100110000
1100000010011111010000000011100100000011101100101
1111100001001001011010110011111011101010101000000
1100011111110110010000000001111100111101110000000
1111010010011111010110011111110011011010000101001
1011100110000000111110000001111000001011010011110
1010111011011001010000010101111101001010100100000
1001010110110011111000000001111011101110000110010
1010010001111010111110000001111100100010000000000
1001010110110011111000000001111011101110000110010
1000010001111010111110000001111100100010000000000
1000010000101111111110000001110101011010100001001
1011100000000010111010100101111011011001010000100
1001010010111011010000000111100011000000010000001
1000001000111110111110001011100010000000100011001
1001010010111011010000000111100011000000010000001
1001010110110011111000000001111011101110000110010
1111010010100010010000011001100100010101100001001
1011011001000111010110010001110000000101010100000
1111110010111101011111010011111100010010110100001
1110101111000000111000111101101011100000111111011
1001010010111011010000000111100011000000010000001
1111110110111111111101111111111111111011111111010
1001100110100110111110000101111101010011100100000
1100010110000000010000110111111011000001111111001
1111011111101011111111010011111010011101000001101
1110010010010001111010000001111110101110100110000
1011100110000000111110000001111000001011010011110
1011011100001000010010011111111011011010000111110
1100001100111000111101110111111001100010111011001
1110010010010001111010000001111110101110100110000
1110110001111110010110111001111011100010000001011
1011100110000000111110000001111000001011010011110
1000001000111110111110001011100010000000100011001
1111010010011111010110011111110011011010000101001
1000010001111010111110000001111100100010000000000
1011011100001000010010011111111011011010000111110
1111110110000000011101111111111001000000000011001
1001100110100110111110000101111101010011100100000
1000000001000110010100100101111010000101100011010
1000001000110110111110001011100010000000100011001
1111011010001101011100111001100001000010010001010
1111010010100010010000011001100100010101100001001
1110111010111111010001010101111101111001110001010
1111100001001001011010110011111011101010101000000
1111100001001001011010110011111011101010101000000
1000000001000110010100100101111010000101100011010
1111110110000000011101111111111001000000000011001
1000010001111010111110000001111100100010000000000
1001010110110011111000000001111011101110000110010
1011100110000000111110000001111000001011010011110
1100000010011111010000000011100100000011101100101
1000010010001001010110110011110101000110100100001
1011011001000111010110010001110000000101010100000
1110111010111111010001010101111101111001110001010
1111110110000000011101111111111001000000000011001
1000001000110110111110001011100010000000100011001
1101000001100010110100111111111010010000101111001
1000010000101111111110000001110101011010100001001
1111111111111111111101111111111111111011111111001
1111011111110110111101111111111111111011111111010
1011111111011011011010011011111011000010000110001
1111011010001101011100111001100001000010010001010
1011001000001010010001011011111111000010111110000
1100000010011111010000000011100100000011101100101
1011100110000000111110000001111000001011010011110
1111010010100010010000011001100100010101100001001
1011011100001000010010011111111011011010000111110
1011100000000010111010100101111011011001010000100
1111100001001001011010110011111011101010101000000
1111110111000000010000111111111010000000000011010
1000001000110110111110001011100010000000100011001
1001100110100110111110000101111101010011100100000
1011110101000110111110110111101011011010111110100
1000000001000110010100100101110010011001100010010
1111010010011111010110011111110011011010000101001
1100010110000000010000110111111011000001111111001
1000001000110110111110001011100010000000100011001
1001010010111011010000000111100011000000010000001
1100010111000000011101110111111101011101100111001
1000000001000110010100100111101010110000110000001
1000000000000000010000000001100000000000000000000
1000010001111010111110000001111100100010000000000
1000000001000110010100100101111010000101100011010
1110111010111111010001010101111101111001110001010
1111111111111111111101111111111111111101111111001
1110101111000000111000111101101011100000111111011
1111100001001001011010110011111011101010101000000
1111010010011111010110011111110011011010000101001
1100010110000000010000110111111011000001111111001
1011001000001010010001011011111111000010111110000
1101100101000010111111110101110100010000010101101
1011100110000000111110000001111000001011010011110
1000000001000110010100100101111010000101100011010
1111100001001001011010110011111011101010101000000
1011110101000110111110110111101011011010111110100
1000001000110110111110001011100010000000100011001
1011100110000000111110000001111000001011010011110
1101100101000010111111110101110100010000010101101
1101100101000010111111110101110100010000010101101
1000010010001001010110110011110101000110100100001
1000010010001001010110110011110101000110100100001
1110010001010001110101001111100001000001110100010
1110110001111110010110111001111011100010000001011
1110101111000000111000111101101011100000111111011
1011000110111110111100010111111001100000101010000
1011100110000000111110000001111000001011010011110
1000001000110110111110001011100010000000100011001
1000010010001001010110110011110101000110100100001
1011111111011011011010011011111011000010000111101
1010111011011001010000010101111101001010100100000
1011100000000010111010100101111011011001010000100
1111110110111011111101111111111111111011111111010
1000010010001001010110110011110101000110100100001
1001010010111011010000000111100011000000010000001
1111110010111101011111010011111100010010110100001
1011000110111110111100010111111001100000101010000
1000000000000000010000000001100000000000000000000
1000001000110110111110001011100010000000100011001
1111010110110110111101110111100000000001101000000
1110110001111110010110111001111011100010000001011
1011011101010010111110101101110001010010101011011
1000001000111110111110001011100010000000100011001
1110111010111111010001010101111101111001110001010
1100011110000000011101110111100000011101111011001
1110101111001000111000111101101011100000111111011
1101100101000010111111110101110100010000010101101
1111111010010001111010000001111010101110100110000
1011111111011011011010011011111011000010000111101
1111100001001001011010110011111011101010101000000
1000000001000110010100100101111010000101100011010
1000000000000000010000000001100000000000000000000
1000001000110110111110001011100010000000100011001
1000010000101111111110000001110101011010100001001
1111010010011111010110011111110011011010000101001
1111010010011111010110011111110011011010000101001
1011100110000000111110000001111000001011010011110
1110010001010001110101001111100001000001110100010
1101100101000010111111110101110100010000010101101
1011011001000111010110010001110000000101010100000
1011000110111110111100010111111001100000101010000
1111010010011111010110011111110011011010000101001
1100010110000000010000110111111011000001111111001
1111100001001001011010110011111011101010101000000
1100000010011111010000000011100100000011101100101
1000010000101111111110000001110101011010100001001
1100001100111000111101110111111001100010111011001
1110110001111110010110111001111011100010000001011
1011011100001000010010011111111011011010000111110
1000010000101111111110000001110101011010100001001
1111010010100010010000011001100100010101100001001
1011100110000000111110000001111000001011010011110
1000001000111110111110001011100010000000100011001
1001100110100110111110000101111101010011100100000
1011011100001000010010011111111011011010000111110
1011011100001000010010011111111011011010000111110
1011001000001010010001011011111111000010111110000
1111100001001001011010110011111011101010101000000
1000001000110110111110001011100010000000100011001
1001100000111001010100000001110000101101001010001
1110111010111111010001010101111101111001110001010
1010110011000000111100110001100100001010101001010
1111011111101011111111010011111010011101000001101
1011110101000110111110110111101011011010111110100
1101100101000010111111110101110100010000010101101
1101011001000100110110000001111011100001110000011
1000010001111010111110000001111100100010000000000
1110101111000000111000111101101011100000111111011
1011001000001010010001011011111111000010111110000
1011011101010010111110101101110001010010101011011
1011011001000111010110010001110000000101010100000
1111011010001101011100111001100001000011010001010
1110111010111111010001010101111101111001110001010
1000000000000000010000000001100000000000000000000
1110111010111111010001010101111101111001110001010
1111110110111111111101111111111111111011111111010
1111011111110110111101111111111111111011111111010
1011011101010010111110101101110001010010101011011
1110010001010001110101001111100001000001110100010
1110111010111111010001010101111101111001110001010
1111110111000000010000111111111010000000000011010
1100010111000000011101110111111101011101100111001
1000010000101110111001100011100000011000111000100
1110010010010001111010000001111110101110100110000
1010110011000000111100110001100100001010101001010
1000000001000110010100100101111010000101100011010
1000000001000110010100100101111010000101100011010
1101100101000010111111110101110100010000010101101
1111100001001001011010110011111011101010101000000
1111110110000000011101111111111001000000000011001
1100000010011111010000000011100100000011101100101
1111100001001001011010110011111011101010101000000
1000000001000110010100100101111010000101100011010
1111100001001001011010110011111011101010101000000
1111011010001101011100111001100001000010010001010
1001010110110011111000000001111011101110000110010
1001010010111011010000000111100011000000010000001
1011111111011011011010011011111011000010000110001
1101011001000100110110000001111011100001110000011
1101011001000100110110000001111011100001110000011
1011100000000010111010100101111011011001010000100
1000010001111010111110000001111100100010000000000
1110101111001000111000111101101011100000111111011
1001010110110011111000000001111011101110000110010
1011110101000110111110110111101011011010111110100
1111010010100010010000011001100100010101100001001
1111010010011111010110011111110011011010000101001
1001010010111011010000000111100011000000010000001
1000010001111010111110000001111100100010000000000
1101000001100010110100111111111010010000101111001
1101011001000100110110000001111011100001110000011
1000010000101111111110000001110101011010100001001
1000001000110110111110001011100010000000100011001
1000010001111010111110000001111100100010000000000
1000001000110110111110001011100010000000100011001
1011100000000010111010100101111011011001010000100
1111110010111101011111010011111100010010110100001
1101100101000010111111110101110100010000010101101
1111010010100010010000011001100100010101100001001
1011001000001010010001011011111111000010111110000
1100001110000011110100000011110011010001101010010
1000010000101110111001100011100000011000111000100
1001100110100110111110000101111101010011100100000
1000010010001001010110110011110101000110100100001
1110111010111111010001010101111101111001110001010
1001010110110011111000000001111011101110000110010
1000100011101110011100000111110010001001100010010
1011110101000110111110110111101011011010111110100
1110110001111110010110111001111011100010000001011
1011100110000000111110000001111000001011010011110
1011000110111110111100010111111001100000101010000
1100000010011111010000000011100100000011101100101
1111010010011111010110011111110011011010000101001
1110101111001000111000111101101011100000111111011
1101011001000100110110000001111011100001110000011
1001010010111011010000000111100011000000010000001
1110010100110011011110111011101110101111101001001
1111011111101011111111010011111010011101000001101
1011011100001000010010011111111011011010000111110
1101000001100010110100111111111010010000101111001
1011011001000111010110010001110000000101010100000
1111100001001001011010110011111011101010101000000
1100001100111000111101110111111001100010111011001
1010111011011001010000010101111101001010100100000
1001100000111001010100000001110000101101001010001
1011011101010010111110101101110001010010101011011
1000010000101111111110000001110101011010100001001
1000000001000110010100100101111010000101100011010
1111011010001101011100111001100001000010010001010
1011111111011011011010011011111011000010000111101
1110010001010001110101001111100001000001110100010
~~~
6.0 18.0 14.0 71.0 288.0 
7.0 24.0 10.0 56.0 231.0 
7.0 24.0 10.0 56.0 231.0 
9.0 26.0 12.0 33.0 214.0 
13.0 27.0 14.0 27.0 200.0 
8.0 15.0 19.0 53.0 312.0 
0.0 9.0 22.0 75.0 372.0 
13.0 27.0 12.0 31.0 190.0 
16.0 20.0 19.0 30.0 253.0 
7.0 24.0 10.0 56.0 231.0 
13.0 27.0 12.0 31.0 190.0 
10.0 26.0 10.0 53.0 191.0 
10.0 23.0 18.0 32.0 235.0 
8.0 26.0 13.0 34.0 220.0 
13.0 31.0 9.0 30.0 156.0 
10.0 23.0 18.0 32.0 235.0 
9.0 19.0 14.0 60.0 265.0 
11.0 29.0 11.0 39.0 185.0 
9.0 22.0 14.0 46.0 250.0 
6.0 18.0 14.0 71.0 288.0 
10.0 26.0 10.0 53.0 191.0 
8.0 26.0 13.0 34.0 220.0 
11.0 20.0 16.0 42.0 262.0 
12.0 24.0 9.0 63.0 232.0 
10.0 26.0 10.0 53.0 191.0 
0.0 24.0 15.0 25.0 242.0 
12.0 25.0 7.0 74.0 211.0 
11.0 29.0 11.0 39.0 185.0 
7.0 24.0 10.0 56.0 231.0 
0.0 25.0 11.0 66.0 212.0 
11.0 20.0 16.0 42.0 262.0 
8.0 26.0 13.0 34.0 220.0 
11.0 26.0 6.0 65.0 195.0 
12.0 24.0 9.0 63.0 232.0 
9.0 29.0 8.0 52.0 170.0 
12.0 24.0 9.0 63.0 232.0 
7.0 30.0 8.0 49.0 163.0 
10.0 26.0 10.0 53.0 191.0 
13.0 27.0 12.0 31.0 190.0 
13.0 31.0 9.0 30.0 156.0 
9.0 28.0 13.0 30.0 182.0 
13.0 31.0 9.0 30.0 156.0 
12.0 24.0 9.0 63.0 232.0 
10.0 29.0 11.0 44.0 172.0 
13.0 29.0 11.0 35.0 169.0 
9.0 19.0 14.0 60.0 265.0 
10.0 20.0 16.0 42.0 278.0 
13.0 31.0 9.0 30.0 156.0 
0.0 6.0 23.0 77.0 399.0 
8.0 24.0 12.0 46.0 214.0 
0.0 25.0 14.0 30.0 227.0 
12.0 16.0 18.0 59.0 293.0 
12.0 25.0 7.0 74.0 211.0 
8.0 26.0 13.0 34.0 220.0 
9.0 22.0 14.0 46.0 250.0 
6.0 20.0 17.0 46.0 273.0 
12.0 25.0 7.0 74.0 211.0 
6.0 21.0 15.0 48.0 261.0 
8.0 26.0 13.0 34.0 220.0 
9.0 28.0 13.0 30.0 182.0 
11.0 20.0 16.0 42.0 262.0 
7.0 30.0 8.0 49.0 163.0 
9.0 22.0 14.0 46.0 250.0 
0.0 24.0 15.0 25.0 242.0 
8.0 24.0 12.0 46.0 214.0 
8.0 30.0 12.0 32.0 167.0 
9.0 29.0 13.0 27.0 173.0 
9.0 26.0 12.0 33.0 214.0 
10.0 29.0 11.0 44.0 172.0 
6.0 18.0 14.0 71.0 288.0 
7.0 24.0 10.0 56.0 231.0 
7.0 24.0 10.0 56.0 231.0 
8.0 30.0 12.0 32.0 167.0 
0.0 24.0 15.0 25.0 242.0 
7.0 30.0 8.0 49.0 163.0 
12.0 24.0 9.0 63.0 232.0 
8.0 26.0 13.0 34.0 220.0 
11.0 29.0 11.0 39.0 185.0 
13.0 28.0 8.0 51.0 176.0 
13.0 29.0 11.0 35.0 169.0 
6.0 18.0 14.0 71.0 288.0 
0.0 24.0 15.0 25.0 242.0 
9.0 29.0 13.0 27.0 173.0 
10.0 23.0 18.0 32.0 235.0 
10.0 26.0 10.0 53.0 191.0 
0.0 4.0 24.0 81.0 402.0 
0.0 7.0 24.0 71.0 379.0 
13.0 20.0 13.0 47.0 263.0 
9.0 26.0 12.0 33.0 214.0 
10.0 25.0 11.0 50.0 216.0 
11.0 29.0 11.0 39.0 185.0 
8.0 26.0 13.0 34.0 220.0 
10.0 29.0 11.0 44.0 172.0 
9.0 22.0 14.0 46.0 250.0 
13.0 27.0 12.0 31.0 190.0 
7.0 24.0 10.0 56.0 231.0 
0.0 26.0 14.0 28.0 227.0 
9.0 29.0 13.0 27.0 173.0 
8.0 24.0 12.0 46.0 214.0 
11.0 17.0 19.0 45.0 277.0 
12.0 31.0 12.0 25.0 154.0 
11.0 20.0 16.0 42.0 262.0 
0.0 25.0 14.0 30.0 227.0 
9.0 29.0 13.0 27.0 173.0 
13.0 31.0 9.0 30.0 156.0 
0.0 20.0 16.0 51.0 257.0 
12.0 31.0 12.0 30.0 153.0 
0.0 45.0 2.0 9.0 40.0 
7.0 30.0 8.0 49.0 163.0 
8.0 30.0 12.0 32.0 167.0 
6.0 18.0 14.0 71.0 288.0 
0.0 4.0 24.0 84.0 401.0 
10.0 20.0 16.0 42.0 278.0 
7.0 24.0 10.0 56.0 231.0 
11.0 20.0 16.0 42.0 262.0 
0.0 25.0 14.0 30.0 227.0 
10.0 25.0 11.0 50.0 216.0 
15.0 23.0 19.0 23.0 245.0 
8.0 26.0 13.0 34.0 220.0 
8.0 30.0 12.0 32.0 167.0 
7.0 24.0 10.0 56.0 231.0 
11.0 17.0 19.0 45.0 277.0 
9.0 29.0 13.0 27.0 173.0 
8.0 26.0 13.0 34.0 220.0 
15.0 23.0 19.0 23.0 245.0 
15.0 23.0 19.0 23.0 245.0 
13.0 28.0 8.0 51.0 176.0 
13.0 28.0 8.0 51.0 176.0 
13.0 27.0 14.0 27.0 200.0 
6.0 21.0 15.0 48.0 261.0 
10.0 20.0 16.0 42.0 278.0 
7.0 23.0 14.0 41.0 243.0 
8.0 26.0 13.0 34.0 220.0 
9.0 29.0 13.0 27.0 173.0 
13.0 28.0 8.0 51.0 176.0 
13.0 18.0 15.0 47.0 288.0 
11.0 26.0 6.0 65.0 195.0 
13.0 27.0 12.0 31.0 190.0 
3.0 7.0 22.0 77.0 391.0 
13.0 28.0 8.0 51.0 176.0 
13.0 31.0 9.0 30.0 156.0 
9.0 19.0 14.0 60.0 265.0 
7.0 23.0 14.0 41.0 243.0 
0.0 45.0 2.0 9.0 40.0 
9.0 29.0 13.0 27.0 173.0 
0.0 24.0 17.0 27.0 225.0 
6.0 21.0 15.0 48.0 261.0 
16.0 20.0 19.0 30.0 253.0 
9.0 28.0 13.0 30.0 182.0 
6.0 18.0 14.0 71.0 288.0 
0.0 23.0 17.0 37.0 233.0 
11.0 19.0 16.0 45.0 287.0 
15.0 23.0 19.0 23.0 245.0 
11.0 23.0 8.0 71.0 229.0 
13.0 18.0 15.0 47.0 288.0 
7.0 24.0 10.0 56.0 231.0 
8.0 30.0 12.0 32.0 167.0 
0.0 45.0 2.0 9.0 40.0 
9.0 29.0 13.0 27.0 173.0 
10.0 26.0 10.0 53.0 191.0 
11.0 20.0 16.0 42.0 262.0 
11.0 20.0 16.0 42.0 262.0 
8.0 26.0 13.0 34.0 220.0 
13.0 27.0 14.0 27.0 200.0 
15.0 23.0 19.0 23.0 245.0 
13.0 29.0 11.0 35.0 169.0 
7.0 23.0 14.0 41.0 243.0 
11.0 20.0 16.0 42.0 262.0 
0.0 25.0 14.0 30.0 227.0 
7.0 24.0 10.0 56.0 231.0 
11.0 29.0 11.0 39.0 185.0 
10.0 26.0 10.0 53.0 191.0 
6.0 20.0 17.0 46.0 273.0 
6.0 21.0 15.0 48.0 261.0 
9.0 22.0 14.0 46.0 250.0 
10.0 26.0 10.0 53.0 191.0 
10.0 29.0 11.0 44.0 172.0 
8.0 26.0 13.0 34.0 220.0 
9.0 28.0 13.0 30.0 182.0 
8.0 24.0 12.0 46.0 214.0 
9.0 22.0 14.0 46.0 250.0 
9.0 22.0 14.0 46.0 250.0 
10.0 25.0 11.0 50.0 216.0 
7.0 24.0 10.0 56.0 231.0 
9.0 29.0 13.0 27.0 173.0 
15.0 30.0 9.0 48.0 173.0 
6.0 18.0 14.0 71.0 288.0 
15.0 28.0 10.0 44.0 182.0 
12.0 16.0 18.0 59.0 293.0 
11.0 17.0 19.0 45.0 277.0 
15.0 23.0 19.0 23.0 245.0 
11.0 26.0 13.0 38.0 198.0 
7.0 30.0 8.0 49.0 163.0 
10.0 20.0 16.0 42.0 278.0 
10.0 25.0 11.0 50.0 216.0 
16.0 20.0 19.0 30.0 253.0 
13.0 29.0 11.0 35.0 169.0 
10.0 25.0 13.0 33.0 220.0 
6.0 18.0 14.0 71.0 288.0 
0.0 45.0 2.0 9.0 40.0 
6.0 18.0 14.0 71.0 288.0 
0.0 6.0 23.0 77.0 399.0 
0.0 7.0 24.0 71.0 379.0 
16.0 20.0 19.0 30.0 253.0 
13.0 27.0 14.0 27.0 200.0 
6.0 18.0 14.0 71.0 288.0 
0.0 26.0 14.0 28.0 227.0 
0.0 20.0 16.0 51.0 257.0 
13.0 29.0 12.0 33.0 176.0 
12.0 25.0 7.0 74.0 211.0 
15.0 28.0 10.0 44.0 182.0 
8.0 30.0 12.0 32.0 167.0 
8.0 30.0 12.0 32.0 167.0 
15.0 23.0 19.0 23.0 245.0 
7.0 24.0 10.0 56.0 231.0 
0.0 24.0 15.0 25.0 242.0 
11.0 29.0 11.0 39.0 185.0 
7.0 24.0 10.0 56.0 231.0 
8.0 30.0 12.0 32.0 167.0 
7.0 24.0 10.0 56.0 231.0 
9.0 26.0 12.0 33.0 214.0 
12.0 24.0 9.0 63.0 232.0 
13.0 31.0 9.0 30.0 156.0 
13.0 20.0 13.0 47.0 263.0 
11.0 26.0 13.0 38.0 198.0 
11.0 26.0 13.0 38.0 198.0 
13.0 27.0 12.0 31.0 190.0 
7.0 30.0 8.0 49.0 163.0 
11.0 19.0 16.0 45.0 287.0 
12.0 24.0 9.0 63.0 232.0 
11.0 17.0 19.0 45.0 277.0 
10.0 29.0 11.0 44.0 172.0 
11.0 20.0 16.0 42.0 262.0 
13.0 31.0 9.0 30.0 156.0 
7.0 30.0 8.0 49.0 163.0 
10.0 23.0 18.0 32.0 235.0 
11.0 26.0 13.0 38.0 198.0 
10.0 26.0 10.0 53.0 191.0 
9.0 29.0 13.0 27.0 173.0 
7.0 30.0 8.0 49.0 163.0 
9.0 29.0 13.0 27.0 173.0 
13.0 27.0 12.0 31.0 190.0 
9.0 19.0 14.0 60.0 265.0 
15.0 23.0 19.0 23.0 245.0 
10.0 29.0 11.0 44.0 172.0 
10.0 25.0 11.0 50.0 216.0 
14.0 27.0 13.0 28.0 209.0 
13.0 29.0 12.0 33.0 176.0 
8.0 24.0 12.0 46.0 214.0 
13.0 28.0 8.0 51.0 176.0 
6.0 18.0 14.0 71.0 288.0 
12.0 24.0 9.0 63.0 232.0 
15.0 27.0 11.0 37.0 197.0 
11.0 17.0 19.0 45.0 277.0 
6.0 21.0 15.0 48.0 261.0 
8.0 26.0 13.0 34.0 220.0 
7.0 23.0 14.0 41.0 243.0 
11.0 29.0 11.0 39.0 185.0 
11.0 20.0 16.0 42.0 262.0 
11.0 19.0 16.0 45.0 287.0 
11.0 26.0 13.0 38.0 198.0 
13.0 31.0 9.0 30.0 156.0 
9.0 18.0 16.0 76.0 279.0 
12.0 16.0 18.0 59.0 293.0 
9.0 22.0 14.0 46.0 250.0 
10.0 23.0 18.0 32.0 235.0 
13.0 29.0 11.0 35.0 169.0 
7.0 24.0 10.0 56.0 231.0 
6.0 20.0 17.0 46.0 273.0 
11.0 26.0 6.0 65.0 195.0 
15.0 30.0 9.0 48.0 173.0 
16.0 20.0 19.0 30.0 253.0 
10.0 26.0 10.0 53.0 191.0 
8.0 30.0 12.0 32.0 167.0 
9.0 26.0 12.0 33.0 214.0 
13.0 18.0 15.0 47.0 288.0 
13.0 27.0 14.0 27.0 200.0 
~~~
1.075
