1011011101001101110111011011111011101011110111001
1110011001011111011110010011111011001011001000010
1110000111101110010000000001101001010001110001011
1011000111000100011111110101111100011111101111010
1010000101000001010001000011110001110000000010111
1011010001111000011110101101100001000010100100100
1111111111111111111110111101111111111011110111100
1011000011100111010000000001101100000001110011010
1111111110001001010011000011101101111010101011001
1001001011010010011110000101101000100001000000010
1101010111110100111101111001101101011000111011010
1110011001011111011110010011111011001011001000010
1001001001000010011010111011101001010001010000011
1100011000110000110001110101101010010001001110001
1000001011000100110000000101100010111010000111001
1100010110110110111101110111100000011011110011010
1000000000000000010000000001100000000000000000000
1111000000110110010000110011100000000001111111010
1111111110000000010000000001111001011101110011010
1100011000110000110001110101101010010001001110001
1110101011100000011101011011111011100011001100000
1000101000001101110100000101101000000101000100000
1000100010111100111101110101100110001011110001001
1011000111000100011111110101111100011111101111010
1100011000110000110001110101101010010001001110001
1010000101000001010001000011110001110000000010111
1010101010101000111001010011101001101100101100000
1111101111101101011001110101111010011110001011100
1000010000101110011100011011110101001101101110000
1100010110110110111101110111100000011011110011010
1011010001111000011110101101100001000010100100100
1111111110000000010000000001111001011101110000000
1100000001100000010011000101101001110000000000000
1011010001111000011110101101100001000010100100100
1011000001100111010000000001101100000001110111110
1011010001111000011110101101100001000010100100100
1000001011000100110000000101100010111010000111001
1111010110000000010000110111100000011101101111001
1001001001000010011010111011101001010001010000011
1111111110000100010101010111111011010010101110001
1111111110001001010011000011101101111010101011001
1100010110110110111101110111100000011011110011010
1111111110001001010011000011101101111010101011001
1100010111110100111010111001111011101000110110000
1111101111101101011001110101111010011110001011100
1100011000110000110001110101101010010001001110001
1111111110000100010101010111111011010010101110001
1001000111010001011110110111100000000101000100000
1000000000000000010000000001100000000000000000000
1110010010111100011111011101110011010000100101000
1000100000001001010000001101100110100001011001100
1100011000110000110001110101101010010001001110001
1110010010111100011111011101110011010000100101000
1010100101010111011010000001111011001000000011000
1010000101000001010001000011110001110000000010111
1010100101010111011010000001111011001000000011000
1001000111010001011110110111100000000101000100000
1000001011000100110000000101100010111010000111001
1001001001000010011010111011101001010001010000011
1011010001111000011110101101100001000010100100100
1010100101010111011010000001111011001000000011000
1100010110110110111101110111100000011011110011010
1010000101000001010001000011110001110000000010111
1111101110100110010000110011100000000001111111010
1000100010111100111101110101100111001011110001001
1011000111000100011111110101111100011111101111010
1001110010000010011101001101100010100000000100100
1110010010111100011111011101110011010000100101000
1000011000000011010001111101111011000001110001001
1111011110011000011110110101111110100111010100100
1001001011010010011110000101101000100001100000010
1100011000100110011010010111101111100001010010001
1000000000000000010000000001100000000000000000000
1000000000000000010000000001100000000000000000000
1001001011010010011110000101101000100001000000010
1000010000101110011100011011110101001101101110000
1011111010101100011100000101100011011100100110101
1011111010101100011100000101100011011100100110101
1001001001000010011010111011101001010001010000011
1000110100000111011110011001111010011110111100010
1010100101010111011010000001111011001000000011000
1100101111001110111111111111110101010101111101101
1111000000110110010000110011100000000001111111010
1001110010000010011101101101100010100000000100100
1000101000001101110100000101101000100001000000000
1111101110101111010101111011101100011101110100011
1100011000110000110001110101101010010001001110001
1111111110000000010000000001111001011101110000000
1010000101000001010001000011110001110000000010111
1100011000100110011010010111101111100001010010001
1001001001000010011010111011101001010001010000011
1000000000000000010000000001100000000000000000000
1001100101011110011010110001111000010000111111111
1100110101101000011101110101111001010000101001000
1100011000110000110001110101101010010001001110001
1100010111110100111101111001101101011000111011010
1011000001100111010000000001101110011000100100000
1000000000000000010000000001100000000000000000000
1000100000001001010000001101100110100001011001100
1100001000001110111101101001100010011000100100000
1000100010111100111101110101100111001011110001001
1100101111001110111111111111110101010101111101101
1000100000001001010000001101100110100001011001100
1000101000001101110100000101101000100001000000010
1100010111110110011110000001111111111011100111010
1111010110000000010000110111100000011101101111001
1111111110001001010011000011101101111010101011001
1011000111111000011101010111111010100001110111011
1111011110111111011101111111111001111100000011001
1000001011000100110000000101100010111010000111001
1010100101010111011010000001111011001000000011000
1100010111110110011110000001111111111011100111010
1001110010000010011101001101100010100000000100100
1100000111100110011101001101111100001001110100100
1010100101101000011101110101111001010000101001000
1111110000010000011010111111100111111010101100010
1100010110110110111101110111100000011011110011010
1011000111111000011101010111111010100001110111011
1011000111000100011111110101111100011111101111010
1001001001000010011010111011101001010001010000011
1001001001000010011010111011101001010001010000011
1001001001000010011010111011101001010001010000011
1011111010101100011100000101100011011100100110101
1111010110000000010000110111100000011101101111001
1100101111001110111111111111110101010101111101101
1001001001000010011010111011101001010001010000011
1001000111010001011110110111100000000101000100000
1000100000001001010000001101100110100001011001100
1000110100000111011110011001111010011110111100010
1100011000110000110001110101101010010001001110001
1011111010101100011100000101100011011100100110101
1111010110000000010000110111100000011101101111101
1011111110111110110001000001111001101000000101011
1000111001011000010001110011111101101100100111000
1010100101010111011010000001111011001000000011000
1001001001000010011010111011101001010001010000011
1111111110001001010011000011101101111010101011001
1000000000000000010000000001100000000000000000000
1000001011000100110000000101100010111010000111001
1000100000001001010000001101100110100001011001100
1100101100001000010110111001100011000101000101001
1111010110000000010000110111100000011101101111001
1000100010111100111101110101100111001011110001001
1111101110101111010101111011101100011101110100011
1000101000001101110100000101101000100001000000010
1111111110000000010000000001111001011101100000000
1100011000110000110001110101101010010001001110001
1100011000110000110001110101101010010001001110001
1110101011100000011101011011111011100011001100000
1000100010111100111101110101100111001011110001001
1111111111111111111101111111111111111011111111001
1110010010111100011111011101110011010000100101000
1011111010101100011100000101100011011100100110101
1100000001100000010011000101101001110000000000000
1000000101010000011110011001111010011110111100010
1000000000000000010000000001100000000000000000000
1001001011010010011110000101101000100001000000010
1000100010111100111101110101100111001011110001001
1100011000110000110001110101101010010001001110001
1100101111001110111111111111110101010101111101101
1011111010101100011100000101100011011101100110101
1000001011000100110000000101100010111010000111001
1000100000001001010000001101100110100001011001100
1111101111101101011001110101111010011110001011100
1000000000000000010000000001100000000000000000000
1100000111100110011101001101111100001001110100100
1011010001111000011110101101100001000010100100100
1100010110110110111101110111100000011011110011010
1100000111100110011101001101111100001001110100100
1011000111000100011111110101111100011111101111010
1100000001100000010011000101101001110000000000000
1111011110011000011110110101111110100111010100100
1111000000110110010000110011100000000001111111010
1001100101011110011010110001111000010000111111111
1110010010111100011111011101110011010000100101000
1010100101101000011101110101111001010000101001000
1000100000001001010000001101100110100001011001100
1000000000000000010000000001100000000000000000000
1000001011000100110000000101100010111010000111001
1111111111111111111101111111111111111011111111001
1001001011010010011110000101101000100001000000010
1011000111000100011111110101111100011111101111010
1111011110011000011110110101111110100111010100100
1000110100000111011110011001111010011110111100010
1100011000100110011010010111101111100001010010001
1011000111111000011101010111111010100001110111011
1010100101010111011010000001111011001000000011000
1000100010111100111101110101100111001011110001001
1000001011000100110000000101100010111010000111001
1000100010111100111101110101100111001011110001001
1000111001011000010001110011111101101100100111000
1000110100000111011110011001111010011110111100010
1100010111110110011110000001111111111011100111010
1000110100000111011110011001111010011110111100010
1111010110000000010000110111100000011101101111001
1011000111000100011111110101111100011111101111010
1111111110001001010011000011101101111010101011001
1010100101101000011101110101111001010000101001000
1011010001111000011110101101100001000010100100100
1100011000110000110001110101101010010001001110001
1001001001000010011010111011101001010001010000011
1111111110000000010000000001111001011101110000000
1001001001000010011010111011101001010001010000011
1100110101101000011101110101111001010000101001000
1100101111001110111111111111110101010101111101101
1001110010000010011101001101100010100000000100100
1011111010101100011100000101100011011100100110101
1010100101101000011101110101111001010000101001000
1010100101010111011010000001111011001000000011000
1000100010111100111101110101100111001011110001001
1110000111101110010000000001101001010001110001011
1001000111010001011110110111100000000101000100000
1011111010101100011100000101100011011100100110101
1010100001010111011010000001111011001000000011000
1110101000001110111101101001100010011000100100000
1111111110000100010101010111111011010010101110001
1111101110101111010101111011101100011101110100011
1010100101010111011010000001111011001000000011000
1100101111001110111111111111110101010101111101101
1001001001000010011010111011101001010001010000011
1000000000000000010000000001100000000000000000000
1010100101101000011101110101111001010000101001000
1010101010101000111001010011101001101100101100000
1111101110101111010101111011101100011101110100011
1111110000010000011010111111100111111010101100010
1000101000001101110100000101101000100001000000010
1000001011000100110000000101100010111010000111001
1000100000001001010000001101100110100001011001100
1011111110111110110001000001111001101000000101011
1110101000001110111101101001100010011000100100000
1011111110111110110001000001111001101000000101011
1100011000110000110001110101101010010001001110001
1000101000001101110100000101101000100001000000010
1110000111101110010000000001101001010001110001011
1000011001011100010001110011111101101100100111000
1110010010111100011111011101110011010000100101000
1001110010000010011101001101100010100000000100100
1100000001100000010011000101101001110000000000000
1001100101011110011010110001111000010000111111111
1001000111010001011110110111100000000101000100000
1100010111110100111101111001101101011000111011010
1011111010101100011100000101100011011100100110101
1100101100001000010110111001100011000101000101001
1000001011000100110000000101100010111010000111001
1000100010111100111101110101100111001011110001001
1100101111001110111111111111110101010101111101101
1000100000001001010000001101100110100001011001100
1110011001011111011110010011111011001011001000010
1011010001111000011110101101100001000010100100100
1011111110111110110001000001111001101000000101011
1011000111000100011111110101111100011111101111010
1111101110101111010101111011101100011101110100011
1100011000100110011010010111101111100001010010001
1001001001000010011010111011101001010001010000011
1111101111101101011001110101111010011110001011100
1100011000110000110001110101101010010001001110001
1110000111101110010000000001101001010001110001011
1010100101101000011101110101111001010000101001000
1001000110010001111100111111111101100001111011111
1111110000010000011010111111100111111010101100010
1011011101001101110111011011111011101011110111001
1010000101000001010001000011110001110000000010111
1111111110000100010101010111111011010010101110001
1111011110011000011110110101111110100111010100100
1100000111100110011101001101111100001001110100100
1110111110101100110101000111101001111100100000001
1000010000101110011100011011110101001101101110000
1011000111111000011101010111111010100001110111011
1110101000001110111101101001100010011000100100000
1110101011100000011101011011111011100011001100000
1110010010111100011111011101110011010000100101000
1000101000001101110100000101101000100001000000010
1111111110001001010011000011101101111010101011001
1010100101010111011010000001111011001000000011000
1000110100000111011110011001111010011110111100010
1110111011010010111010010111111011111001101011111
~~~
12.0 15.0 18.0 63.0 302.0 
10.0 21.0 14.0 49.0 251.0 
8.0 27.0 13.0 33.0 206.0 
7.0 18.0 18.0 56.0 274.0 
18.0 31.0 11.0 25.0 182.0 
13.0 27.0 11.0 36.0 182.0 
0.0 6.0 22.0 81.0 384.0 
7.0 29.0 11.0 44.0 180.0 
9.0 20.0 13.0 69.0 266.0 
12.0 31.0 11.0 27.0 162.0 
8.0 18.0 20.0 46.0 285.0 
10.0 21.0 14.0 49.0 251.0 
15.0 28.0 15.0 19.0 185.0 
11.0 27.0 14.0 33.0 187.0 
12.0 30.0 10.0 38.0 161.0 
0.0 20.0 20.0 36.0 267.0 
0.0 45.0 2.0 9.0 40.0 
0.0 27.0 16.0 25.0 212.0 
0.0 25.0 11.0 49.0 222.0 
11.0 27.0 14.0 33.0 187.0 
12.0 23.0 11.0 49.0 243.0 
15.0 33.0 7.0 39.0 134.0 
9.0 23.0 14.0 50.0 218.0 
7.0 18.0 18.0 56.0 274.0 
11.0 27.0 14.0 33.0 187.0 
18.0 31.0 11.0 25.0 182.0 
15.0 26.0 7.0 63.0 207.0 
9.0 17.0 16.0 63.0 294.0 
10.0 25.0 11.0 53.0 210.0 
0.0 20.0 20.0 36.0 267.0 
13.0 27.0 11.0 36.0 182.0 
0.0 28.0 8.0 49.0 185.0 
11.0 35.0 8.0 28.0 131.0 
13.0 27.0 11.0 36.0 182.0 
7.0 28.0 12.0 45.0 192.0 
13.0 27.0 11.0 36.0 182.0 
12.0 30.0 10.0 38.0 161.0 
0.0 25.0 15.0 38.0 215.0 
15.0 28.0 15.0 19.0 185.0 
9.0 20.0 15.0 44.0 259.0 
9.0 20.0 13.0 69.0 266.0 
0.0 20.0 20.0 36.0 267.0 
9.0 20.0 13.0 69.0 266.0 
8.0 21.0 14.0 50.0 261.0 
9.0 17.0 16.0 63.0 294.0 
11.0 27.0 14.0 33.0 187.0 
9.0 20.0 15.0 44.0 259.0 
9.0 29.0 13.0 25.0 178.0 
0.0 45.0 2.0 9.0 40.0 
13.0 23.0 13.0 36.0 236.0 
13.0 32.0 9.0 38.0 167.0 
11.0 27.0 14.0 33.0 187.0 
13.0 23.0 13.0 36.0 236.0 
12.0 28.0 10.0 36.0 201.0 
18.0 31.0 11.0 25.0 182.0 
12.0 28.0 10.0 36.0 201.0 
9.0 29.0 13.0 25.0 178.0 
12.0 30.0 10.0 38.0 161.0 
15.0 28.0 15.0 19.0 185.0 
13.0 27.0 11.0 36.0 182.0 
12.0 28.0 10.0 36.0 201.0 
0.0 20.0 20.0 36.0 267.0 
18.0 31.0 11.0 25.0 182.0 
3.0 24.0 16.0 32.0 244.0 
10.0 22.0 14.0 50.0 226.0 
7.0 18.0 18.0 56.0 274.0 
11.0 31.0 9.0 27.0 172.0 
13.0 23.0 13.0 36.0 236.0 
5.0 27.0 12.0 36.0 196.0 
9.0 19.0 14.0 64.0 266.0 
12.0 30.0 11.0 32.0 168.0 
10.0 25.0 13.0 47.0 210.0 
0.0 45.0 2.0 9.0 40.0 
0.0 45.0 2.0 9.0 40.0 
12.0 31.0 11.0 27.0 162.0 
10.0 25.0 11.0 53.0 210.0 
15.0 23.0 10.0 56.0 209.0 
15.0 23.0 10.0 56.0 209.0 
15.0 28.0 15.0 19.0 185.0 
9.0 22.0 13.0 56.0 251.0 
12.0 28.0 10.0 36.0 201.0 
16.0 13.0 23.0 44.0 328.0 
0.0 27.0 16.0 25.0 212.0 
12.0 30.0 10.0 27.0 179.0 
12.0 34.0 7.0 36.0 133.0 
9.0 16.0 18.0 70.0 299.0 
11.0 27.0 14.0 33.0 187.0 
0.0 28.0 8.0 49.0 185.0 
18.0 31.0 11.0 25.0 182.0 
10.0 25.0 13.0 47.0 210.0 
15.0 28.0 15.0 19.0 185.0 
0.0 45.0 2.0 9.0 40.0 
16.0 21.0 19.0 28.0 270.0 
9.0 25.0 13.0 35.0 225.0 
11.0 27.0 14.0 33.0 187.0 
7.0 19.0 19.0 46.0 278.0 
8.0 31.0 7.0 55.0 147.0 
0.0 45.0 2.0 9.0 40.0 
13.0 32.0 9.0 38.0 167.0 
11.0 29.0 11.0 33.0 176.0 
10.0 22.0 14.0 50.0 226.0 
16.0 13.0 23.0 44.0 328.0 
13.0 32.0 9.0 38.0 167.0 
13.0 33.0 8.0 36.0 147.0 
0.0 18.0 15.0 64.0 283.0 
0.0 25.0 15.0 38.0 215.0 
9.0 20.0 13.0 69.0 266.0 
6.0 19.0 17.0 46.0 281.0 
0.0 14.0 19.0 63.0 324.0 
12.0 30.0 10.0 38.0 161.0 
12.0 28.0 10.0 36.0 201.0 
0.0 18.0 15.0 64.0 283.0 
11.0 31.0 9.0 27.0 172.0 
7.0 24.0 14.0 46.0 236.0 
12.0 26.0 12.0 35.0 212.0 
9.0 21.0 14.0 55.0 252.0 
0.0 20.0 20.0 36.0 267.0 
6.0 19.0 17.0 46.0 281.0 
7.0 18.0 18.0 56.0 274.0 
15.0 28.0 15.0 19.0 185.0 
15.0 28.0 15.0 19.0 185.0 
15.0 28.0 15.0 19.0 185.0 
15.0 23.0 10.0 56.0 209.0 
0.0 25.0 15.0 38.0 215.0 
16.0 13.0 23.0 44.0 328.0 
15.0 28.0 15.0 19.0 185.0 
9.0 29.0 13.0 25.0 178.0 
13.0 32.0 9.0 38.0 167.0 
9.0 22.0 13.0 56.0 251.0 
11.0 27.0 14.0 33.0 187.0 
15.0 23.0 10.0 56.0 209.0 
2.0 24.0 16.0 38.0 227.0 
10.0 22.0 12.0 54.0 255.0 
10.0 24.0 10.0 66.0 224.0 
12.0 28.0 10.0 36.0 201.0 
15.0 28.0 15.0 19.0 185.0 
9.0 20.0 13.0 69.0 266.0 
0.0 45.0 2.0 9.0 40.0 
12.0 30.0 10.0 38.0 161.0 
13.0 32.0 9.0 38.0 167.0 
13.0 28.0 12.0 31.0 194.0 
0.0 25.0 15.0 38.0 215.0 
10.0 22.0 14.0 50.0 226.0 
9.0 16.0 18.0 70.0 299.0 
13.0 33.0 8.0 36.0 147.0 
1.0 29.0 7.0 49.0 175.0 
11.0 27.0 14.0 33.0 187.0 
11.0 27.0 14.0 33.0 187.0 
12.0 23.0 11.0 49.0 243.0 
10.0 22.0 14.0 50.0 226.0 
0.0 4.0 24.0 81.0 402.0 
13.0 23.0 13.0 36.0 236.0 
15.0 23.0 10.0 56.0 209.0 
11.0 35.0 8.0 28.0 131.0 
8.0 25.0 13.0 46.0 220.0 
0.0 45.0 2.0 9.0 40.0 
12.0 31.0 11.0 27.0 162.0 
10.0 22.0 14.0 50.0 226.0 
11.0 27.0 14.0 33.0 187.0 
16.0 13.0 23.0 44.0 328.0 
14.0 22.0 11.0 56.0 215.0 
12.0 30.0 10.0 38.0 161.0 
13.0 32.0 9.0 38.0 167.0 
9.0 17.0 16.0 63.0 294.0 
0.0 45.0 2.0 9.0 40.0 
7.0 24.0 14.0 46.0 236.0 
13.0 27.0 11.0 36.0 182.0 
0.0 20.0 20.0 36.0 267.0 
7.0 24.0 14.0 46.0 236.0 
7.0 18.0 18.0 56.0 274.0 
11.0 35.0 8.0 28.0 131.0 
9.0 19.0 14.0 64.0 266.0 
0.0 27.0 16.0 25.0 212.0 
16.0 21.0 19.0 28.0 270.0 
13.0 23.0 13.0 36.0 236.0 
12.0 26.0 12.0 35.0 212.0 
13.0 32.0 9.0 38.0 167.0 
0.0 45.0 2.0 9.0 40.0 
12.0 30.0 10.0 38.0 161.0 
0.0 4.0 24.0 81.0 402.0 
12.0 31.0 11.0 27.0 162.0 
7.0 18.0 18.0 56.0 274.0 
9.0 19.0 14.0 64.0 266.0 
9.0 22.0 13.0 56.0 251.0 
10.0 25.0 13.0 47.0 210.0 
6.0 19.0 17.0 46.0 281.0 
12.0 28.0 10.0 36.0 201.0 
10.0 22.0 14.0 50.0 226.0 
12.0 30.0 10.0 38.0 161.0 
10.0 22.0 14.0 50.0 226.0 
10.0 24.0 10.0 66.0 224.0 
9.0 22.0 13.0 56.0 251.0 
0.0 18.0 15.0 64.0 283.0 
9.0 22.0 13.0 56.0 251.0 
0.0 25.0 15.0 38.0 215.0 
7.0 18.0 18.0 56.0 274.0 
9.0 20.0 13.0 69.0 266.0 
12.0 26.0 12.0 35.0 212.0 
13.0 27.0 11.0 36.0 182.0 
11.0 27.0 14.0 33.0 187.0 
15.0 28.0 15.0 19.0 185.0 
0.0 28.0 8.0 49.0 185.0 
15.0 28.0 15.0 19.0 185.0 
9.0 25.0 13.0 35.0 225.0 
16.0 13.0 23.0 44.0 328.0 
11.0 31.0 9.0 27.0 172.0 
15.0 23.0 10.0 56.0 209.0 
12.0 26.0 12.0 35.0 212.0 
12.0 28.0 10.0 36.0 201.0 
10.0 22.0 14.0 50.0 226.0 
8.0 27.0 13.0 33.0 206.0 
9.0 29.0 13.0 25.0 178.0 
15.0 23.0 10.0 56.0 209.0 
11.0 29.0 9.0 36.0 186.0 
12.0 27.0 11.0 38.0 194.0 
9.0 20.0 15.0 44.0 259.0 
9.0 16.0 18.0 70.0 299.0 
12.0 28.0 10.0 36.0 201.0 
16.0 13.0 23.0 44.0 328.0 
15.0 28.0 15.0 19.0 185.0 
0.0 45.0 2.0 9.0 40.0 
12.0 26.0 12.0 35.0 212.0 
15.0 26.0 7.0 63.0 207.0 
9.0 16.0 18.0 70.0 299.0 
9.0 21.0 14.0 55.0 252.0 
13.0 33.0 8.0 36.0 147.0 
12.0 30.0 10.0 38.0 161.0 
13.0 32.0 9.0 38.0 167.0 
10.0 22.0 12.0 54.0 255.0 
12.0 27.0 11.0 38.0 194.0 
10.0 22.0 12.0 54.0 255.0 
11.0 27.0 14.0 33.0 187.0 
13.0 33.0 8.0 36.0 147.0 
8.0 27.0 13.0 33.0 206.0 
11.0 24.0 11.0 64.0 221.0 
13.0 23.0 13.0 36.0 236.0 
11.0 31.0 9.0 27.0 172.0 
11.0 35.0 8.0 28.0 131.0 
16.0 21.0 19.0 28.0 270.0 
9.0 29.0 13.0 25.0 178.0 
7.0 19.0 19.0 46.0 278.0 
15.0 23.0 10.0 56.0 209.0 
13.0 28.0 12.0 31.0 194.0 
12.0 30.0 10.0 38.0 161.0 
10.0 22.0 14.0 50.0 226.0 
16.0 13.0 23.0 44.0 328.0 
13.0 32.0 9.0 38.0 167.0 
10.0 21.0 14.0 49.0 251.0 
13.0 27.0 11.0 36.0 182.0 
10.0 22.0 12.0 54.0 255.0 
7.0 18.0 18.0 56.0 274.0 
9.0 16.0 18.0 70.0 299.0 
10.0 25.0 13.0 47.0 210.0 
15.0 28.0 15.0 19.0 185.0 
9.0 17.0 16.0 63.0 294.0 
11.0 27.0 14.0 33.0 187.0 
8.0 27.0 13.0 33.0 206.0 
12.0 26.0 12.0 35.0 212.0 
8.0 18.0 20.0 43.0 297.0 
9.0 21.0 14.0 55.0 252.0 
12.0 15.0 18.0 63.0 302.0 
18.0 31.0 11.0 25.0 182.0 
9.0 20.0 15.0 44.0 259.0 
9.0 19.0 14.0 64.0 266.0 
7.0 24.0 14.0 46.0 236.0 
10.0 22.0 12.0 64.0 235.0 
10.0 25.0 11.0 53.0 210.0 
6.0 19.0 17.0 46.0 281.0 
12.0 27.0 11.0 38.0 194.0 
12.0 23.0 11.0 49.0 243.0 
13.0 23.0 13.0 36.0 236.0 
13.0 33.0 8.0 36.0 147.0 
9.0 20.0 13.0 69.0 266.0 
12.0 28.0 10.0 36.0 201.0 
9.0 22.0 13.0 56.0 251.0 
14.0 15.0 19.0 51.0 311.0 
~~~
1.998
