1000000000000000010000000001100000000000000000000
1000100000001000110110100001111110001110110100000
1110100010001101011110001101111100011010000110001
1000000000000000010000000001100000000000000000000
1011010000110100111101010101111010010010001100001
1111000000110101011100010101101001101010100000010
1000010111110101111000001001111111100000100011110
1111011000101010010010000001101111001110001110000
1111011110101000011000110111101110000010111000100
1100100001011001111100111101111011000001110110000
1100100001011001111100111101111011000001110110000
1001001001001001010100000101110010010001001011111
1101111111000000010000011101110000011000111111010
1111001001000101010001000111111001000100000000011
1111110001010010110100000011111100010001100100001
1000000000000000010000000001100000000000000000000
1101111111000000010000011101110000011000111111010
1100100001011001111100111101111011000001110110000
1010110000001100010001100011100100010111010100000
1000000111011111111110111111111010111111101111011
1000010001010000011100110001100100110101100100001
1110010111000001111101111101111110011101111001100
1111000000110101011100010101101001101010100000010
1111000000110101011100010101101001101010100000010
1001001001001001010100000101110010010001001011111
1000000000000000010000000001100000000000000000000
1010010110101110010010001011100000110000101100001
1110101001001000011000110111101110000010111000100
1110101001001000011000110111101110000010111000100
1101011000101000111110010001111010110101110101001
1010010110101110010010001011100000110000101100001
1111101000110111010110101001110010001001000100000
1111000000110101011100010101101001101010100000010
1000010101101100111110111001111001111010010101101
1000000000000000010000000001100000000000000000000
1111111101111001110111110011111111111100110101001
1100100001011001111100111101111011000001110110000
1000000000000000010000000001100000000000000000000
1110010111000001111101111101111110011101111001100
1011010000110100111100011011100010010000110001111
1000000000000000010000000001100000000000000000000
1110101001001000011000110111101110000010111000100
1111111101111001110111110011111111111100110101001
1001010100100101011000000001111000010001110011000
1111111111011101011100110011111110101111111101111
1010101011000000011110111001100001000110000010001
1000000111011111111110111111111010111111101111011
1111010011011000111101100111110011000001101001001
1011100000010100111110000001111000011001001101000
1001111111000000010000011101110000011000111111010
1000000000000000010000000001100000000000000000000
1111000000110101011100010101101001101010100000010
1011010000110100111100011011100010010000110001111
1111001001000101010001000111111001000100000000011
1111111111011101011100110011111110101111111101111
1000010001010000011100110001100100010101100100001
1011111110000010011110101001111001110001110100101
1000100000001000110110100001111110001110110100000
1111011000101010010010000001101111001110001110000
1110100010001101011110001101111100011010000110001
1101000001011111111001110011111001000011101011001
1100100001011000011111111101100001110000010111111
1000010001010000011100110001100100010101100100001
1111111101111001110111110011111111111100110101001
1000100000001000110110100001111110001110110100000
1111100100111110010011110101100100000000100100100
1111001001000101010001000111111001000100000000011
1000000000000000010000000001100000000000000000000
1111110111010101011110001001111000110010000101101
1001010100100101011000000001111111001100100111000
1000010001010000011100110001100100010101100100001
1000010001010000011100110001100100010101100100001
1011010010110101011100111111111000001011110001001
1000010001010000011100110001100100110101100100001
1101001001001001010100000101110010010001001011111
1010101011000000011110111001100001000110000010001
1110010111000001111101111101111110011101111001100
1100100001011001111100111101111011000001110110000
1000010001010000011100110001100001010110000001000
1000010001010000011100110001100100010101100100001
1111110111010101011110001001111000110010000101101
1101111111000000010000011101110000011000111111010
1011010010110101011100111111111000001011110001001
1011100010011010110100001101100001100000010011010
1000010101101100111110111001111001111010010101101
1111011000101010010010000001101111001110001110000
1111110111010101011110001001111000110010000101101
1011100010011010110100001101100001100000010011010
1000010001010000011100110001100100110101100100001
1011100000010100111110000001111000011001001101000
1000010001010000011100110001100100110101100100001
1010110000001100010001100011100100010111010100000
1011100010011010110100001101100001100000010011010
1111101000110111010110101001110010001001000100000
1100100001011001111100111101111011000001110110000
1111111101111001110111110011111111111100110101001
1111110010010011010111111101101001010011100001100
1001001110101011010110100001111110001110110100000
1011111110000010011110101001111001110001110100101
1000000000000000010000000001100000000000000000000
1110010111000001111101111101111110101011110011000
1100110110111111111101100101111011101001010000111
1011010000110100111100011011100010010000110001111
1110101001001000011000110111101110000010111000100
1000010001010000011100110001100100110101100100001
1110010111000001111101111101111110011101111001100
1111101000110111010110101001110010001001000100000
1111011110111110111101111111111111111011111111001
1010101011000000011110111001100001000110000010001
1111110010010011010010100011111011001110001110000
1001001001001001010100000101110010010001001011111
1011100010011010110100001101100001100000010011010
1011010000110100111100011011100010010000110001111
1001001001001001010100000101110010010001001011111
1000000111011111111110111111111010111111101111011
1000000111010000011100110001100100110101100100001
1111111001110111110110010111100001010001110100111
1011111110000010011110101001111001110001110100101
1010110000001100010001100011100100010111010100000
1111111110100111010111111101101001010011100001100
1010110000001100010001100011100100010111010100000
1110101001001000011000110111101110000010111000100
1100010000110110010000000001100000011101110011100
1110010111000001111101111101111110011101111001100
1101011000101000111110010001111010110101110101001
1110011110100101010101001011111111111110011111000
1111111111110110011101111111111111111011111111010
1111111111100111111001000101110001110011000001010
1111101000110111010110101001110010001001000100000
1001001001001001010100000101110010010001001011111
1100100001011001111100111101111011000001110110000
1111111101111001110111110011111111111100110101001
1000000111011111111110111111111010111111101111011
1111111111011101011100110011111110101111111101111
1001001001001001010100000101110010010001001011111
1000000000000000010000110011111010011101101011010
1111111110100111010111111101101001010011100001100
1111001001000101010001000111111001000100000000011
1111010011011000111101100111110011000001101001001
1000010001010000011100110001100100010101100100001
1010110000001100010001100011100100010111010100000
1011111110000010011110101001111001110001110100101
1000010001010000011100110001100100110101100100001
1000010001010000011100110001100100110101100100001
1000010111110101111000001001111111100000100011110
1101000001011111111001110011111001000011101011001
1111110111010101011110001001111000110010000101101
1111010011011000111101100111110011000001101001001
1111011110111110111101111111111111111011111111001
1011010000110100111100011011100010010000110001111
1111010111111110111110111111111111111011111111001
1000000000000000010000000001100000000000000000000
1010101011000000011110111001100001000110000010001
1111000000110101011100010101101001101010100000010
1000010111110101111000001001111111100000100011110
1110010111000001111101111101111110011101111001100
1000000111011111111110111111111010111111101111011
1111111110100111010111111101111011101101100110011
1111111110100111010111111101101001010011100001100
1000010101101100111110111001111001111010010101101
1101111111000001010000011101100000000000000000000
1111111111011101011100110011111110101111111101111
1111000000110101011100010101101001101010100000010
1111111111011101011100110011111110101111111101111
1000000000000000010000000001100000000000000000000
1011100110000100111101001011100001010000000000101
1111010011011000111101100111110011000001101001001
1011100110000100111101001011111100010001100100001
1110101001001000011000110111101110000010111000100
1011100010011010110100001101100001100000010011010
1111111101111001110111110011111111111100110101001
1001110111101000011111111101100001110000010111111
1010110000001100010001100011100100010111010100000
1111011110110110011110000001100000011011110000000
1010110000001100010001100011100100010111010100000
1010110000001100010001100011100100010111010100000
1001001001001001010100000101110010010001001011111
1011010000110100111101010101111010010010001100001
1111011110111110111101111111111111111011111111001
1000000000000000010000000001100000000000000000000
1010110000001100010001100011100100010111010100000
1110011110100101010101001011111111111110011111000
1011111110000010011110101001111001110001110100101
1100100001011001111100111101111011000001110110000
1100000010001100111001010001100010011001000110110
1111111110100111010111111101111011101101100110011
1111101000110111010110101001110010001001000100000
1100100001011001111100111101111011000001110110000
1111101000110111010110101001110010001001000100000
1000000111011111111110111111111010111111101111011
1011111110000010011110101001111001110001110100101
1111111101111001110111110011111111111100110101001
1111001001000101010001000111111001000100000000011
1000000000000000010000000001100000000000000000000
1001001001001001010100000101110010010001001011111
1110011110100101010101001011111111111110011111000
1011100000010100111110000001111000011001001101000
1011010000110100111100011011100010010000110001111
1011100010011010110100001101100001100000010011010
1110100010001101011110001101111100011010000110001
1011010000110100111100011011100010010000110001111
1000000000000000010000000001100000000000000000000
1110101001001000011000110111101110000010111000100
1111010011011000111101100111110011000001101001001
1000010111110101111000001001111111100000100011110
1011100110000100111101001011100001010000000000101
1111010011011000111101100111110011000001101001001
1111111101111001110111110011111111111100110101001
1111111001110111110110010111100001010001110100111
1000100000001000110110100001111110001110110100000
1001110111101000011111111101100001110000010111111
1000000000000000010000110011111010011101101011010
1111110111010101011110001001111000110010000101101
1111111001110111110110010111100001010001110100111
1110101001001000011000110111101110000010111000100
1110110010010100110011000111110001010001100011100
1100000010001100111001010001100010011001000110110
1010101011000000011110111001100001000110000010001
1000010001010000011100110001100100010101100100001
1101000001011111111001110011111001000011101011001
1111111110100111010111111101101001010011100001100
1110010111000001111101111101111110011101111001100
1101011000101000111110010001111010110101110101001
1101111111000000010000011101110000011000111111010
1100000010001100111001010001100010011001000110110
1011100010011010110100001101100001100000010011010
1111111101111001110111110011111111111100110101001
1101111111000001010000011101110000011000111111010
1110010111000001111101111101111110011101111001100
1000000000000000010000000001100000000000000000000
1011100010011010110100001101100001100000010011010
1110011110100101010101001011111111111110011111000
1111111111011101011100110011111110101111111101111
1000010001010000011100110001100100010101100100001
1110101001001000011000110111101110000010111000100
1111101000110111010110101001110010001001000100000
1010111010001111111110010101101111011010100110011
1111100100111110010011110101100100000000100100100
1010110000001100010001100011100100010111010100000
1111000000110101011100010101101001101010100000010
1101000001011111111001110011111001010011101011001
1000010001010000011100110001100100110101100100001
1111010011011000111101100111110011000001101001001
1000000111011111111110111111111010111111101111011
1000010001010000011100110001100100010101100100001
1111001001000101010001000111111001000100000000011
1011010000110100111100011011100010010000110001111
1111011000101010010010000001101111001110001110000
1100000010001100111001010001100010011001000110110
1010001001000000011110000111111100000111000110100
1100000010001100111001010001100010011001000110110
1111101000110111010110101001110010001001000100000
1110011110100101010101001011111111111110011111000
1110100010001101011110001101111100011010000110001
1001001001001001010100000101110010010001001011111
1111111001110111110110010111100001010001110100111
1111011000101010010010000001101111001110001110000
1111111111011101011100110011111110101111111101111
1110110010010100110011000111110001010001100011100
1111000000110101011100010101101001101010100000010
1100100001011001111100111101111011000001110110000
1011100110000100111101001011100001010000000000101
1011010000110100111100011011100010010000110001111
1100111001111110111101100111111000011000001001011
1101011000101000111110010001111010110101110101001
1010110000001100010001100011100100010111010100000
1011100010011010110100001101100001100000010011010
1101111111000000010000011101110000011000111111010
1000010111110101111000001001111111100000100011110
1011111110000010011110101001111001110001110100101
1011010010110101011100111111111000001011110001001
1111010011011000111101100111110011000001101001001
1011100000010100111110000001111000011001001101000
1101000001011111111001110011111001000011101011001
1000010101101100111110111001111001111010010101101
1010101011000000011110111001100001000110000010001
1111111101111001110111110011111111111100110101001
1010010110101110010010001011100000110000101100001
1111110001101001011010000011100011001000100001100
1000000111011111111110111111111010111111101111011
1111001001000101010001000111111001000100000000011
1111110111010101011110001001111000110010000101101
1111111110100111010111111101101001010011100001100
1110101001001000011000110111101110000010111000100
1001001110101011010110100001111110001110110100000
1001110111101000011111111101100001110000010111111
1000010001010000011100110001100100010101100100001
1110010111000001111101111101111110011101111001100
1100110110111111111101100101111011101001010000111
1111100001010010110100000011111100010001100100001
~~~
0.0 45.0 2.0 9.0 40.0 
9.0 29.0 7.0 60.0 165.0 
10.0 24.0 11.0 53.0 226.0 
0.0 45.0 2.0 9.0 40.0 
12.0 25.0 13.0 38.0 200.0 
8.0 27.0 10.0 53.0 203.0 
8.0 23.0 12.0 55.0 247.0 
11.0 26.0 8.0 68.0 192.0 
8.0 23.0 12.0 57.0 229.0 
9.0 23.0 14.0 36.0 237.0 
9.0 23.0 14.0 36.0 237.0 
15.0 28.0 14.0 25.0 188.0 
7.0 24.0 15.0 34.0 244.0 
11.0 29.0 11.0 36.0 181.0 
10.0 26.0 13.0 40.0 194.0 
0.0 45.0 2.0 9.0 40.0 
7.0 24.0 15.0 34.0 244.0 
9.0 23.0 14.0 36.0 237.0 
18.0 30.0 9.0 44.0 156.0 
7.0 12.0 22.0 62.0 338.0 
11.0 30.0 10.0 43.0 152.0 
5.0 17.0 18.0 60.0 288.0 
8.0 27.0 10.0 53.0 203.0 
8.0 27.0 10.0 53.0 203.0 
15.0 28.0 14.0 25.0 188.0 
0.0 45.0 2.0 9.0 40.0 
13.0 28.0 11.0 39.0 195.0 
11.0 26.0 11.0 49.0 202.0 
11.0 26.0 11.0 49.0 202.0 
10.0 22.0 13.0 57.0 232.0 
13.0 28.0 11.0 39.0 195.0 
11.0 26.0 12.0 42.0 207.0 
8.0 27.0 10.0 53.0 203.0 
9.0 20.0 16.0 49.0 264.0 
0.0 45.0 2.0 9.0 40.0 
9.0 12.0 18.0 83.0 325.0 
9.0 23.0 14.0 36.0 237.0 
0.0 45.0 2.0 9.0 40.0 
5.0 17.0 18.0 60.0 288.0 
13.0 25.0 16.0 29.0 211.0 
0.0 45.0 2.0 9.0 40.0 
11.0 26.0 11.0 49.0 202.0 
9.0 12.0 18.0 83.0 325.0 
10.0 30.0 10.0 35.0 174.0 
10.0 10.0 19.0 83.0 355.0 
12.0 29.0 10.0 32.0 168.0 
7.0 12.0 22.0 62.0 338.0 
13.0 22.0 16.0 28.0 233.0 
15.0 28.0 12.0 30.0 187.0 
8.0 25.0 14.0 34.0 229.0 
0.0 45.0 2.0 9.0 40.0 
8.0 27.0 10.0 53.0 203.0 
13.0 25.0 16.0 29.0 211.0 
11.0 29.0 11.0 36.0 181.0 
10.0 10.0 19.0 83.0 355.0 
10.0 31.0 10.0 36.0 138.0 
10.0 21.0 14.0 43.0 253.0 
9.0 29.0 7.0 60.0 165.0 
11.0 26.0 8.0 68.0 192.0 
10.0 24.0 11.0 53.0 226.0 
11.0 21.0 18.0 34.0 257.0 
13.0 22.0 19.0 23.0 265.0 
10.0 31.0 10.0 36.0 138.0 
9.0 12.0 18.0 83.0 325.0 
9.0 29.0 7.0 60.0 165.0 
9.0 26.0 14.0 39.0 216.0 
11.0 29.0 11.0 36.0 181.0 
0.0 45.0 2.0 9.0 40.0 
9.0 21.0 15.0 44.0 268.0 
10.0 27.0 7.0 64.0 194.0 
10.0 31.0 10.0 36.0 138.0 
10.0 31.0 10.0 36.0 138.0 
9.0 21.0 15.0 51.0 243.0 
11.0 30.0 10.0 43.0 152.0 
15.0 27.0 15.0 25.0 203.0 
12.0 29.0 10.0 32.0 168.0 
5.0 17.0 18.0 60.0 288.0 
9.0 23.0 14.0 36.0 237.0 
13.0 33.0 9.0 25.0 132.0 
10.0 31.0 10.0 36.0 138.0 
9.0 21.0 15.0 44.0 268.0 
7.0 24.0 15.0 34.0 244.0 
9.0 21.0 15.0 51.0 243.0 
14.0 28.0 13.0 25.0 205.0 
9.0 20.0 16.0 49.0 264.0 
11.0 26.0 8.0 68.0 192.0 
9.0 21.0 15.0 44.0 268.0 
14.0 28.0 13.0 25.0 205.0 
11.0 30.0 10.0 43.0 152.0 
15.0 28.0 12.0 30.0 187.0 
11.0 30.0 10.0 43.0 152.0 
18.0 30.0 9.0 44.0 156.0 
14.0 28.0 13.0 25.0 205.0 
11.0 26.0 12.0 42.0 207.0 
9.0 23.0 14.0 36.0 237.0 
9.0 12.0 18.0 83.0 325.0 
11.0 21.0 17.0 39.0 255.0 
13.0 24.0 9.0 74.0 214.0 
10.0 21.0 14.0 43.0 253.0 
0.0 45.0 2.0 9.0 40.0 
5.0 18.0 16.0 64.0 284.0 
11.0 17.0 17.0 53.0 303.0 
13.0 25.0 16.0 29.0 211.0 
11.0 26.0 11.0 49.0 202.0 
11.0 30.0 10.0 43.0 152.0 
5.0 17.0 18.0 60.0 288.0 
11.0 26.0 12.0 42.0 207.0 
0.0 7.0 23.0 74.0 374.0 
12.0 29.0 10.0 32.0 168.0 
12.0 23.0 11.0 55.0 236.0 
15.0 28.0 14.0 25.0 188.0 
14.0 28.0 13.0 25.0 205.0 
13.0 25.0 16.0 29.0 211.0 
15.0 28.0 14.0 25.0 188.0 
7.0 12.0 22.0 62.0 338.0 
10.0 29.0 11.0 41.0 172.0 
13.0 18.0 20.0 39.0 269.0 
10.0 21.0 14.0 43.0 253.0 
18.0 30.0 9.0 44.0 156.0 
8.0 18.0 18.0 49.0 281.0 
18.0 30.0 9.0 44.0 156.0 
11.0 26.0 11.0 49.0 202.0 
0.0 30.0 12.0 38.0 171.0 
5.0 17.0 18.0 60.0 288.0 
10.0 22.0 13.0 57.0 232.0 
12.0 17.0 14.0 79.0 296.0 
0.0 7.0 23.0 73.0 384.0 
11.0 20.0 15.0 46.0 270.0 
11.0 26.0 12.0 42.0 207.0 
15.0 28.0 14.0 25.0 188.0 
9.0 23.0 14.0 36.0 237.0 
9.0 12.0 18.0 83.0 325.0 
7.0 12.0 22.0 62.0 338.0 
10.0 10.0 19.0 83.0 355.0 
15.0 28.0 14.0 25.0 188.0 
0.0 30.0 11.0 39.0 174.0 
8.0 18.0 18.0 49.0 281.0 
11.0 29.0 11.0 36.0 181.0 
13.0 22.0 16.0 28.0 233.0 
10.0 31.0 10.0 36.0 138.0 
18.0 30.0 9.0 44.0 156.0 
10.0 21.0 14.0 43.0 253.0 
11.0 30.0 10.0 43.0 152.0 
11.0 30.0 10.0 43.0 152.0 
8.0 23.0 12.0 55.0 247.0 
11.0 21.0 18.0 34.0 257.0 
9.0 21.0 15.0 44.0 268.0 
13.0 22.0 16.0 28.0 233.0 
0.0 7.0 23.0 74.0 374.0 
13.0 25.0 16.0 29.0 211.0 
0.0 7.0 24.0 70.0 372.0 
0.0 45.0 2.0 9.0 40.0 
12.0 29.0 10.0 32.0 168.0 
8.0 27.0 10.0 53.0 203.0 
8.0 23.0 12.0 55.0 247.0 
5.0 17.0 18.0 60.0 288.0 
7.0 12.0 22.0 62.0 338.0 
9.0 13.0 18.0 72.0 329.0 
8.0 18.0 18.0 49.0 281.0 
9.0 20.0 16.0 49.0 264.0 
5.0 33.0 9.0 24.0 155.0 
10.0 10.0 19.0 83.0 355.0 
8.0 27.0 10.0 53.0 203.0 
10.0 10.0 19.0 83.0 355.0 
0.0 45.0 2.0 9.0 40.0 
14.0 29.0 13.0 15.0 185.0 
13.0 22.0 16.0 28.0 233.0 
10.0 25.0 13.0 38.0 213.0 
11.0 26.0 11.0 49.0 202.0 
14.0 28.0 13.0 25.0 205.0 
9.0 12.0 18.0 83.0 325.0 
15.0 19.0 19.0 33.0 285.0 
18.0 30.0 9.0 44.0 156.0 
0.0 25.0 13.0 43.0 205.0 
18.0 30.0 9.0 44.0 156.0 
18.0 30.0 9.0 44.0 156.0 
15.0 28.0 14.0 25.0 188.0 
12.0 25.0 13.0 38.0 200.0 
0.0 7.0 23.0 74.0 374.0 
0.0 45.0 2.0 9.0 40.0 
18.0 30.0 9.0 44.0 156.0 
12.0 17.0 14.0 79.0 296.0 
10.0 21.0 14.0 43.0 253.0 
9.0 23.0 14.0 36.0 237.0 
19.0 29.0 12.0 25.0 191.0 
9.0 13.0 18.0 72.0 329.0 
11.0 26.0 12.0 42.0 207.0 
9.0 23.0 14.0 36.0 237.0 
11.0 26.0 12.0 42.0 207.0 
7.0 12.0 22.0 62.0 338.0 
10.0 21.0 14.0 43.0 253.0 
9.0 12.0 18.0 83.0 325.0 
11.0 29.0 11.0 36.0 181.0 
0.0 45.0 2.0 9.0 40.0 
15.0 28.0 14.0 25.0 188.0 
12.0 17.0 14.0 79.0 296.0 
15.0 28.0 12.0 30.0 187.0 
13.0 25.0 16.0 29.0 211.0 
14.0 28.0 13.0 25.0 205.0 
10.0 24.0 11.0 53.0 226.0 
13.0 25.0 16.0 29.0 211.0 
0.0 45.0 2.0 9.0 40.0 
11.0 26.0 11.0 49.0 202.0 
13.0 22.0 16.0 28.0 233.0 
8.0 23.0 12.0 55.0 247.0 
14.0 29.0 13.0 15.0 185.0 
13.0 22.0 16.0 28.0 233.0 
9.0 12.0 18.0 83.0 325.0 
13.0 18.0 20.0 39.0 269.0 
9.0 29.0 7.0 60.0 165.0 
15.0 19.0 19.0 33.0 285.0 
0.0 30.0 11.0 39.0 174.0 
9.0 21.0 15.0 44.0 268.0 
13.0 18.0 20.0 39.0 269.0 
11.0 26.0 11.0 49.0 202.0 
18.0 25.0 15.0 24.0 220.0 
19.0 29.0 12.0 25.0 191.0 
12.0 29.0 10.0 32.0 168.0 
10.0 31.0 10.0 36.0 138.0 
11.0 21.0 18.0 34.0 257.0 
8.0 18.0 18.0 49.0 281.0 
5.0 17.0 18.0 60.0 288.0 
10.0 22.0 13.0 57.0 232.0 
7.0 24.0 15.0 34.0 244.0 
19.0 29.0 12.0 25.0 191.0 
14.0 28.0 13.0 25.0 205.0 
9.0 12.0 18.0 83.0 325.0 
8.0 23.0 15.0 39.0 255.0 
5.0 17.0 18.0 60.0 288.0 
0.0 45.0 2.0 9.0 40.0 
14.0 28.0 13.0 25.0 205.0 
12.0 17.0 14.0 79.0 296.0 
10.0 10.0 19.0 83.0 355.0 
10.0 31.0 10.0 36.0 138.0 
11.0 26.0 11.0 49.0 202.0 
11.0 26.0 12.0 42.0 207.0 
15.0 18.0 13.0 67.0 259.0 
9.0 26.0 14.0 39.0 216.0 
18.0 30.0 9.0 44.0 156.0 
8.0 27.0 10.0 53.0 203.0 
12.0 20.0 19.0 34.0 263.0 
11.0 30.0 10.0 43.0 152.0 
13.0 22.0 16.0 28.0 233.0 
7.0 12.0 22.0 62.0 338.0 
10.0 31.0 10.0 36.0 138.0 
11.0 29.0 11.0 36.0 181.0 
13.0 25.0 16.0 29.0 211.0 
11.0 26.0 8.0 68.0 192.0 
19.0 29.0 12.0 25.0 191.0 
14.0 28.0 10.0 47.0 174.0 
19.0 29.0 12.0 25.0 191.0 
11.0 26.0 12.0 42.0 207.0 
12.0 17.0 14.0 79.0 296.0 
10.0 24.0 11.0 53.0 226.0 
15.0 28.0 14.0 25.0 188.0 
13.0 18.0 20.0 39.0 269.0 
11.0 26.0 8.0 68.0 192.0 
10.0 10.0 19.0 83.0 355.0 
18.0 25.0 15.0 24.0 220.0 
8.0 27.0 10.0 53.0 203.0 
9.0 23.0 14.0 36.0 237.0 
14.0 29.0 13.0 15.0 185.0 
13.0 25.0 16.0 29.0 211.0 
11.0 20.0 18.0 41.0 262.0 
10.0 22.0 13.0 57.0 232.0 
18.0 30.0 9.0 44.0 156.0 
14.0 28.0 13.0 25.0 205.0 
7.0 24.0 15.0 34.0 244.0 
8.0 23.0 12.0 55.0 247.0 
10.0 21.0 14.0 43.0 253.0 
9.0 21.0 15.0 51.0 243.0 
13.0 22.0 16.0 28.0 233.0 
15.0 28.0 12.0 30.0 187.0 
11.0 21.0 18.0 34.0 257.0 
9.0 20.0 16.0 49.0 264.0 
12.0 29.0 10.0 32.0 168.0 
9.0 12.0 18.0 83.0 325.0 
13.0 28.0 11.0 39.0 195.0 
17.0 27.0 9.0 46.0 198.0 
7.0 12.0 22.0 62.0 338.0 
11.0 29.0 11.0 36.0 181.0 
9.0 21.0 15.0 44.0 268.0 
8.0 18.0 18.0 49.0 281.0 
11.0 26.0 11.0 49.0 202.0 
13.0 24.0 9.0 74.0 214.0 
15.0 19.0 19.0 33.0 285.0 
10.0 31.0 10.0 36.0 138.0 
5.0 17.0 18.0 60.0 288.0 
11.0 17.0 17.0 53.0 303.0 
10.0 27.0 13.0 37.0 189.0 
~~~
0.979
