1111111110000000010000000001111111111011100100000
1111110000000000010000000001100000000000000000000
1000000000000000010000000001100000000000000000000
1000000000000000010000000001100000000000000000000
1000000000000000010000000001100000000000000000000
1111111000000000010000000001111011000000000000000
1111111000000000010000000001111011011011100100000
1000000000000000010000000001100000000000000000000
1000000000000000010000000001100000000000000000000
1000000000000000010000000001100000000000000000000
1000000000000000010000000001100000000000000000000
1000000000000000010000000001100000000000000000000
1111111110000000010000000001111111111011100100000
1000000000000000010000000001100000000000000000000
1000000000000000010000000001100000000000000000000
1111111000000000010000000001111011000000000000000
1000000000000000010000000001100000000000000000000
1111111000000000010000000001111011000000000000000
1000000000000000010000000001100000000000000000000
1111111000000000010000000001111011000000000000000
1000000000000000010000000001100000000000000000000
1111111111111110111101111111111011000001110100000
1111111000000000010000000001111011000000000000000
1111111111111111111110111011111111111011100100000
1000000000000000010000000001111011000000000000000
1111111110000000010000000001111111111011100100000
1000000000000000010000000001111011000000000000000
1111111000000000010000000001111011000000000000000
1111111110000000010000000001111011011011100100000
1111111111111111111110111111111011011011111111001
1111111111111111111110111111111011011011111111001
1000000000000000010000000001111011000000000000000
1000000000000000010000000001111011000000000000000
1000000000000000011101110101111001000000000000000
1111111111111111111110111111111011011011111111001
1111110000000000010000000001111011000000000000000
1000000000000000010000000001111011000000000000000
1111111111111111111110111111111011011011111111001
1111111111111111111110111011111111111011100100000
1111111111111110111101111111111011000001110100000
1111111111111111111110111111111011011011111111001
1111111110000000010000000001111011000001110100000
1111111111111111111110111111111011011011111111001
1111110111111110111101111111111001000001111111001
1111111110000000011101110101111011000001100100000
1111110111111110111101111111111001000001111111001
1000000000000000010000000001111011000000000000000
1111110110000000011101110101111011000001100100000
1111111110000000011101110101111011000000000000000
1000000000000000010000000001111011000000000000000
1000000000000000010000000001111011000000000000000
1000000000000000010000000001111011000000000000000
1000000000000000011101110101100000000000000000000
1111111110000000011101110101111011000001100100000
1111110000000000011101110101111011000000000000000
1111111110111111111110111011111111111011100100000
1111111110000000010000000001111111111011100100000
1111111110000000010000000001111011000001100100000
1111111110000000011101110101111011000001100100000
1111111000000000010000000001111111011011100100000
1111111111000000011101110101111011000001100111001
1100010000000000010000000001100000000000000000000
1111111000000000010000000001111111000000000000000
1000000000000000011101110111100000000000000011001
1000000000000000011101110111100000000000000011001
1111110111111110111101111111111001000001110111001
1100010111000000011101110111111001000000000000000
1111111111111110010000000001111011111011100100000
1111110110000000011101110101111011000000000000000
1111010110000000011101110111100000000000000011001
1111010110000000011101110111100000000000000011001
1111110111000000011101111101111001000000000011010
1111111000000000010000000001111111011011100100000
1000000000000000010000000001111011000001100100000
1111010110000000011101110111100000000000000011001
1111010110000000011101110111100000000000000011001
1111010110000000011101110111100000000000000011001
1000000000000000011101110101111001000000000011001
1111111110000000011110000001111011111011100100000
1111010110000000011101110111100000000000000011001
1111110111000000011101111111111001000001110111001
1000000000000000011101110111100000000000000011001
1111111111111111111110111111111111111011111111001
1111110110000000010000000001111011000001100100000
1111110110000000011101110101111011000000000000000
1100010111000000011101110111111001000000000000000
1111110110000000011101110101111011000000000000000
1000000000000000010000000001100000000000000011001
1000000000000000011101110101100000000000000000000
1111111111111111111110000001111011111011100100000
1111110110000000010000000001111011000001100100000
1111110111110110111101111101111001000000000011001
1111110111000000011101110111111001000000000000000
1000000000000000011101110111100000000000000011001
1111111000000000010000000001111011000000000000000
1111111111111111111110111111111111111011111111001
1111111111111111111110111111111111111011111111001
1100010111000000011101110111111001000000000011001
1111110111000000011101110111111011000001100100000
1111111000000000010000000001111011000001100100000
1111000000000000011101110111100000000000000011001
1111111110000000010000000001111011011011100100000
1111110000000000011101110101111001000000000000000
1111111111111111111110000001111011111011100100000
1000000000000000011101110111100000000000000000000
1111110111110110111101111101111001000001110011001
1111110000000000011101110101111001000000000000000
1111110000000000010000000001111011000001100100000
1111010111000000011101110101111001000000000011001
1111111111111111111110000001111011111011100100000
1111111110000000010000000001111011011011100100000
1111110111111110111101111111111001000001111111001
1111010111000000011101111101111001000000000011010
1111111111111111111110000001111011111011100100000
1111110111111110111101111111111001000001111111001
1000000000000000010000000001100000000000000011001
1111110111111110111101111111111001000001111111001
1111110111000000011101110101111011000000000000000
1111110111000000011101111101111001000000000011010
1111110000000000011101110101111011000000000000000
1000000000000000011101110101100000000000000000000
1111111111111111111110000001111011111011100100000
1000000000000000011101110101100000000000000000000
1111111110000000011101110101111011011011100100000
1111111000000000011101110101111011000001100100000
1111111110000000011101110101111011011011100100000
1000000000000000011101110101100000000000000000000
1100010111000000011101110111111001000000000011001
1111110111000000011101110111111001000001110011001
1111110000000000011101110101111001000000000000000
1111110111000000011101110101111011000000000000000
1000000000000000010000000001100000000000000011001
1111110111000000011101110111111001000001110011001
1111000000000000011101110111100000000000000011001
1111111110000000011101110101111011000000000000000
1111111110000000010000000001111011000000000000000
1111000000000000011101110111100000000000000011001
1111111111111111011101110101111011000001100100000
1111110111110110111101111101111001000001110011001
1000000000000000010000000001111011000001100100000
1111110111110110111101110101111001000001110111001
1000000000000000010000000001100000000000000011001
1111111111000000011101110111111011000001100100000
1111111110000000011101110101111011011011100100000
1111110111000000011101110101111011000001100100000
1000000000000000011101110101100000000000000000000
1111000000000000011101110111100000000000000011001
1111110111111110111101111111111001000001111111001
1000000000000000010000000001111011000001100100000
1111110110000000010000000001111011000000000000000
1000000000000000010000000001100000000000000011001
1111111111000000011101110111111011000001100100000
1000000000000000010000000001111011000001100100000
1111111111000000011101110111111011000001100100000
1111110110000000011101110101111011000001100100000
1100000000000000010000000001100000000000000000000
1111110111110110111101110101111001000001110111001
1000000000000000010000000001111011000001100100000
1000000000000000011101110101100000000000000000000
1000000000000000010000000001111011000001100100000
1111111110111111111110111011111111111011100100000
1111000000000000011101110111100000000000000011001
1111111111111110111101110101111011000001100100000
1111110000000000010000000001111011000001100100000
1111111110000000010000000001111011000000000000000
1000000000000000010000000001111001000001100100000
1111111110111111111110111011111111111011100100000
1000000000000000010000000001111011000001100100000
1111110110000000011101110101111011000001100100000
1000000000000000010000000001100000000000000000000
1000000000000000010000000001100000000000000000000
1000000000000000010000000001100000000000000000000
1111111110111111111110111011111111111011100100000
1111110111110110111101111101111001000001110111001
1111111111111110111101110101111011000001100100000
1111110111111111111110111111111011011011111111001
1000000000000000011101110101111001000000000000000
1000000000000000010000000001111001000001100100000
1111110111111111111110111111111011011011111111001
1111111000000000010000000001111011011011100100000
1100010000000000010000000001100000000000000000000
1111110111111111111110111111111011011011111111001
1111111111111111011101110101111011000001100100000
1111111111111111111110000001111011111011100100000
1111110111110110111101111101111001000001110111001
1111110110000000011101110101111001000000000000000
1111111111111111111101110101111011000001100111001
1100010111000000011101110101111001000000000000000
1111110000000000010000000001111001000000000000000
1100011000000000010000000001111111000000000000000
1000000000000000011101110101111001000000000011001
1111000000000000011101110111100000000000000011001
1111111000000000010000000001111011011011100100000
1000000000000000011101110101100000000000000000000
1111110111000000011101110111111001000000000000000
1111111000000000010000000001111011011011100100000
1000000000000000010000000001100000000000000000000
1000000000000000010000000001100000000000000000000
1000000000000000010000000001111001000000000000000
1000000000000000010000000001111001000000000000000
1000000000000000010000000001111001000000000000000
1100010111000000011101110101111001000000000011001
1000000000000000010000000001100000000000000000000
1100010000000000010000000001100000000000000000000
1000000000000000010000000001100000000000000000000
1111110111000000011101111111111001000001110111001
1111110111000000011101110111111001000001110111001
1000000000000000010000000001100000000000000000000
1000000000000000011101110101111011000001100100000
1111110111000000011101110111111001000001110011001
1000000000000000010000000001111001000000000000000
1111111111111111111101110101111011000001100111001
1111111111111110111101111111111011000001100100000
1111110111111111111110111111111011011011111111001
1000000000000000010000000001111011000001100100000
1000000000000000010000000001111001000001100100000
1100000000000000011101110111100000000000000011001
1111111000000000010000000001111011011011100100000
1111110111000000011101110101111011000001100100000
1000000000000000010000000001111001000001100100000
1100000000000000011101110111100000000000000011001
1111110111000000011101110101111001000000000011001
1000000000000000011101110101100000000000000000000
1100000000000000011101110111100000000000000011001
1111110111111110111101110101111011000001100100000
1111110111000000011101111111111001000001110111001
1100010111000000011101110101111001000000000000000
1111110110000000010000000001111011000000000000000
1111110110000000010000000001111011000000000000000
1111110000000000010000000001111001000000000000000
1111110111000000011101111111111001000001110111001
1111110111111110111101111111111001000001110111001
1111111110000000010000000001111011011011100100000
1000000000000000011101110101100000000000000000000
1000000000000000011101110111100000000000000011001
1111111110000000010000000001111011011011100100000
1000000000000000011101110101100000000000000000000
1111110000000000010000000001111001000000000000000
1111111110000000010000000001111011011011100100000
1111110111000000011101110111111001000001110111001
1111111111111110111101110101111011000001100100000
1111110111000000011101110111111001000001110111001
1100010000000000010000000001100000000000000000000
1100010000000000010000000001100000000000000000000
1000000000000000010000000001111001000000000000000
1000000000000000010000000001111001000000000000000
1000000000000000010000000001111001000000000000000
1111111000000000010000000001111111011011100100000
1111110111111110111101110101111011000001100100000
1000000000000000010000000001111011000000000000000
1111110111111110111101111111111001000001110111001
1111111110000000010000000001111011000001100100000
1000000000000000011101110101111001000000000000000
1000000000000000011101110101111001000000000000000
1000000000000000011101111101111011000000000000000
1111111110000000010000000001111011000001100100000
1111111110000000011110000001111011111011100100000
1111111110000000011110000001111011111011100100000
1111111000000000010000000001111011000001100100000
1111111111000000011101110111111001000000000011001
1111110111000000011101110101111011000001100111001
1111111000000000010000000001111011000001100100000
1111111000000000010000000001111011000001100100000
1111111111111110111110000001111011111011100100000
1111111110000000011110000001111011111011100100000
1000000000000000011101110101100000000000000011001
1111111110000000011110000001111011111011100100000
1000000000000000011101110101100000000000000011001
1000000000000000011101110101100000000000000011001
1111111110000000011110000001111011111011100100000
1111111110000000011110000001111011111011100100000
1111111000000000010000000001111011000001100100000
1111111000000000010000000001111011000001100100000
1100000000000000010000000001100000000000000000000
1000000000000000011101110101111011000000000000000
1111110000000000010000000001111011000000000000000
1111110000000000010000000001111011000000000000000
1111111111111110111110000001111011111011100100000
1111111110000000010000000001111111111011100100000
1111111111111110111101111111111001000001110111001
1000000000000000011101111101111011000000000000000
1000000000000000011101110101111011000000000000000
1111111110000000010000000001111011000001100100000
1111111110000000010000000001111011000001100100000
1000000000000000011101110101111011000000000000000
1111110111000000011101110101111001000000000011001
1111110111000000011101110101111011000001100111001
1111110000000000011101110101111011000000000000000
1111111111111110111110000001111011111011100100000
1000000000000000011101110101100000000000000011001
1000000000000000011101110101100000000000000011001
1000000000000000011101110101111011000000000000000
1100010111000000011101111101111001000001110111001
1000000000000000011101110111100000000000000000000
1000000000000000011101110111100000000000000000000
1000000000000000011101110111100000000000000000000
1000000000000000011101110111100000000000000000000
1000000000000000011101110111100000000000000000000
1111110111110110111101111101111001000000000011001
1000000000000000011101110101111001000000000011001
~~~
0.0 25.0 7.0 67.0 211.0 
0.0 40.0 4.0 17.0 85.0 
0.0 45.0 2.0 9.0 40.0 
0.0 45.0 2.0 9.0 40.0 
0.0 45.0 2.0 9.0 40.0 
0.0 35.0 4.0 31.0 125.0 
0.0 29.0 6.0 50.0 167.0 
0.0 45.0 2.0 9.0 40.0 
0.0 45.0 2.0 9.0 40.0 
0.0 45.0 2.0 9.0 40.0 
0.0 45.0 2.0 9.0 40.0 
0.0 45.0 2.0 9.0 40.0 
0.0 25.0 7.0 67.0 211.0 
0.0 45.0 2.0 9.0 40.0 
0.0 45.0 2.0 9.0 40.0 
0.0 35.0 4.0 31.0 125.0 
0.0 45.0 2.0 9.0 40.0 
0.0 35.0 4.0 31.0 125.0 
0.0 45.0 2.0 9.0 40.0 
0.0 35.0 4.0 31.0 125.0 
0.0 45.0 2.0 9.0 40.0 
0.0 14.0 19.0 48.0 312.0 
0.0 35.0 4.0 31.0 125.0 
0.0 10.0 18.0 81.0 342.0 
0.0 41.0 2.0 19.0 75.0 
0.0 25.0 7.0 67.0 211.0 
0.0 41.0 2.0 19.0 75.0 
0.0 35.0 4.0 31.0 125.0 
0.0 27.0 7.0 51.0 192.0 
0.0 6.0 24.0 65.0 380.0 
0.0 6.0 24.0 65.0 380.0 
0.0 41.0 2.0 19.0 75.0 
0.0 41.0 2.0 19.0 75.0 
0.0 36.0 7.0 16.0 121.0 
0.0 6.0 24.0 65.0 380.0 
0.0 36.0 4.0 27.0 120.0 
0.0 41.0 2.0 19.0 75.0 
0.0 6.0 24.0 65.0 380.0 
0.0 10.0 18.0 81.0 342.0 
0.0 14.0 19.0 48.0 312.0 
0.0 6.0 24.0 65.0 380.0 
0.0 29.0 7.0 39.0 182.0 
0.0 6.0 24.0 65.0 380.0 
0.0 12.0 23.0 41.0 341.0 
0.0 24.0 11.0 39.0 224.0 
0.0 12.0 23.0 41.0 341.0 
0.0 41.0 2.0 19.0 75.0 
0.0 25.0 11.0 35.0 219.0 
0.0 27.0 10.0 32.0 202.0 
0.0 41.0 2.0 19.0 75.0 
0.0 41.0 2.0 19.0 75.0 
0.0 41.0 2.0 19.0 75.0 
0.0 39.0 7.0 9.0 92.0 
0.0 24.0 11.0 39.0 224.0 
0.0 30.0 9.0 27.0 172.0 
0.0 11.0 17.0 81.0 336.0 
0.0 25.0 7.0 67.0 211.0 
0.0 30.0 6.0 39.0 172.0 
0.0 24.0 11.0 39.0 224.0 
0.0 28.0 6.0 59.0 172.0 
0.0 20.0 15.0 39.0 259.0 
0.0 43.0 3.0 12.0 60.0 
0.0 34.0 4.0 40.0 130.0 
0.0 35.0 11.0 9.0 131.0 
0.0 35.0 11.0 9.0 131.0 
0.0 13.0 22.0 41.0 330.0 
0.0 30.0 11.0 20.0 182.0 
0.0 20.0 11.0 67.0 256.0 
0.0 28.0 10.0 28.0 197.0 
0.0 29.0 14.0 16.0 190.0 
0.0 29.0 14.0 16.0 190.0 
0.0 24.0 15.0 25.0 246.0 
0.0 28.0 6.0 59.0 172.0 
0.0 38.0 3.0 26.0 97.0 
0.0 29.0 14.0 16.0 190.0 
0.0 29.0 14.0 16.0 190.0 
0.0 29.0 14.0 16.0 190.0 
0.0 33.0 10.0 16.0 150.0 
0.0 23.0 9.0 58.0 230.0 
0.0 29.0 14.0 16.0 190.0 
0.0 19.0 18.0 32.0 280.0 
0.0 35.0 11.0 9.0 131.0 
0.0 4.0 24.0 81.0 399.0 
0.0 31.0 6.0 35.0 167.0 
0.0 28.0 10.0 28.0 197.0 
0.0 30.0 11.0 20.0 182.0 
0.0 28.0 10.0 28.0 197.0 
0.0 42.0 5.0 9.0 69.0 
0.0 39.0 7.0 9.0 92.0 
0.0 15.0 14.0 72.0 297.0 
0.0 31.0 6.0 35.0 167.0 
0.0 19.0 19.0 31.0 279.0 
0.0 27.0 12.0 25.0 207.0 
0.0 35.0 11.0 9.0 131.0 
0.0 35.0 4.0 31.0 125.0 
0.0 4.0 24.0 81.0 399.0 
0.0 4.0 24.0 81.0 399.0 
0.0 27.0 14.0 20.0 211.0 
0.0 23.0 13.0 35.0 235.0 
0.0 32.0 5.0 38.0 147.0 
0.0 32.0 13.0 12.0 160.0 
0.0 27.0 7.0 51.0 192.0 
0.0 31.0 9.0 24.0 166.0 
0.0 15.0 14.0 72.0 297.0 
0.0 38.0 8.0 9.0 102.0 
0.0 16.0 21.0 36.0 301.0 
0.0 31.0 9.0 24.0 166.0 
0.0 33.0 5.0 34.0 142.0 
0.0 26.0 14.0 23.0 215.0 
0.0 15.0 14.0 72.0 297.0 
0.0 27.0 7.0 51.0 192.0 
0.0 12.0 23.0 41.0 341.0 
0.0 25.0 15.0 23.0 235.0 
0.0 15.0 14.0 72.0 297.0 
0.0 12.0 23.0 41.0 341.0 
0.0 42.0 5.0 9.0 69.0 
0.0 12.0 23.0 41.0 341.0 
0.0 27.0 11.0 28.0 203.0 
0.0 24.0 15.0 25.0 246.0 
0.0 30.0 9.0 27.0 172.0 
0.0 39.0 7.0 9.0 92.0 
0.0 15.0 14.0 72.0 297.0 
0.0 39.0 7.0 9.0 92.0 
0.0 21.0 12.0 51.0 244.0 
0.0 26.0 10.0 38.0 199.0 
0.0 21.0 12.0 51.0 244.0 
0.0 39.0 7.0 9.0 92.0 
0.0 27.0 14.0 20.0 211.0 
0.0 21.0 17.0 30.0 258.0 
0.0 31.0 9.0 24.0 166.0 
0.0 27.0 11.0 28.0 203.0 
0.0 42.0 5.0 9.0 69.0 
0.0 21.0 17.0 30.0 258.0 
0.0 32.0 13.0 12.0 160.0 
0.0 27.0 10.0 32.0 202.0 
0.0 33.0 5.0 32.0 150.0 
0.0 32.0 13.0 12.0 160.0 
0.0 17.0 15.0 53.0 285.0 
0.0 16.0 21.0 36.0 301.0 
0.0 38.0 3.0 26.0 97.0 
0.0 16.0 20.0 38.0 299.0 
0.0 42.0 5.0 9.0 69.0 
0.0 22.0 13.0 39.0 240.0 
0.0 21.0 12.0 51.0 244.0 
0.0 24.0 12.0 35.0 225.0 
0.0 39.0 7.0 9.0 92.0 
0.0 32.0 13.0 12.0 160.0 
0.0 12.0 23.0 41.0 341.0 
0.0 38.0 3.0 26.0 97.0 
0.0 34.0 5.0 28.0 145.0 
0.0 42.0 5.0 9.0 69.0 
0.0 22.0 13.0 39.0 240.0 
0.0 38.0 3.0 26.0 97.0 
0.0 22.0 13.0 39.0 240.0 
0.0 25.0 11.0 35.0 219.0 
0.0 44.0 3.0 9.0 55.0 
0.0 16.0 20.0 38.0 299.0 
0.0 38.0 3.0 26.0 97.0 
0.0 39.0 7.0 9.0 92.0 
0.0 38.0 3.0 26.0 97.0 
0.0 11.0 17.0 81.0 336.0 
0.0 32.0 13.0 12.0 160.0 
0.0 17.0 16.0 48.0 280.0 
0.0 33.0 5.0 34.0 142.0 
0.0 33.0 5.0 32.0 150.0 
0.0 39.0 3.0 23.0 91.0 
0.0 11.0 17.0 81.0 336.0 
0.0 38.0 3.0 26.0 97.0 
0.0 25.0 11.0 35.0 219.0 
0.0 45.0 2.0 9.0 40.0 
0.0 45.0 2.0 9.0 40.0 
0.0 45.0 2.0 9.0 40.0 
0.0 11.0 17.0 81.0 336.0 
0.0 15.0 21.0 38.0 311.0 
0.0 17.0 16.0 48.0 280.0 
0.0 7.0 24.0 61.0 375.0 
0.0 36.0 7.0 16.0 121.0 
0.0 39.0 3.0 23.0 91.0 
0.0 7.0 24.0 61.0 375.0 
0.0 29.0 6.0 50.0 167.0 
0.0 43.0 3.0 12.0 60.0 
0.0 7.0 24.0 61.0 375.0 
0.0 17.0 15.0 53.0 285.0 
0.0 15.0 14.0 72.0 297.0 
0.0 15.0 21.0 38.0 311.0 
0.0 29.0 10.0 25.0 191.0 
0.0 13.0 19.0 53.0 320.0 
0.0 31.0 10.0 20.0 172.0 
0.0 37.0 4.0 24.0 114.0 
0.0 37.0 3.0 35.0 105.0 
0.0 33.0 10.0 16.0 150.0 
0.0 32.0 13.0 12.0 160.0 
0.0 29.0 6.0 50.0 167.0 
0.0 39.0 7.0 9.0 92.0 
0.0 27.0 12.0 25.0 207.0 
0.0 29.0 6.0 50.0 167.0 
0.0 45.0 2.0 9.0 40.0 
0.0 45.0 2.0 9.0 40.0 
0.0 42.0 2.0 16.0 69.0 
0.0 42.0 2.0 16.0 69.0 
0.0 42.0 2.0 16.0 69.0 
0.0 28.0 13.0 20.0 201.0 
0.0 45.0 2.0 9.0 40.0 
0.0 43.0 3.0 12.0 60.0 
0.0 45.0 2.0 9.0 40.0 
0.0 19.0 18.0 32.0 280.0 
0.0 20.0 17.0 32.0 268.0 
0.0 45.0 2.0 9.0 40.0 
0.0 32.0 8.0 26.0 149.0 
0.0 21.0 17.0 30.0 258.0 
0.0 42.0 2.0 16.0 69.0 
0.0 13.0 19.0 53.0 320.0 
0.0 15.0 18.0 48.0 302.0 
0.0 7.0 24.0 61.0 375.0 
0.0 38.0 3.0 26.0 97.0 
0.0 39.0 3.0 23.0 91.0 
0.0 34.0 12.0 9.0 146.0 
0.0 29.0 6.0 50.0 167.0 
0.0 24.0 12.0 35.0 225.0 
0.0 39.0 3.0 23.0 91.0 
0.0 34.0 12.0 9.0 146.0 
0.0 25.0 14.0 25.0 226.0 
0.0 39.0 7.0 9.0 92.0 
0.0 34.0 12.0 9.0 146.0 
0.0 18.0 16.0 44.0 275.0 
0.0 19.0 18.0 32.0 280.0 
0.0 31.0 10.0 20.0 172.0 
0.0 34.0 5.0 28.0 145.0 
0.0 34.0 5.0 28.0 145.0 
0.0 37.0 4.0 24.0 114.0 
0.0 19.0 18.0 32.0 280.0 
0.0 13.0 22.0 41.0 330.0 
0.0 27.0 7.0 51.0 192.0 
0.0 39.0 7.0 9.0 92.0 
0.0 35.0 11.0 9.0 131.0 
0.0 27.0 7.0 51.0 192.0 
0.0 39.0 7.0 9.0 92.0 
0.0 37.0 4.0 24.0 114.0 
0.0 27.0 7.0 51.0 192.0 
0.0 20.0 17.0 32.0 268.0 
0.0 17.0 16.0 48.0 280.0 
0.0 20.0 17.0 32.0 268.0 
0.0 43.0 3.0 12.0 60.0 
0.0 43.0 3.0 12.0 60.0 
0.0 42.0 2.0 16.0 69.0 
0.0 42.0 2.0 16.0 69.0 
0.0 42.0 2.0 16.0 69.0 
0.0 28.0 6.0 59.0 172.0 
0.0 18.0 16.0 44.0 275.0 
0.0 41.0 2.0 19.0 75.0 
0.0 13.0 22.0 41.0 330.0 
0.0 30.0 6.0 39.0 172.0 
0.0 36.0 7.0 16.0 121.0 
0.0 36.0 7.0 16.0 121.0 
0.0 34.0 8.0 19.0 139.0 
0.0 30.0 6.0 39.0 172.0 
0.0 23.0 9.0 58.0 230.0 
0.0 23.0 9.0 58.0 230.0 
0.0 32.0 5.0 38.0 147.0 
0.0 23.0 15.0 29.0 241.0 
0.0 21.0 15.0 35.0 254.0 
0.0 32.0 5.0 38.0 147.0 
0.0 32.0 5.0 38.0 147.0 
0.0 16.0 14.0 67.0 286.0 
0.0 23.0 9.0 58.0 230.0 
0.0 36.0 10.0 9.0 121.0 
0.0 23.0 9.0 58.0 230.0 
0.0 36.0 10.0 9.0 121.0 
0.0 36.0 10.0 9.0 121.0 
0.0 23.0 9.0 58.0 230.0 
0.0 23.0 9.0 58.0 230.0 
0.0 32.0 5.0 38.0 147.0 
0.0 32.0 5.0 38.0 147.0 
0.0 44.0 3.0 9.0 55.0 
0.0 35.0 7.0 19.0 127.0 
0.0 36.0 4.0 27.0 120.0 
0.0 36.0 4.0 27.0 120.0 
0.0 16.0 14.0 67.0 286.0 
0.0 25.0 7.0 67.0 211.0 
0.0 12.0 22.0 45.0 335.0 
0.0 34.0 8.0 19.0 139.0 
0.0 35.0 7.0 19.0 127.0 
0.0 30.0 6.0 39.0 172.0 
0.0 30.0 6.0 39.0 172.0 
0.0 35.0 7.0 19.0 127.0 
0.0 25.0 14.0 25.0 226.0 
0.0 21.0 15.0 35.0 254.0 
0.0 30.0 9.0 27.0 172.0 
0.0 16.0 14.0 67.0 286.0 
0.0 36.0 10.0 9.0 121.0 
0.0 36.0 10.0 9.0 121.0 
0.0 35.0 7.0 19.0 127.0 
0.0 23.0 16.0 27.0 245.0 
0.0 38.0 8.0 9.0 102.0 
0.0 38.0 8.0 9.0 102.0 
0.0 38.0 8.0 9.0 102.0 
0.0 38.0 8.0 9.0 102.0 
0.0 38.0 8.0 9.0 102.0 
0.0 19.0 19.0 31.0 279.0 
0.0 33.0 10.0 16.0 150.0 
~~~
58.043
