1000000000000000010000000001111001000000000000000
1111110111111110111101111101111011000001110111001
1111111110000000011101110101111011011011100100000
1000000000000000010000110111100000000000000000000
1000000000000000011101110101111011000000000000000
1111111110111110010000000001111111111011100100000
1111111000000000010000000001111111111011100100000
1111111000000000010000000001111111111011100100000
1111110111111110111101111111111001000001111111001
1111111111000000011101110101111011000001100100000
1111110111000000011101111111111001000000000011001
1000000000000000010000110011100000000000000000000
1111111000111111010000000001111111111011100100000
1111111110111110010000000001111111111011100100000
1111110111111110111101111111111001000000000011001
1000000000000000010000110011100000000000000000000
1111111110000000011101110101111011011011100100000
1111111110000000011101110101111011011011100100000
1111110000000000010000000001111001000000000000000
1111111111000000011101110101111011000001100100000
1111110110000000011101110101111001000000000000000
1111111110000000011101110101111011011011100100000
1111111111111111111110111111111111111011111111001
1111111111000000011101110101111011000001100100000
1000000000000000010000110011100000000000000000000
1111111111000000011101110101111001000001110100000
1000000000000000011101110101111011000000000000000
1111111000000000010000000001111111111011100100000
1000000000000000011101111111100000000000000011001
1111110111000000011101111111111001000000000011001
1111111110000000011101110101111011000000000000000
1111110111000000011101111111111001000000000011001
1000000000000000010000110011100000000000000000000
1111110111000000011101111111111001000000000011001
1000000000000000010000110011100000000000000000000
1000000000000000010000110111100000000000000000000
1111110111000000011101111111111001000000000011001
1111111111000000010000000001111011000001100100000
1111111110000000011101110101111011011011100100000
1111111000111111010000000001111111111011100100000
1111110110000000011101111111111001000000000011001
1111110110000000011101110111111001000000000011001
1111111111000000010000000001111011000000000000000
1000000000000000011101110111100000000000000011001
1111110000000000010000000001111001000000000000000
1111110111000000011101110101111011000000000000000
1111111110111110010000000001111111111011100100000
1000000000000000011101110101111011000000000000000
1111111000111111010000000001111111111011100100000
1000000000000000010000110111100000000000000000000
1111110111000000011101111111111011000001111011001
1111111111000000010000000001111011000001100100000
1111111000111111010000000001111111111011100100000
1111110000000000010000000001111001000000000000000
1111110000000000010000000001111001000000000000000
1111110111000000011101111111111011000001111011001
1111111000000000010000000001111011000001100100000
1111111110000000011101110101111011000000000000000
1000000000000000011101110111111011000000000000000
1111110111000000011101111111111011000000000011001
1000000000000000011101110111111011000000000000000
1111111110000000011101110101111011000000000000000
1100000000000000010000000001100000000000000000000
1111111111000000010000000001111011000001100100000
1111111111000000011101110101111011000001100100000
1000000000000000011101110111111011000000000000000
1111111111000000010000000001111011000001100100000
1111110111111110111101111111111011011011111111001
1000000000000000010000000001100000000000000000000
1111111110000000010000000001111011111011100100000
1111100000000000011101110111100000000000000011001
1111110111111110111101111101111011000001110111001
1111110111000000011101111111111011000001111011001
1111111110000000010000000001111011111011100100000
1111000000000000011101110111100000000000000011001
1111111111111110111101110101111011000001100100000
1111110111111110111101111111111001000000000011001
1111111000000000010000000001111011100001100100000
1111111111000000010000000001111011000001100100000
1111111111111111111110111111111111011011100100000
1111111110000000010000000001111011000001100100000
1111111111000000011101110101111011000000000000000
1111111111111110111101111111111011011011111111001
1111111111111110111101111111111011000001111111001
1111111000000000010000000001111011000001100100000
1111111111000000011101110101111011000001100100000
1111110110000000011101110111111001000000000011001
1111110110000000010000000001111011000000000000000
1111110111000000011101111111111011000001110011001
1111111000000000010000000001111111111011100100000
1000000000000000010000000001100000000000000000000
1111111000000000010000000001111011000001100100000
1000000000000000011101110101100000000000000000000
1111111110111111111110110101111111111011100100000
1111111110000000010000000001111011111011100100000
1111111111000000010000000001111011111011100100000
1111111110111110111110110101111111111011100100000
1111111110111111111110110101111111111011100100000
1111111000000000010000000001111011000001100100000
1111111110111111111110110101111111111011100100000
1111111000000000010000000001111011100001100100000
1111111000000000010000000001111011000001100100000
1000000000000000011101110101100000000000000000000
1000000000000000011101111111100000000000000000000
1000000000000000011101110101100000000000000000000
1111111111111111111110110101111111111011100100000
1111111111000000010000000001111011111011100100000
1000000000000000011101110111111001000000000011001
1111111000000000010000000001111011000001100100000
1111111111111111111110110101111111111011100100000
1111111111111110111101111111111011011011100100000
1000000000000000011101110101100000000000000000000
1111111111111110111101111111111011011011111111001
1111111111111110111101111111111011011011111111001
1000000000000000011101110101100000000000000000000
1000000000000000010000000001111111000000000000000
1111111111111110111101111111111011011011111111001
1000000000000000010000000001100000000000000000000
1111110111111110111101111111111001000001111111001
1111110111000000011101111111111011000001110011001
1000000000000000010000000001111111000000000000000
1111111111000000010000000001111011111011100100000
1111110110000000011101110101111011000000000000000
1111110111000000011101111111111011000001110111001
1000000000000000011101110101100000000000000011001
1111111000111110010000000001111111111011100100000
1000000000000000011101110111111001000000000011001
1111111110000000010000000001111011000001100100000
1000000000000000011101111111111011000000000000000
1111111111111110111101111111111011000001111111001
1111111111111110111101111111111011000001111111001
1000000000000000010000000001111001000000000000000
1111110110000000011101111111111001000000000011001
1111111110000000010000000001111011000001100100000
1111111000000000010000000001111011000000000000000
1111111000000000010000000001111011000000000000000
1111111000000000010000000001111011000000000000000
1000000000000000010000000001111001000000000000000
1000000000000000010000000001111001000000000000000
1000000000000000010000000001111011000000000000000
1000000000000000010000000001111011000000000000000
1111110111000000010000000001111011000000000000000
1111111111111110111101110111111011000001100100000
1000000000000000011101110101100000000000000000000
1000000000000000010000000001111111111011100100000
1111111110111110011110000001111011011011110000000
1111111111111110111101111111111011000001111111001
1111111110000000010000000001111011000001100100000
1111111000000000010000000001111011000000000000000
1000000000000000010000000001100000000000000000000
1111111000000000010000000001111011000000000000000
1000000000000000011101110101100000000000000000000
1000000000000000010000000001100000000000000000000
1111111111000000011101110101111011000000000000000
1000000000000000010000000001100000000000000000000
1000000000000000010000000001100000000000000000000
1000000000000000010000000001111111111011100100000
1100000000000000010000000001100000000000000000000
1000000000000000010000000001111111111011100100000
1000000000000000010000000001100000000000000000000
1000000000000000010000000001100000000000000000000
1000000000000000010000000001111011000000000000000
1111111000000000010000000001111011000000000000000
1000000000000000011101110101100000000000000000000
1111111110111110011110000001111011011011110000000
1111111110000000010000000001111011000000000000000
1111111110111110010000000001111111111011100100000
1000000000000000010000000001111001000000000000000
1100010000000000010000000001100000000000000000000
1111110111000000011101111111111011000000000000000
1000000000000000010000000001111011000001100100000
1111110110000000010000000001111011000000000000000
1111110111000000011101111111111011000000000011001
1100010000000000010000000001111011000000000000000
1111111111111111111110111111111111011011111111001
1100000000000000010000000001100000000000000000000
1000000000000000011101110101100000000000000000000
1111111111111111111110111111111111111011111111001
1111110111000000011101111111111011000001100100000
1111110110000000011101110111100000000000000011001
1000000000000000010000000001111011000001100100000
1000000000000000010000000001111011000001100100000
1000000000000000011101110111111011000000000000000
1111111111000000010000000001111011111011100100000
1111110111000000011101110111111011000000000000000
1000000000000000010000000001111011000001100100000
1100010000000000010000000001100000000000000000000
1111110111000000011101110111111011000000000000000
1000000000000000010000000001111011000001100100000
1111110110000000011101110111100000000000000011001
1111110111000000011101111111111011000001100100000
1000000000000000010000000001111011000001100100000
1111110111000000011101110111111011000000000000000
1111111111111111111110111111111111011011111111001
1000000000000000010000000001111011000001100100000
1000000000000000010000000001100000000000000000000
1111111000111110010000000001111111111011100100000
1000000000000000010000000001100000000000000000000
1100010000000000010000000001100000000000000000000
1000000000000000010000000001100000000000000000000
1111110110000000011101110111100000000000000011001
1111110111000000011101111111111011000000000011001
1111110110000000011101110101111001000000000000000
1000000000000000010000000001100000000000000000000
1111100000000000011101110111100000000000000011001
1100010000000000010000000001100000000000000000000
1111110110000000011101110111100000000000000011001
1111111111111110111101110111111011000001100100000
1111110111000000011101110101111011000001110111001
1111100000000000011101110111100000000000000011001
1111111000000000010000000001111011111011100100000
1000000000000000011101110101100000000000000011001
1111110110000000011101110111100000000000000011001
1111110110000000011101110111100000000000000011001
1111110110000000011101110101111011000000000000000
1111110111000000011101110101111001000000000000000
1111111000000000010000000001111011111011100100000
1111110000000000011101110101111001000000000000000
1111000000000000011101110111100000000000000011001
1111110000000000011101110101111001000000000000000
1111110000000000011101110101111001000000000000000
1111110000000000011101110101111001000000000000000
1111110000000000011101110101111001000000000000000
1111111000000000010000000001111011111011100100000
1111000000000000011101110111100000000000000011001
1111111000000000010000000001111011111011100100000
1111111110000000010000000001111111111011100100000
1111110110000000010000000001111011000001100100000
1111111110000000010000000001111011000000000000000
1111111110000000011101110101111011011010000000000
1111000000000000011101110111100000000000000011001
1111110111000000011101111111111011000001110011001
1111110110000000010000000001111011000000000000000
1111110110000000010000000001111011000000000000000
1000000000000000010000000001100000000000000000000
1000000000000000010000000001100000000000000000000
1111111110111110111110110101111111111011100100000
1111110111111110111101111111111011011011111111001
1000000000000000011101111111100000000000000000000
1000000000000000011101110111100000000000000011001
1000000000000000011101110111100000000000000011001
1000000000000000011101110111100000000000000011001
1000000000000000011101111111100000000000000011001
1000000000000000011101110111100000000000000000000
1000000000000000011101110111100000000000000000000
1000000000000000011101110111100000000000000000000
1111110110000000010000000001111011000001100100000
1111110111111110111101111111111011000001110111001
1000000000000000011101111111100000000000000011001
1000000000000000011101110101100000000000000011001
1000000000000000011101110111100000000000000000000
1000000000000000011101111111100000000000000011001
1000000000000000011101111111100000000000000011001
1000000000000000011101110111100000000000000000000
1111110111111110111101111111111011000001110111001
1111111000111110010000000001111111111011100100000
1111110111111110111101111111111011000001110111001
1000000000000000010000000001100000000000000000000
1111110000000000010000000001111011000000000000000
1000000000000000010000000001100000000000000000000
1000000000000000010000000001100000000000000000000
1111111111111110111101110111111011000001100100000
1000000000000000011101110111111001000000000011001
1000000000000000011101110101111001000000000000000
1111111111111110111101111111111011011011100100000
1111110111110110111101111101111011000001100111001
1100010000000000010000000001111011000000000000000
1111111111111110111101111111111011011011100100000
1100010000000000010000000001111011000000000000000
1111110111110110111101111101111011000001100111001
1100010000000000010000000001111011000000000000000
1111111111111110111101110101111011000001100111001
1000000000000000010000000001111001000000000000000
1000000000000000010000000001111001000000000000000
1000000000000000011101110101111001000000000000000
1111111111000000011101110101111011000001110111001
1111110111111110111101111101111011000001110111001
1000000000000000011101110101111001000000000000000
1000000000000000011101110101111001000000000000000
1111111111000000011101110101111011000001110111001
1000000000000000010000000001111011000000000000000
1000000000000000010000000001111011000000000000000
1000000000000000011101111111100000000000000000000
1111110111000000011101111111111011000001110111001
1111111110000000011101110101111011011010000000000
1111110110000000010000000001111011000001100100000
1000000000000000010000000001111011000000000000000
1000000000000000010000000001111011000000000000000
1000000000000000010000000001111011000000000000000
1111111111111110111101110101111011000001100100000
1111111111111110111101110101111011000001100100000
1000000000000000010000000001111011000000000000000
1111110000000000010000000001111011000000000000000
1111110000000000010000000001111011000000000000000
1111110000000000011101110111100000000000000011001
1000000000000000011101110101111001000000000000000
1111111111111110111101110101111011000001100100000
1111110110000000011101110101111001000000000000000
1111110110000000011101110101111001000000000000000
1111110110000000011101110101111001000000000000000
~~~
0.0 42.0 2.0 16.0 69.0 
0.0 13.0 21.0 44.0 326.0 
0.0 21.0 12.0 51.0 244.0 
0.0 41.0 6.0 9.0 75.0 
0.0 35.0 7.0 19.0 127.0 
0.0 20.0 10.0 76.0 255.0 
0.0 27.0 6.0 66.0 186.0 
0.0 27.0 6.0 66.0 186.0 
0.0 12.0 23.0 41.0 341.0 
0.0 23.0 12.0 39.0 230.0 
0.0 23.0 16.0 25.0 248.0 
0.0 42.0 5.0 9.0 68.0 
0.0 21.0 9.0 80.0 241.0 
0.0 20.0 10.0 76.0 255.0 
0.0 17.0 20.0 34.0 298.0 
0.0 42.0 5.0 9.0 68.0 
0.0 21.0 12.0 51.0 244.0 
0.0 21.0 12.0 51.0 244.0 
0.0 37.0 4.0 24.0 114.0 
0.0 23.0 12.0 39.0 230.0 
0.0 29.0 10.0 25.0 191.0 
0.0 21.0 12.0 51.0 244.0 
0.0 4.0 24.0 81.0 399.0 
0.0 23.0 12.0 39.0 230.0 
0.0 42.0 5.0 9.0 68.0 
0.0 23.0 13.0 36.0 234.0 
0.0 35.0 7.0 19.0 127.0 
0.0 27.0 6.0 66.0 186.0 
0.0 34.0 12.0 9.0 143.0 
0.0 23.0 16.0 25.0 248.0 
0.0 27.0 10.0 32.0 202.0 
0.0 23.0 16.0 25.0 248.0 
0.0 42.0 5.0 9.0 68.0 
0.0 23.0 16.0 25.0 248.0 
0.0 42.0 5.0 9.0 68.0 
0.0 41.0 6.0 9.0 75.0 
0.0 23.0 16.0 25.0 248.0 
0.0 29.0 7.0 39.0 178.0 
0.0 21.0 12.0 51.0 244.0 
0.0 21.0 9.0 80.0 241.0 
0.0 24.0 15.0 25.0 242.0 
0.0 25.0 14.0 25.0 230.0 
0.0 32.0 6.0 32.0 156.0 
0.0 35.0 11.0 9.0 131.0 
0.0 37.0 4.0 24.0 114.0 
0.0 27.0 11.0 28.0 203.0 
0.0 20.0 10.0 76.0 255.0 
0.0 35.0 7.0 19.0 127.0 
0.0 21.0 9.0 80.0 241.0 
0.0 41.0 6.0 9.0 75.0 
0.0 18.0 19.0 33.0 287.0 
0.0 29.0 7.0 39.0 178.0 
0.0 21.0 9.0 80.0 241.0 
0.0 37.0 4.0 24.0 114.0 
0.0 37.0 4.0 24.0 114.0 
0.0 18.0 19.0 33.0 287.0 
0.0 32.0 5.0 38.0 147.0 
0.0 27.0 10.0 32.0 202.0 
0.0 34.0 8.0 19.0 137.0 
0.0 22.0 16.0 28.0 254.0 
0.0 34.0 8.0 19.0 137.0 
0.0 27.0 10.0 32.0 202.0 
0.0 44.0 3.0 9.0 55.0 
0.0 29.0 7.0 39.0 178.0 
0.0 23.0 12.0 39.0 230.0 
0.0 34.0 8.0 19.0 137.0 
0.0 29.0 7.0 39.0 178.0 
0.0 8.0 24.0 56.0 367.0 
0.0 45.0 2.0 9.0 40.0 
0.0 26.0 7.0 58.0 206.0 
0.0 31.0 13.0 14.0 171.0 
0.0 13.0 21.0 44.0 326.0 
0.0 18.0 19.0 33.0 287.0 
0.0 26.0 7.0 58.0 206.0 
0.0 32.0 13.0 12.0 160.0 
0.0 17.0 16.0 48.0 280.0 
0.0 17.0 20.0 34.0 298.0 
0.0 31.0 5.0 45.0 161.0 
0.0 29.0 7.0 39.0 178.0 
0.0 10.0 19.0 74.0 335.0 
0.0 30.0 6.0 39.0 172.0 
0.0 26.0 11.0 32.0 208.0 
0.0 7.0 24.0 60.0 372.0 
0.0 10.0 23.0 48.0 352.0 
0.0 32.0 5.0 38.0 147.0 
0.0 23.0 12.0 39.0 230.0 
0.0 25.0 14.0 25.0 230.0 
0.0 34.0 5.0 28.0 145.0 
0.0 19.0 18.0 33.0 276.0 
0.0 27.0 6.0 66.0 186.0 
0.0 45.0 2.0 9.0 40.0 
0.0 32.0 5.0 38.0 147.0 
0.0 39.0 7.0 9.0 92.0 
0.0 12.0 16.0 81.0 321.0 
0.0 26.0 7.0 58.0 206.0 
0.0 25.0 8.0 58.0 212.0 
0.0 13.0 16.0 76.0 310.0 
0.0 12.0 16.0 81.0 321.0 
0.0 32.0 5.0 38.0 147.0 
0.0 12.0 16.0 81.0 321.0 
0.0 31.0 5.0 45.0 161.0 
0.0 32.0 5.0 38.0 147.0 
0.0 39.0 7.0 9.0 92.0 
0.0 37.0 9.0 9.0 114.0 
0.0 39.0 7.0 9.0 92.0 
0.0 11.0 17.0 81.0 327.0 
0.0 25.0 8.0 58.0 212.0 
0.0 32.0 11.0 16.0 160.0 
0.0 32.0 5.0 38.0 147.0 
0.0 11.0 17.0 81.0 327.0 
0.0 12.0 19.0 60.0 322.0 
0.0 39.0 7.0 9.0 92.0 
0.0 7.0 24.0 60.0 372.0 
0.0 7.0 24.0 60.0 372.0 
0.0 39.0 7.0 9.0 92.0 
0.0 40.0 2.0 28.0 80.0 
0.0 7.0 24.0 60.0 372.0 
0.0 45.0 2.0 9.0 40.0 
0.0 12.0 23.0 41.0 341.0 
0.0 19.0 18.0 33.0 276.0 
0.0 40.0 2.0 28.0 80.0 
0.0 25.0 8.0 58.0 212.0 
0.0 28.0 10.0 28.0 197.0 
0.0 18.0 18.0 35.0 286.0 
0.0 36.0 10.0 9.0 121.0 
0.0 22.0 9.0 75.0 230.0 
0.0 32.0 11.0 16.0 160.0 
0.0 30.0 6.0 39.0 172.0 
0.0 33.0 9.0 19.0 149.0 
0.0 10.0 23.0 48.0 352.0 
0.0 10.0 23.0 48.0 352.0 
0.0 42.0 2.0 16.0 69.0 
0.0 24.0 15.0 25.0 242.0 
0.0 30.0 6.0 39.0 172.0 
0.0 35.0 4.0 31.0 125.0 
0.0 35.0 4.0 31.0 125.0 
0.0 35.0 4.0 31.0 125.0 
0.0 42.0 2.0 16.0 69.0 
0.0 42.0 2.0 16.0 69.0 
0.0 41.0 2.0 19.0 75.0 
0.0 41.0 2.0 19.0 75.0 
0.0 33.0 6.0 28.0 151.0 
0.0 16.0 17.0 48.0 290.0 
0.0 39.0 7.0 9.0 92.0 
0.0 33.0 4.0 54.0 136.0 
0.0 19.0 13.0 58.0 260.0 
0.0 10.0 23.0 48.0 352.0 
0.0 30.0 6.0 39.0 172.0 
0.0 35.0 4.0 31.0 125.0 
0.0 45.0 2.0 9.0 40.0 
0.0 35.0 4.0 31.0 125.0 
0.0 39.0 7.0 9.0 92.0 
0.0 45.0 2.0 9.0 40.0 
0.0 26.0 11.0 32.0 208.0 
0.0 45.0 2.0 9.0 40.0 
0.0 45.0 2.0 9.0 40.0 
0.0 33.0 4.0 54.0 136.0 
0.0 44.0 3.0 9.0 55.0 
0.0 33.0 4.0 54.0 136.0 
0.0 45.0 2.0 9.0 40.0 
0.0 45.0 2.0 9.0 40.0 
0.0 41.0 2.0 19.0 75.0 
0.0 35.0 4.0 31.0 125.0 
0.0 39.0 7.0 9.0 92.0 
0.0 19.0 13.0 58.0 260.0 
0.0 33.0 5.0 32.0 150.0 
0.0 20.0 10.0 76.0 255.0 
0.0 42.0 2.0 16.0 69.0 
0.0 43.0 3.0 12.0 60.0 
0.0 25.0 13.0 28.0 225.0 
0.0 38.0 3.0 26.0 97.0 
0.0 34.0 5.0 28.0 145.0 
0.0 22.0 16.0 28.0 254.0 
0.0 39.0 3.0 22.0 95.0 
0.0 5.0 24.0 74.0 385.0 
0.0 44.0 3.0 9.0 55.0 
0.0 39.0 7.0 9.0 92.0 
0.0 4.0 24.0 81.0 399.0 
0.0 22.0 14.0 35.0 247.0 
0.0 28.0 14.0 18.0 201.0 
0.0 38.0 3.0 26.0 97.0 
0.0 38.0 3.0 26.0 97.0 
0.0 34.0 8.0 19.0 137.0 
0.0 25.0 8.0 58.0 212.0 
0.0 26.0 12.0 28.0 213.0 
0.0 38.0 3.0 26.0 97.0 
0.0 43.0 3.0 12.0 60.0 
0.0 26.0 12.0 28.0 213.0 
0.0 38.0 3.0 26.0 97.0 
0.0 28.0 14.0 18.0 201.0 
0.0 22.0 14.0 35.0 247.0 
0.0 38.0 3.0 26.0 97.0 
0.0 26.0 12.0 28.0 213.0 
0.0 5.0 24.0 74.0 385.0 
0.0 38.0 3.0 26.0 97.0 
0.0 45.0 2.0 9.0 40.0 
0.0 22.0 9.0 75.0 230.0 
0.0 45.0 2.0 9.0 40.0 
0.0 43.0 3.0 12.0 60.0 
0.0 45.0 2.0 9.0 40.0 
0.0 28.0 14.0 18.0 201.0 
0.0 22.0 16.0 28.0 254.0 
0.0 29.0 10.0 25.0 191.0 
0.0 45.0 2.0 9.0 40.0 
0.0 31.0 13.0 14.0 171.0 
0.0 43.0 3.0 12.0 60.0 
0.0 28.0 14.0 18.0 201.0 
0.0 16.0 17.0 48.0 290.0 
0.0 20.0 16.0 35.0 264.0 
0.0 31.0 13.0 14.0 171.0 
0.0 28.0 6.0 57.0 181.0 
0.0 36.0 10.0 9.0 121.0 
0.0 28.0 14.0 18.0 201.0 
0.0 28.0 14.0 18.0 201.0 
0.0 28.0 10.0 28.0 197.0 
0.0 28.0 11.0 25.0 197.0 
0.0 28.0 6.0 57.0 181.0 
0.0 31.0 9.0 24.0 166.0 
0.0 32.0 13.0 12.0 160.0 
0.0 31.0 9.0 24.0 166.0 
0.0 31.0 9.0 24.0 166.0 
0.0 31.0 9.0 24.0 166.0 
0.0 31.0 9.0 24.0 166.0 
0.0 28.0 6.0 57.0 181.0 
0.0 32.0 13.0 12.0 160.0 
0.0 28.0 6.0 57.0 181.0 
0.0 25.0 7.0 67.0 211.0 
0.0 31.0 6.0 35.0 167.0 
0.0 33.0 5.0 32.0 150.0 
0.0 24.0 11.0 44.0 222.0 
0.0 32.0 13.0 12.0 160.0 
0.0 19.0 18.0 33.0 276.0 
0.0 34.0 5.0 28.0 145.0 
0.0 34.0 5.0 28.0 145.0 
0.0 45.0 2.0 9.0 40.0 
0.0 45.0 2.0 9.0 40.0 
0.0 13.0 16.0 76.0 310.0 
0.0 8.0 24.0 56.0 367.0 
0.0 37.0 9.0 9.0 114.0 
0.0 35.0 11.0 9.0 131.0 
0.0 35.0 11.0 9.0 131.0 
0.0 35.0 11.0 9.0 131.0 
0.0 34.0 12.0 9.0 143.0 
0.0 38.0 8.0 9.0 102.0 
0.0 38.0 8.0 9.0 102.0 
0.0 38.0 8.0 9.0 102.0 
0.0 31.0 6.0 35.0 167.0 
0.0 12.0 22.0 44.0 336.0 
0.0 34.0 12.0 9.0 143.0 
0.0 36.0 10.0 9.0 121.0 
0.0 38.0 8.0 9.0 102.0 
0.0 34.0 12.0 9.0 143.0 
0.0 34.0 12.0 9.0 143.0 
0.0 38.0 8.0 9.0 102.0 
0.0 12.0 22.0 44.0 336.0 
0.0 22.0 9.0 75.0 230.0 
0.0 12.0 22.0 44.0 336.0 
0.0 45.0 2.0 9.0 40.0 
0.0 36.0 4.0 27.0 120.0 
0.0 45.0 2.0 9.0 40.0 
0.0 45.0 2.0 9.0 40.0 
0.0 16.0 17.0 48.0 290.0 
0.0 32.0 11.0 16.0 160.0 
0.0 36.0 7.0 16.0 121.0 
0.0 12.0 19.0 60.0 322.0 
0.0 15.0 20.0 41.0 307.0 
0.0 39.0 3.0 22.0 95.0 
0.0 12.0 19.0 60.0 322.0 
0.0 39.0 3.0 22.0 95.0 
0.0 15.0 20.0 41.0 307.0 
0.0 39.0 3.0 22.0 95.0 
0.0 14.0 19.0 48.0 309.0 
0.0 42.0 2.0 16.0 69.0 
0.0 42.0 2.0 16.0 69.0 
0.0 36.0 7.0 16.0 121.0 
0.0 19.0 16.0 39.0 269.0 
0.0 13.0 21.0 44.0 326.0 
0.0 36.0 7.0 16.0 121.0 
0.0 36.0 7.0 16.0 121.0 
0.0 19.0 16.0 39.0 269.0 
0.0 41.0 2.0 19.0 75.0 
0.0 41.0 2.0 19.0 75.0 
0.0 37.0 9.0 9.0 114.0 
0.0 18.0 18.0 35.0 286.0 
0.0 24.0 11.0 44.0 222.0 
0.0 31.0 6.0 35.0 167.0 
0.0 41.0 2.0 19.0 75.0 
0.0 41.0 2.0 19.0 75.0 
0.0 41.0 2.0 19.0 75.0 
0.0 17.0 16.0 48.0 280.0 
0.0 17.0 16.0 48.0 280.0 
0.0 41.0 2.0 19.0 75.0 
0.0 36.0 4.0 27.0 120.0 
0.0 36.0 4.0 27.0 120.0 
0.0 30.0 13.0 17.0 176.0 
0.0 36.0 7.0 16.0 121.0 
0.0 17.0 16.0 48.0 280.0 
0.0 29.0 10.0 25.0 191.0 
0.0 29.0 10.0 25.0 191.0 
0.0 29.0 10.0 25.0 191.0 
~~~
37.794
