1111111111111111111110111111111011011011110100000
1111111111000000011110110011111011111011100100000
1111010110000000011101111111111011000001101111001
1111010110000000011101111111111011000001101111001
1111111111111110111101111111111011000000000011001
1111111000000000010000000001111011000000000000000
1111010110000000011101111111100000000000000011001
1111111111111111111110111111111111111011111100000
1000000000000000010000000001111011000000000000000
1111111000000000010000000001111011000000000000000
1000000000000000010000000001111011000000000000000
1111111111000000011110000001111111111011100100000
1111111000000000010000000001111011000000000000000
1000000000000000010000000001111011000000000000000
1111111111000000011101110111111011000001110100000
1000000000000000010000000001111011000000000000000
1111111000000000010000000001111011000000000000000
1000000000000000010000000001111011000000000000000
1100000000000000011101110111100000000000000011001
1111000000000000011101110101100000000000000011001
1111111111111110111101111111111011011011111111001
1000000000000000011101110111100000000000000000000
1100000000000000011101110111100000000000000011001
1000000000000000010000000001111001000000000000000
1111111111110110111101111111111011000001111011001
1111111111000000010000000001111111011011100100000
1111111111111110111101111111111011011011111111001
1111111111111110111101111111111011011011111111001
1111111111110110111101111111111011000001111011001
1111111111111111111110110011111011111011100100000
1000000000000000010000000001111011000000000000000
1111000000000000011101110111100000000000000011001
1111111111000000010000000001111111011011100100000
1000000000000000010000000001111001000000000000000
1111111000000000010000000001111011000001100100000
1111010110000000011101111111100000000000000011001
1000000000000000010000000001111011000000000000000
1111111111111111111110111111111011011011110100000
1111111111111110111101111111111011011011111111001
1111111111111111111110110011111011111011100100000
1111111110000000010000000001111111111011100100000
1111111111111111110000000001111011011011100100000
1111010110000000011101110111111011000000000000000
1111010110000000011101111111111011000001111111001
1000000000000000011101110101111001000000000000000
1000000000000000010000000001111011000000000000000
1111111111000000011101111111111011000001110100000
1111111110000000011101110111111011000000000000000
1000000000000000011101111111100000000000000000000
1111111110000000011101110111100000000000000011001
1111111111000000011101110111111011000000000000000
1111111000000000010000000001111011000001100100000
1000000000000000010000000001111001000000000000000
1111111111000000011101110111111011000001100100000
1111111111000000011101110111111011000000000000000
1111110111111110111101111111111011011011111111001
1111111111111110111101111111111011000001111111001
1000000000000000010000000001111001000000000000000
1111111111111110111101111111111011011011111111001
1111111111111111111110111111111111111011111111001
1111111111111110111101111101111011000001110100000
1111111000000000010000000001111011000000000000000
1111111111000000011101110111111011000000000000000
1111111111000000011101110111111011000000000000000
1111111110000000011101110111111011000000000000000
1000000000000000010000000001111011000001100100000
1111111000000000010000000001111011000000000000000
1111010110000000011101111111100000000001111111001
1111111110000000011101110111111011000001100100000
1111111111111110111101111111111011000000000011001
1111111111111110111101111111111011000000000011001
1000000000000000010000000001100000000000000000000
1000000000000000011101111111100000000000000000000
1000000000000000010000000001111001000000000000000
1000000000000000011101111111100000000000000000000
1000000000000000010000000001100000000000000000000
1000000000000000010000000001111011000000000000000
1000000000000000010000000001100000000000000000000
1111111110000000010000000001111011011011100100000
1111111111000000011101110111111011000001110100000
1000000000000000010000000001100000000000000000000
1111111111111111111110111111111111111011111100000
1111111111000000010000000001111011000001110100000
1000000000000000010000000001111001000001100100000
1000000000000000010000000001111001000001100100000
1111111110000000010000000001111011000001100100000
1111010110000000011101111111100000000000000011001
1000000000000000010000000001111011000001100100000
1000000000000000010000000001111011000001100100000
1000000000000000010000000001111011000001100100000
1111111110000000010000000001111011011011100100000
1111111110000000010000000001111011011011100100000
1000000000000000010000000001100000000000000000000
1111010110000000011101111111100000000000000011001
1111110110110110111101111111100000000001111011001
1000000000000000010000000001100000000000000000000
1111110110110110111101111111100000000001111011001
1111111111111111110000000001111011000001100100000
1111011000000000010000000001111011000000000000000
1111110110000000011101110101100000000000000000000
1111110110000000010000000001111001000000000000000
1111111111000000010000000001111011000001110100000
1111111111000000011110000001111111111011100100000
1111110110000000011101110111100000000000000000000
1111110000000000010000000001111011000001100100000
1111011000000000010000000001111011000000000000000
1111111000000000010000000001111011000001100100000
1111110110110110111101111111100000000001111011001
1111111000000000010000000001111011000001100100000
1111111000000000010000000001111011000001100100000
1111111111111111111110111111111111111011111111001
1111111111111111111110111111111111111011111111001
1111111111111110111101111111111011000001110100000
1000000000000000010000000001100000000000000011001
1111111111111111111110111111111111111011111111001
1111111000000000010000000001111011000001100100000
1111111110000000011101110111100000000000000011001
1111010110000000011101111111100000000001111111001
1111111111000000010000000001111011000001100100000
1000000000000000010000000001111001000000000000000
1111111111000000010000000001111011000001100100000
1000000000000000011101110101100000000000000011001
1000000000000000010000000001111001000000000000000
1111000000000000011101111111100000000001111111001
1111111000000000010000000001111011000000000000000
1000000000000000010000000001100000000000000011001
1000000000000000010000110111100000000000000000000
1000000000000000010000000001111001000000000000000
1111010000000000011101110101111001000000000000000
1000000000000000011101110111100000000000000011001
1111000000000000011101111111100000000001111111001
1000000000000000011101111111100000000001111111001
1111000000000000011101111111100000000001111111001
1000000000000000010000110111100000000000000000000
1000000000000000010000110111100000000000000000000
1000000000000000010000000001100000000000000011001
1111110110000000011101110111111011000001100100000
1111000000000000011101110111100000000000000011001
1111010000000000011101110101111001000000000000000
1111010110000000011101111111100000000000000011001
1111000000000000011101110111100000000000000011001
1111111111000000010000000001111011000001100100000
1111100000000000011101111111100000000001111111001
1111110111000000010000000001111011000000000000000
1111111000111111010000000001111111011011100100000
1111000000000000011101110111100000000000000011001
1100000000000000010000000001100000000000000000000
1111000000000000011101110111100000000000000011001
1111111111000000011101110111111011000001110100000
1000000000000000010000000001111011000001100100000
1000000000000000011101110101111001000000000000000
1000000000000000011101110101111001000000000000000
1111111111111110111101111111111011000001110100000
1000000000000000011101110111111011000000000000000
1111111110000000010000000001111011111011100100000
1111110110110110111101111111100000000001111111001
1111111111111111110000000001111111111011110100000
1000000000000000011101110101100000000000000011001
1111110110110110111101111111100000000001111111001
1111111110000000010000000001111011000001100100000
1111011000000000010000000001111011000001100100000
1000000000000000010000000001111011000001100100000
1111111000111111010000000001111111111011100100000
1111111000111111010000000001111111111011100100000
1111111111111110111101111101111011000001110100000
1000000000000000011101110111100000000000000011001
1111110110000000010000000001111011000001100100000
1111111111111110011101110101111111000001100100000
1000000000000000011101110111100000000000000011001
1111111111000000010000000001111011000001100100000
1111111111111110011101110101111111000001100100000
1111111111111110111101111101111011000001110100000
1111111111111111110000000001111011011011100100000
1111111111111110111101111111111011000001110100000
1111111111111110111101111101111011000001110100000
1000000000000000011101110111100000000000000011001
1111111111111111110000000001111011011011100100000
1111111110000000010000000001111011000001100100000
1111111000111111010000000001111111111011100100000
1000000000000000011101110101111001000000000000000
1000000000000000011101110101111001000000000000000
1000000000000000011101110101100000000000000011001
1000000000000000010000000001111011000001100100000
1111111111111110011101110101111111000001100100000
1111110110000000010000000001111011000000000000000
1111110000000000010000000001111001000000000000000
1111110110000000010000000001111011000001100100000
1000000000000000010000000001111001000001100100000
1111111000000000011101110101111001000000000000000
1000000000000000010000000001111001000001100100000
1111110110000000010000000001111011000001100100000
1111110000000000010000000001111001000000000000000
1000000000000000011101110111111011000000000000000
1000000000000000011101110111111011000000000000000
1111111110000000011101110101111001000000000000000
1000000000000000010000000001100000000000000011001
1000000000000000011101110111111011000000000000000
1000000000000000010000000001111111000001100100000
1111111111000000011101111111111011000001111100000
1000000000000000010000000001100000000000000011001
1111110000000000010000000001111001000000000000000
1111111110000000011101110101111001000000000000000
1111110110110110111101111111100000000000000011001
1000000000000000011101110111100000000000000011001
1111111110000000011101110101111001000000000000000
1000000000000000011101110111111011000000000000000
1111111111111110110000000001111011000001100100000
1000000000000000011101110101111001000000000000000
1111111111111111110000000001111111111011110100000
1100000000000000010000000001100000000000000000000
1111010110000000011101111111100000000001111111001
1000000000000000011101110101111001000000000011001
1100000000000000010000000001100000000000000000000
1100000000000000010000000001100000000000000000000
1111111111110110111101111111111011000001111011001
1111010110000000011101111111100000000001111111001
1000000000000000011101110101111001000000000011001
1111111000000000010000000001111111000001100100000
1111110110110110111101110111100000000001111111001
1111010110000000011101110101111001000000000000000
1000000000000000011101110101100000000000000000000
1111100000000000011101110111100000000000000011001
1111111000000000011101110101111001000000000000000
1111110110000000011101111111111011000001110100000
1111111111111110111101111111111011000001111111001
1111010110000000011101110101111001000000000000000
1000000000000000011101110101100000000000000000000
1000000000000000010000000001111011000000000000000
1000000000000000011101110111100000000000000000000
1000000000000000010000000001100000000000000000000
1000000000000000010000000001100000000000000000000
1000000000000000011101110101100000000000000000000
1111010110000000011101110111111011000000000000000
1000000000000000011101110111100000000000000000000
1111111111000000011101111111111011000001111100000
1111111110000000010000000001111011011011100100000
1000000000000000011101110111100000000000000000000
1111111110000000010000000001111011011011100100000
1111111111111110111101111111111011000001111111001
1000000000000000010000000001100000000000000000000
1000000000000000010000000001100000000000000000000
1000000000000000011101110111100000000000000000000
1111111111111110111101111111111011000001111111001
1000000000000000010000000001111111000001100100000
1000000000000000010000000001100000000000000000000
1111111111000000011101111111111011000001110100000
1111110110110110111101111111100000000000000011001
1000000000000000011101110101100000000000000000000
1111111111111110111101111111111011000001111111001
1000000000000000010000000001100000000000000000000
1111100000000000011101110111100000000000000011001
1111111110000000010000000001111111111011100100000
1111111000000000010000000001111111000001100100000
1111111111000000011101110101111001000000000000000
1111010110000000011101110101111001000000000000000
1111111111000000011101110111111011000001100100000
1111111111000000011101110101111001000000000000000
1111010110000000011101110101111001000000000000000
1111111000000000010000000001111111000001100100000
1111111000000000010000000001111111000001100100000
1000000000000000010000000001100000000000000000000
1111111110000000010000000001111111111011100100000
1000000000000000010000000001100000000000000000000
1111111111000000011101110111111011000001100100000
1111111110000000010000000001111111111011100100000
1000000000000000010000000001100000000000000000000
1111111111000000010000000001111011011011100100000
1111111111000000010000000001111011011011100100000
1111111111000000011101110111111011000001100100000
1111111110000000010000000001111011111011100100000
1111111000111111010000000001111111011011100100000
1111111000111111010000000001111111011011100100000
1111110110000000011101110111111011000001100100000
1111110110000000011101111111100000000000000000000
1111111111111110111101111101111011011011110100000
1111110110000000010000000001111011000000000000000
1111110110000000011101110111111011000001100100000
1111110110000000011101111111100000000001111111001
1111111000111111010000000001111111011011100100000
1111110111000000010000000001111011000000000000000
1000000000000000011101110101100000000000000000000
1000000000000000011101110101100000000000000000000
1000000000000000011101110101100000000000000000000
1000000000000000011101110101100000000000000000000
1111111111111110110000000001111011000001100100000
1000000000000000010000000001100000000000000000000
1000000000000000010000000001100000000000000000000
1100000000000000010000000001100000000000000000000
1000000000000000011101110101100000000000000000000
1000000000000000010000000001100000000000000000000
1000000000000000010000000001100000000000000000000
1111111111110110011101111101111011000001110100000
1111110110000000011101111111100000000001111111001
1111100000000000011101111111100000000001111111001
1111111111000000011101111111111011000001111100000
1111111111111111111110110011111011111011100100000
1111111111111111111110110011111011111011100100000
1000000000000000010000000001111011000001100100000
1111111111111111110000000001111111111011110100000
1111110110000000010000000001111011000000000000000
~~~
0.0 10.0 20.0 65.0 340.0 
0.0 19.0 13.0 58.0 264.0 
0.0 20.0 17.0 33.0 270.0 
0.0 20.0 17.0 33.0 270.0 
0.0 15.0 20.0 41.0 309.0 
0.0 35.0 4.0 31.0 125.0 
0.0 28.0 15.0 16.0 202.0 
0.0 7.0 21.0 81.0 370.0 
0.0 41.0 2.0 19.0 75.0 
0.0 35.0 4.0 31.0 125.0 
0.0 41.0 2.0 19.0 75.0 
0.0 21.0 10.0 67.0 241.0 
0.0 35.0 4.0 31.0 125.0 
0.0 41.0 2.0 19.0 75.0 
0.0 21.0 14.0 39.0 250.0 
0.0 41.0 2.0 19.0 75.0 
0.0 35.0 4.0 31.0 125.0 
0.0 41.0 2.0 19.0 75.0 
0.0 34.0 12.0 9.0 146.0 
0.0 33.0 12.0 12.0 150.0 
0.0 7.0 24.0 60.0 372.0 
0.0 38.0 8.0 9.0 102.0 
0.0 34.0 12.0 9.0 146.0 
0.0 42.0 2.0 16.0 69.0 
0.0 12.0 23.0 43.0 333.0 
0.0 25.0 8.0 60.0 203.0 
0.0 7.0 24.0 60.0 372.0 
0.0 7.0 24.0 60.0 372.0 
0.0 12.0 23.0 43.0 333.0 
0.0 12.0 17.0 72.0 325.0 
0.0 41.0 2.0 19.0 75.0 
0.0 32.0 13.0 12.0 160.0 
0.0 25.0 8.0 60.0 203.0 
0.0 42.0 2.0 16.0 69.0 
0.0 32.0 5.0 38.0 147.0 
0.0 28.0 15.0 16.0 202.0 
0.0 41.0 2.0 19.0 75.0 
0.0 10.0 20.0 65.0 340.0 
0.0 7.0 24.0 60.0 372.0 
0.0 12.0 17.0 72.0 325.0 
0.0 25.0 7.0 67.0 211.0 
0.0 19.0 12.0 65.0 259.0 
0.0 28.0 11.0 26.0 196.0 
0.0 19.0 18.0 33.0 280.0 
0.0 36.0 7.0 16.0 121.0 
0.0 41.0 2.0 19.0 75.0 
0.0 20.0 15.0 39.0 262.0 
0.0 26.0 11.0 32.0 212.0 
0.0 37.0 9.0 9.0 114.0 
0.0 27.0 14.0 22.0 206.0 
0.0 25.0 12.0 32.0 218.0 
0.0 32.0 5.0 38.0 147.0 
0.0 42.0 2.0 16.0 69.0 
0.0 22.0 13.0 39.0 240.0 
0.0 25.0 12.0 32.0 218.0 
0.0 8.0 24.0 56.0 367.0 
0.0 10.0 23.0 48.0 352.0 
0.0 42.0 2.0 16.0 69.0 
0.0 7.0 24.0 60.0 372.0 
0.0 4.0 24.0 81.0 399.0 
0.0 15.0 18.0 48.0 302.0 
0.0 35.0 4.0 31.0 125.0 
0.0 25.0 12.0 32.0 218.0 
0.0 25.0 12.0 32.0 218.0 
0.0 26.0 11.0 32.0 212.0 
0.0 38.0 3.0 26.0 97.0 
0.0 35.0 4.0 31.0 125.0 
0.0 23.0 18.0 23.0 245.0 
0.0 23.0 12.0 39.0 234.0 
0.0 15.0 20.0 41.0 309.0 
0.0 15.0 20.0 41.0 309.0 
0.0 45.0 2.0 9.0 40.0 
0.0 37.0 9.0 9.0 114.0 
0.0 42.0 2.0 16.0 69.0 
0.0 37.0 9.0 9.0 114.0 
0.0 45.0 2.0 9.0 40.0 
0.0 41.0 2.0 19.0 75.0 
0.0 45.0 2.0 9.0 40.0 
0.0 27.0 7.0 51.0 192.0 
0.0 21.0 14.0 39.0 250.0 
0.0 45.0 2.0 9.0 40.0 
0.0 7.0 21.0 81.0 370.0 
0.0 28.0 8.0 39.0 188.0 
0.0 39.0 3.0 23.0 91.0 
0.0 39.0 3.0 23.0 91.0 
0.0 30.0 6.0 39.0 172.0 
0.0 28.0 15.0 16.0 202.0 
0.0 38.0 3.0 26.0 97.0 
0.0 38.0 3.0 26.0 97.0 
0.0 38.0 3.0 26.0 97.0 
0.0 27.0 7.0 51.0 192.0 
0.0 27.0 7.0 51.0 192.0 
0.0 45.0 2.0 9.0 40.0 
0.0 28.0 15.0 16.0 202.0 
0.0 18.0 22.0 29.0 287.0 
0.0 45.0 2.0 9.0 40.0 
0.0 18.0 22.0 29.0 287.0 
0.0 22.0 11.0 53.0 239.0 
0.0 36.0 4.0 29.0 114.0 
0.0 32.0 10.0 18.0 162.0 
0.0 35.0 5.0 25.0 139.0 
0.0 28.0 8.0 39.0 188.0 
0.0 21.0 10.0 67.0 241.0 
0.0 31.0 11.0 18.0 172.0 
0.0 33.0 5.0 34.0 142.0 
0.0 36.0 4.0 29.0 114.0 
0.0 32.0 5.0 38.0 147.0 
0.0 18.0 22.0 29.0 287.0 
0.0 32.0 5.0 38.0 147.0 
0.0 32.0 5.0 38.0 147.0 
0.0 4.0 24.0 81.0 399.0 
0.0 4.0 24.0 81.0 399.0 
0.0 14.0 19.0 48.0 312.0 
0.0 42.0 5.0 9.0 69.0 
0.0 4.0 24.0 81.0 399.0 
0.0 32.0 5.0 38.0 147.0 
0.0 27.0 14.0 22.0 206.0 
0.0 23.0 18.0 23.0 245.0 
0.0 29.0 7.0 39.0 178.0 
0.0 42.0 2.0 16.0 69.0 
0.0 29.0 7.0 39.0 178.0 
0.0 36.0 10.0 9.0 121.0 
0.0 42.0 2.0 16.0 69.0 
0.0 26.0 17.0 19.0 215.0 
0.0 35.0 4.0 31.0 125.0 
0.0 42.0 5.0 9.0 69.0 
0.0 41.0 6.0 9.0 75.0 
0.0 42.0 2.0 16.0 69.0 
0.0 32.0 9.0 22.0 155.0 
0.0 35.0 11.0 9.0 131.0 
0.0 26.0 17.0 19.0 215.0 
0.0 29.0 15.0 16.0 186.0 
0.0 26.0 17.0 19.0 215.0 
0.0 41.0 6.0 9.0 75.0 
0.0 41.0 6.0 9.0 75.0 
0.0 42.0 5.0 9.0 69.0 
0.0 24.0 12.0 35.0 229.0 
0.0 32.0 13.0 12.0 160.0 
0.0 32.0 9.0 22.0 155.0 
0.0 28.0 15.0 16.0 202.0 
0.0 32.0 13.0 12.0 160.0 
0.0 29.0 7.0 39.0 178.0 
0.0 25.0 17.0 21.0 226.0 
0.0 33.0 6.0 28.0 151.0 
0.0 22.0 9.0 73.0 227.0 
0.0 32.0 13.0 12.0 160.0 
0.0 44.0 3.0 9.0 55.0 
0.0 32.0 13.0 12.0 160.0 
0.0 21.0 14.0 39.0 250.0 
0.0 38.0 3.0 26.0 97.0 
0.0 36.0 7.0 16.0 121.0 
0.0 36.0 7.0 16.0 121.0 
0.0 14.0 19.0 48.0 312.0 
0.0 34.0 8.0 19.0 137.0 
0.0 26.0 7.0 58.0 206.0 
0.0 17.0 22.0 31.0 297.0 
0.0 16.0 13.0 81.0 288.0 
0.0 36.0 10.0 9.0 121.0 
0.0 17.0 22.0 31.0 297.0 
0.0 30.0 6.0 39.0 172.0 
0.0 33.0 5.0 36.0 136.0 
0.0 38.0 3.0 26.0 97.0 
0.0 21.0 9.0 80.0 241.0 
0.0 21.0 9.0 80.0 241.0 
0.0 15.0 18.0 48.0 302.0 
0.0 35.0 11.0 9.0 131.0 
0.0 31.0 6.0 35.0 167.0 
0.0 17.0 15.0 57.0 279.0 
0.0 35.0 11.0 9.0 131.0 
0.0 29.0 7.0 39.0 178.0 
0.0 17.0 15.0 57.0 279.0 
0.0 15.0 18.0 48.0 302.0 
0.0 19.0 12.0 65.0 259.0 
0.0 14.0 19.0 48.0 312.0 
0.0 15.0 18.0 48.0 302.0 
0.0 35.0 11.0 9.0 131.0 
0.0 19.0 12.0 65.0 259.0 
0.0 30.0 6.0 39.0 172.0 
0.0 21.0 9.0 80.0 241.0 
0.0 36.0 7.0 16.0 121.0 
0.0 36.0 7.0 16.0 121.0 
0.0 36.0 10.0 9.0 121.0 
0.0 38.0 3.0 26.0 97.0 
0.0 17.0 15.0 57.0 279.0 
0.0 34.0 5.0 28.0 145.0 
0.0 37.0 4.0 24.0 114.0 
0.0 31.0 6.0 35.0 167.0 
0.0 39.0 3.0 23.0 91.0 
0.0 30.0 9.0 28.0 171.0 
0.0 39.0 3.0 23.0 91.0 
0.0 31.0 6.0 35.0 167.0 
0.0 37.0 4.0 24.0 114.0 
0.0 34.0 8.0 19.0 137.0 
0.0 34.0 8.0 19.0 137.0 
0.0 28.0 10.0 29.0 196.0 
0.0 42.0 5.0 9.0 69.0 
0.0 34.0 8.0 19.0 137.0 
0.0 37.0 3.0 35.0 102.0 
0.0 19.0 16.0 39.0 273.0 
0.0 42.0 5.0 9.0 69.0 
0.0 37.0 4.0 24.0 114.0 
0.0 28.0 10.0 29.0 196.0 
0.0 22.0 19.0 24.0 254.0 
0.0 35.0 11.0 9.0 131.0 
0.0 28.0 10.0 29.0 196.0 
0.0 34.0 8.0 19.0 137.0 
0.0 23.0 11.0 48.0 228.0 
0.0 36.0 7.0 16.0 121.0 
0.0 16.0 13.0 81.0 288.0 
0.0 44.0 3.0 9.0 55.0 
0.0 23.0 18.0 23.0 245.0 
0.0 33.0 10.0 16.0 150.0 
0.0 44.0 3.0 9.0 55.0 
0.0 44.0 3.0 9.0 55.0 
0.0 12.0 23.0 43.0 333.0 
0.0 23.0 18.0 23.0 245.0 
0.0 33.0 10.0 16.0 150.0 
0.0 31.0 5.0 47.0 152.0 
0.0 18.0 21.0 31.0 285.0 
0.0 30.0 10.0 23.0 180.0 
0.0 39.0 7.0 9.0 92.0 
0.0 31.0 13.0 14.0 171.0 
0.0 30.0 9.0 28.0 171.0 
0.0 22.0 14.0 35.0 251.0 
0.0 10.0 23.0 48.0 352.0 
0.0 30.0 10.0 23.0 180.0 
0.0 39.0 7.0 9.0 92.0 
0.0 41.0 2.0 19.0 75.0 
0.0 38.0 8.0 9.0 102.0 
0.0 45.0 2.0 9.0 40.0 
0.0 45.0 2.0 9.0 40.0 
0.0 39.0 7.0 9.0 92.0 
0.0 28.0 11.0 26.0 196.0 
0.0 38.0 8.0 9.0 102.0 
0.0 19.0 16.0 39.0 273.0 
0.0 27.0 7.0 51.0 192.0 
0.0 38.0 8.0 9.0 102.0 
0.0 27.0 7.0 51.0 192.0 
0.0 10.0 23.0 48.0 352.0 
0.0 45.0 2.0 9.0 40.0 
0.0 45.0 2.0 9.0 40.0 
0.0 38.0 8.0 9.0 102.0 
0.0 10.0 23.0 48.0 352.0 
0.0 37.0 3.0 35.0 102.0 
0.0 45.0 2.0 9.0 40.0 
0.0 20.0 15.0 39.0 262.0 
0.0 22.0 19.0 24.0 254.0 
0.0 39.0 7.0 9.0 92.0 
0.0 10.0 23.0 48.0 352.0 
0.0 45.0 2.0 9.0 40.0 
0.0 31.0 13.0 14.0 171.0 
0.0 25.0 7.0 67.0 211.0 
0.0 31.0 5.0 47.0 152.0 
0.0 27.0 11.0 29.0 202.0 
0.0 30.0 10.0 23.0 180.0 
0.0 22.0 13.0 39.0 240.0 
0.0 27.0 11.0 29.0 202.0 
0.0 30.0 10.0 23.0 180.0 
0.0 31.0 5.0 47.0 152.0 
0.0 31.0 5.0 47.0 152.0 
0.0 45.0 2.0 9.0 40.0 
0.0 25.0 7.0 67.0 211.0 
0.0 45.0 2.0 9.0 40.0 
0.0 22.0 13.0 39.0 240.0 
0.0 25.0 7.0 67.0 211.0 
0.0 45.0 2.0 9.0 40.0 
0.0 26.0 8.0 51.0 198.0 
0.0 26.0 8.0 51.0 198.0 
0.0 22.0 13.0 39.0 240.0 
0.0 26.0 7.0 58.0 206.0 
0.0 22.0 9.0 73.0 227.0 
0.0 22.0 9.0 73.0 227.0 
0.0 24.0 12.0 35.0 229.0 
0.0 30.0 12.0 18.0 184.0 
0.0 12.0 19.0 60.0 322.0 
0.0 34.0 5.0 28.0 145.0 
0.0 24.0 12.0 35.0 229.0 
0.0 22.0 18.0 25.0 256.0 
0.0 22.0 9.0 73.0 227.0 
0.0 33.0 6.0 28.0 151.0 
0.0 39.0 7.0 9.0 92.0 
0.0 39.0 7.0 9.0 92.0 
0.0 39.0 7.0 9.0 92.0 
0.0 39.0 7.0 9.0 92.0 
0.0 23.0 11.0 48.0 228.0 
0.0 45.0 2.0 9.0 40.0 
0.0 45.0 2.0 9.0 40.0 
0.0 44.0 3.0 9.0 55.0 
0.0 39.0 7.0 9.0 92.0 
0.0 45.0 2.0 9.0 40.0 
0.0 45.0 2.0 9.0 40.0 
0.0 17.0 17.0 45.0 287.0 
0.0 22.0 18.0 25.0 256.0 
0.0 25.0 17.0 21.0 226.0 
0.0 19.0 16.0 39.0 273.0 
0.0 12.0 17.0 72.0 325.0 
0.0 12.0 17.0 72.0 325.0 
0.0 38.0 3.0 26.0 97.0 
0.0 16.0 13.0 81.0 288.0 
0.0 34.0 5.0 28.0 145.0 
~~~
34.312
