1111111110000000010000000001111011000000000000000
1000000000000000010000000001111111000000000000000
1100010110000000011101110101111011000000000000000
1100000000000000010000000001100000000000000000000
1111110000000000010000000001111011000000000000000
1111111110111110010000000001111011000000000000000
1111111111111111111101111111111011011011111111010
1111111110000000011101110101111011011011100100000
1111111111111111111101111111111011011011111111010
1111010110110110111101111111111011000001111111001
1000000000000000010000000001111111000000000000000
1000000000000000011101110111111011000000000000000
1000000000000000010000000001111001000000000000000
1100000000000000010000000001100000000000000000000
1111110111000000011101111111111011000001100100000
1111010110000000011101110101100000000000000011001
1111110000000000010000000001111011000000000000000
1100000000000000011101111111100000000000000011001
1111110111000000011101111111111011000001100100000
1100010110000000011101110101111001000000000000000
1100010110000000011101110101111011000000000000000
1000000000000000010000000001111111000000000000000
1111110000000000010000000001111011000000000000000
1111111110111110010000000001111011000000000000000
1111110000000000010000000001111011000000000000000
1000000000000000010000000001111001000000000000000
1000000000000000011101110111111011000000000000000
1111110000000000010000000001111011000000000000000
1000000000000000010000000001111111000000000000000
1111111111111111111101111111111011011011111111010
1000000000000000010000000001111001000000000000000
1111111111111110011101111111111011000000000011001
1111111110000000010000000001111011000000000000000
1111010110000000011101110101100000000000000011001
1111110111000000011101111111111011000000000011001
1111111110000000010000000001111011011011100100000
1111111110000000010000000001111011011011100100000
1111111111111111111110110101111011011011100100000
1111110000000000010000000001111011011011100100000
1111110111000000011101111111111011011011111111001
1111110111111110011101111111111011000001111111001
1111111110111111111110110101111111111011100100000
1111111000000000011101110101111011011011100100000
1111111111000000011101110101111011000000000000000
1111110111000000011101111111111011011011111111001
1111110111111110011101111111111011000001111111001
1111111110000000010000000001111011111011100100000
1111111111111111111110111111111011111011111111001
1111111110000000010000000001111011011011100100000
1111110000000000010000000001111011011011100100000
1111111000000000011101110101111011000000000000000
1111111111000000011101110101111011000000000000000
1111111110000000010000000001111011011011100100000
1100010110000000011101110101111011000000000000000
1111111110111111111110110101111111111011100100000
1111111111000000011101110101111011000000000000000
1111111110000000010000000001111011000000000000000
1111110111000000011101111111111001000000000000000
1111111110111110010000000001111011000000000000000
1111110110000000011101110101100000000000000000000
1111110110000000011101110101100000000000000000000
1111111110111111111110110101111111111011100100000
1100010110000000011101110101111011000000000000000
1111110110000000011101110101100000000000000000000
1000000000000000011101110111111011000000000000000
1100010110000000011101110101111001000000000000000
1000000000000000011101110101111011000000000000000
1000000000000000011101110101100000000000000000000
1000000000000000011101110101100000000000000000000
1111111111000000010000000001111011000000000000000
1111110110111110111101111111111011000000000011001
1000000000000000011101110101100000000000000000000
1111111000000000010000000001111111000000000000000
1000000000000000011101110101100000000000000000000
1111110110000000011101111111111011000001111111001
1111111111000000010000000001111011000000000000000
1000000000000000011101110101100000000000000000000
1111111110111110111110110101111011011011100100000
1111111110111110111110110101111011011011100100000
1000000000000000011101110101100000000000000000000
1000000000000000011101110101100000000000000000000
1111111110000000010000000001111111011011100100000
1000000000000000011101110101111011000000000000000
1111111111000000010000000001111011000000000000000
1111110110000000011101111111111011000001110111001
1000000000000000011101110111100000000000000000000
1000000000000000011101110101100000000000000000000
1111111111000000010000000001111011000000000000000
1000000000000000011101110101100000000000000000000
1000000000000000011101110101111011000000000000000
1111111110111110111110110101111011011011100100000
1000000000000000011101110101100000000000000000000
1000000000000000011101110101111011000000000000000
1111110110000000011101110101111011000000000000000
1000000000000000010000000001100000000000000011001
1000000000000000011101110111100000000000000011001
1000000000000000010000000001100000000000000011001
1111110111000000011101111111111011000000000000000
1111110111000000011101111111111011000000000000000
1111110111000000011101111111111011000000000011001
1000000000000000010000000001100000000000000011001
1100010000000000010000000001100000000000000000000
1000000000000000011101110101100000000000000011001
1111110111000000011101111111111001000000000000000
1000000000000000010000000001100000000000000011001
1111111110000000010000000001111111011011100100000
1000000000000000010000000001100000000000000011001
1111110000000000010000000001100000000000000000000
1111110111000000011101111111111001000000000011001
1111111110111110111110110101111011011011100100000
1111111110111110111110110101111011011011100100000
1000000000000000010000000001100000000000000011001
1000000000000000011101110111100000000000000011001
1111110111000000011101111111111001000000000011001
1000000000000000011101110101100000000000000011001
1111110111111110011101111111111011000001111111001
1111111111000000010000000001111011000000000000000
1111111000000000011101110101111011011011100100000
1000000000000000010000000001111011000000000000000
1000000000000000011101110101100000000000000011001
1000000000000000011101110101100000000000000011001
1100000000000000011101111111100000000000000011001
1111110110000000011101110101111011011011100100000
1111111111000000011101110101111011000000000000000
1000000000000000010000000001100000000000000000000
1000000000000000010000000001100000000000000000000
1111111000000000010000000001111011011011100100000
1111111111000000011101110101111011011011100100000
1000000000000000010000000001111001000000000000000
1111111111111111111110111111111011111011111111001
1111111110111110010000000001111111011011100100000
1111111110111110111101110101111011000000000000000
1000000000000000011101110111100000000000000011001
1111110110000000011101110101111011011011100100000
1111111111000000011101110101111011011011100100000
1111010110110110111101111111100000000001111011001
1111110110000000011101110101111001000000000000000
1111111110111110010000000001111111011011100100000
1111111111000000011101110101111011011010000000000
1111111110111110010000000001111111011011100100000
1000000000000000010000000001111001000000000000000
1111010110110110111101111111100000000000000011001
1000000000000000010000000001111001000000000000000
1111111111111111111110111111111111111011111111001
1111111111111111111110111111111011111011111111001
1111110000000000010000000001111011011011100100000
1111111111000000010000000001111111111011100100000
1000000000000000010000000001100000000000000000000
1111110111110110011101111111111011000001111111001
1000000000000000010000000001100000000000000000000
1000000000000000010000000001100000000000000000000
1000000000000000010000000001100000000000000000000
1000000000000000011101110101111011000000000000000
1000000000000000010000000001100000000000000000000
1111111000000000011101110101111011000000000000000
1111111111111111111110111111111011011011100100000
1000000000000000010000000001100000000000000000000
1000000000000000010000000001100000000000000000000
1111110111110110011101111111111011000001111111001
1000000000000000010000000001100000000000000000000
1111111111000000010000000001111111011011100100000
1000000000000000010000000001100000000000000000000
1111110111000000011101111111111011000001100100000
1000000000000000010000000001100000000000000000000
1111110111110110011101111111111011000001111111001
1100010000000000010000000001111011000000000000000
1100010110110110111101111111100000000000000011001
1111110110000000011101110101111001000000000000000
1100010000000000010000000001111011000000000000000
1000000000000000010000000001100000000000000000000
1000000000000000010000000001100000000000000000000
1000000000000000010000000001100000000000000000000
1000000000000000011101111111100000000000000000000
1000000000000000010000000001100000000000000000000
1000000000000000010000000001100000000000000000000
1100010110110110111101111111100000000000000011001
1000000000000000011101111111100000000000000011001
1000000000000000011101111111100000000000000011001
1100010110110110111101111111100000000000000011001
1111111110111111111110110101111111111011100111001
1000000000000000011101111111100000000000000011001
1000000000000000011101111111100000000000000011001
1111111000000000011101110101111011000000000000000
1000000000000000010000000001100000000000000000000
1111111000000000010000000001111111111011100100000
1111111111000000011101110101111011011010000000000
1111111110111111111110110101111111111011110111001
1111110110000000011101110101111001000000000000000
1100010110000000011101110111100000000000000011001
1111110111000000011101111111111011000001100100000
1111110110000000011101110101111001000000000000000
1111111000000000010000000001111011011011100100000
1111010110110110111101111111100000000000000011001
1111111000000000010000000001111011011011100100000
1111110111111110011101111111111011011011111111001
1111111000000000010000000001111011011011100100000
1111111110111110111110110101111011011011100100000
1111010110000000011101111111100000000000000011001
1100010000000000010000000001111011000000000000000
1000000000000000011101111111100000000000000000000
1111111000000000011101110101111011000000000000000
1000000000000000011101111111100000000000000000000
1111111110111111111110110101111111011011100100000
1111111000000000010000000001111011011011100100000
1111110110000000011101110111111011000001101111001
1111111111111111010000000001111011011011100100000
1111111111000000011101111101111011000000000000000
1111110110000000011101111111100000000000000011001
1111111110000000011101110101111011011011100100000
1111110110000000011101111111111011000001111111001
1100010000000000010000000001111011000000000000000
1111111111000000011101111101111011000000000000000
1100010000000000010000000001111011000000000000000
1111111110111111111110110101111111011011100100000
1111111000000000010000000001111011011011100100000
1000000000000000011101110111100000000000000000000
1000000000000000011101110111100000000000000000000
1111110000000000010000000001111001000000000000000
1100010110000000011101110111100000000000000011001
1111111111111110011101111111111011000000000011001
1111111110000000010000000001111011000000000000000
1000000000000000011101110111100000000000000000000
1111110110000000011101111111111011000001110111001
1100010110000000011101110101100000000000000000000
1111110110000000011101111111100000000000000011001
1111110110000000011101111111100000000000000011001
1111111111111110011101111111111011000000000011001
1111111111111111010000000001111011011011100100000
1100010110110110111101111111100000000001111011001
1111010110000000011101111111100000000000000011001
1111110000000000010000000001111001000000000000000
1111110000000000010000000001111001000000000000000
1111111000000000010000000001111011000000000000000
1111111110000000010000000001111011111011100100000
1111111000000000010000000001111011000000000000000
1111110000000000010000000001111001000000000000000
1000000000000000010000000001111111011011100100000
1111110110000000011101111111111011000001111111001
1111111000000000010000000001111011000000000000000
1111111111111110011101111111111011011011111111001
1111110110000000011101111111111011000001111111001
1111110000000000010000000001111011011011100100000
1111110111000000011101110101111011000000000000000
1111000000000000011101110101100000000000000011001
1111111000000000010000000001111011000000000000000
1100010110000000011101110101100000000000000000000
1111111000000000010000000001111011000000000000000
1111110110000000010000000001100000000000000000000
1111111111000000011101110101111011000000000011001
1111110110000000011101110111111011000001101111001
1111110110000000010000000001100000000000000000000
1100010110110110111101111111100000000001111011001
1111110110000000011101110101111011000000000000000
1111111000000000010000000001111111111011100100000
1111111000000000010000000001111111111011100100000
1111110111000000011101110101111011000000000000000
1111110111000000011101111111111001000000000011001
1000000000000000011101110101111011000000000000000
1111111111111111010000000001111011011011100100000
1111110111000000011101111111111001000000000011001
1111010110000000011101111111100000000000000011001
1000000000000000010000000001111011000000000000000
1111111110000000010000000001111111111011100100000
1111110110000000010000000001111011000000000000000
1111110111000000011101110101111011000000000000000
1111110110000000010000000001111011000000000000000
1111110110000000010000000001111011000000000000000
1111111111000000010000000001111011011011100100000
1100010000000000010000000001111011000000000000000
1100010000000000010000000001100000000000000000000
1111010110110110111101111111111011000001111111001
1100010000000000010000000001100000000000000000000
1100010000000000010000000001100000000000000000000
1000000000000000010000000001111011000000000000000
1000000000000000010000000001111011000000000000000
1000000000000000010000000001111011000000000000000
1000000000000000010000000001111011000000000000000
1000000000000000011101110111100000000000000000000
1000000000000000010000000001111011000000000000000
1000000000000000010000000001111011000000000000000
1100010000000000010000000001100000000000000000000
1111000000000000011101110111100000000000000011001
1111111000000000010000000001111111000000000000000
1111111000000000010000000001111111000000000000000
1111111000000000010000000001111111000000000000000
1111111111111111111110110101111011011011100100000
1111110111111110011101111111111011011011111111001
1111111111111111111110110101111011011011100100000
1111110111111110011101111111111011011011111111001
1111110111111110011101111111111011011011111111001
1100010000000000010000000001111011000000000000000
1111111110111110010000000001111111011011100100000
1100010110000000011101111111100000000000000011001
1111010110110110111101111111100000000001111011001
1100010110000000011101111111100000000000000011001
1100010110000000011101111111100000000000000011001
1111010110110110111101111111100000000001111011001
1000000000000000010000000001111001000000000000000
1100010110000000011101111111100000000000000011001
~~~
0.0 33.0 5.0 32.0 150.0 
0.0 40.0 2.0 28.0 80.0 
0.0 31.0 9.0 23.0 172.0 
0.0 44.0 3.0 9.0 55.0 
0.0 36.0 4.0 27.0 120.0 
0.0 28.0 8.0 41.0 194.0 
0.0 6.0 24.0 65.0 391.0 
0.0 21.0 12.0 51.0 244.0 
0.0 6.0 24.0 65.0 391.0 
0.0 14.0 22.0 39.0 321.0 
0.0 40.0 2.0 28.0 80.0 
0.0 34.0 8.0 19.0 137.0 
0.0 42.0 2.0 16.0 69.0 
0.0 44.0 3.0 9.0 55.0 
0.0 22.0 14.0 35.0 247.0 
0.0 30.0 13.0 16.0 180.0 
0.0 36.0 4.0 27.0 120.0 
0.0 33.0 13.0 9.0 158.0 
0.0 22.0 14.0 35.0 247.0 
0.0 32.0 9.0 20.0 166.0 
0.0 31.0 9.0 23.0 172.0 
0.0 40.0 2.0 28.0 80.0 
0.0 36.0 4.0 27.0 120.0 
0.0 28.0 8.0 41.0 194.0 
0.0 36.0 4.0 27.0 120.0 
0.0 42.0 2.0 16.0 69.0 
0.0 34.0 8.0 19.0 137.0 
0.0 36.0 4.0 27.0 120.0 
0.0 40.0 2.0 28.0 80.0 
0.0 6.0 24.0 65.0 391.0 
0.0 42.0 2.0 16.0 69.0 
0.0 16.0 19.0 41.0 303.0 
0.0 33.0 5.0 32.0 150.0 
0.0 30.0 13.0 16.0 180.0 
0.0 22.0 16.0 28.0 254.0 
0.0 27.0 7.0 51.0 192.0 
0.0 27.0 7.0 51.0 192.0 
0.0 13.0 17.0 65.0 308.0 
0.0 30.0 6.0 46.0 162.0 
0.0 14.0 20.0 47.0 317.0 
0.0 12.0 22.0 44.0 341.0 
0.0 12.0 16.0 81.0 321.0 
0.0 23.0 11.0 50.0 219.0 
0.0 26.0 11.0 32.0 208.0 
0.0 14.0 20.0 47.0 317.0 
0.0 12.0 22.0 44.0 341.0 
0.0 26.0 7.0 58.0 206.0 
0.0 5.0 24.0 72.0 394.0 
0.0 27.0 7.0 51.0 192.0 
0.0 30.0 6.0 46.0 162.0 
0.0 29.0 9.0 31.0 177.0 
0.0 26.0 11.0 32.0 208.0 
0.0 27.0 7.0 51.0 192.0 
0.0 31.0 9.0 23.0 172.0 
0.0 12.0 16.0 81.0 321.0 
0.0 26.0 11.0 32.0 208.0 
0.0 33.0 5.0 32.0 150.0 
0.0 26.0 13.0 25.0 219.0 
0.0 28.0 8.0 41.0 194.0 
0.0 32.0 10.0 18.0 162.0 
0.0 32.0 10.0 18.0 162.0 
0.0 12.0 16.0 81.0 321.0 
0.0 31.0 9.0 23.0 172.0 
0.0 32.0 10.0 18.0 162.0 
0.0 34.0 8.0 19.0 137.0 
0.0 32.0 9.0 20.0 166.0 
0.0 35.0 7.0 19.0 127.0 
0.0 39.0 7.0 9.0 92.0 
0.0 39.0 7.0 9.0 92.0 
0.0 32.0 6.0 32.0 156.0 
0.0 17.0 19.0 37.0 298.0 
0.0 39.0 7.0 9.0 92.0 
0.0 34.0 4.0 40.0 130.0 
0.0 39.0 7.0 9.0 92.0 
0.0 18.0 18.0 35.0 291.0 
0.0 32.0 6.0 32.0 156.0 
0.0 39.0 7.0 9.0 92.0 
0.0 15.0 16.0 60.0 291.0 
0.0 15.0 16.0 60.0 291.0 
0.0 39.0 7.0 9.0 92.0 
0.0 39.0 7.0 9.0 92.0 
0.0 26.0 7.0 60.0 197.0 
0.0 35.0 7.0 19.0 127.0 
0.0 32.0 6.0 32.0 156.0 
0.0 19.0 17.0 35.0 280.0 
0.0 38.0 8.0 9.0 102.0 
0.0 39.0 7.0 9.0 92.0 
0.0 32.0 6.0 32.0 156.0 
0.0 39.0 7.0 9.0 92.0 
0.0 35.0 7.0 19.0 127.0 
0.0 15.0 16.0 60.0 291.0 
0.0 39.0 7.0 9.0 92.0 
0.0 35.0 7.0 19.0 127.0 
0.0 28.0 10.0 28.0 197.0 
0.0 42.0 5.0 9.0 69.0 
0.0 35.0 11.0 9.0 131.0 
0.0 42.0 5.0 9.0 69.0 
0.0 25.0 13.0 28.0 225.0 
0.0 25.0 13.0 28.0 225.0 
0.0 22.0 16.0 28.0 254.0 
0.0 42.0 5.0 9.0 69.0 
0.0 43.0 3.0 12.0 60.0 
0.0 36.0 10.0 9.0 121.0 
0.0 26.0 13.0 25.0 219.0 
0.0 42.0 5.0 9.0 69.0 
0.0 26.0 7.0 60.0 197.0 
0.0 42.0 5.0 9.0 69.0 
0.0 40.0 4.0 17.0 85.0 
0.0 23.0 16.0 25.0 248.0 
0.0 15.0 16.0 60.0 291.0 
0.0 15.0 16.0 60.0 291.0 
0.0 42.0 5.0 9.0 69.0 
0.0 35.0 11.0 9.0 131.0 
0.0 23.0 16.0 25.0 248.0 
0.0 36.0 10.0 9.0 121.0 
0.0 12.0 22.0 44.0 341.0 
0.0 32.0 6.0 32.0 156.0 
0.0 23.0 11.0 50.0 219.0 
0.0 41.0 2.0 19.0 75.0 
0.0 36.0 10.0 9.0 121.0 
0.0 36.0 10.0 9.0 121.0 
0.0 33.0 13.0 9.0 158.0 
0.0 22.0 12.0 47.0 239.0 
0.0 26.0 11.0 32.0 208.0 
0.0 45.0 2.0 9.0 40.0 
0.0 45.0 2.0 9.0 40.0 
0.0 29.0 6.0 50.0 167.0 
0.0 20.0 13.0 51.0 250.0 
0.0 42.0 2.0 16.0 69.0 
0.0 5.0 24.0 72.0 394.0 
0.0 21.0 10.0 69.0 241.0 
0.0 21.0 14.0 41.0 252.0 
0.0 35.0 11.0 9.0 131.0 
0.0 22.0 12.0 47.0 239.0 
0.0 20.0 13.0 51.0 250.0 
0.0 19.0 22.0 27.0 276.0 
0.0 29.0 10.0 25.0 191.0 
0.0 21.0 10.0 69.0 241.0 
0.0 23.0 12.0 44.0 228.0 
0.0 21.0 10.0 69.0 241.0 
0.0 42.0 2.0 16.0 69.0 
0.0 23.0 19.0 22.0 243.0 
0.0 42.0 2.0 16.0 69.0 
0.0 4.0 24.0 81.0 399.0 
0.0 5.0 24.0 72.0 394.0 
0.0 30.0 6.0 46.0 162.0 
0.0 24.0 8.0 67.0 217.0 
0.0 45.0 2.0 9.0 40.0 
0.0 13.0 22.0 41.0 332.0 
0.0 45.0 2.0 9.0 40.0 
0.0 45.0 2.0 9.0 40.0 
0.0 45.0 2.0 9.0 40.0 
0.0 35.0 7.0 19.0 127.0 
0.0 45.0 2.0 9.0 40.0 
0.0 29.0 9.0 31.0 177.0 
0.0 11.0 19.0 65.0 330.0 
0.0 45.0 2.0 9.0 40.0 
0.0 45.0 2.0 9.0 40.0 
0.0 13.0 22.0 41.0 332.0 
0.0 45.0 2.0 9.0 40.0 
0.0 25.0 8.0 60.0 203.0 
0.0 45.0 2.0 9.0 40.0 
0.0 22.0 14.0 35.0 247.0 
0.0 45.0 2.0 9.0 40.0 
0.0 13.0 22.0 41.0 332.0 
0.0 39.0 3.0 22.0 95.0 
0.0 25.0 18.0 19.0 229.0 
0.0 29.0 10.0 25.0 191.0 
0.0 39.0 3.0 22.0 95.0 
0.0 45.0 2.0 9.0 40.0 
0.0 45.0 2.0 9.0 40.0 
0.0 45.0 2.0 9.0 40.0 
0.0 37.0 9.0 9.0 114.0 
0.0 45.0 2.0 9.0 40.0 
0.0 45.0 2.0 9.0 40.0 
0.0 25.0 18.0 19.0 229.0 
0.0 34.0 12.0 9.0 143.0 
0.0 34.0 12.0 9.0 143.0 
0.0 25.0 18.0 19.0 229.0 
0.0 9.0 19.0 81.0 350.0 
0.0 34.0 12.0 9.0 143.0 
0.0 34.0 12.0 9.0 143.0 
0.0 29.0 9.0 31.0 177.0 
0.0 45.0 2.0 9.0 40.0 
0.0 27.0 6.0 66.0 186.0 
0.0 23.0 12.0 44.0 228.0 
0.0 8.0 20.0 81.0 360.0 
0.0 29.0 10.0 25.0 191.0 
0.0 31.0 13.0 13.0 176.0 
0.0 22.0 14.0 35.0 247.0 
0.0 29.0 10.0 25.0 191.0 
0.0 29.0 6.0 50.0 167.0 
0.0 23.0 19.0 22.0 243.0 
0.0 29.0 6.0 50.0 167.0 
0.0 9.0 23.0 56.0 361.0 
0.0 29.0 6.0 50.0 167.0 
0.0 15.0 16.0 60.0 291.0 
0.0 28.0 15.0 16.0 202.0 
0.0 39.0 3.0 22.0 95.0 
0.0 37.0 9.0 9.0 114.0 
0.0 29.0 9.0 31.0 177.0 
0.0 37.0 9.0 9.0 114.0 
0.0 13.0 16.0 74.0 307.0 
0.0 29.0 6.0 50.0 167.0 
0.0 20.0 16.0 35.0 269.0 
0.0 20.0 11.0 65.0 253.0 
0.0 25.0 12.0 32.0 220.0 
0.0 27.0 15.0 18.0 213.0 
0.0 21.0 12.0 51.0 244.0 
0.0 18.0 18.0 35.0 291.0 
0.0 39.0 3.0 22.0 95.0 
0.0 25.0 12.0 32.0 220.0 
0.0 39.0 3.0 22.0 95.0 
0.0 13.0 16.0 74.0 307.0 
0.0 29.0 6.0 50.0 167.0 
0.0 38.0 8.0 9.0 102.0 
0.0 38.0 8.0 9.0 102.0 
0.0 37.0 4.0 24.0 114.0 
0.0 31.0 13.0 13.0 176.0 
0.0 16.0 19.0 41.0 303.0 
0.0 33.0 5.0 32.0 150.0 
0.0 38.0 8.0 9.0 102.0 
0.0 19.0 17.0 35.0 280.0 
0.0 35.0 9.0 13.0 137.0 
0.0 27.0 15.0 18.0 213.0 
0.0 27.0 15.0 18.0 213.0 
0.0 16.0 19.0 41.0 303.0 
0.0 20.0 11.0 65.0 253.0 
0.0 21.0 21.0 24.0 262.0 
0.0 28.0 15.0 16.0 202.0 
0.0 37.0 4.0 24.0 114.0 
0.0 37.0 4.0 24.0 114.0 
0.0 35.0 4.0 31.0 125.0 
0.0 26.0 7.0 58.0 206.0 
0.0 35.0 4.0 31.0 125.0 
0.0 37.0 4.0 24.0 114.0 
0.0 34.0 4.0 47.0 122.0 
0.0 18.0 18.0 35.0 291.0 
0.0 35.0 4.0 31.0 125.0 
0.0 8.0 23.0 60.0 366.0 
0.0 18.0 18.0 35.0 291.0 
0.0 30.0 6.0 46.0 162.0 
0.0 27.0 11.0 28.0 203.0 
0.0 33.0 12.0 12.0 150.0 
0.0 35.0 4.0 31.0 125.0 
0.0 35.0 9.0 13.0 137.0 
0.0 35.0 4.0 31.0 125.0 
0.0 38.0 5.0 18.0 110.0 
0.0 23.0 14.0 32.0 237.0 
0.0 20.0 16.0 35.0 269.0 
0.0 38.0 5.0 18.0 110.0 
0.0 21.0 21.0 24.0 262.0 
0.0 28.0 10.0 28.0 197.0 
0.0 27.0 6.0 66.0 186.0 
0.0 27.0 6.0 66.0 186.0 
0.0 27.0 11.0 28.0 203.0 
0.0 23.0 16.0 25.0 248.0 
0.0 35.0 7.0 19.0 127.0 
0.0 20.0 11.0 65.0 253.0 
0.0 23.0 16.0 25.0 248.0 
0.0 28.0 15.0 16.0 202.0 
0.0 41.0 2.0 19.0 75.0 
0.0 25.0 7.0 67.0 211.0 
0.0 34.0 5.0 28.0 145.0 
0.0 27.0 11.0 28.0 203.0 
0.0 34.0 5.0 28.0 145.0 
0.0 34.0 5.0 28.0 145.0 
0.0 26.0 8.0 51.0 198.0 
0.0 39.0 3.0 22.0 95.0 
0.0 43.0 3.0 12.0 60.0 
0.0 14.0 22.0 39.0 321.0 
0.0 43.0 3.0 12.0 60.0 
0.0 43.0 3.0 12.0 60.0 
0.0 41.0 2.0 19.0 75.0 
0.0 41.0 2.0 19.0 75.0 
0.0 41.0 2.0 19.0 75.0 
0.0 41.0 2.0 19.0 75.0 
0.0 38.0 8.0 9.0 102.0 
0.0 41.0 2.0 19.0 75.0 
0.0 41.0 2.0 19.0 75.0 
0.0 43.0 3.0 12.0 60.0 
0.0 32.0 13.0 12.0 160.0 
0.0 34.0 4.0 40.0 130.0 
0.0 34.0 4.0 40.0 130.0 
0.0 34.0 4.0 40.0 130.0 
0.0 13.0 17.0 65.0 308.0 
0.0 9.0 23.0 56.0 361.0 
0.0 13.0 17.0 65.0 308.0 
0.0 9.0 23.0 56.0 361.0 
0.0 9.0 23.0 56.0 361.0 
0.0 39.0 3.0 22.0 95.0 
0.0 21.0 10.0 69.0 241.0 
0.0 30.0 14.0 13.0 188.0 
0.0 19.0 22.0 27.0 276.0 
0.0 30.0 14.0 13.0 188.0 
0.0 30.0 14.0 13.0 188.0 
0.0 19.0 22.0 27.0 276.0 
0.0 42.0 2.0 16.0 69.0 
0.0 30.0 14.0 13.0 188.0 
~~~
58.186
