1100000000000000011101111111100000000001111111001
1000000000000000010000000001100000000000000000000
1000000000000000010000000001111011000001100100000
1111111000000000010000000001111011000000000000000
1111111111111110011101110111111011000001100100000
1000000000000000010000000001111011000001100100000
1100000000000000011101111111100000000001111111001
1000000000000000010000000001111011000001100100000
1111111110000000010000000001111011000001100100000
1000000000000000010000000001111011000001100100000
1111110110000000011101110101111001000000000000000
1000000000000000011101111111100000000000000000000
1111111000000000010000000001111011000000000000000
1111111000000000010000000001111011000000000000000
1111110111111110111110111111111011111011111111001
1111111111000000011101110101111011000001100100000
1000000000000000010000000001100000000000000000000
1111110111000000011101110111111001000001110111001
1111110111111110011101111111111011000001111111001
1111111111111110111110111111111011111011111111001
1111111110111111010000000001111111011011100100000
1111110111000000011101110111111001000000000000000
1000000000000000010000000001111011000000000000000
1100000000000000011101111111100000000001111111001
1000000000000000011101110101111011000000000000000
1111110111000000011101110111111001000001110111001
1111110111111110011101111111111011000001111111001
1111110110000000010000000001111011000001100100000
1111110110000000011101111111100000000000000000000
1100010111000000011101110111111001000000000000000
1111110110000000011101110101111001000000000000000
1111111000000000010000000001111011000001100100000
1111110111111110111110111111111011111011111111001
1111110111000000011101110111111001000001110011001
1000000000000000011101110101111011000000000000000
1111111111111111111110111111111011111011111111001
1111110110000000011101110101111001000000000000000
1100000000000000010000000001100000000000000000000
1111111110000000010000000001111111111011100100000
1111111111111111111110111111111011111011111111001
1111110111000000011101110111111011000000000000000
1111111110111111010000000001111111111011100100000
1111111111111110111110111111111011111011111111001
1100010110000000011101111111100000000001110011001
1000000000000000011101111111100000000001110011001
1111111110000000010000000001111111011011100100000
1111111111000000011101110101111011000001100100000
1111111111111111111110111111111111111011111111001
1000000000000000011101111111100000000001111111001
1000000000000000011101110101100000000000000000000
1000000000000000011101110101100000000000000000000
1100000000000000011101111111100000000000000000000
1100010110000000011101110101111001000000000000000
1000000000000000011101110101100000000000000000000
1000000000000000011101110101100000000000000000000
1000000000000000011101110101100000000000000000000
1000000000000000010000000001111011000000000000000
1111111111111110111110000001111011111011100100000
1100010111000000011101110101111001000000000000000
1111110111000000011101111111111011000000000000000
1000000000000000011101110101100000000000000000000
1000000000000000011101110111100000000000000000000
1111010111000000011101110101111001000000000000000
1111111111000000011101110111111011000001110100000
1111110111000000010000000001111011000000000000000
1111110110000000010000000001111011000001100100000
1111111111000000011101110111111011000001110100000
1000000000000000011101110101111001000000000000000
1000000000000000010000000001111001000000000000000
1111111110000000011101110101111011000001100100000
1111111110000000010000000001111111000001100100000
1000000000000000011101110101100000000000000000000
1111111110111111010000000001111011011011100100000
1111010111000000011101110101111001000000000000000
1111111110000000010000000001111111000001100100000
1000000000000000011101110111100000000000000000000
1111110111000000011101111111111011000000000000000
1000000000000000010000000001111011000000000000000
1111111110111111111101110101111011000001100100000
1111111110111111010000000001111011011011100100000
1111110111111110111110110111111011111011111111001
1100000000000000010000000001100000000000000000000
1111111111111110011101110111111011000001110111001
1000000000000000010000000001100000000000000000000
1111111111111110111101110111111011011011100100000
1000000000000000010000000001100000000000000000000
1111110111000000011101111111111011000001111111010
1111111110111110010000000001111011000001100100000
1111110111000000011101111111111001000001110011001
1000000000000000010000000001100000000000000000000
1111110111110110011101110111111011000001111111001
1000000000000000011101111111100000000001111111001
1111110111111110011101111111111011000001111111001
1111110111000000011101110111111011000001110111001
1111110111000000011101110101111011000000000000000
1111111111111110111101110111111011011011100100000
1111111110111111010000000001111011011011100100000
1000000000000000010000000001111001000000000000000
1100010000000000010000000001100000000000000000000
1111111110111111010000000001111111111011100100000
1111111111111110011101110111111011000001111111001
1111111110111111111101110101111011000001100100000
1111111111000000010000000001111011000001100100000
1000000000000000010000000001111001000000000000000
1100010110000000011101111111100000000000000000000
1111111110000000010000000001111011011011100100000
1111111110111111010000000001111111111011100100000
1111111110000000010000000001111011011011100100000
1111111110000000011101110101111011000001100100000
1111111110111111010000000001111111111011100100000
1000000000000000011101110101111001000000000000000
1111111111111111011101110111111011011011100100000
1111110111000000011101110111111011000001110111001
1111110111111110011101110111111011000001110111001
1111111110111111010000000001111111111011100100000
1000000000000000010000000001111001000000000000000
1000000000000000011101111111100000000001111111001
1000000000000000010000000001111011000000000000000
1100010110000000011101111111100000000000000000000
1000000000000000010000000001111011000000000000000
1000000000000000010000000001111011000000000000000
1000000000000000010000000001111001000000000000000
1111111111111110111110000001111011111011100100000
1000000000000000010000000001111001000000000000000
1111111111000000010000000001111011000001100100000
1000000000000000011101111101100000000001110011001
1100010110000000011101111111100000000000000000000
1111111110111111010000000001111011011011100100000
1100010110000000011101111111100000000001110111001
1000000000000000010000000001111011000000000000000
1111111110111110010000000001111011000001100100000
1111110110000000010000000001111011000000000000000
1000000000000000010000000001111011000000000000000
1111110111000000011101110111111011000001110100000
1000000000000000010000000001111011000000000000000
1000000000000000010000000001111011000000000000000
1111111110111110011101110111111011000001100100000
1111111110111110010000000001111011011011100100000
1000000000000000010000000001111011000000000000000
1111111110000000011101110101111011000000000000000
1111110111000000011101111111111001000001110011001
1111111110000000010000000001111011000001100100000
1100010000000000010000000001111011000000000000000
1111111110111111010000000001111011000001100100000
1111111110000000010000000001111011000001100100000
1111110111000000011101111111111011000001111011010
1100010110000000011101110101111001000000000000000
1111111110000000010000000001111111011011100100000
1000000000000000011101111111100000000000000000000
1000000000000000011101111111100000000000000000000
1111111110000000010000000001111011000001100100000
1100010110000000011101110101100000000000000000000
1111111110000000010000000001111111011011100100000
1111111110000000011101110101111011000001100100000
1111111110000000010000000001111011011011100100000
1000000000000000010000000001111111000001100100000
1111110110000000010000000001111011000000000000000
1111111111111111111110111111111011111011111111001
1111111111111110111110111111111011111011111111001
1111111110000000010000000001111011011011100100000
1111111110111110010000000001111011000001100100000
1000000000000000011101111111100000000000000000000
1111111110000000010000000001111011011011100100000
1111111111111111111110111111111011111011111111001
1000000000000000010000000001111111000001100100000
1111111111111110011101110111111011000001100100000
1111111110111111010000000001111011000001100100000
1000000000000000011101110101111001000000000000000
1111111000000000010000000001111111111011100100000
1111111000000000010000000001111111111011100100000
1111111110000000010000000001111011000001100100000
1111110111000000011101111111111011000001111111010
1111110110000000010000000001111011000000000000000
1111110000000000010000000001111001000000000000000
1100010110000000011101111111100000000000000000000
1111110000000000010000000001111001000000000000000
1111110110000000011101111111100000000000000000000
1111111110000000011101110101111011000000000000000
1100010110000000011101110111100000000000000000000
1111111000000000010000000001111011000001100100000
1000000000000000011101110101100000000000000000000
1111111000000000010000000001111011000001100100000
1000000000000000011101110101111001000000000000000
1111110111000000011101111111111001000000000000000
1111111000000000010000000001111011111011100100000
1111111000000000010000000001111011000001100100000
1111111110111110011101110111111011000001100100000
1000000000000000011101110101100000000000000000000
1000000000000000011101110101100000000000000000000
1111111000000000010000000001111011111011100100000
1111110111000000011101111111111001000000000000000
1111110111000000011101111111111001000001110011001
1111110111000000011101111111111001000001110011001
1111111110000000010000000001111011000000000000000
1111110111110110011101110111111011000001111111001
1111110111111110011101110111111011000001110111001
1111111110111110011101110111111011000001100100000
1111110111110110011101110111111011000001111111001
1000000000000000010000000001111111011011100100000
1111110111111110011101111111111011000001111111001
1111110000000000011101110101111001000000000000000
1111110111110110011101110111111011000001111111001
1111111111000000011101110101111011000001100100000
1111110111000000011101110111111001000001110011001
1000000000000000010000110101100000000000000000000
1100010110000000011101111111100000000001110011001
1111110111000000011101110111111001000001110011001
1000000000000000011101111111100000000000000000000
1000000000000000011101110101111001000000000000000
1000000000000000010000110101100000000000000000000
1111111111111110111110000001111011111011100100000
1111111111111111111110111111111111111011111111001
1000000000000000010000110101100000000000000000000
1000000000000000010000110101100000000000000000000
1111110111000000011101110111111001000001110011001
1000000000000000010000110101100000000000000000000
1000000000000000010000110101100000000000000000000
1100000000000000011101111111100000000000000000000
1000000000000000010000110101100000000000000000000
1111111000000000010000000001111011000001100100000
1000000000000000010000000001100000000000000000000
1111111000000000010000000001111011000001100100000
1000000000000000010000000001111011000001100100000
1000000000000000010000000001111011000001100100000
1111111000000000010000000001111011000001100100000
1000000000000000010000000001100000000000000000000
1000000000000000010000000001100000000000000000000
1111111111111111111110111101111111111011100100000
1000000000000000010000000001100000000000000000000
1111110000000000010000000001111011000001100100000
1111111000000000010000000001111011000000000000000
1111111000000000010000000001111011000000000000000
1100010111000000011101110101111001000000000000000
1111111000000000010000000001111011000000000000000
1000000000000000010000000001111011000001100100000
1000000000000000010000000001100000000000000000000
1000000000000000010000000001100000000000000000000
1111110111000000011101110111111011000001110100000
1000000000000000010000000001111011000001100100000
1000000000000000010000000001100000000000000000000
1111110111111110011101111111111011000001111111001
1111111000000000010000000001111011000000000000000
1111111111111111111110111101111111111011100100000
1111110111111110011101111111111011000001111111001
1000000000000000011101110111100000000000000000000
1111110111000000011101110111111011000001110100000
1111110111000000011101110111111011000001110100000
1000000000000000010000000001111001000000000000000
1000000000000000011101110111100000000000000000000
1000000000000000011101110111100000000000000000000
1111110111111110011101111111111011000001111111001
1111110111000000011101110101111011000000000000000
1111110111000000011101110101111011000000000000000
1000000000000000011101111101100000000001110011001
1111111110000000011101110101111011000000000000000
1111111111111111111110111111111111111011100100000
1111111111000000010000000001111011000001100100000
1111110111000000011101111111111011000001111111010
1111110111000000011101110111111011000001100100000
1111111111111110111110111111111011111011111111001
1000000000000000010000000001111001000001100100000
1111110111000000011101110111111011000001100100000
1100010000000000010000000001100000000000000000000
1000000000000000010000000001100000000000000000000
1000000000000000010000000001100000000000000000000
1000000000000000010000000001100000000000000000000
1000000000000000010000000001100000000000000000000
1000000000000000010000000001100000000000000000000
1000000000000000011101111111100000000001110011001
1000000000000000010000000001100000000000000000000
1000000000000000010000000001100000000000000000000
1000000000000000011101111111100000000001110011001
1000000000000000010000000001100000000000000000000
1000000000000000010000000001100000000000000000000
1100010000000000010000000001100000000000000000000
1000000000000000011101111111100000000001110011001
1000000000000000010000000001100000000000000000000
1111110111000000011101110111111011000000000000000
1100010000000000010000000001100000000000000000000
1000000000000000011101110101111011000001100100000
1111111110000000010000000001111111111011100100000
1000000000000000010000000001111111000000000000000
1111111110111111111101110101111011000001100100000
1100010000000000010000000001111011000000000000000
1000000000000000011101110111111011000000000000000
1111110000000000010000000001111011000000000000000
1111111111111110111110000001111111111011100100000
1111111111111110111110000001111111111011100100000
1111110000000000011101110101111001000000000000000
1000000000000000011101110111111011000000000000000
1000000000000000011101110101111011000000000000000
1111110000000000010000000001111011000000000000000
1111110000000000010000000001111011000000000000000
1111111110000000010000000001111011000000000000000
1111110111000000011101111111111011000001111111010
1111111110111111010000000001111111011011100100000
1111111110111111010000000001111111011011100100000
1111110111111110111110111111111011111011111111001
1100010110000000011101110111100000000000000000000
1100010110000000011101110111100000000000000000000
~~~
0.0 28.0 16.0 16.0 201.0 
0.0 45.0 2.0 9.0 40.0 
0.0 38.0 3.0 26.0 97.0 
0.0 35.0 4.0 31.0 125.0 
0.0 17.0 16.0 48.0 284.0 
0.0 38.0 3.0 26.0 97.0 
0.0 28.0 16.0 16.0 201.0 
0.0 38.0 3.0 26.0 97.0 
0.0 30.0 6.0 39.0 172.0 
0.0 38.0 3.0 26.0 97.0 
0.0 29.0 10.0 25.0 191.0 
0.0 37.0 9.0 9.0 114.0 
0.0 35.0 4.0 31.0 125.0 
0.0 35.0 4.0 31.0 125.0 
0.0 7.0 24.0 63.0 378.0 
0.0 23.0 12.0 39.0 230.0 
0.0 45.0 2.0 9.0 40.0 
0.0 20.0 17.0 32.0 268.0 
0.0 12.0 22.0 44.0 341.0 
0.0 6.0 24.0 67.0 383.0 
0.0 20.0 10.0 74.0 252.0 
0.0 27.0 12.0 25.0 207.0 
0.0 41.0 2.0 19.0 75.0 
0.0 28.0 16.0 16.0 201.0 
0.0 35.0 7.0 19.0 127.0 
0.0 20.0 17.0 32.0 268.0 
0.0 12.0 22.0 44.0 341.0 
0.0 31.0 6.0 35.0 167.0 
0.0 30.0 12.0 18.0 184.0 
0.0 30.0 11.0 20.0 182.0 
0.0 29.0 10.0 25.0 191.0 
0.0 32.0 5.0 38.0 147.0 
0.0 7.0 24.0 63.0 378.0 
0.0 21.0 17.0 30.0 258.0 
0.0 35.0 7.0 19.0 127.0 
0.0 5.0 24.0 72.0 394.0 
0.0 29.0 10.0 25.0 191.0 
0.0 44.0 3.0 9.0 55.0 
0.0 25.0 7.0 67.0 211.0 
0.0 5.0 24.0 72.0 394.0 
0.0 26.0 12.0 28.0 213.0 
0.0 19.0 10.0 81.0 266.0 
0.0 6.0 24.0 67.0 383.0 
0.0 27.0 16.0 18.0 210.0 
0.0 31.0 14.0 14.0 165.0 
0.0 26.0 7.0 60.0 197.0 
0.0 23.0 12.0 39.0 230.0 
0.0 4.0 24.0 81.0 399.0 
0.0 29.0 15.0 16.0 186.0 
0.0 39.0 7.0 9.0 92.0 
0.0 39.0 7.0 9.0 92.0 
0.0 36.0 10.0 9.0 129.0 
0.0 32.0 9.0 20.0 166.0 
0.0 39.0 7.0 9.0 92.0 
0.0 39.0 7.0 9.0 92.0 
0.0 39.0 7.0 9.0 92.0 
0.0 41.0 2.0 19.0 75.0 
0.0 16.0 14.0 67.0 286.0 
0.0 31.0 10.0 20.0 172.0 
0.0 25.0 13.0 28.0 225.0 
0.0 39.0 7.0 9.0 92.0 
0.0 38.0 8.0 9.0 102.0 
0.0 29.0 11.0 23.0 186.0 
0.0 21.0 14.0 39.0 250.0 
0.0 33.0 6.0 28.0 151.0 
0.0 31.0 6.0 35.0 167.0 
0.0 21.0 14.0 39.0 250.0 
0.0 36.0 7.0 16.0 121.0 
0.0 42.0 2.0 16.0 69.0 
0.0 24.0 11.0 39.0 224.0 
0.0 29.0 6.0 48.0 177.0 
0.0 39.0 7.0 9.0 92.0 
0.0 21.0 10.0 65.0 247.0 
0.0 29.0 11.0 23.0 186.0 
0.0 29.0 6.0 48.0 177.0 
0.0 38.0 8.0 9.0 102.0 
0.0 25.0 13.0 28.0 225.0 
0.0 41.0 2.0 19.0 75.0 
0.0 17.0 15.0 53.0 285.0 
0.0 21.0 10.0 65.0 247.0 
0.0 8.0 23.0 63.0 366.0 
0.0 44.0 3.0 9.0 55.0 
0.0 13.0 20.0 48.0 323.0 
0.0 45.0 2.0 9.0 40.0 
0.0 13.0 18.0 60.0 310.0 
0.0 45.0 2.0 9.0 40.0 
0.0 17.0 19.0 35.0 305.0 
0.0 25.0 9.0 48.0 216.0 
0.0 20.0 18.0 30.0 270.0 
0.0 45.0 2.0 9.0 40.0 
0.0 14.0 21.0 41.0 320.0 
0.0 29.0 15.0 16.0 186.0 
0.0 12.0 22.0 44.0 341.0 
0.0 19.0 17.0 35.0 274.0 
0.0 27.0 11.0 28.0 203.0 
0.0 13.0 18.0 60.0 310.0 
0.0 21.0 10.0 65.0 247.0 
0.0 42.0 2.0 16.0 69.0 
0.0 43.0 3.0 12.0 60.0 
0.0 19.0 10.0 81.0 266.0 
0.0 12.0 21.0 48.0 334.0 
0.0 17.0 15.0 53.0 285.0 
0.0 29.0 7.0 39.0 178.0 
0.0 42.0 2.0 16.0 69.0 
0.0 33.0 11.0 13.0 159.0 
0.0 27.0 7.0 51.0 192.0 
0.0 19.0 10.0 81.0 266.0 
0.0 27.0 7.0 51.0 192.0 
0.0 24.0 11.0 39.0 224.0 
0.0 19.0 10.0 81.0 266.0 
0.0 36.0 7.0 16.0 121.0 
0.0 13.0 17.0 65.0 315.0 
0.0 19.0 17.0 35.0 274.0 
0.0 14.0 20.0 44.0 318.0 
0.0 19.0 10.0 81.0 266.0 
0.0 42.0 2.0 16.0 69.0 
0.0 29.0 15.0 16.0 186.0 
0.0 41.0 2.0 19.0 75.0 
0.0 33.0 11.0 13.0 159.0 
0.0 41.0 2.0 19.0 75.0 
0.0 41.0 2.0 19.0 75.0 
0.0 42.0 2.0 16.0 69.0 
0.0 16.0 14.0 67.0 286.0 
0.0 42.0 2.0 16.0 69.0 
0.0 29.0 7.0 39.0 178.0 
0.0 32.0 13.0 14.0 155.0 
0.0 33.0 11.0 13.0 159.0 
0.0 21.0 10.0 65.0 247.0 
0.0 26.0 16.0 20.0 220.0 
0.0 41.0 2.0 19.0 75.0 
0.0 25.0 9.0 48.0 216.0 
0.0 34.0 5.0 28.0 145.0 
0.0 41.0 2.0 19.0 75.0 
0.0 22.0 14.0 35.0 245.0 
0.0 41.0 2.0 19.0 75.0 
0.0 41.0 2.0 19.0 75.0 
0.0 18.0 15.0 48.0 278.0 
0.0 22.0 10.0 60.0 236.0 
0.0 41.0 2.0 19.0 75.0 
0.0 27.0 10.0 32.0 202.0 
0.0 20.0 18.0 30.0 270.0 
0.0 30.0 6.0 39.0 172.0 
0.0 39.0 3.0 22.0 95.0 
0.0 24.0 9.0 53.0 227.0 
0.0 30.0 6.0 39.0 172.0 
0.0 18.0 19.0 33.0 295.0 
0.0 32.0 9.0 20.0 166.0 
0.0 26.0 7.0 60.0 197.0 
0.0 37.0 9.0 9.0 114.0 
0.0 37.0 9.0 9.0 114.0 
0.0 30.0 6.0 39.0 172.0 
0.0 35.0 9.0 13.0 137.0 
0.0 26.0 7.0 60.0 197.0 
0.0 24.0 11.0 39.0 224.0 
0.0 27.0 7.0 51.0 192.0 
0.0 37.0 3.0 35.0 102.0 
0.0 34.0 5.0 28.0 145.0 
0.0 5.0 24.0 72.0 394.0 
0.0 6.0 24.0 67.0 383.0 
0.0 27.0 7.0 51.0 192.0 
0.0 25.0 9.0 48.0 216.0 
0.0 37.0 9.0 9.0 114.0 
0.0 27.0 7.0 51.0 192.0 
0.0 5.0 24.0 72.0 394.0 
0.0 37.0 3.0 35.0 102.0 
0.0 17.0 16.0 48.0 284.0 
0.0 24.0 9.0 53.0 227.0 
0.0 36.0 7.0 16.0 121.0 
0.0 27.0 6.0 66.0 186.0 
0.0 27.0 6.0 66.0 186.0 
0.0 30.0 6.0 39.0 172.0 
0.0 17.0 19.0 35.0 305.0 
0.0 34.0 5.0 28.0 145.0 
0.0 37.0 4.0 24.0 114.0 
0.0 33.0 11.0 13.0 159.0 
0.0 37.0 4.0 24.0 114.0 
0.0 30.0 12.0 18.0 184.0 
0.0 27.0 10.0 32.0 202.0 
0.0 34.0 10.0 13.0 147.0 
0.0 32.0 5.0 38.0 147.0 
0.0 39.0 7.0 9.0 92.0 
0.0 32.0 5.0 38.0 147.0 
0.0 36.0 7.0 16.0 121.0 
0.0 26.0 13.0 25.0 219.0 
0.0 28.0 6.0 57.0 181.0 
0.0 32.0 5.0 38.0 147.0 
0.0 18.0 15.0 48.0 278.0 
0.0 39.0 7.0 9.0 92.0 
0.0 39.0 7.0 9.0 92.0 
0.0 28.0 6.0 57.0 181.0 
0.0 26.0 13.0 25.0 219.0 
0.0 20.0 18.0 30.0 270.0 
0.0 20.0 18.0 30.0 270.0 
0.0 33.0 5.0 32.0 150.0 
0.0 14.0 21.0 41.0 320.0 
0.0 14.0 20.0 44.0 318.0 
0.0 18.0 15.0 48.0 278.0 
0.0 14.0 21.0 41.0 320.0 
0.0 34.0 4.0 47.0 122.0 
0.0 12.0 22.0 44.0 341.0 
0.0 31.0 9.0 24.0 166.0 
0.0 14.0 21.0 41.0 320.0 
0.0 23.0 12.0 39.0 230.0 
0.0 21.0 17.0 30.0 258.0 
0.0 42.0 5.0 9.0 65.0 
0.0 27.0 16.0 18.0 210.0 
0.0 21.0 17.0 30.0 258.0 
0.0 37.0 9.0 9.0 114.0 
0.0 36.0 7.0 16.0 121.0 
0.0 42.0 5.0 9.0 65.0 
0.0 16.0 14.0 67.0 286.0 
0.0 4.0 24.0 81.0 399.0 
0.0 42.0 5.0 9.0 65.0 
0.0 42.0 5.0 9.0 65.0 
0.0 21.0 17.0 30.0 258.0 
0.0 42.0 5.0 9.0 65.0 
0.0 42.0 5.0 9.0 65.0 
0.0 36.0 10.0 9.0 129.0 
0.0 42.0 5.0 9.0 65.0 
0.0 32.0 5.0 38.0 147.0 
0.0 45.0 2.0 9.0 40.0 
0.0 32.0 5.0 38.0 147.0 
0.0 38.0 3.0 26.0 97.0 
0.0 38.0 3.0 26.0 97.0 
0.0 32.0 5.0 38.0 147.0 
0.0 45.0 2.0 9.0 40.0 
0.0 45.0 2.0 9.0 40.0 
0.0 10.0 18.0 81.0 339.0 
0.0 45.0 2.0 9.0 40.0 
0.0 33.0 5.0 34.0 142.0 
0.0 35.0 4.0 31.0 125.0 
0.0 35.0 4.0 31.0 125.0 
0.0 31.0 10.0 20.0 172.0 
0.0 35.0 4.0 31.0 125.0 
0.0 38.0 3.0 26.0 97.0 
0.0 45.0 2.0 9.0 40.0 
0.0 45.0 2.0 9.0 40.0 
0.0 22.0 14.0 35.0 245.0 
0.0 38.0 3.0 26.0 97.0 
0.0 45.0 2.0 9.0 40.0 
0.0 12.0 22.0 44.0 341.0 
0.0 35.0 4.0 31.0 125.0 
0.0 10.0 18.0 81.0 339.0 
0.0 12.0 22.0 44.0 341.0 
0.0 38.0 8.0 9.0 102.0 
0.0 22.0 14.0 35.0 245.0 
0.0 22.0 14.0 35.0 245.0 
0.0 42.0 2.0 16.0 69.0 
0.0 38.0 8.0 9.0 102.0 
0.0 38.0 8.0 9.0 102.0 
0.0 12.0 22.0 44.0 341.0 
0.0 27.0 11.0 28.0 203.0 
0.0 27.0 11.0 28.0 203.0 
0.0 32.0 13.0 14.0 155.0 
0.0 27.0 10.0 32.0 202.0 
0.0 9.0 19.0 81.0 349.0 
0.0 29.0 7.0 39.0 178.0 
0.0 17.0 19.0 35.0 305.0 
0.0 23.0 13.0 35.0 235.0 
0.0 6.0 24.0 67.0 383.0 
0.0 39.0 3.0 23.0 91.0 
0.0 23.0 13.0 35.0 235.0 
0.0 43.0 3.0 12.0 60.0 
0.0 45.0 2.0 9.0 40.0 
0.0 45.0 2.0 9.0 40.0 
0.0 45.0 2.0 9.0 40.0 
0.0 45.0 2.0 9.0 40.0 
0.0 45.0 2.0 9.0 40.0 
0.0 31.0 14.0 14.0 165.0 
0.0 45.0 2.0 9.0 40.0 
0.0 45.0 2.0 9.0 40.0 
0.0 31.0 14.0 14.0 165.0 
0.0 45.0 2.0 9.0 40.0 
0.0 45.0 2.0 9.0 40.0 
0.0 43.0 3.0 12.0 60.0 
0.0 31.0 14.0 14.0 165.0 
0.0 45.0 2.0 9.0 40.0 
0.0 26.0 12.0 28.0 213.0 
0.0 43.0 3.0 12.0 60.0 
0.0 32.0 8.0 26.0 149.0 
0.0 25.0 7.0 67.0 211.0 
0.0 40.0 2.0 28.0 80.0 
0.0 17.0 15.0 53.0 285.0 
0.0 39.0 3.0 22.0 95.0 
0.0 34.0 8.0 19.0 137.0 
0.0 36.0 4.0 27.0 120.0 
0.0 15.0 14.0 76.0 291.0 
0.0 15.0 14.0 76.0 291.0 
0.0 31.0 9.0 24.0 166.0 
0.0 34.0 8.0 19.0 137.0 
0.0 35.0 7.0 19.0 127.0 
0.0 36.0 4.0 27.0 120.0 
0.0 36.0 4.0 27.0 120.0 
0.0 33.0 5.0 32.0 150.0 
0.0 17.0 19.0 35.0 305.0 
0.0 20.0 10.0 74.0 252.0 
0.0 20.0 10.0 74.0 252.0 
0.0 7.0 24.0 63.0 378.0 
0.0 34.0 10.0 13.0 147.0 
0.0 34.0 10.0 13.0 147.0 
~~~
43.975
