1111111110000000011101110101111011000000000000000
1111111111111111011101110101111111000001100100000
1111111111111110111101110111111011000001110111001
1111000000000000011101110111100000000000000011001
1000000000000000010000000001111011000001100100000
1111110111000000011101110111111001000000000011001
1000000000000000011101110101100000000000000011001
1000000000000000011101110101100000000000000000000
1111110110000000011101111111100000000000000011001
1111111000000000010000000001111011000000000000000
1111000000000000011101110111100000000000000011001
1000000000000000011101110101100000000000000000000
1111111111111111111101110101111111011101100100000
1111110111000000011101111101111001000001110111001
1111111111111110111101110111111011000001111111001
1000000000000000010000000001100000000000000011001
1111110000000000011101110101111011000000000000000
1000000000000000010000000001111001000000000000000
1111100000000000011101110111100000000000000011001
1111111111111111111101110101111111011101100100000
1111111111111111111101110111111011100001111111001
1111110111000000011101110111111001000000000011001
1111111111111111111110111111111111111011111111001
1111111110000000011110000001111011111010000000000
1000000000000000011101110101111001000000000011001
1111110111000000011101110111111011000000000011001
1000000000000000011101110101111011000000000000000
1111110000000000011101110101111011000000000000000
1100000000000000011101111111100000000000000011001
1111111111000000011101110111111011000001100100000
1111110111000000011101111101111001000001110111001
1111111110000000011110000001111011111010000000000
1111111110111110011101110101111011000001100100000
1111111000000000010000000001111011000001100100000
1111110111000000011101111101111001000001110111001
1111111000000000011101110101111011000001100100000
1111111111111111111101110101111111011101100100000
1000000000000000011101110101111001000000000011001
1111111110000000010000000001111111011101100100000
1111111000000000010000000001111111000001100100000
1111111110000000011101110101111011000000000000000
1111111111111110110000000001111111000001100100000
1111111110111111011101110101111011000001100100000
1000000000000000010000000001111001000000000000000
1111111110000000011110000001111011111010000000000
1111111110111110011101110101111011000001100100000
1111111111000000010000000001111111111101100100000
1111111111000000011101111111111011000001111111001
1111111111111110110000000001111011011101100100000
1111111110000000010000000001111011000001100100000
1111110111000000011101111101111001000001110111001
1111110111110110111101110111111011000001110111001
1000000000000000010000000001100000000000000000000
1111111110000000011101110101111011000000000000000
1111111110000000011101110101111011000001100100000
1111111000000000011101110101111011000001100100000
1000000000000000010000000001100000000000000000000
1111110111000000011101110111111001000000000011001
1111111110000000011101110101111011000001100100000
1111111111111110110000000001111011011101100100000
1000000000000000010000000001111011000000000000000
1111111111111110111101111111111011000001111111001
1111111111111110111101111111111011000001111111001
1111111110000000010000000001111111000001100100000
1111111111000000011101110111111011000001100100000
1111111110000000010000000001111111000001100100000
1111111111000000011101110111111011000001100100000
1111111111111111111110111111111111011011111111001
1000000000000000010000000001111011000001100100000
1000000000000000010000000001111011000001100100000
1111111111000000011101110101111011000001100100000
1111111000000000010000000001111011000001100100000
1111111110111111011101110101111111111101110100000
1111111110000000010000000001111111111101100100000
1111110000000000010000000001111011000000000000000
1111110000000000010000000001111011000000000000000
1111110110000000010000000001111011000000000000000
1111110110000000011101110111111011000001111111001
1111111111000000011101111111111011000001111111001
1111110111110110111101110111111011000001110111001
1111110000000000010000000001111011000000000000000
1111111110000000010000000001111011000001100100000
1111111110000000010000000001111011000001100100000
1111111110000000011101110101111011000001100100000
1111110110000000010000000001111011000000000000000
1111111111111111011101110111111011011101110100000
1100000000000000010000000001100000000000000000000
1111110111111110111101110101111011000001110111001
1111110111000000011101110101111001000000000000000
1111111111000000011101110111111011000001111111001
1111111111000000011101111111111011000001111111001
1111111000000000010000000001111011000000000000000
1111110111000000011101110101111001000000000000000
1111111110000000010000000001111011000001100100000
1111111111000000011101110111111011000001111111001
1111110111000000011101110101111001000000000000000
1111110110000000011101110101111011000001100100000
1111111110000000010000000001111011000001100100000
1000000000000000011101110111100000000000000000000
1111110111000000011101110101111001000000000011001
1111110111110110111101110111111011000001110111001
1111110110000000011101110101111011000001100100000
1111110111000000011101110101111001000000000011001
1111111111000000011101110111111011000001111111001
1100010000000000010000000001100000000000000000000
1000000000000000010000000001100000000000000000000
1111110111111110111101110101111011000001110111001
1111110110000000010000000001111011000000000000000
1111110111000000011101110101111001000001110111001
1000000000000000010000000001111001000000000000000
1111011000000000010000000001111011000001100100000
1000000000000000011101110111111011000000000000000
1111111110000000010000000001111011000000000000000
1111111110000000010000000001111011000000000000000
1000000000000000010000000001111011000000000000000
1111110111000000011101110101111001000001110111001
1111111000000000010000000001111011000000000000000
1000000000000000010000000001111011000000000000000
1111110111110110111101111111111011000001110111001
1111111000000000010000000001111011000000000000000
1111111000000000010000000001111011000000000000000
1111111110000000011110000001111011111010000000000
1111111111000000011101110101111011000001100100000
1111111000000000010000000001111011000000000000000
1111110111000000011101110101111001000001110111001
1111111000000000010000000001111011000000000000000
1000000000000000010000000001111001000000000000000
1111111111111110111101110111111011111011111111001
1000000000000000011101110111111011000000000000000
1111111110000000011110000001111011111010000000000
1000000000000000010000000001100000000000000000000
1111111110000000010000000001111011000001100100000
1111111000000000010000000001111011000001100100000
1111111000000000010000000001111011000001100100000
1000000000000000010000000001111001000000000000000
1000000000000000010000000001111011000000000000000
1111111111000000011101110101111011000001100100000
1111110111110110111101111111111011000001110111001
1111110111000000011101110101111001000001110111001
1111111000000000010000000001111011111101100100000
1111110110000000011101110111100000000000000011001
1000000000000000010000000001111011000000000000000
1000000000000000010000000001100000000000000000000
1111110111000000011101110111111001000000000011001
1111111000000000010000000001111011111101100100000
1000000000000000011101110101111001000000000000000
1111111110000000010000000001111111111101100100000
1111110110000000011101110111100000000000000011001
1000000000000000010000000001111001000000000000000
1111111111111111111101110111111011011101110100000
1000000000000000010000000001100000000000000000000
1111111000000000010000000001111011000001100100000
1000000000000000010000000001100000000000000000000
1111111111111110111101111111111011000001111111001
1111110111110110111101111111111011000001110111001
1111100000000000010000000001111011000000000000000
1000000000000000011101110111111011000000000000000
1111111000000000010000000001111011000001100100000
1000000000000000010000000001111011000000000000000
1111111111111110111101110101111011000001110111001
1000000000000000011101110101111001000000000000000
1111111111111110111101110101111011000001110111001
1000000000000000010000000001100000000000000000000
1111100000000000011101110111100000000000000011001
1111100000000000010000000001111011000000000000000
1111111111111110111101110111111011111011111111001
1111110111000000011101110111111011000000000000000
1000000000000000011101111111100000000000000000000
1111110110000000011101110101111011000000000000000
1111110110000000011101110111111011000001111111001
1000000000000000011101110101100000000000000011001
1111110111000000010000000001111011000000000000000
1111111111111111011101110101111111000001100100000
1111110111000000011101110111111011000000000000000
1111110110000000011101110101111011000000000000000
1000000000000000011101110101100000000000000011001
1111110111000000010000000001111011000000000000000
1100010000000000010000000001111011000000000000000
1111111111000000011101111111111011000001111111001
1111111000000000010000000001111011011101100100000
1100010000000000010000000001111011000000000000000
1000000000000000010000000001111111000000000000000
1000000000000000011101110111100000000000000000000
1000000000000000011101110111100000000000000000000
1000000000000000010000000001100000000000000000000
1111111110111111011101110101111011000001100100000
1111111110111111011101110101111011000001100100000
1111111110111111011101110101111011000001100100000
1000000000000000010000000001111111000001100100000
1000000000000000010000000001100000000000000000000
1000000000000000010000000001100000000000000000000
1000000000000000011101110101100000000000000000000
1000000000000000010000000001111111000001100100000
1000000000000000011101110101100000000000000000000
1000000000000000010000000001100000000000000000000
1000000000000000011101110101100000000000000000000
1111110000000000011101110101111001000000000000000
1111111111111110110000000001111111011101100100000
1000000000000000010000000001100000000000000000000
1000000000000000011101110101111001000000000000000
1000000000000000010000000001100000000000000000000
1000000000000000010000000001111011000000000000000
1000000000000000010000000001111011000000000000000
1000000000000000010000000001100000000000000000000
1111111111111110110000000001111111011101100100000
1000000000000000011101110101111001000000000000000
1000000000000000011101110101111011000000000000000
1000000000000000010000000001111011000000000000000
1000000000000000010000000001111011000000000000000
1000000000000000011101110111100000000000000000000
1111111111111110111101111111111011000001111111001
1111111111111110110000000001111111011101100100000
1111111110000000010000000001111111011101100100000
1111111111111111111110111111111111011011111111001
1000000000000000011101110101111011000000000000000
1111111111111110111101111111111011000001111111001
1111111111111111111110111111111111011011111111001
1111111111111110111101111111111011000001111111001
1000000000000000011101110111100000000000000000000
1111111000000000010000000001111111000001100100000
1100010000000000010000000001100000000000000000000
1111111000000000010000000001111111000001100100000
1100010000000000010000000001100000000000000000000
1111111111111111111110111111111111011011111111001
1111111111111111111110111111111111011011111111001
1111111000000000010000000001111111000001100100000
1000000000000000011101110111100000000000000011001
1100010000000000010000000001100000000000000000000
1111110110000000011101111111100000000000000011001
1111110110000000011101111111100000000000000000000
1111000000000000011101110111100000000000000011001
1111110111000000011101110101111001000000000000000
1111111110000000010000000001111111011101100100000
1111111110000000010000000001111111111101100100000
1111110110000000011101111111100000000000000011001
1111111110000000010000000001111111111101100100000
1111111110111111011101110101111111111101110100000
1111110000000000011101111111100000000000000011001
1000000000000000011101110111100000000000000011001
1111111111111111111110111111111111111011111111001
1000000000000000011101110101100000000000000000000
1111111111111111111110111111111111111011111111001
1111110110000000010000000001111011000001100100000
1111111110111111011101110101111111111101110100000
1000000000000000011101110101100000000000000000000
1000000000000000011101110101100000000000000000000
1000000000000000011101110101100000000000000000000
1000000000000000011101110101100000000000000000000
1000000000000000011101110111100000000000000011001
1111110111000000011101110101111011000001100100000
1000000000000000010000000001100000000000000011001
1000000000000000010000000001100000000000000011001
1111110110000000011101111111100000000000000011001
1000000000000000010000000001111001000001100100000
1111111110111111011101110101111111111101110100000
1111110000000000011101111111100000000000000011001
1000000000000000011101110101111001000000000000000
1000000000000000010000000001100000000000000000000
1000000000000000010000000001100000000000000011001
1000000000000000010000000001100000000000000000000
1000000000000000010000000001100000000000000000000
1000000000000000010000000001100000000000000011001
1000000000000000010000000001100000000000000000000
1000000000000000010000000001100000000000000000000
1000000000000000010000000001111001000001100100000
1111111111111110011101110101111011000001100100000
1111110110110110011101111111100000000000000011001
1000000000000000011101110111111001000000000011001
1111010110110110011101111111100000000000000011001
1111111110111110011101110101111011000001100100000
1111110000000000011101110101111011000000000000000
1000000000000000011101111111100000000000000011001
1000000000000000011101111111100000000000000000000
1000000000000000011101111111100000000000000000000
1100000000000000011101111111100000000000000011001
1111111110000000010000000001111111011101100100000
1111111110111110011101110101111011000001100100000
1000000000000000011101110101111001000000000011001
1111110110000000011101110101111011000000000000000
1111111000000000010000000001111011011101100100000
1000000000000000011101110111100000000000000011001
1000000000000000011101111111100000000000000011001
1111110110000000011101111111100000000000000000000
1111110000000000011101110101111001000000000000000
1111111110111111011101110101111111111101110100000
1111110000000000011101110101111001000000000000000
1111110000000000011101110101111001000000000000000
1000000000000000010000000001111001000000000000000
1111110110000000011101111111100000000000000011001
1111111110000000010000000001111111011101100100000
1100000000000000010000000001100000000000000000000
1100010000000000010000000001100000000000000000000
1000000000000000010000000001111011000001100100000
1000000000000000010000000001111011000001100100000
1000000000000000010000000001111011000001100100000
1000000000000000010000000001111011000001100100000
1000000000000000010000000001111011000001100100000
1111110110000000010000000001111011000001100100000
1000000000000000011101111111100000000000000011001
1000000000000000011101111111100000000000000011001
~~~
0.0 27.0 10.0 32.0 202.0 
0.0 16.0 15.0 62.0 290.0 
0.0 12.0 21.0 48.0 329.0 
0.0 32.0 13.0 12.0 160.0 
0.0 38.0 3.0 26.0 97.0 
0.0 24.0 15.0 25.0 236.0 
0.0 36.0 10.0 9.0 121.0 
0.0 39.0 7.0 9.0 92.0 
0.0 27.0 15.0 18.0 213.0 
0.0 35.0 4.0 31.0 125.0 
0.0 32.0 13.0 12.0 160.0 
0.0 39.0 7.0 9.0 92.0 
0.0 12.0 17.0 77.0 315.0 
0.0 20.0 17.0 32.0 270.0 
0.0 11.0 22.0 48.0 340.0 
0.0 42.0 5.0 9.0 69.0 
0.0 30.0 9.0 27.0 172.0 
0.0 42.0 2.0 16.0 69.0 
0.0 31.0 13.0 14.0 171.0 
0.0 12.0 17.0 77.0 315.0 
0.0 9.0 22.0 60.0 365.0 
0.0 24.0 15.0 25.0 236.0 
0.0 4.0 24.0 81.0 399.0 
0.0 26.0 8.0 51.0 208.0 
0.0 33.0 10.0 16.0 150.0 
0.0 23.0 15.0 28.0 242.0 
0.0 35.0 7.0 19.0 127.0 
0.0 30.0 9.0 27.0 172.0 
0.0 33.0 13.0 9.0 158.0 
0.0 22.0 13.0 39.0 240.0 
0.0 20.0 17.0 32.0 270.0 
0.0 26.0 8.0 51.0 208.0 
0.0 19.0 14.0 48.0 268.0 
0.0 32.0 5.0 38.0 147.0 
0.0 20.0 17.0 32.0 270.0 
0.0 26.0 10.0 38.0 199.0 
0.0 12.0 17.0 77.0 315.0 
0.0 33.0 10.0 16.0 150.0 
0.0 26.0 7.0 63.0 196.0 
0.0 31.0 5.0 47.0 152.0 
0.0 27.0 10.0 32.0 202.0 
0.0 22.0 11.0 57.0 233.0 
0.0 18.0 14.0 53.0 279.0 
0.0 42.0 2.0 16.0 69.0 
0.0 26.0 8.0 51.0 208.0 
0.0 19.0 14.0 48.0 268.0 
0.0 24.0 8.0 70.0 216.0 
0.0 16.0 19.0 39.0 302.0 
0.0 20.0 12.0 63.0 247.0 
0.0 30.0 6.0 39.0 172.0 
0.0 20.0 17.0 32.0 270.0 
0.0 14.0 21.0 41.0 315.0 
0.0 45.0 2.0 9.0 40.0 
0.0 27.0 10.0 32.0 202.0 
0.0 24.0 11.0 39.0 224.0 
0.0 26.0 10.0 38.0 199.0 
0.0 45.0 2.0 9.0 40.0 
0.0 24.0 15.0 25.0 236.0 
0.0 24.0 11.0 39.0 224.0 
0.0 20.0 12.0 63.0 247.0 
0.0 41.0 2.0 19.0 75.0 
0.0 10.0 23.0 48.0 352.0 
0.0 10.0 23.0 48.0 352.0 
0.0 29.0 6.0 48.0 177.0 
0.0 22.0 13.0 39.0 240.0 
0.0 29.0 6.0 48.0 177.0 
0.0 22.0 13.0 39.0 240.0 
0.0 5.0 24.0 74.0 385.0 
0.0 38.0 3.0 26.0 97.0 
0.0 38.0 3.0 26.0 97.0 
0.0 23.0 12.0 39.0 230.0 
0.0 32.0 5.0 38.0 147.0 
0.0 12.0 16.0 84.0 327.0 
0.0 25.0 7.0 70.0 210.0 
0.0 36.0 4.0 27.0 120.0 
0.0 36.0 4.0 27.0 120.0 
0.0 34.0 5.0 28.0 145.0 
0.0 19.0 17.0 35.0 279.0 
0.0 16.0 19.0 39.0 302.0 
0.0 14.0 21.0 41.0 315.0 
0.0 36.0 4.0 27.0 120.0 
0.0 30.0 6.0 39.0 172.0 
0.0 30.0 6.0 39.0 172.0 
0.0 24.0 11.0 39.0 224.0 
0.0 34.0 5.0 28.0 145.0 
0.0 12.0 18.0 68.0 324.0 
0.0 44.0 3.0 9.0 55.0 
0.0 14.0 20.0 44.0 314.0 
0.0 28.0 11.0 25.0 197.0 
0.0 17.0 18.0 39.0 290.0 
0.0 16.0 19.0 39.0 302.0 
0.0 35.0 4.0 31.0 125.0 
0.0 28.0 11.0 25.0 197.0 
0.0 30.0 6.0 39.0 172.0 
0.0 17.0 18.0 39.0 290.0 
0.0 28.0 11.0 25.0 197.0 
0.0 25.0 11.0 35.0 219.0 
0.0 30.0 6.0 39.0 172.0 
0.0 38.0 8.0 9.0 102.0 
0.0 25.0 14.0 25.0 226.0 
0.0 14.0 21.0 41.0 315.0 
0.0 25.0 11.0 35.0 219.0 
0.0 25.0 14.0 25.0 226.0 
0.0 17.0 18.0 39.0 290.0 
0.0 43.0 3.0 12.0 60.0 
0.0 45.0 2.0 9.0 40.0 
0.0 14.0 20.0 44.0 314.0 
0.0 34.0 5.0 28.0 145.0 
0.0 21.0 16.0 32.0 258.0 
0.0 42.0 2.0 16.0 69.0 
0.0 33.0 5.0 36.0 136.0 
0.0 34.0 8.0 19.0 137.0 
0.0 33.0 5.0 32.0 150.0 
0.0 33.0 5.0 32.0 150.0 
0.0 41.0 2.0 19.0 75.0 
0.0 21.0 16.0 32.0 258.0 
0.0 35.0 4.0 31.0 125.0 
0.0 41.0 2.0 19.0 75.0 
0.0 13.0 22.0 41.0 327.0 
0.0 35.0 4.0 31.0 125.0 
0.0 35.0 4.0 31.0 125.0 
0.0 26.0 8.0 51.0 208.0 
0.0 23.0 12.0 39.0 230.0 
0.0 35.0 4.0 31.0 125.0 
0.0 21.0 16.0 32.0 258.0 
0.0 35.0 4.0 31.0 125.0 
0.0 42.0 2.0 16.0 69.0 
0.0 7.0 23.0 67.0 374.0 
0.0 34.0 8.0 19.0 137.0 
0.0 26.0 8.0 51.0 208.0 
0.0 45.0 2.0 9.0 40.0 
0.0 30.0 6.0 39.0 172.0 
0.0 32.0 5.0 38.0 147.0 
0.0 32.0 5.0 38.0 147.0 
0.0 42.0 2.0 16.0 69.0 
0.0 41.0 2.0 19.0 75.0 
0.0 23.0 12.0 39.0 230.0 
0.0 13.0 22.0 41.0 327.0 
0.0 21.0 16.0 32.0 258.0 
0.0 28.0 6.0 60.0 180.0 
0.0 28.0 14.0 18.0 201.0 
0.0 41.0 2.0 19.0 75.0 
0.0 45.0 2.0 9.0 40.0 
0.0 24.0 15.0 25.0 236.0 
0.0 28.0 6.0 60.0 180.0 
0.0 36.0 7.0 16.0 121.0 
0.0 25.0 7.0 70.0 210.0 
0.0 28.0 14.0 18.0 201.0 
0.0 42.0 2.0 16.0 69.0 
0.0 11.0 19.0 68.0 330.0 
0.0 45.0 2.0 9.0 40.0 
0.0 32.0 5.0 38.0 147.0 
0.0 45.0 2.0 9.0 40.0 
0.0 10.0 23.0 48.0 352.0 
0.0 13.0 22.0 41.0 327.0 
0.0 37.0 4.0 24.0 115.0 
0.0 34.0 8.0 19.0 137.0 
0.0 32.0 5.0 38.0 147.0 
0.0 41.0 2.0 19.0 75.0 
0.0 13.0 20.0 48.0 319.0 
0.0 36.0 7.0 16.0 121.0 
0.0 13.0 20.0 48.0 319.0 
0.0 45.0 2.0 9.0 40.0 
0.0 31.0 13.0 14.0 171.0 
0.0 37.0 4.0 24.0 115.0 
0.0 7.0 23.0 67.0 374.0 
0.0 26.0 12.0 28.0 213.0 
0.0 37.0 9.0 9.0 114.0 
0.0 28.0 10.0 28.0 197.0 
0.0 19.0 17.0 35.0 279.0 
0.0 36.0 10.0 9.0 121.0 
0.0 33.0 6.0 28.0 151.0 
0.0 16.0 15.0 62.0 290.0 
0.0 26.0 12.0 28.0 213.0 
0.0 28.0 10.0 28.0 197.0 
0.0 36.0 10.0 9.0 121.0 
0.0 33.0 6.0 28.0 151.0 
0.0 39.0 3.0 22.0 95.0 
0.0 16.0 19.0 39.0 302.0 
0.0 29.0 6.0 53.0 166.0 
0.0 39.0 3.0 22.0 95.0 
0.0 40.0 2.0 28.0 80.0 
0.0 38.0 8.0 9.0 102.0 
0.0 38.0 8.0 9.0 102.0 
0.0 45.0 2.0 9.0 40.0 
0.0 18.0 14.0 53.0 279.0 
0.0 18.0 14.0 53.0 279.0 
0.0 18.0 14.0 53.0 279.0 
0.0 37.0 3.0 35.0 102.0 
0.0 45.0 2.0 9.0 40.0 
0.0 45.0 2.0 9.0 40.0 
0.0 39.0 7.0 9.0 92.0 
0.0 37.0 3.0 35.0 102.0 
0.0 39.0 7.0 9.0 92.0 
0.0 45.0 2.0 9.0 40.0 
0.0 39.0 7.0 9.0 92.0 
0.0 31.0 9.0 24.0 166.0 
0.0 19.0 12.0 72.0 252.0 
0.0 45.0 2.0 9.0 40.0 
0.0 36.0 7.0 16.0 121.0 
0.0 45.0 2.0 9.0 40.0 
0.0 41.0 2.0 19.0 75.0 
0.0 41.0 2.0 19.0 75.0 
0.0 45.0 2.0 9.0 40.0 
0.0 19.0 12.0 72.0 252.0 
0.0 36.0 7.0 16.0 121.0 
0.0 35.0 7.0 19.0 127.0 
0.0 41.0 2.0 19.0 75.0 
0.0 41.0 2.0 19.0 75.0 
0.0 38.0 8.0 9.0 102.0 
0.0 10.0 23.0 48.0 352.0 
0.0 19.0 12.0 72.0 252.0 
0.0 26.0 7.0 63.0 196.0 
0.0 5.0 24.0 74.0 385.0 
0.0 35.0 7.0 19.0 127.0 
0.0 10.0 23.0 48.0 352.0 
0.0 5.0 24.0 74.0 385.0 
0.0 10.0 23.0 48.0 352.0 
0.0 38.0 8.0 9.0 102.0 
0.0 31.0 5.0 47.0 152.0 
0.0 43.0 3.0 12.0 60.0 
0.0 31.0 5.0 47.0 152.0 
0.0 43.0 3.0 12.0 60.0 
0.0 5.0 24.0 74.0 385.0 
0.0 5.0 24.0 74.0 385.0 
0.0 31.0 5.0 47.0 152.0 
0.0 35.0 11.0 9.0 131.0 
0.0 43.0 3.0 12.0 60.0 
0.0 27.0 15.0 18.0 213.0 
0.0 30.0 12.0 18.0 184.0 
0.0 32.0 13.0 12.0 160.0 
0.0 28.0 11.0 25.0 197.0 
0.0 26.0 7.0 63.0 196.0 
0.0 25.0 7.0 70.0 210.0 
0.0 27.0 15.0 18.0 213.0 
0.0 25.0 7.0 70.0 210.0 
0.0 12.0 16.0 84.0 327.0 
0.0 29.0 14.0 17.0 188.0 
0.0 35.0 11.0 9.0 131.0 
0.0 4.0 24.0 81.0 399.0 
0.0 39.0 7.0 9.0 92.0 
0.0 4.0 24.0 81.0 399.0 
0.0 31.0 6.0 35.0 167.0 
0.0 12.0 16.0 84.0 327.0 
0.0 39.0 7.0 9.0 92.0 
0.0 39.0 7.0 9.0 92.0 
0.0 39.0 7.0 9.0 92.0 
0.0 39.0 7.0 9.0 92.0 
0.0 35.0 11.0 9.0 131.0 
0.0 24.0 12.0 35.0 225.0 
0.0 42.0 5.0 9.0 69.0 
0.0 42.0 5.0 9.0 69.0 
0.0 27.0 15.0 18.0 213.0 
0.0 39.0 3.0 23.0 91.0 
0.0 12.0 16.0 84.0 327.0 
0.0 29.0 14.0 17.0 188.0 
0.0 36.0 7.0 16.0 121.0 
0.0 45.0 2.0 9.0 40.0 
0.0 42.0 5.0 9.0 69.0 
0.0 45.0 2.0 9.0 40.0 
0.0 45.0 2.0 9.0 40.0 
0.0 42.0 5.0 9.0 69.0 
0.0 45.0 2.0 9.0 40.0 
0.0 45.0 2.0 9.0 40.0 
0.0 39.0 3.0 23.0 91.0 
0.0 18.0 15.0 48.0 274.0 
0.0 23.0 18.0 24.0 248.0 
0.0 32.0 11.0 16.0 160.0 
0.0 24.0 18.0 22.0 237.0 
0.0 19.0 14.0 48.0 268.0 
0.0 30.0 9.0 27.0 172.0 
0.0 34.0 12.0 9.0 143.0 
0.0 37.0 9.0 9.0 114.0 
0.0 37.0 9.0 9.0 114.0 
0.0 33.0 13.0 9.0 158.0 
0.0 26.0 7.0 63.0 196.0 
0.0 19.0 14.0 48.0 268.0 
0.0 33.0 10.0 16.0 150.0 
0.0 28.0 10.0 28.0 197.0 
0.0 29.0 6.0 53.0 166.0 
0.0 35.0 11.0 9.0 131.0 
0.0 34.0 12.0 9.0 143.0 
0.0 30.0 12.0 18.0 184.0 
0.0 31.0 9.0 24.0 166.0 
0.0 12.0 16.0 84.0 327.0 
0.0 31.0 9.0 24.0 166.0 
0.0 31.0 9.0 24.0 166.0 
0.0 42.0 2.0 16.0 69.0 
0.0 27.0 15.0 18.0 213.0 
0.0 26.0 7.0 63.0 196.0 
0.0 44.0 3.0 9.0 55.0 
0.0 43.0 3.0 12.0 60.0 
0.0 38.0 3.0 26.0 97.0 
0.0 38.0 3.0 26.0 97.0 
0.0 38.0 3.0 26.0 97.0 
0.0 38.0 3.0 26.0 97.0 
0.0 38.0 3.0 26.0 97.0 
0.0 31.0 6.0 35.0 167.0 
0.0 34.0 12.0 9.0 143.0 
0.0 34.0 12.0 9.0 143.0 
~~~
55.461
