1111110110000000011101110101100000000000000000000
1111111111111111111110110111111011111011100100000
1111110111000000011101110111111011000000000000000
1111110110000000011101110101100000000000000000000
1111111000000000010000000001111011000000000000000
1100000000000000010000000001100000000000000000000
1111111111111111111110110111111011111011100100000
1111111111111111010000000001111011000001100100000
1111111110000000011101110111111011000001100111001
1111010111000000011101111101111001000001110111001
1111111000000000010000000001111011000000000000000
1111111110111110111101110101111011000001100100000
1111110000000000010000000001111011000001100100000
1111110110000000011101110111111011000001100111001
1000000000000000011101110101111011000000000000000
1111110111111110111101110111111001000000000011001
1111110110000000011101110111111011000001100111001
1111110111111110111101111111111001000000000011001
1111010110000000011101110101111011000000000000000
1000000000000000011101110101111011000000000000000
1111111110111110111101110101111011000001100100000
1111111110000000011101110101111011000000000000000
1111110110000000011101110111111011000000000011001
1111111111111111111110110111111011111011100100000
1111110111000000011101110111111011000000000000000
1111010110000000011101110111100000000000000011001
1000000000000000011101111111100000000000000011001
1000000000000000011101111111100000000000000011001
1111110110000000011101110111111011000000000011001
1111000000000000011101111111100000000000000011001
1111110000000000010000000001111011000000000000000
1111111110111110111101110101111011000001100100000
1000000000000000011101111111100000000000000011001
1111111000000000010000000001111111111101100100000
1111111000000000010000000001111111111101100100000
1111111111111110111110111111111011111011111111001
1111110110000000011101110111100000000001111111001
1111110111111110111101110111111001000000000011001
1000000000000000011101110111111001000000000000000
1111110111111110111101111111111001000000000011001
1111110110000000011101110111100000000001111111001
1111111111111111111101110101111011000001100111001
1111110110000000011101110111100000000001111111001
1000000000000000011101111111100000000000000011001
1111110110000000011101110101111011000000000000000
1111111110000000011101110101111011000001100100000
1000000000000000010000000001111001000000000000000
1111110110000000010000000001111011000001110100000
1111111111111110111110111111111011111011111111001
1111110111111110111101111111111001000000000011001
1000000000000000011101111111100000000000000000000
1100010000000000010000000001111011000000000000000
1000000000000000011101110101111011000000000000000
1111110000000000010000000001111001000000000000000
1111010110000000011101111111100000000000000011001
1111000000000000011101111111100000000000000011001
1111110110000000011101110101111011000000000000000
1000000000000000011101111111100000000000000000000
1100010111000000011101111101111001000000000000000
1100010110000000010000000001111011000000000000000
1111010110000000011101111111100000000000000011001
1111111110000000011101110101111011000001100100000
1111110111000000010000000001111011000000000000000
1000000000000000011101111111100000000000000000000
1111111000000000010000000001111011000000000000000
1111110111111110111101110111111001000000000011001
1000000000000000011101110101111011000000000000000
1111111111111110111101110111111011000001101100000
1111110111000000011101111101111001000000000000000
1111111110000000011101110101111011000001100100000
1111111111111111111110111111111011111011111111001
1111000000000000011101111111100000000000000011001
1111111110000000011110000001111011011010000000000
1111010110000000011101111111100000000000000011001
1111110110000000011101110111100000000001111111001
1000000000000000011101110101100000000000000011001
1111111110000000011110000001111011011010000000000
1111111110000000011110000001111011011010000000000
1111110000000000010000000001111011000000000000000
1111000000000000011101111111100000000000000011001
1111111111111111010000000001111011000001100100000
1000000000000000011101110101100000000000000000000
1111111111111111111110000001111011011011100100000
1000000000000000011101110101100000000000000000000
1000000000000000010000000001111011000000000000000
1111110111000000011101111101111001000001110111001
1000000000000000010000110101100000000000000000000
1000000000000000011101110101100000000000000000000
1111110111000000011101111101111001000001110111001
1000000000000000010000000001111011000000000000000
1111111111111111111110000001111011011011100100000
1000000000000000010000110101100000000000000000000
1000000000000000010000000001111011000000000000000
1000000000000000010000110101100000000000000000000
1111110111000000011101111101111001000001110111001
1100010000000000010000000001111001000000000000000
1111111110111111010000000001111111011101100100000
1000000000000000010000000001111111100001100100000
1111110110000000011101110101111011000001100100000
1111011000000000010000000001111011000000000000000
1111111111111111111110000001111011011011100100000
1111111111111110111101110111111011011011101111001
1111111110000000010000000001111111000001100100000
1100010111000000011101111111111011000000000011001
1100010000000000010000000001111011000000000000000
1100010000000000010000000001111011000000000000000
1000000000000000011101110111111001000000000011001
1000000000000000010000000001111011000000000000000
1111111110000000011110000001111111011010000000000
1111111000000000010000000001111111100001100100000
1000000000000000011101110101100000000000000000000
1000000000000000011101110101100000000000000000000
1000000000000000010000000001100000000000000000000
1000000000000000011101110101111011000001100100000
1111110000000000010000000001111001000000000000000
1111111110111111010000000001111111011101100100000
1111111000000000010000000001111111100001100100000
1111111110000000010000000001111111000001100100000
1000000000000000010000000001111011000000000000000
1000000000000000010000000001100000000000000000000
1000000000000000011101110101100000000000000000000
1111111110111111010000000001111111011101100100000
1111111000000000011110000001111011011010000000000
1000000000000000010000000001100000000000000000000
1111110110000000010000000001111011000000000000000
1000000000000000010000000001100000000000000000000
1000000000000000011101110101111011000001100100000
1111110110000000010000000001111011000001100100000
1000000000000000010000000001111011000000000000000
1111010110000000011101110111100000000000000011001
1000000000000000010000000001100000000000000000000
1000000000000000010000000001100000000000000000000
1111111000000000010000000001111111100001100100000
1111110110000000010000000001111011000001100100000
1111111111111110111101110111111011000001101100000
1000000000000000010000000001111001000001100100000
1100010110000000010000000001111011000000000000000
1000000000000000010000000001100000000000000000000
1111110111111110111101111101111011000001110111001
1111110111000000011101110101111011000001100100000
1111111110111111010000000001111111011101100100000
1111010110000000011101110111100000000000000011001
1111110111000000011101111101111001000001110111001
1000000000000000010000000001111011000000000000000
1000000000000000011101110111100000000000000000000
1111111111111111111101110101111011000001100111001
1100000000000000011101111111100000000000000011001
1000000000000000011101110111100000000000000000000
1111110111111110111101110111111011011011101111001
1100010111000000011101111101111001000000000000000
1111111111111111111110000001111011111011100100000
1111111111111111111110000001111011111011100100000
1111110110000000011101110101100000000000000000000
1111110111000000011101111101111001000000000000000
1111111111111111010000000001111011000001100100000
1000000000000000011101110111111001000000000000000
1111010110000000011101110101111011000000000000000
1111111111111111111110000001111011011010000000000
1111111000000000010000000001111011000000000000000
1111111110111111010000000001111111011101100100000
1111111111111111111110000001111011011010000000000
1111111111111111111110000001111011011010000000000
1111110110000000010000000001111011000001100100000
1111111110111111110000000001111011011101100100000
1100000000000000011101111111100000000000000011001
1111111000000000010000000001111111011101100100000
1111110110000000010000000001111011000000000000000
1111110110000000011101110101111011000000000000000
1111110111000000010000000001111011000000000000000
1111110110000000011101110101111011000000000000000
1111111110000000011101110101111011000000000000000
1111010110000000011101110101111001000000000000000
1111111000000000010000000001111011000000000000000
1111111000000000011110000001111011011010000000000
1000000000000000010000000001111111000001100100000
1000000000000000011101110111111001000000000000000
1111111111111110111101110111111011011011101111001
1111100000000000011101110111100000000000000011001
1000000000000000010000000001111111000001100100000
1000000000000000011101110111111011000000000000000
1111111000000000010000000001111111011101100100000
1111111111111110111101110101111011000001100111001
1111111000000000010000000001111111011101100100000
1111110111110110111101111101111011000001110111001
1111110111110110111101111101111011000001110111001
1111110111110110111101111101111011000001110111001
1111111110000000010000000001111111011101100100000
1111111110111111110000000001111011011101100100000
1111111110000000010000000001111111011101100100000
1111111111111111111110000001111011011011100100000
1000000000000000010000000001111001000000000000000
1000000000000000011101110111100000000000000000000
1111111111111111111110000001111011011011100100000
1000000000000000011101110101100000000000000000000
1111110111110110111101111101111011000001110111001
1000000000000000011101110101100000000000000000000
1111111110111110010000000001111011000001100100000
1111110000000000010000000001111011000001100100000
1000000000000000010000000001111001000000000000000
1000000000000000011101110101100000000000000000000
1000000000000000011101110101100000000000000000000
1000000000000000010000000001111001000000000000000
1111111110111110010000000001111011000001100100000
1111111110111110010000000001111011000001100100000
1111111111111110111101110111111011011011101111001
1000000000000000011101110111111011000000000000000
1111100000000000011101110111100000000000000011001
1111110111000000011101110111111011000000000000000
1000000000000000011101110111111001000000000011001
1000000000000000011101110111100000000000000011001
1000000000000000011101110111100000000000000011001
1111111111111111111110110111111011011011111111001
1111110110000000011101111111100000000000000011001
1111010000000000010000000001111011000000000000000
1111010110000000011101110101111001000000000000000
1111010110000000011101110101111001000000000000000
1111110111111110111101111111111001000000000011001
1111111110000000010000000001111011000000000000000
1111111111000000011101111101111011000001100100000
1111111111000000011101111101111011000001100100000
1111110110000000011101111111100000000000000011001
1111111111000000011101111101111011000001100100000
1111111000000000010000000001111011000001100100000
1111111000000000010000000001111011000001100100000
1000000000000000010000000001111011000001100100000
1111111110111111110000000001111011011101100100000
1000000000000000011101110111100000000000000011001
1111111111000000011101111101111011000001100100000
1100000000000000010000000001100000000000000000000
1000000000000000010000000001100000000000000000000
1000000000000000010000000001100000000000000000000
1000000000000000010000000001100000000000000000000
1000000000000000010000000001100000000000000000000
1000000000000000010000000001111011000000000000000
1000000000000000010000110101100000000000000000000
1000000000000000010000000001111011000000000000000
1000000000000000010000110101100000000000000000000
1100010000000000010000000001100000000000000000000
1000000000000000010000110101100000000000000000000
1000000000000000010000110101100000000000000000000
1000000000000000010000110101100000000000000000000
1111110111111110111101111101111011000001110111001
1111110111111110111101111101111011000001110111001
1100010000000000010000000001100000000000000000000
1100010000000000010000000001100000000000000000000
1111110110000000010000000001111011000000000000000
1100010000000000010000000001100000000000000000000
1111111110000000010000000001111111011101100100000
1111111000000000010000000001111011000001100100000
1111111000000000010000000001111011000001100100000
1111111111111111111110110111111011011011111111001
1111111110000000011101110101111011000000000000000
1111111111111111111110110111111011011011111111001
1111111111111111111110110111111011011011111111001
1111111000000000010000000001111011000001100100000
1000000000000000011101110111100000000000000000000
1000000000000000010000000001111011000001100100000
1000000000000000010000000001111011000001100100000
1111111110000000011110000001111011011010000000000
1000000000000000011101110101111011000000000000000
1000000000000000010000000001111011000001100100000
1000000000000000011101110111100000000000000000000
1000000000000000011101110101111011000000000000000
1111111110000000011110000001111011011010000000000
1111111111111111111110111111111111111011111111001
1111111111111111111110111111111111111011111111001
1111111111111111111110111111111111111011111111001
1111110111000000010000000001111011000000000000000
1111111111111111111110111111111111111011111111001
1100010111000000011101111111111011000000000011001
1100010111000000011101111111111011000000000011001
1111111110000000010000000001111011000001100100000
1000000000000000011101110101111011000001100100000
1111110110000000011101110101111011000001100100000
1000000000000000011101110101100000000000000011001
1000000000000000011101110101100000000000000011001
1000000000000000010000000001100000000000000000000
1111111111111110111101110101111011000001100100000
1111111111111110111101110101111011000001100100000
1000000000000000010000000001100000000000000000000
1000000000000000010000000001100000000000000000000
1000000000000000010000000001100000000000000000000
1111111110000000010000000001111011000001100100000
1000000000000000010000000001100000000000000000000
1000000000000000010000000001100000000000000000000
1100000000000000011101111111100000000000000011001
1111110111000000011101110101111011000001100100000
1111111110000000010000000001111011000001100100000
1111111110000000010000000001111011000001100100000
1000000000000000010000000001111001000001100100000
1000000000000000010000000001111011000001100100000
1000000000000000010000000001111011000001100100000
1000000000000000011101110101100000000000000011001
1000000000000000010000000001111001000000000000000
1000000000000000011101110101100000000000000011001
1000000000000000010000000001111001000000000000000
1111110111000000011101111101111001000001110111001
1000000000000000010000000001111001000000000000000
1111111111111110111101110101111011000001100100000
1111110111111110111101110111111011011011101111001
~~~
0.0 32.0 10.0 18.0 162.0 
0.0 11.0 18.0 72.0 332.0 
0.0 26.0 12.0 28.0 213.0 
0.0 32.0 10.0 18.0 162.0 
0.0 35.0 4.0 31.0 125.0 
0.0 44.0 3.0 9.0 55.0 
0.0 11.0 18.0 72.0 332.0 
0.0 23.0 10.0 53.0 233.0 
0.0 20.0 15.0 39.0 263.0 
0.0 21.0 17.0 30.0 259.0 
0.0 35.0 4.0 31.0 125.0 
0.0 18.0 15.0 48.0 274.0 
0.0 33.0 5.0 34.0 142.0 
0.0 21.0 15.0 35.0 258.0 
0.0 35.0 7.0 19.0 127.0 
0.0 18.0 19.0 34.0 286.0 
0.0 21.0 15.0 35.0 258.0 
0.0 17.0 20.0 34.0 298.0 
0.0 29.0 10.0 26.0 186.0 
0.0 35.0 7.0 19.0 127.0 
0.0 18.0 15.0 48.0 274.0 
0.0 27.0 10.0 32.0 202.0 
0.0 24.0 14.0 28.0 236.0 
0.0 11.0 18.0 72.0 332.0 
0.0 26.0 12.0 28.0 213.0 
0.0 29.0 14.0 16.0 190.0 
0.0 34.0 12.0 9.0 143.0 
0.0 34.0 12.0 9.0 143.0 
0.0 24.0 14.0 28.0 236.0 
0.0 31.0 14.0 12.0 172.0 
0.0 36.0 4.0 27.0 120.0 
0.0 18.0 15.0 48.0 274.0 
0.0 34.0 12.0 9.0 143.0 
0.0 27.0 6.0 69.0 185.0 
0.0 27.0 6.0 69.0 185.0 
0.0 6.0 24.0 67.0 383.0 
0.0 23.0 17.0 25.0 244.0 
0.0 18.0 19.0 34.0 286.0 
0.0 35.0 8.0 16.0 131.0 
0.0 17.0 20.0 34.0 298.0 
0.0 23.0 17.0 25.0 244.0 
0.0 13.0 19.0 53.0 320.0 
0.0 23.0 17.0 25.0 244.0 
0.0 34.0 12.0 9.0 143.0 
0.0 28.0 10.0 28.0 197.0 
0.0 24.0 11.0 39.0 224.0 
0.0 42.0 2.0 16.0 69.0 
0.0 30.0 7.0 35.0 177.0 
0.0 6.0 24.0 67.0 383.0 
0.0 17.0 20.0 34.0 298.0 
0.0 37.0 9.0 9.0 114.0 
0.0 39.0 3.0 22.0 95.0 
0.0 35.0 7.0 19.0 127.0 
0.0 37.0 4.0 24.0 114.0 
0.0 28.0 15.0 16.0 202.0 
0.0 31.0 14.0 12.0 172.0 
0.0 28.0 10.0 28.0 197.0 
0.0 37.0 9.0 9.0 114.0 
0.0 30.0 11.0 20.0 184.0 
0.0 37.0 4.0 23.0 120.0 
0.0 28.0 15.0 16.0 202.0 
0.0 24.0 11.0 39.0 224.0 
0.0 33.0 6.0 28.0 151.0 
0.0 37.0 9.0 9.0 114.0 
0.0 35.0 4.0 31.0 125.0 
0.0 18.0 19.0 34.0 286.0 
0.0 35.0 7.0 19.0 127.0 
0.0 15.0 18.0 48.0 301.0 
0.0 27.0 12.0 25.0 209.0 
0.0 24.0 11.0 39.0 224.0 
0.0 5.0 24.0 72.0 394.0 
0.0 31.0 14.0 12.0 172.0 
0.0 27.0 8.0 44.0 194.0 
0.0 28.0 15.0 16.0 202.0 
0.0 23.0 17.0 25.0 244.0 
0.0 36.0 10.0 9.0 121.0 
0.0 27.0 8.0 44.0 194.0 
0.0 27.0 8.0 44.0 194.0 
0.0 36.0 4.0 27.0 120.0 
0.0 31.0 14.0 12.0 172.0 
0.0 23.0 10.0 53.0 233.0 
0.0 39.0 7.0 9.0 92.0 
0.0 16.0 14.0 65.0 283.0 
0.0 39.0 7.0 9.0 92.0 
0.0 41.0 2.0 19.0 75.0 
0.0 20.0 17.0 32.0 270.0 
0.0 42.0 5.0 9.0 65.0 
0.0 39.0 7.0 9.0 92.0 
0.0 20.0 17.0 32.0 270.0 
0.0 41.0 2.0 19.0 75.0 
0.0 16.0 14.0 65.0 283.0 
0.0 42.0 5.0 9.0 65.0 
0.0 41.0 2.0 19.0 75.0 
0.0 42.0 5.0 9.0 65.0 
0.0 20.0 17.0 32.0 270.0 
0.0 40.0 3.0 19.0 89.0 
0.0 20.0 10.0 77.0 251.0 
0.0 36.0 3.0 42.0 116.0 
0.0 25.0 11.0 35.0 219.0 
0.0 36.0 4.0 29.0 114.0 
0.0 16.0 14.0 65.0 283.0 
0.0 9.0 22.0 60.0 350.0 
0.0 29.0 6.0 48.0 177.0 
0.0 25.0 15.0 23.0 229.0 
0.0 39.0 3.0 22.0 95.0 
0.0 39.0 3.0 22.0 95.0 
0.0 32.0 11.0 16.0 160.0 
0.0 41.0 2.0 19.0 75.0 
0.0 26.0 8.0 53.0 199.0 
0.0 30.0 5.0 54.0 166.0 
0.0 39.0 7.0 9.0 92.0 
0.0 39.0 7.0 9.0 92.0 
0.0 45.0 2.0 9.0 40.0 
0.0 32.0 8.0 26.0 149.0 
0.0 37.0 4.0 24.0 114.0 
0.0 20.0 10.0 77.0 251.0 
0.0 30.0 5.0 54.0 166.0 
0.0 29.0 6.0 48.0 177.0 
0.0 41.0 2.0 19.0 75.0 
0.0 45.0 2.0 9.0 40.0 
0.0 39.0 7.0 9.0 92.0 
0.0 20.0 10.0 77.0 251.0 
0.0 29.0 7.0 43.0 169.0 
0.0 45.0 2.0 9.0 40.0 
0.0 34.0 5.0 28.0 145.0 
0.0 45.0 2.0 9.0 40.0 
0.0 32.0 8.0 26.0 149.0 
0.0 31.0 6.0 35.0 167.0 
0.0 41.0 2.0 19.0 75.0 
0.0 29.0 14.0 16.0 190.0 
0.0 45.0 2.0 9.0 40.0 
0.0 45.0 2.0 9.0 40.0 
0.0 30.0 5.0 54.0 166.0 
0.0 31.0 6.0 35.0 167.0 
0.0 15.0 18.0 48.0 301.0 
0.0 39.0 3.0 23.0 91.0 
0.0 37.0 4.0 23.0 120.0 
0.0 45.0 2.0 9.0 40.0 
0.0 13.0 21.0 44.0 326.0 
0.0 24.0 12.0 35.0 225.0 
0.0 20.0 10.0 77.0 251.0 
0.0 29.0 14.0 16.0 190.0 
0.0 20.0 17.0 32.0 270.0 
0.0 41.0 2.0 19.0 75.0 
0.0 38.0 8.0 9.0 102.0 
0.0 13.0 19.0 53.0 320.0 
0.0 33.0 13.0 9.0 158.0 
0.0 38.0 8.0 9.0 102.0 
0.0 10.0 22.0 56.0 345.0 
0.0 30.0 11.0 20.0 184.0 
0.0 15.0 14.0 72.0 297.0 
0.0 15.0 14.0 72.0 297.0 
0.0 32.0 10.0 18.0 162.0 
0.0 27.0 12.0 25.0 209.0 
0.0 23.0 10.0 53.0 233.0 
0.0 35.0 8.0 16.0 131.0 
0.0 29.0 10.0 26.0 186.0 
0.0 19.0 13.0 58.0 261.0 
0.0 35.0 4.0 31.0 125.0 
0.0 20.0 10.0 77.0 251.0 
0.0 19.0 13.0 58.0 261.0 
0.0 19.0 13.0 58.0 261.0 
0.0 31.0 6.0 35.0 167.0 
0.0 20.0 11.0 68.0 252.0 
0.0 33.0 13.0 9.0 158.0 
0.0 28.0 6.0 62.0 171.0 
0.0 34.0 5.0 28.0 145.0 
0.0 28.0 10.0 28.0 197.0 
0.0 33.0 6.0 28.0 151.0 
0.0 28.0 10.0 28.0 197.0 
0.0 27.0 10.0 32.0 202.0 
0.0 30.0 10.0 23.0 180.0 
0.0 35.0 4.0 31.0 125.0 
0.0 29.0 7.0 43.0 169.0 
0.0 37.0 3.0 35.0 102.0 
0.0 35.0 8.0 16.0 131.0 
0.0 9.0 22.0 60.0 350.0 
0.0 31.0 13.0 14.0 171.0 
0.0 37.0 3.0 35.0 102.0 
0.0 34.0 8.0 19.0 137.0 
0.0 28.0 6.0 62.0 171.0 
0.0 14.0 19.0 48.0 309.0 
0.0 28.0 6.0 62.0 171.0 
0.0 14.0 21.0 41.0 317.0 
0.0 14.0 21.0 41.0 317.0 
0.0 14.0 21.0 41.0 317.0 
0.0 26.0 7.0 63.0 196.0 
0.0 20.0 11.0 68.0 252.0 
0.0 26.0 7.0 63.0 196.0 
0.0 16.0 14.0 65.0 283.0 
0.0 42.0 2.0 16.0 69.0 
0.0 38.0 8.0 9.0 102.0 
0.0 16.0 14.0 65.0 283.0 
0.0 39.0 7.0 9.0 92.0 
0.0 14.0 21.0 41.0 317.0 
0.0 39.0 7.0 9.0 92.0 
0.0 25.0 9.0 48.0 216.0 
0.0 33.0 5.0 34.0 142.0 
0.0 42.0 2.0 16.0 69.0 
0.0 39.0 7.0 9.0 92.0 
0.0 39.0 7.0 9.0 92.0 
0.0 42.0 2.0 16.0 69.0 
0.0 25.0 9.0 48.0 216.0 
0.0 25.0 9.0 48.0 216.0 
0.0 9.0 22.0 60.0 350.0 
0.0 34.0 8.0 19.0 137.0 
0.0 31.0 13.0 14.0 171.0 
0.0 26.0 12.0 28.0 213.0 
0.0 32.0 11.0 16.0 160.0 
0.0 35.0 11.0 9.0 131.0 
0.0 35.0 11.0 9.0 131.0 
0.0 7.0 23.0 65.0 368.0 
0.0 27.0 15.0 18.0 213.0 
0.0 37.0 4.0 25.0 109.0 
0.0 30.0 10.0 23.0 180.0 
0.0 30.0 10.0 23.0 180.0 
0.0 17.0 20.0 34.0 298.0 
0.0 33.0 5.0 32.0 150.0 
0.0 22.0 13.0 39.0 242.0 
0.0 22.0 13.0 39.0 242.0 
0.0 27.0 15.0 18.0 213.0 
0.0 22.0 13.0 39.0 242.0 
0.0 32.0 5.0 38.0 147.0 
0.0 32.0 5.0 38.0 147.0 
0.0 38.0 3.0 26.0 97.0 
0.0 20.0 11.0 68.0 252.0 
0.0 35.0 11.0 9.0 131.0 
0.0 22.0 13.0 39.0 242.0 
0.0 44.0 3.0 9.0 55.0 
0.0 45.0 2.0 9.0 40.0 
0.0 45.0 2.0 9.0 40.0 
0.0 45.0 2.0 9.0 40.0 
0.0 45.0 2.0 9.0 40.0 
0.0 41.0 2.0 19.0 75.0 
0.0 42.0 5.0 9.0 65.0 
0.0 41.0 2.0 19.0 75.0 
0.0 42.0 5.0 9.0 65.0 
0.0 43.0 3.0 12.0 60.0 
0.0 42.0 5.0 9.0 65.0 
0.0 42.0 5.0 9.0 65.0 
0.0 42.0 5.0 9.0 65.0 
0.0 13.0 21.0 44.0 326.0 
0.0 13.0 21.0 44.0 326.0 
0.0 43.0 3.0 12.0 60.0 
0.0 43.0 3.0 12.0 60.0 
0.0 34.0 5.0 28.0 145.0 
0.0 43.0 3.0 12.0 60.0 
0.0 26.0 7.0 63.0 196.0 
0.0 32.0 5.0 38.0 147.0 
0.0 32.0 5.0 38.0 147.0 
0.0 7.0 23.0 65.0 368.0 
0.0 27.0 10.0 32.0 202.0 
0.0 7.0 23.0 65.0 368.0 
0.0 7.0 23.0 65.0 368.0 
0.0 32.0 5.0 38.0 147.0 
0.0 38.0 8.0 9.0 102.0 
0.0 38.0 3.0 26.0 97.0 
0.0 38.0 3.0 26.0 97.0 
0.0 27.0 8.0 44.0 194.0 
0.0 35.0 7.0 19.0 127.0 
0.0 38.0 3.0 26.0 97.0 
0.0 38.0 8.0 9.0 102.0 
0.0 35.0 7.0 19.0 127.0 
0.0 27.0 8.0 44.0 194.0 
0.0 4.0 24.0 81.0 399.0 
0.0 4.0 24.0 81.0 399.0 
0.0 4.0 24.0 81.0 399.0 
0.0 33.0 6.0 28.0 151.0 
0.0 4.0 24.0 81.0 399.0 
0.0 25.0 15.0 23.0 229.0 
0.0 25.0 15.0 23.0 229.0 
0.0 30.0 6.0 39.0 172.0 
0.0 32.0 8.0 26.0 149.0 
0.0 25.0 11.0 35.0 219.0 
0.0 36.0 10.0 9.0 121.0 
0.0 36.0 10.0 9.0 121.0 
0.0 45.0 2.0 9.0 40.0 
0.0 17.0 16.0 48.0 280.0 
0.0 17.0 16.0 48.0 280.0 
0.0 45.0 2.0 9.0 40.0 
0.0 45.0 2.0 9.0 40.0 
0.0 45.0 2.0 9.0 40.0 
0.0 30.0 6.0 39.0 172.0 
0.0 45.0 2.0 9.0 40.0 
0.0 45.0 2.0 9.0 40.0 
0.0 33.0 13.0 9.0 158.0 
0.0 24.0 12.0 35.0 225.0 
0.0 30.0 6.0 39.0 172.0 
0.0 30.0 6.0 39.0 172.0 
0.0 39.0 3.0 23.0 91.0 
0.0 38.0 3.0 26.0 97.0 
0.0 38.0 3.0 26.0 97.0 
0.0 36.0 10.0 9.0 121.0 
0.0 42.0 2.0 16.0 69.0 
0.0 36.0 10.0 9.0 121.0 
0.0 42.0 2.0 16.0 69.0 
0.0 20.0 17.0 32.0 270.0 
0.0 42.0 2.0 16.0 69.0 
0.0 17.0 16.0 48.0 280.0 
0.0 10.0 22.0 56.0 345.0 
~~~
50.191
