1111111110000000010000000001111011000001100100000
1111111111111111111110111111111111111011111111001
1111111110000000010000000001111011000001100100000
1111111110000000011110000001111011011011100100000
1000000000000000010000000001111011000000000000000
1111110111110110111101110111111001000001111111001
1111111000000000010000000001111111111101100100000
1111111110000000011110000001111011011011100100000
1111111111000000011101110101111011000000000000000
1111111000000000010000000001111011000001100100000
1000000000000000011101111111100000000001110011001
1111111000000000010000000001111011000001100100000
1111110111111110111101111111111011000001111111001
1111110111110110111101111111111001000000000011001
1000000000000000011101111101100000000000000011001
1111111111111111111110111111111111111011111111001
1111111110000000011110000001111011011011100100000
1111111111111110111101110101111011000001110111001
1111100000000000011101110101111001000000000000000
1111110111000000011101110101111011000000000000000
1111110111000000010000000001111011000000000000000
1111111000000000010000000001111011000001100100000
1111110111111110111101111111111011000001111111001
1111111111111111111110000001111011011011100100000
1111111111111111111110000001111011011011100100000
1111110111000000011101110101111011000000000000000
1000000000000000010000000001111011000000000000000
1111111110000000011110000001111011011011100100000
1111111000000000010000000001111111111101100100000
1000000000000000010000000001111011000000000000000
1111110000000000011101110101111001000000000000000
1000000000000000010000000001100000000000000011001
1111110110000000011101111101111011000001100100000
1111111111111111111110000001111011011011100100000
1111111111000000011101110101111011000000000000000
1111111111111111111110000001111011011011100100000
1111111000000000010000000001111111111101100100000
1111110111110110111101110111111001000001111111001
1000000000000000010000000001111011000000000000000
1111111111111111111110000001111011011011100100000
1111110110000000011101110101111001000000000000000
1111110111111110111101111111111011000001111111001
1000000000000000010000000001111011000000000000000
1111110111000000011101110101111011000000000000000
1111110111111110111101111111111011011011111111001
1111110000000000010000000001111001000000000000000
1111111111111110111110111111111011011011111111001
1111110111000000011101111111111011000001100100000
1111111111111111010000000001111011111011100100000
1000000000000000010000000001111001000001100100000
1111111111111111010000000001111011111011100100000
1111111111111110111110111111111011011011111111001
1111111000000000010000000001111011000001100100000
1111110111000000011101111111111011000001111111001
1100000000000000010000000001100000000000000000000
1111111110000000010000000001111011000001100100000
1000000000000000010000000001111011000000000000000
1000000000000000011101111101100000000000000000000
1000000000000000011101111101100000000000000000000
1000000000000000010000000001111011000000000000000
1111111111000000011101110101111011000000000000000
1111111110000000011110000001111011011011100100000
1111111111111111111110000001111011011011100100000
1000000000000000011101110101111001000000000000000
1111110000000000011101110101111011000000000000000
1111111111111110111110111111111011011011111111001
1111111000000000010000000001111011000000000000000
1111111000000000010000000001111011000001100100000
1111010110000000011101111111100000000000000011001
1111111111111111111110111111111011111011111111001
1000000000000000010000000001111011000000000000000
1000000000000000010000000001111011000000000000000
1111110111110110111101111111111001000001111111001
1111110110000000011101110101111011000000000000000
1111110110000000011101110101111011000000000000000
1111111111111111111110111111111011111011111111001
1000000000000000010000000001100000000000000011001
1000000000000000011101111111100000000000000011001
1111110110000000011101110101111011000000000000000
1111110111000000011101111111111011000001100100000
1111010110000000011101111111100000000001111111001
1111111000000000010000000001111011011011100100000
1111010110000000011101110111100000000000000000000
1111111111000000010000000001111011000001100100000
1000000000000000010000000001100000000000000011001
1000000000000000010000000001111111000001100100000
1000000000000000010000000001100000000000000000000
1000000000000000011101110101111001000000000000000
1000000000000000010000000001100000000000000000000
1111111111000000011101111111111011000001100100000
1111110110000000011101110101111001000000000000000
1111111111111110111101111111111011000001110100000
1111111110000000010000000001111011011011100100000
1111010111000000011101111111111001000000000000000
1000000000000000010000000001100000000000000000000
1000000000000000010000000001111001000001100100000
1000000000000000011101110101111001000000000000000
1000000000000000010000000001100000000000000000000
1111111111111110111101111101111011000001110111001
1000000000000000010000000001111111000001100100000
1000000000000000010000000001100000000000000000000
1111010110000000011101111111100000000001111111001
1111111000000000010000000001111011011011100100000
1000000000000000010000000001100000000000000000000
1000000000000000011101111111100000000000000011001
1000000000000000011101111111100000000000000011001
1000000000000000010000000001100000000000000000000
1000000000000000010000000001100000000000000000000
1111111111111111111110110011111111111011110100000
1000000000000000010000000001100000000000000000000
1000000000000000010000000001100000000000000011001
1111010110000000011101110111100000000000000000000
1111111111111111111110110011111111111011110100000
1111010110000000011101110101100000000000000011001
1000000000000000010000000001100000000000000000000
1111111000000000010000000001111011111011100100000
1000000000000000010000000001111011000001100100000
1000000000000000010000000001100000000000000000000
1000000000000000011101111111100000000000000011001
1000000000000000010000000001111011000001100100000
1000000000000000010000000001111011000001100100000
1000000000000000010000000001111011000000000000000
1111110111000000011101111111111011000001111111001
1111111110000000010000000001111011000000000000000
1111110000000000011101110101111001000000000000000
1000000000000000010000000001111011000001100100000
1000000000000000010000000001100000000000000000000
1000000000000000010000000001111011000001100100000
1000000000000000010000000001100000000000000000000
1000000000000000010000000001100000000000000000000
1111010110000000011101111111100000000001111111001
1111010110000000011101111111100000000001111111001
1111010110000000011101111111100000000001111111001
1111111111000000011101111111111011000001100100000
1111110110000000011101110101111001000000000000000
1000000000000000010000000001100000000000000000000
1000000000000000010000000001100000000000000000000
1000000000000000010000000001111011000001100100000
1111110111000000011101110111111001000001110111001
1000000000000000010000000001100000000000000000000
1111010110000000011101110111100000000000000000000
1000000000000000011101110101100000000000000011001
1111111111111110111110111111111011011011111111001
1000000000000000010000000001100000000000000000000
1000000000000000011101110101100000000000000011001
1000000000000000010000000001100000000000000000000
1000000000000000011101110101111001000000000000000
1000000000000000011101110101111001000000000000000
1111111000000000010000000001111011011011100100000
1000000000000000010000000001111111011011100100000
1000000000000000010000110111100000000000000000000
1111010110000000011101110101100000000000000011001
1111111110000000010000000001111111011011100100000
1111110111111110111101110101111011000001110111001
1111110110000000010000000001111011000001100100000
1111010110000000011101111101100000000000000011001
1111110000000000010000000001111011000000000000000
1111111110000000010000000001111011000000000000000
1000000000000000010000110111100000000000000000000
1111010110000000011101110101100000000000000011001
1111110110000000010000000001111011000001100100000
1111111110000000011110000001111011011011100100000
1111110111000000011101110111111001000001110111001
1000000000000000011101111111100000000000000000000
1111111110000000011110000001111011011011100100000
1111111110000000011110000001111011011011100100000
1111111110000000011101111101111011000001100100000
1111111110000000011101110101111011000000000000000
1111111110111110011110110011111011011011100100000
1000000000000000011101111111100000000000000011001
1111111110111110011110110011111011011011100100000
1111111110000000011101111101111011000001100100000
1000000000000000010000000001111001000000000000000
1111111110000000011101111101111011000001100100000
1111111110000000010000000001111011000001100100000
1111111111111111111110110011111011011011100100000
1000000000000000010000000001111001000000000000000
1111110111111110111101110101111011000001110111001
1000000000000000011101111111100000000000000000000
1000000000000000010000000001111001000000000000000
1111111110111111111110110011111111111011100100000
1111110111000000010000000001111011000000000000000
1111100000000000011101110101111001000000000000000
1111110111000000011101111111111011000000000000000
1111111110111110011110110011111011011011100100000
1111111110000000011101111101111011000001100100000
1111010110000000011101111101100000000000000011001
1111010110000000011101111101100000000000000011001
1111100000000000011101110101111001000000000000000
1111010110000000011101110101100000000000000011001
1111111110111111111110110011111111111011100100000
1000000000000000011101111111100000000000000011001
1000000000000000010000000001111001000000000000000
1000000000000000011101110101100000000000000000000
1111111111111111111110111111111011011011111111001
1000000000000000011101111111100000000000000000000
1000000000000000010000000001111001000000000000000
1000000000000000010000000001111001000000000000000
1111111000000000010000000001111011000001100100000
1111111110111111111110110011111111111011100100000
1000000000000000011101110101100000000000000011001
1111110111000000011101111111111011000000000000000
1000000000000000010000000001111001000001100100000
1111111111111111111110110011111011011011100100000
1111111000000000010000000001111111000001100100000
1000000000000000010000000001111001000000000000000
1000000000000000011101111101111011000000000000000
1111111000000000010000000001111111000001100100000
1000000000000000010000000001111001000001100100000
1000000000000000011101110101111011000000000000000
1000000000000000011101110101111011000000000000000
1000000000000000011101110101111011000000000000000
1111110111110110111101111111111001000001111111001
1111111000000000010000000001111111000001100100000
1000000000000000010000110111100000000000000000000
1111000000000000011101111111100000000001111111001
1111111111000000011101111101111011000001100111001
1111000000000000011101111111100000000001111111001
1111110110000000010000000001111011000000000000000
1111110111110110111101111111111001000001111111001
1000000000000000010000000001111001000000000000000
1000000000000000011101111111100000000000000011001
1111111111000000011101111101111011000001100111001
1111111111111110111101111111111011000001110100000
1000000000000000011101111101111011000000000000000
1111110000000000011101110101111001000000000000000
1111110000000000010000000001111011000000000000000
1111000000000000011101111111100000000001111111001
1111111110000000010000000001111111011011100100000
1111110111000000011101111111111011000001100100000
1000000000000000011101110101111011000000000000000
1111111110000000010000000001111111011011100100000
1000000000000000011101111111100000000001110011001
1111000000000000011101111111100000000001111111001
1111110111111110111101110101111011000001110111001
1111111110000000011110000001111111011011100100000
1100000000000000010000000001100000000000000000000
1100000000000000011101111111100000000001111111001
1111010111110110111101111111111001000001110011001
1111110110000000011101110101111011000001110111001
1111111000000000010000000001111011000000000000000
1111111000000000010000000001111011000000000000000
1111111110000000011110000001111111011011100100000
1111110110000000010000000001111011000000000000000
1111111111000000011101111101111011000001100111001
1111111111000000011110110011111011011011100100000
1000000000000000010000000001111011000001100100000
1111110000000000010000000001111001000000000000000
1111111111000000011110110011111011011011100100000
1111111111111111010000000001111111011011100100000
1111111111111111010000000001111111011011100100000
1000000000000000010000000001100000000000000011001
1111111111111111010000000001111111011011100100000
1111110110000000010000000001111011000000000000000
1111111110000000010000000001111011011011100100000
1111111110000000010000000001111011011011100100000
1000000000000000011101110101100000000000000000000
1000000000000000011101110101100000000000000000000
1000000000000000011101110101100000000000000000000
1000000000000000011101110101100000000000000000000
1111010111000000011101111111111001000001111111001
1111111110000000011110000001111111011011100100000
1111110111000000011101111111111001000000000000000
1111111111111111010000000001111111011011100100000
1111110000000000011101110101111011000000000000000
1111111111111111110000000001111011011011100100000
1111111111000000010000000001111011000001100100000
1111111111000000010000000001111011000001100100000
1000000000000000010000000001111011000001100100000
1111111000000000010000000001111011000000000000000
1111110111000000011101111111111001000000000000000
1111010111000000011101111111111001000001111111001
1111010111000000011101111111111001000001111111001
1111110111111110111101111111111011011011111111001
1111111000000000010000000001111011000000000000000
1111110111000000011101110111111001000001100111001
1111110111000000011101110111111001000001100111001
1111110111000000011101111111111001000001111111001
1111110111000000011101110111111001000001100111001
1100000000000000010000000001100000000000000000000
1100000000000000010000000001100000000000000000000
1100000000000000010000000001100000000000000000000
1000000000000000011101111101100000000000000000000
1000000000000000011101111101100000000000000000000
1111110000000000010000000001111001000000000000000
1111110111110110111101111111111011000001111111001
1111111000000000010000000001111011000000000000000
1111110111000000011101111111111001000001111111001
1111110110000000011101111101111011000001100100000
1111110000000000010000000001111011000001100100000
1111110110000000011101110101111001000000000000000
1111110000000000010000000001111011000000000000000
1000000000000000011101110101100000000000000011001
1000000000000000011101110101100000000000000011001
1111111111111110111101111101111011000001110111001
1000000000000000011101110101100000000000000000000
1000000000000000011101110101100000000000000000000
1000000000000000011101110101100000000000000000000
1000000000000000011101110101100000000000000000000
1000000000000000011101110101100000000000000000000
~~~
0.0 30.0 6.0 39.0 172.0 
0.0 4.0 24.0 81.0 399.0 
0.0 30.0 6.0 39.0 172.0 
0.0 24.0 9.0 51.0 216.0 
0.0 41.0 2.0 19.0 75.0 
0.0 14.0 22.0 38.0 320.0 
0.0 27.0 6.0 69.0 185.0 
0.0 24.0 9.0 51.0 216.0 
0.0 26.0 11.0 32.0 208.0 
0.0 32.0 5.0 38.0 147.0 
0.0 31.0 14.0 14.0 165.0 
0.0 32.0 5.0 38.0 147.0 
0.0 11.0 23.0 44.0 347.0 
0.0 18.0 20.0 31.0 289.0 
0.0 35.0 11.0 9.0 133.0 
0.0 4.0 24.0 81.0 399.0 
0.0 24.0 9.0 51.0 216.0 
0.0 13.0 20.0 48.0 319.0 
0.0 32.0 9.0 21.0 161.0 
0.0 27.0 11.0 28.0 203.0 
0.0 33.0 6.0 28.0 151.0 
0.0 32.0 5.0 38.0 147.0 
0.0 11.0 23.0 44.0 347.0 
0.0 16.0 14.0 65.0 283.0 
0.0 16.0 14.0 65.0 283.0 
0.0 27.0 11.0 28.0 203.0 
0.0 41.0 2.0 19.0 75.0 
0.0 24.0 9.0 51.0 216.0 
0.0 27.0 6.0 69.0 185.0 
0.0 41.0 2.0 19.0 75.0 
0.0 31.0 9.0 24.0 166.0 
0.0 42.0 5.0 9.0 69.0 
0.0 24.0 12.0 35.0 231.0 
0.0 16.0 14.0 65.0 283.0 
0.0 26.0 11.0 32.0 208.0 
0.0 16.0 14.0 65.0 283.0 
0.0 27.0 6.0 69.0 185.0 
0.0 14.0 22.0 38.0 320.0 
0.0 41.0 2.0 19.0 75.0 
0.0 16.0 14.0 65.0 283.0 
0.0 29.0 10.0 25.0 191.0 
0.0 11.0 23.0 44.0 347.0 
0.0 41.0 2.0 19.0 75.0 
0.0 27.0 11.0 28.0 203.0 
0.0 8.0 24.0 56.0 367.0 
0.0 37.0 4.0 24.0 114.0 
0.0 7.0 24.0 60.0 369.0 
0.0 22.0 14.0 35.0 247.0 
0.0 19.0 11.0 72.0 267.0 
0.0 39.0 3.0 23.0 91.0 
0.0 19.0 11.0 72.0 267.0 
0.0 7.0 24.0 60.0 369.0 
0.0 32.0 5.0 38.0 147.0 
0.0 17.0 19.0 35.0 297.0 
0.0 44.0 3.0 9.0 55.0 
0.0 30.0 6.0 39.0 172.0 
0.0 41.0 2.0 19.0 75.0 
0.0 38.0 8.0 9.0 104.0 
0.0 38.0 8.0 9.0 104.0 
0.0 41.0 2.0 19.0 75.0 
0.0 26.0 11.0 32.0 208.0 
0.0 24.0 9.0 51.0 216.0 
0.0 16.0 14.0 65.0 283.0 
0.0 36.0 7.0 16.0 121.0 
0.0 30.0 9.0 27.0 172.0 
0.0 7.0 24.0 60.0 369.0 
0.0 35.0 4.0 31.0 125.0 
0.0 32.0 5.0 38.0 147.0 
0.0 28.0 15.0 16.0 202.0 
0.0 5.0 24.0 72.0 394.0 
0.0 41.0 2.0 19.0 75.0 
0.0 41.0 2.0 19.0 75.0 
0.0 13.0 23.0 38.0 332.0 
0.0 28.0 10.0 28.0 197.0 
0.0 28.0 10.0 28.0 197.0 
0.0 5.0 24.0 72.0 394.0 
0.0 42.0 5.0 9.0 69.0 
0.0 34.0 12.0 9.0 143.0 
0.0 28.0 10.0 28.0 197.0 
0.0 22.0 14.0 35.0 247.0 
0.0 23.0 18.0 23.0 245.0 
0.0 29.0 6.0 50.0 167.0 
0.0 32.0 11.0 16.0 161.0 
0.0 29.0 7.0 39.0 178.0 
0.0 42.0 5.0 9.0 69.0 
0.0 37.0 3.0 35.0 102.0 
0.0 45.0 2.0 9.0 40.0 
0.0 36.0 7.0 16.0 121.0 
0.0 45.0 2.0 9.0 40.0 
0.0 21.0 14.0 39.0 252.0 
0.0 29.0 10.0 25.0 191.0 
0.0 14.0 19.0 48.0 312.0 
0.0 27.0 7.0 51.0 192.0 
0.0 27.0 13.0 23.0 208.0 
0.0 45.0 2.0 9.0 40.0 
0.0 39.0 3.0 23.0 91.0 
0.0 36.0 7.0 16.0 121.0 
0.0 45.0 2.0 9.0 40.0 
0.0 12.0 21.0 48.0 331.0 
0.0 37.0 3.0 35.0 102.0 
0.0 45.0 2.0 9.0 40.0 
0.0 23.0 18.0 23.0 245.0 
0.0 29.0 6.0 50.0 167.0 
0.0 45.0 2.0 9.0 40.0 
0.0 34.0 12.0 9.0 143.0 
0.0 34.0 12.0 9.0 143.0 
0.0 45.0 2.0 9.0 40.0 
0.0 45.0 2.0 9.0 40.0 
0.0 10.0 18.0 81.0 340.0 
0.0 45.0 2.0 9.0 40.0 
0.0 42.0 5.0 9.0 69.0 
0.0 32.0 11.0 16.0 161.0 
0.0 10.0 18.0 81.0 340.0 
0.0 30.0 13.0 16.0 180.0 
0.0 45.0 2.0 9.0 40.0 
0.0 28.0 6.0 57.0 181.0 
0.0 38.0 3.0 26.0 97.0 
0.0 45.0 2.0 9.0 40.0 
0.0 34.0 12.0 9.0 143.0 
0.0 38.0 3.0 26.0 97.0 
0.0 38.0 3.0 26.0 97.0 
0.0 41.0 2.0 19.0 75.0 
0.0 17.0 19.0 35.0 297.0 
0.0 33.0 5.0 32.0 150.0 
0.0 31.0 9.0 24.0 166.0 
0.0 38.0 3.0 26.0 97.0 
0.0 45.0 2.0 9.0 40.0 
0.0 38.0 3.0 26.0 97.0 
0.0 45.0 2.0 9.0 40.0 
0.0 45.0 2.0 9.0 40.0 
0.0 23.0 18.0 23.0 245.0 
0.0 23.0 18.0 23.0 245.0 
0.0 23.0 18.0 23.0 245.0 
0.0 21.0 14.0 39.0 252.0 
0.0 29.0 10.0 25.0 191.0 
0.0 45.0 2.0 9.0 40.0 
0.0 45.0 2.0 9.0 40.0 
0.0 38.0 3.0 26.0 97.0 
0.0 20.0 17.0 32.0 268.0 
0.0 45.0 2.0 9.0 40.0 
0.0 32.0 11.0 16.0 161.0 
0.0 36.0 10.0 9.0 121.0 
0.0 7.0 24.0 60.0 369.0 
0.0 45.0 2.0 9.0 40.0 
0.0 36.0 10.0 9.0 121.0 
0.0 45.0 2.0 9.0 40.0 
0.0 36.0 7.0 16.0 121.0 
0.0 36.0 7.0 16.0 121.0 
0.0 29.0 6.0 50.0 167.0 
0.0 34.0 4.0 47.0 122.0 
0.0 41.0 6.0 9.0 75.0 
0.0 30.0 13.0 16.0 180.0 
0.0 26.0 7.0 60.0 197.0 
0.0 14.0 20.0 44.0 314.0 
0.0 31.0 6.0 35.0 167.0 
0.0 29.0 14.0 16.0 192.0 
0.0 36.0 4.0 27.0 120.0 
0.0 33.0 5.0 32.0 150.0 
0.0 41.0 6.0 9.0 75.0 
0.0 30.0 13.0 16.0 180.0 
0.0 31.0 6.0 35.0 167.0 
0.0 24.0 9.0 51.0 216.0 
0.0 20.0 17.0 32.0 268.0 
0.0 37.0 9.0 9.0 114.0 
0.0 24.0 9.0 51.0 216.0 
0.0 24.0 9.0 51.0 216.0 
0.0 23.0 12.0 39.0 236.0 
0.0 27.0 10.0 32.0 202.0 
0.0 16.0 15.0 60.0 288.0 
0.0 34.0 12.0 9.0 143.0 
0.0 16.0 15.0 60.0 288.0 
0.0 23.0 12.0 39.0 236.0 
0.0 42.0 2.0 16.0 69.0 
0.0 23.0 12.0 39.0 236.0 
0.0 30.0 6.0 39.0 172.0 
0.0 13.0 17.0 65.0 311.0 
0.0 42.0 2.0 16.0 69.0 
0.0 14.0 20.0 44.0 314.0 
0.0 37.0 9.0 9.0 114.0 
0.0 42.0 2.0 16.0 69.0 
0.0 12.0 16.0 81.0 324.0 
0.0 33.0 6.0 28.0 151.0 
0.0 32.0 9.0 21.0 161.0 
0.0 25.0 13.0 28.0 225.0 
0.0 16.0 15.0 60.0 288.0 
0.0 23.0 12.0 39.0 236.0 
0.0 29.0 14.0 16.0 192.0 
0.0 29.0 14.0 16.0 192.0 
0.0 32.0 9.0 21.0 161.0 
0.0 30.0 13.0 16.0 180.0 
0.0 12.0 16.0 81.0 324.0 
0.0 34.0 12.0 9.0 143.0 
0.0 42.0 2.0 16.0 69.0 
0.0 39.0 7.0 9.0 92.0 
0.0 6.0 24.0 65.0 380.0 
0.0 37.0 9.0 9.0 114.0 
0.0 42.0 2.0 16.0 69.0 
0.0 42.0 2.0 16.0 69.0 
0.0 32.0 5.0 38.0 147.0 
0.0 12.0 16.0 81.0 324.0 
0.0 36.0 10.0 9.0 121.0 
0.0 25.0 13.0 28.0 225.0 
0.0 39.0 3.0 23.0 91.0 
0.0 13.0 17.0 65.0 311.0 
0.0 31.0 5.0 47.0 152.0 
0.0 42.0 2.0 16.0 69.0 
0.0 34.0 8.0 19.0 139.0 
0.0 31.0 5.0 47.0 152.0 
0.0 39.0 3.0 23.0 91.0 
0.0 35.0 7.0 19.0 127.0 
0.0 35.0 7.0 19.0 127.0 
0.0 35.0 7.0 19.0 127.0 
0.0 13.0 23.0 38.0 332.0 
0.0 31.0 5.0 47.0 152.0 
0.0 41.0 6.0 9.0 75.0 
0.0 26.0 17.0 19.0 215.0 
0.0 19.0 16.0 39.0 271.0 
0.0 26.0 17.0 19.0 215.0 
0.0 34.0 5.0 28.0 145.0 
0.0 13.0 23.0 38.0 332.0 
0.0 42.0 2.0 16.0 69.0 
0.0 34.0 12.0 9.0 143.0 
0.0 19.0 16.0 39.0 271.0 
0.0 14.0 19.0 48.0 312.0 
0.0 34.0 8.0 19.0 139.0 
0.0 31.0 9.0 24.0 166.0 
0.0 36.0 4.0 27.0 120.0 
0.0 26.0 17.0 19.0 215.0 
0.0 26.0 7.0 60.0 197.0 
0.0 22.0 14.0 35.0 247.0 
0.0 35.0 7.0 19.0 127.0 
0.0 26.0 7.0 60.0 197.0 
0.0 31.0 14.0 14.0 165.0 
0.0 26.0 17.0 19.0 215.0 
0.0 14.0 20.0 44.0 314.0 
0.0 23.0 9.0 60.0 221.0 
0.0 44.0 3.0 9.0 55.0 
0.0 28.0 16.0 16.0 201.0 
0.0 16.0 22.0 34.0 300.0 
0.0 21.0 15.0 35.0 258.0 
0.0 35.0 4.0 31.0 125.0 
0.0 35.0 4.0 31.0 125.0 
0.0 23.0 9.0 60.0 221.0 
0.0 34.0 5.0 28.0 145.0 
0.0 19.0 16.0 39.0 271.0 
0.0 20.0 13.0 51.0 250.0 
0.0 38.0 3.0 26.0 97.0 
0.0 37.0 4.0 24.0 114.0 
0.0 20.0 13.0 51.0 250.0 
0.0 19.0 11.0 74.0 258.0 
0.0 19.0 11.0 74.0 258.0 
0.0 42.0 5.0 9.0 69.0 
0.0 19.0 11.0 74.0 258.0 
0.0 34.0 5.0 28.0 145.0 
0.0 27.0 7.0 51.0 192.0 
0.0 27.0 7.0 51.0 192.0 
0.0 39.0 7.0 9.0 92.0 
0.0 39.0 7.0 9.0 92.0 
0.0 39.0 7.0 9.0 92.0 
0.0 39.0 7.0 9.0 92.0 
0.0 19.0 19.0 30.0 280.0 
0.0 23.0 9.0 60.0 221.0 
0.0 26.0 13.0 25.0 219.0 
0.0 19.0 11.0 74.0 258.0 
0.0 30.0 9.0 27.0 172.0 
0.0 19.0 12.0 65.0 259.0 
0.0 29.0 7.0 39.0 178.0 
0.0 29.0 7.0 39.0 178.0 
0.0 38.0 3.0 26.0 97.0 
0.0 35.0 4.0 31.0 125.0 
0.0 26.0 13.0 25.0 219.0 
0.0 19.0 19.0 30.0 280.0 
0.0 19.0 19.0 30.0 280.0 
0.0 8.0 24.0 56.0 367.0 
0.0 35.0 4.0 31.0 125.0 
0.0 21.0 16.0 32.0 258.0 
0.0 21.0 16.0 32.0 258.0 
0.0 18.0 19.0 32.0 291.0 
0.0 21.0 16.0 32.0 258.0 
0.0 44.0 3.0 9.0 55.0 
0.0 44.0 3.0 9.0 55.0 
0.0 44.0 3.0 9.0 55.0 
0.0 38.0 8.0 9.0 104.0 
0.0 38.0 8.0 9.0 104.0 
0.0 37.0 4.0 24.0 114.0 
0.0 12.0 23.0 41.0 338.0 
0.0 35.0 4.0 31.0 125.0 
0.0 18.0 19.0 32.0 291.0 
0.0 24.0 12.0 35.0 231.0 
0.0 33.0 5.0 34.0 142.0 
0.0 29.0 10.0 25.0 191.0 
0.0 36.0 4.0 27.0 120.0 
0.0 36.0 10.0 9.0 121.0 
0.0 36.0 10.0 9.0 121.0 
0.0 12.0 21.0 48.0 331.0 
0.0 39.0 7.0 9.0 92.0 
0.0 39.0 7.0 9.0 92.0 
0.0 39.0 7.0 9.0 92.0 
0.0 39.0 7.0 9.0 92.0 
0.0 39.0 7.0 9.0 92.0 
~~~
54.269
