1111111110111111010000000001111011111011110100000
1111110111000000010000000001111011000000000000000
1111111110111111010000000001111011111011110100000
1000000000000000011101111111100000000000000011001
1000000000000000011101110111100000000000000000000
1111110111000000011101110101111001000000000011001
1111111110111111010000000001111011000001100100000
1111111110000000011101110101111011000000000000000
1111111110111111010000000001111011000001100100000
1111111110111111010000000001111011011011110100000
1000000000000000010000000001111001000001100100000
1111111110000000011101110101111011000000000000000
1111110000000000010000000001111011000000000000000
1111110111000000010000000001111011000000000000000
1000000000000000010000110101100000000000000000000
1111111110111110111110110101111011011011110100000
1111110110000000011101110111100000000000000011001
1000000000000000010000000001111011000001100100000
1000000000000000011101110111100000000000000000000
1111111110111111010000000001111011011011110100000
1000000000000000010000110101100000000000000000000
1111110111000000011101110111111011000000000000000
1111110000000000010000000001100000000000000000000
1000000000000000011101110111111011000000000000000
1111110110000000011101110111100000000000000011001
1111110000000000010000000001111011000001100100000
1111111110000000010000000001111111111011110100000
1111110111000000011101110101111001000000000011001
1111111110000000010000000001111111111011110100000
1111110110000000010000000001111111111011100100000
1111111110000000010000000001111011011011100100000
1111110111110110111101110111111011000000000011001
1111111111111110111101111111111011000001100100000
1000000000000000011101111111100000000000000011001
1111110110000000011101110111100000000000000011001
1111111110000000010000000001111011111011110100000
1000000000000000011101110101111011000000000000000
1111111110111111010000000001111011000001100100000
1111111111111111111110111101111011111011110100000
1111110000000000011101110101111011000000000000000
1111110000000000011101110101111011000000000000000
1111111110000000010000000001111011011011100100000
1111111111000000011110110101111011011011110100000
1111110111000000011101110101111001000000000011001
1111110111000000011101111111111001000000000011001
1111111110111110111110110101111011011011110100000
1111110111110110111101110111111011000000000011001
1111110111110110111101111111111011000000000011001
1111111111000000011110110101111011011011110100000
1111111111111111111110111101111011111011110100000
1000000000000000010000000001111001000001100100000
1111111111111111111101110111111011011011110111001
1111111111111110111101110111111011011011110111001
1111111111111110111101111111111011000001100100000
1111100000000000011101110111100000000000000011001
1111110111111110111101110111111011000001110011001
1111110111111110111101110111111011000001110011001
1111110000000000010000000001111001000000000000000
1000000000000000010000110101100000000000000000000
1111110000000000010000000001111001000000000000000
1111110000000000010000000001111001000000000000000
1111111110111111010000000001111111100001100100000
1000000000000000011101110101111011000000000000000
1000000000000000011101111111100000000000000000000
1111111111111111111101110111111011011011110111001
1000000000000000011101110111111011000000000000000
1111111110000000010000000001111011011011100100000
1111111110000000010000000001111011011011100100000
1000000000000000010000110101100000000000000000000
1000000000000000010000000001111001000000000000000
1000000000000000011101110101111011000000000000000
1111111110000000010000000001111111000001100100000
1111110110000000011101111111111011000001110011001
1111111110000000010000000001111011011011100100000
1111110110000000011101111111111011000001110011001
1000000000000000011101110101111011000000000000000
1000000000000000011101110111111011000000000000000
1111110000000000011101110101111011000000000000000
1000000000000000010000110101100000000000000000000
1111010111000000011101111111111001000000000011001
1111111110000000010000000001111011011011100100000
1111111111000000010000000001111011000001100100000
1111010111000000011101111111111001000000000011001
1111110111000000011101111111111011000001100100000
1111110110000000011101110101111011000000000000000
1000000000000000010000110101100001000000000000000
1111111111111110111101111111111011000001100100000
1111110110000000011101111111100000000000000011001
1111110110000000011101110101100000000000000011001
1100000000000000010000000001100000000000000000000
1000000000000000010000000001111011000000000011001
1111110000000000010000000001100000000000000000000
1111110110000000010000000001111011000000000000000
1111111111111111111110111111111111111011100100000
1111111110000000011110110101111011011011110100000
1111110000000000010000000001111011000000000000000
1111110000000000011101110101111001000000000000000
1111110110000000011101110101100000000000000000000
1111110110000000011101110101100000000000000000000
1111110110000000010000000001111011000000000000000
1111111111000000010000000001111011000000000000000
1111110000000000010000000001111011000000000000000
1111110110000000010000000001111011000000000000000
1111111110000000010000000001111111000001100100000
1111111110000000010000000001111111000001100100000
1111111110111110111110110101111011011011110100000
1000000000000000011101110111111001000000000011001
1111111110000000011110110101111011011011110100000
1111110111111110011101111111111011000001100100000
1111111110111110010000000001111111111011100100000
1111110111000000011101110111111001000000000000000
1000000000000000011101110101100000000000000011001
1111111110111111010000000001111111111011100100000
1111111110111111010000000001111111111011100100000
1111111110111111010000000001111111111011100100000
1000000000000000010000000001111011000000000000000
1111110110000000011101110101111011000000000000000
1111110111111110111101111111111011000001110011001
1111111111111111111110110101111011011011110100000
1111010111000000011101111111111001000000000011001
1111111110000000011101110101111011000001100100000
1111111110111111010000000001111111111011100100000
1111111110000000011101110101111011000000000000000
1000000000000000011101110111100000000000000011001
1111111111000000010000000001111011000000000000000
1000000000000000011101110111111001000000000011001
1111111111000000010000000001111011000001100100000
1000000000000000011101110111100000000000000011001
1111111111111111111101110111111011011011110111001
1111110110000000011101110101111001000000000000000
1111111111000000011101111111111011000001100100000
1111111000000000010000000001111011000001100100000
1111110111000000011101110101111011000000000000000
1111110000000000010000000001111011000001100100000
1000000000000000011101110111100000000000000011001
1000000000000000010000000001100000000000000000000
1000000000000000010000000001100000000000000000000
1000000000000000010000000001100000000000000000000
1000000000000000010000000001111011000000000000000
1000000000000000011101110101111001000000000011001
1000000000000000010000000001111011000000000000000
1000000000000000010000000001111011000000000000000
1000000000000000010000000001111011000000000000000
1111110111111110111101111111111011000000000011001
1000000000000000010000000001100000000000000000000
1000000000000000010000000001100000000000000000000
1000000000000000010000000001111011000000000000000
1000000000000000010000000001100000000000000000000
1000000000000000010000000001100000000000000000000
1000000000000000011101111111100000000000000011001
1000000000000000010000000001111011000001100100000
1000000000000000010000000001100000000000000000000
1000000000000000010000000001100000000000000000000
1111110110000000011101111111111011000001110011001
1111111111000000011101111111111011000001110011001
1111111110111110010000000001111111111011100100000
1000000000000000010000000001100000000000000000000
1000000000000000010000000001111011000000000000000
1000000000000000010000000001100000000000000000000
1111111111111111111110110111111111111011111111001
1000000000000000010000000001100000000000000000000
1000000000000000010000000001100000000000000000000
1000000000000000010000000001100000000000000000000
1000000000000000011101111111100000000000000011001
1000000000000000010000000001100000000000000000000
1111110110000000011101110101111001000000000000000
1000000000000000010000000001100000000000000000000
1000000000000000010000000001111011000000000000000
1000000000000000010000000001111011000001100100000
1000000000000000010000000001111011000000000000000
1111111111111111010000000001111111111011110100000
1111111111111111111110111111111111111011111111001
1000000000000000010000000001111001000000000000000
1000000000000000010000000001111001000000000000000
1111111111111111111110111111111111111011111111001
1111111111111111111110111111111111111011111111001
1111110000000000011101110101111001000000000000000
1111111110000000010000000001111011111011110100000
1000000000000000011101110101100000000000000011001
1111111000000000010000000001111011000000000000000
1111110111111110111101111111111011111011111111001
1111110111111110111101111111111011111011111111001
1111110000000000011101110101111001000000000000000
1111111110000000011101110111111011000001100100000
1111110111111110111101111111111011111011111111001
1111111110000000011101110111111011000001100100000
1111110111000000011101110101111011000000000000000
1000000000000000011101110101100000000000000011001
1000000000000000010000000001111001000001100100000
1111110111111110111101111111111011000001110011001
1111110000000000011101110101111001000000000000000
1000000000000000010000000001111001000001100100000
1111110111110110111101111111111011000000000011001
1111111111111111111110111111111111111011111111001
1111111000000000010000000001111011000000000000000
1111110111000000011101110101111011011011100100000
1111110110000000011101110101100000000000000011001
1000000000000000011101110101100000000000000011001
1111110110000000011101110101100000000000000011001
1100000000000000010000000001100000000000000000000
1111111110111111010000000001111111000001100100000
1000000000000000011101110101111001000000000011001
1111110111110110111101110111111011000000000011001
1111110111111110111101111111111011111011111111001
1111110111110110111101111111111011000000000011001
1111111110111111010000000001111111000001100100000
1111111000000000010000000001111011000001100100000
1111110110000000011101110101111001000000000000000
1000000000000000011101110101100000000000000000000
1111110110000000011101110101111011000001100100000
1000000000000000011101110111100000000000000011001
1111111000000000010000000001111011000001100100000
1000000000000000011101110101100000000000000000000
1000000000000000011101110101111001000000000000000
1111111000000000010000000001111011000001100100000
1111000000000000011101110101100000000000000011001
1000000000000000011101110101111001000000000000000
1000000000000000011101110101111001000000000000000
1000000000000000011101111111100000000000000000000
1111110110000000011101111111100000000000000011001
1000000000000000011101111111100000000000000000000
1000000000000000011101110101111001000000000000000
1000000000000000011101110101111001000000000000000
1111111111000000011110110101111011011011110100000
1111100000000000011101110111100000000000000011001
1111100000000000011101110111100000000000000011001
1111110111110110111101110111111011000000000011001
1111100000000000011101110111100000000000000011001
1000000000000000011101110101100000000000000000000
1000000000000000011101110101100000000000000000000
1111110111111110011101111111111011000001100100000
1100000000000000010000000001100000000000000000000
1111111110111110111110110101111011011011110100000
1111111111000000011101111111111011000001100100000
1111110111000000011101110111111011000000000011001
1000000000000000011101110101100000000000000000000
1000000000000000010000000001111011000001100100000
1111111110000000010000000001111011000001100100000
1111111111111111111110110101111011011011110100000
1000000000000000010000000001111011000001100100000
1111111111111111111110110101111011011011110100000
1111110111111110011101111111111011000001100100000
1111111111000000010000000001111011000001100100000
1111110111000000011101110111111011000000000011001
1111111110000000010000000001111011000001100100000
1111111110000000010000000001111011000001100100000
1000000000000000011101110101100000000000000000000
1111111110000000010000000001111011000001100100000
1111000000000000011101110101100000000000000011001
1111111111000000010000000001111011000001100100000
1111111110000000010000000001111011000001100100000
1111110110000000011101111111100000000000000011001
1000000000000000010000000001111001000000000000000
1111110110000000011101111111100000000000000011001
1111100000000000011101110111100000000000000011001
1000000000000000011101110101100000000000000000000
1000000000000000011101110101100000000000000000000
1111111000000000010000000001111011000000000000000
1000000000000000011101110101100000000000000000000
1000000000000000010000000001111001000000000000000
1111110111000000011101111111111011000000000011001
1111110110000000011101110101111011000001100100000
1111111110000000010000000001111011000000000000000
1111111110000000011101110111111011000001101100000
1111111111111111010000000001111111111011110100000
1100000000000000010000000001100000000000000000000
1000000000000000010000000001111111000001100100000
1100000000000000010000000001100000000000000000000
1000000000000000010000000001111111000001100100000
1111110111000000011101111111111011000000000011001
1111110110000000011101110101111011000001100100000
1111110110000000011101110101111011000001100100000
1111111110111111010000000001111011000001100100000
1111111000000000010000000001111011000001100100000
1111111000000000010000000001111011000000000000000
1111110111000000011101110111111011000000000000000
1111111000000000010000000001111011000001100100000
1111110111111110111101111111111011000001110011001
1000000000000000010000000001111001000000000000000
1000000000000000010000000001111001000000000000000
1000000000000000010000000001111001000000000000000
1111111000000000010000000001111011000000000000000
1111111000000000010000000001111011000000000000000
1000000000000000010000110101100000000000000000000
1000000000000000010000110101100000000000000000000
1000000000000000010000110101100000000000000000000
1111010111000000011101111111111001000000000011001
1000000000000000011101110111100000000000000000000
1000000000000000011101110111100000000000000000000
1000000000000000010000000001111111000001100100000
1000000000000000011101110111100000000000000000000
1111111111000000011101111111111011000001110011001
1000000000000000010000000001111011000001100100000
1111111110000000011101110101111011000001100100000
1111111110000000011101110101111011000001100100000
1111110111111110111101111111111011000001110011001
1111110111111110111101111111111011000001110011001
1111110111111110111101111111111011000001110011001
1111111110111111010000000001111111100001100100000
1000000000000000010000000001111011000001100100000
~~~
0.0 19.0 11.0 72.0 271.0 
0.0 33.0 6.0 28.0 151.0 
0.0 19.0 11.0 72.0 271.0 
0.0 34.0 12.0 9.0 143.0 
0.0 38.0 8.0 9.0 102.0 
0.0 25.0 14.0 25.0 226.0 
0.0 24.0 9.0 53.0 227.0 
0.0 27.0 10.0 32.0 202.0 
0.0 24.0 9.0 53.0 227.0 
0.0 20.0 11.0 65.0 257.0 
0.0 39.0 3.0 23.0 91.0 
0.0 27.0 10.0 32.0 202.0 
0.0 36.0 4.0 27.0 120.0 
0.0 33.0 6.0 28.0 151.0 
0.0 42.0 5.0 9.0 65.0 
0.0 14.0 17.0 60.0 301.0 
0.0 28.0 14.0 18.0 201.0 
0.0 38.0 3.0 26.0 97.0 
0.0 38.0 8.0 9.0 102.0 
0.0 20.0 11.0 65.0 257.0 
0.0 42.0 5.0 9.0 65.0 
0.0 26.0 12.0 28.0 213.0 
0.0 40.0 4.0 17.0 85.0 
0.0 34.0 8.0 19.0 137.0 
0.0 28.0 14.0 18.0 201.0 
0.0 33.0 5.0 34.0 142.0 
0.0 24.0 8.0 67.0 221.0 
0.0 25.0 14.0 25.0 226.0 
0.0 24.0 8.0 67.0 221.0 
0.0 26.0 7.0 63.0 206.0 
0.0 27.0 7.0 51.0 192.0 
0.0 18.0 19.0 34.0 283.0 
0.0 15.0 18.0 48.0 302.0 
0.0 34.0 12.0 9.0 143.0 
0.0 28.0 14.0 18.0 201.0 
0.0 25.0 8.0 58.0 216.0 
0.0 35.0 7.0 19.0 127.0 
0.0 24.0 9.0 53.0 227.0 
0.0 10.0 19.0 72.0 344.0 
0.0 30.0 9.0 27.0 172.0 
0.0 30.0 9.0 27.0 172.0 
0.0 27.0 7.0 51.0 192.0 
0.0 19.0 14.0 51.0 257.0 
0.0 25.0 14.0 25.0 226.0 
0.0 23.0 16.0 25.0 248.0 
0.0 14.0 17.0 60.0 301.0 
0.0 18.0 19.0 34.0 283.0 
0.0 17.0 20.0 34.0 295.0 
0.0 19.0 14.0 51.0 257.0 
0.0 10.0 19.0 72.0 344.0 
0.0 39.0 3.0 23.0 91.0 
0.0 8.0 22.0 65.0 360.0 
0.0 9.0 22.0 60.0 349.0 
0.0 15.0 18.0 48.0 302.0 
0.0 31.0 13.0 14.0 171.0 
0.0 14.0 21.0 42.0 314.0 
0.0 14.0 21.0 42.0 314.0 
0.0 37.0 4.0 24.0 114.0 
0.0 42.0 5.0 9.0 65.0 
0.0 37.0 4.0 24.0 114.0 
0.0 37.0 4.0 24.0 114.0 
0.0 22.0 9.0 69.0 246.0 
0.0 35.0 7.0 19.0 127.0 
0.0 37.0 9.0 9.0 114.0 
0.0 8.0 22.0 65.0 360.0 
0.0 34.0 8.0 19.0 137.0 
0.0 27.0 7.0 51.0 192.0 
0.0 27.0 7.0 51.0 192.0 
0.0 42.0 5.0 9.0 65.0 
0.0 42.0 2.0 16.0 69.0 
0.0 35.0 7.0 19.0 127.0 
0.0 29.0 6.0 48.0 177.0 
0.0 20.0 17.0 33.0 270.0 
0.0 27.0 7.0 51.0 192.0 
0.0 20.0 17.0 33.0 270.0 
0.0 35.0 7.0 19.0 127.0 
0.0 34.0 8.0 19.0 137.0 
0.0 30.0 9.0 27.0 172.0 
0.0 42.0 5.0 9.0 65.0 
0.0 24.0 16.0 23.0 237.0 
0.0 27.0 7.0 51.0 192.0 
0.0 29.0 7.0 39.0 178.0 
0.0 24.0 16.0 23.0 237.0 
0.0 22.0 14.0 35.0 247.0 
0.0 28.0 10.0 28.0 197.0 
1.0 41.0 5.0 9.0 73.0 
0.0 15.0 18.0 48.0 302.0 
0.0 27.0 15.0 18.0 213.0 
0.0 29.0 13.0 18.0 191.0 
0.0 44.0 3.0 9.0 55.0 
0.0 38.0 5.0 19.0 104.0 
0.0 40.0 4.0 17.0 85.0 
0.0 34.0 5.0 28.0 145.0 
0.0 9.0 19.0 81.0 349.0 
0.0 20.0 13.0 51.0 251.0 
0.0 36.0 4.0 27.0 120.0 
0.0 31.0 9.0 24.0 166.0 
0.0 32.0 10.0 18.0 162.0 
0.0 32.0 10.0 18.0 162.0 
0.0 34.0 5.0 28.0 145.0 
0.0 32.0 6.0 32.0 156.0 
0.0 36.0 4.0 27.0 120.0 
0.0 34.0 5.0 28.0 145.0 
0.0 29.0 6.0 48.0 177.0 
0.0 29.0 6.0 48.0 177.0 
0.0 14.0 17.0 60.0 301.0 
0.0 32.0 11.0 16.0 160.0 
0.0 20.0 13.0 51.0 251.0 
0.0 17.0 17.0 44.0 291.0 
0.0 20.0 10.0 76.0 255.0 
0.0 27.0 12.0 25.0 207.0 
0.0 36.0 10.0 9.0 121.0 
0.0 19.0 10.0 81.0 266.0 
0.0 19.0 10.0 81.0 266.0 
0.0 19.0 10.0 81.0 266.0 
0.0 41.0 2.0 19.0 75.0 
0.0 28.0 10.0 28.0 197.0 
0.0 13.0 22.0 42.0 326.0 
0.0 12.0 18.0 65.0 318.0 
0.0 24.0 16.0 23.0 237.0 
0.0 24.0 11.0 39.0 224.0 
0.0 19.0 10.0 81.0 266.0 
0.0 27.0 10.0 32.0 202.0 
0.0 35.0 11.0 9.0 131.0 
0.0 32.0 6.0 32.0 156.0 
0.0 32.0 11.0 16.0 160.0 
0.0 29.0 7.0 39.0 178.0 
0.0 35.0 11.0 9.0 131.0 
0.0 8.0 22.0 65.0 360.0 
0.0 29.0 10.0 25.0 191.0 
0.0 21.0 14.0 39.0 252.0 
0.0 32.0 5.0 38.0 147.0 
0.0 27.0 11.0 28.0 203.0 
0.0 33.0 5.0 34.0 142.0 
0.0 35.0 11.0 9.0 131.0 
0.0 45.0 2.0 9.0 40.0 
0.0 45.0 2.0 9.0 40.0 
0.0 45.0 2.0 9.0 40.0 
0.0 41.0 2.0 19.0 75.0 
0.0 33.0 10.0 16.0 150.0 
0.0 41.0 2.0 19.0 75.0 
0.0 41.0 2.0 19.0 75.0 
0.0 41.0 2.0 19.0 75.0 
0.0 16.0 20.0 37.0 304.0 
0.0 45.0 2.0 9.0 40.0 
0.0 45.0 2.0 9.0 40.0 
0.0 41.0 2.0 19.0 75.0 
0.0 45.0 2.0 9.0 40.0 
0.0 45.0 2.0 9.0 40.0 
0.0 34.0 12.0 9.0 143.0 
0.0 38.0 3.0 26.0 97.0 
0.0 45.0 2.0 9.0 40.0 
0.0 45.0 2.0 9.0 40.0 
0.0 20.0 17.0 33.0 270.0 
0.0 18.0 18.0 37.0 281.0 
0.0 20.0 10.0 76.0 255.0 
0.0 45.0 2.0 9.0 40.0 
0.0 41.0 2.0 19.0 75.0 
0.0 45.0 2.0 9.0 40.0 
0.0 5.0 23.0 81.0 387.0 
0.0 45.0 2.0 9.0 40.0 
0.0 45.0 2.0 9.0 40.0 
0.0 45.0 2.0 9.0 40.0 
0.0 34.0 12.0 9.0 143.0 
0.0 45.0 2.0 9.0 40.0 
0.0 29.0 10.0 25.0 191.0 
0.0 45.0 2.0 9.0 40.0 
0.0 41.0 2.0 19.0 75.0 
0.0 38.0 3.0 26.0 97.0 
0.0 41.0 2.0 19.0 75.0 
0.0 17.0 12.0 81.0 282.0 
0.0 4.0 24.0 81.0 399.0 
0.0 42.0 2.0 16.0 69.0 
0.0 42.0 2.0 16.0 69.0 
0.0 4.0 24.0 81.0 399.0 
0.0 4.0 24.0 81.0 399.0 
0.0 31.0 9.0 24.0 166.0 
0.0 25.0 8.0 58.0 216.0 
0.0 36.0 10.0 9.0 121.0 
0.0 35.0 4.0 31.0 125.0 
0.0 7.0 24.0 63.0 381.0 
0.0 7.0 24.0 63.0 381.0 
0.0 31.0 9.0 24.0 166.0 
0.0 23.0 12.0 39.0 234.0 
0.0 7.0 24.0 63.0 381.0 
0.0 23.0 12.0 39.0 234.0 
0.0 27.0 11.0 28.0 203.0 
0.0 36.0 10.0 9.0 121.0 
0.0 39.0 3.0 23.0 91.0 
0.0 13.0 22.0 42.0 326.0 
0.0 31.0 9.0 24.0 166.0 
0.0 39.0 3.0 23.0 91.0 
0.0 17.0 20.0 34.0 295.0 
0.0 4.0 24.0 81.0 399.0 
0.0 35.0 4.0 31.0 125.0 
0.0 21.0 13.0 47.0 245.0 
0.0 29.0 13.0 18.0 191.0 
0.0 36.0 10.0 9.0 121.0 
0.0 29.0 13.0 18.0 191.0 
0.0 44.0 3.0 9.0 55.0 
0.0 23.0 9.0 62.0 232.0 
0.0 33.0 10.0 16.0 150.0 
0.0 18.0 19.0 34.0 283.0 
0.0 7.0 24.0 63.0 381.0 
0.0 17.0 20.0 34.0 295.0 
0.0 23.0 9.0 62.0 232.0 
0.0 32.0 5.0 38.0 147.0 
0.0 29.0 10.0 25.0 191.0 
0.0 39.0 7.0 9.0 92.0 
0.0 25.0 11.0 35.0 219.0 
0.0 35.0 11.0 9.0 131.0 
0.0 32.0 5.0 38.0 147.0 
0.0 39.0 7.0 9.0 92.0 
0.0 36.0 7.0 16.0 121.0 
0.0 32.0 5.0 38.0 147.0 
0.0 33.0 12.0 12.0 150.0 
0.0 36.0 7.0 16.0 121.0 
0.0 36.0 7.0 16.0 121.0 
0.0 37.0 9.0 9.0 114.0 
0.0 27.0 15.0 18.0 213.0 
0.0 37.0 9.0 9.0 114.0 
0.0 36.0 7.0 16.0 121.0 
0.0 36.0 7.0 16.0 121.0 
0.0 19.0 14.0 51.0 257.0 
0.0 31.0 13.0 14.0 171.0 
0.0 31.0 13.0 14.0 171.0 
0.0 18.0 19.0 34.0 283.0 
0.0 31.0 13.0 14.0 171.0 
0.0 39.0 7.0 9.0 92.0 
0.0 39.0 7.0 9.0 92.0 
0.0 17.0 17.0 44.0 291.0 
0.0 44.0 3.0 9.0 55.0 
0.0 14.0 17.0 60.0 301.0 
0.0 21.0 14.0 39.0 252.0 
0.0 23.0 15.0 28.0 242.0 
0.0 39.0 7.0 9.0 92.0 
0.0 38.0 3.0 26.0 97.0 
0.0 30.0 6.0 39.0 172.0 
0.0 12.0 18.0 65.0 318.0 
0.0 38.0 3.0 26.0 97.0 
0.0 12.0 18.0 65.0 318.0 
0.0 17.0 17.0 44.0 291.0 
0.0 29.0 7.0 39.0 178.0 
0.0 23.0 15.0 28.0 242.0 
0.0 30.0 6.0 39.0 172.0 
0.0 30.0 6.0 39.0 172.0 
0.0 39.0 7.0 9.0 92.0 
0.0 30.0 6.0 39.0 172.0 
0.0 33.0 12.0 12.0 150.0 
0.0 29.0 7.0 39.0 178.0 
0.0 30.0 6.0 39.0 172.0 
0.0 27.0 15.0 18.0 213.0 
0.0 42.0 2.0 16.0 69.0 
0.0 27.0 15.0 18.0 213.0 
0.0 31.0 13.0 14.0 171.0 
0.0 39.0 7.0 9.0 92.0 
0.0 39.0 7.0 9.0 92.0 
0.0 35.0 4.0 31.0 125.0 
0.0 39.0 7.0 9.0 92.0 
0.0 42.0 2.0 16.0 69.0 
0.0 22.0 16.0 28.0 254.0 
0.0 25.0 11.0 35.0 219.0 
0.0 33.0 5.0 32.0 150.0 
0.0 22.0 13.0 39.0 245.0 
0.0 17.0 12.0 81.0 282.0 
0.0 44.0 3.0 9.0 55.0 
0.0 37.0 3.0 35.0 102.0 
0.0 44.0 3.0 9.0 55.0 
0.0 37.0 3.0 35.0 102.0 
0.0 22.0 16.0 28.0 254.0 
0.0 25.0 11.0 35.0 219.0 
0.0 25.0 11.0 35.0 219.0 
0.0 24.0 9.0 53.0 227.0 
0.0 32.0 5.0 38.0 147.0 
0.0 35.0 4.0 31.0 125.0 
0.0 26.0 12.0 28.0 213.0 
0.0 32.0 5.0 38.0 147.0 
0.0 13.0 22.0 42.0 326.0 
0.0 42.0 2.0 16.0 69.0 
0.0 42.0 2.0 16.0 69.0 
0.0 42.0 2.0 16.0 69.0 
0.0 35.0 4.0 31.0 125.0 
0.0 35.0 4.0 31.0 125.0 
0.0 42.0 5.0 9.0 65.0 
0.0 42.0 5.0 9.0 65.0 
0.0 42.0 5.0 9.0 65.0 
0.0 24.0 16.0 23.0 237.0 
0.0 38.0 8.0 9.0 102.0 
0.0 38.0 8.0 9.0 102.0 
0.0 37.0 3.0 35.0 102.0 
0.0 38.0 8.0 9.0 102.0 
0.0 18.0 18.0 37.0 281.0 
0.0 38.0 3.0 26.0 97.0 
0.0 24.0 11.0 39.0 224.0 
0.0 24.0 11.0 39.0 224.0 
0.0 13.0 22.0 42.0 326.0 
0.0 13.0 22.0 42.0 326.0 
0.0 13.0 22.0 42.0 326.0 
0.0 22.0 9.0 69.0 246.0 
0.0 38.0 3.0 26.0 97.0 
~~~
59.909
