1111111111111110111101110101111011000001110100000
1111110111000000011101111111111001000000000011001
1000000000000000011101110101100000000000000000000
1111111111111111111110110101111011011011110100000
1100000000000000010000000001100000000000000000000
1000000000000000010000000001100000000000000000000
1000000000000000010000000001100000000000000000000
1111111111111111011101110101111011100001100100000
1111010000000000010000000001111011000000000000000
1000000000000000011101110101100000000000000011001
1111111111000000011101110101111011000001100100000
1000000000000000011101110111100000000000000011001
1111111110000000011101110101111011000000000000000
1111111111000000011101110101111011000001100100000
1100000000000000010000000001100000000000000000000
1111111111111111111110110101111011011011110100000
1000000000000000010000000001100000000000000011001
1111010111111110111101110111111001000001111011001
1111111110111111010000000001111111111011110100000
1000000000000000010000000001100000000000000011001
1111111110000000011101110101111011000000000000000
1111110110000000011101110101111001000000000000000
1111110111000000011101111111111011000000000011001
1000000000000000011101110101100000000000000011001
1000000000000000011101110101100000000000000000000
1111111111111111111110111111111111111011111111001
1000000000000000011101110111100000000000000011001
1100010110000000011101110111100000000000000011001
1111111000000000010000000001111011000000000000000
1111010111111110111101110111111001000001111011001
1111111000000000010000000001111111111011110100000
1100000000000000010000000001100000000000000000000
1111111000000000010000000001111011000000000000000
1100010111000000011101111111111001000001111111001
1000000000000000011101110111100000000000000011001
1111110111000000011101111111111001000000000011001
1111111111111111011101110101111011000001100100000
1111110000000000010000000001111001000000000000000
1000000000000000010000000001100000000000000011001
1111110111000000011101110101111001000000000000000
1111111111111111111110110101111011011011110100000
1111111111111111111110110101111011011011110100000
1111111111000000010000000001111011011011100100000
1111010110000000011101110111100000000000000011001
1111010111111110111101110111111001000001111011001
1111110110000000010000000001111011000001100100000
1111111111111111111110111111111111111011111111001
1111111111111111011101110101111011100001100100000
1111110111000000011101110111111001000000000000000
1111111000000000010000000001111111000000000000000
1000000000000000010000000001111011000001100100000
1111111000000000010000000001111011000000000000000
1111111111000000010000000001111011000001110100000
1100010110000000011101110111100000000000000011001
1111111000000000010000000001111011000000000000000
1111111111111111011101110101111011000001100100000
1111110111111110111101110111111001000001111011001
1111111111111111011101110101111011000001100100000
1100010111000000011101111111111001000001111111001
1111111111000000010000000001111011011011100100000
1111111111000000010000000001111011000001100100000
1111110111000000011101111111111001000000000011001
1111110000000000010000000001111001000000000000000
1100010110000000011101110111100000000000000011001
1111110110000000011101110101100000000000000000000
1111111110111111010000000001111011000001100100000
1111111111000000011101111101111011000001110100000
1111010110000000011101110111100000000000000011001
1111111111111111111110110101111011111011110100000
1000000000000000010000000001100000000000000011001
1000000000000000010000000001100000000000000011001
1000000000000000010000000001111011000001100100000
1111010110000000011101110111100000000000000011001
1111111110111111010000000001111111111011110100000
1111110110000000010000000001111011000000000000000
1000000000000000010000000001100000000000000011001
1111111111111111011101110101111011000001100100000
1111010110000000011101110111100000000000000011001
1111110110000000011101110111100000000000000011001
1111111111111111111110111111111111111011111111001
1111110110000000011101111111111001000000000011001
1000000000000000010000000001100000000000000011001
1111110110000000011101110111100000000000000011001
1111111000000000010000000001111011000000000000000
1111111110111111010000000001111111100001100100000
1111111000000000010000000001111011000000000000000
1111110111111110111101110111111001000001111011001
1111111111111110111101110101111011000001110011001
1111111111000000011101111101111011000001110100000
1000000000000000010000000001111011000001100100000
1111111111111111111110110101111011011011110100000
1111110111000000011101111111111001000000000011001
1111111111000000011101110101111011000001100100000
1111110111000000011101110101111011000001100100000
1111110111000000011101110111111001000000000000000
1111111000000000010000000001111011100001100100000
1111110111000000011101110101111011000001100100000
1111110110000000011101111111111001000000000011001
1111111110000000010000000001111011000001100100000
1100010110000000011101110101111011000000000000000
1000000000000000011101110101111001000000000000000
1111000000000000011101110101100000000000000011001
1111110111000000011101110111111001000001111011001
1111111110111111010000000001111111111011110100000
1100010111000000011101110101111011000000000000000
1100010110000000011101110111100000000001111111001
1111111000000000010000000001111011011011110100000
1111000000000000011101110101100000000000000011001
1111010111000000011101111111111001000001111011001
1111111110111111010000000001111111111011110100000
1000000000000000011101111101111011000000000000000
1000000000000000011101111101111011000000000000000
1000000000000000011101110101111001000000000000000
1000000000000000010000000001111001000001100100000
1111111110111111010000000001111111111011110100000
1111111110111111010000000001111111111011110100000
1111111111111111111110110101111011111011110100000
1111111111000000010000000001111011011011100100000
1111110110000000010000000001111011000000000000000
1111111110000000010000000001111011000001100100000
1100010110000000011101110111100000000001111111001
1111111111111110111110111111111011011011111111001
1111111110000000010000000001111011000001100100000
1111111111111110111101111111111001000001111111001
1111111110000000010000000001111011100001100100000
1000000000000000011101110111100000000000000000000
1000000000000000011101110101111001000000000000000
1100010110000000011101110111100000000001111111001
1111010110000000011101110111100000000000000000000
1000000000000000011101110101111001000000000000000
1111110110000000011101110101111011000001100100000
1111111111000000010000000001111011011011100100000
1111111111000000010000000001111011011011100100000
1111111111111111111110111111111011111011111100000
1000000000000000011101110101111001000000000000000
1111110111000000011101111111111011000000000011001
1111111110111111010000000001111111111011110100000
1111111000000000010000000001111111100001100100000
1000000000000000011101110101100000000000000000000
1111111111111111111110111111111111111011111111001
1111111111000000010000000001111011000001110100000
1111000000000000011101110101100000000000000011001
1111111110111111010000000001111111111011110100000
1100010110000000011101110101111011000000000000000
1111000000000000011101110101100000000000000011001
1100010110000000011101110101111001000000000000000
1000000000000000011101110101100000000000000000000
1100010110000000011101110101111001000000000000000
1000000000000000011101110101100000000000000000000
1111111000000000010000000001111011000001100100000
1000000000000000011101110101100000000000000000000
1111111110111111010000000001111111100001100100000
1111110111000000010000000001111011000000000000000
1111111000000000010000000001111011000001100100000
1111111000000000010000000001111011000001100100000
1111110111000000011101111111111011000000000000000
1000000000000000010000000001111001000000000000000
1111111000000000010000000001111011000001100100000
1111111000000000010000000001111111100001100100000
1111111110111111010000000001111111100001100100000
1111111111111110111101110101111011000001110100000
1100010110000000011101110101100000000000000000000
1111110111000000011101110111111001000001111011001
1100010111000000011101110101111011000000000000000
1000000000000000011101110101111011000000000000000
1000000000000000011101110101111011000000000000000
1111111110111111010000000001111111100001100100000
1100010110000000011101110101111011000000000000000
1111111110000000010000000001111011100001100100000
1000000000000000010000000001111001000000000000000
1111111000000000010000000001111111100001100100000
1111010111000000011101111111111001000001111111001
1000000000000000010000000001111001000000000000000
1111110000000000010000000001111011000000000000000
1111111000000000010000000001111111100001100100000
1100010110000000011101110111100000000000000011001
1111111111000000011101111101111011000001110100000
1100010110000000011101110111100000000000000011001
1111110000000000010000000001111001000000000000000
1111111000000000010000000001111111111011110100000
1111111000000000011101110101111011000000000000000
1000000000000000010000000001111001000001100100000
1111111110111111010000000001111011000001100100000
1111111000000000011101110101111011000000000000000
1000000000000000010000000001111001000001100100000
1111111110111111010000000001111011000001100100000
1111111111110110111101111111111001000001111111001
1111111111110110111101111111111001000001111111001
1111110000000000010000000001111011000001100100000
1111110000000000010000000001111011000000000000000
1000000000000000010000000001111001000001100100000
1000000000000000010000000001100000000000000000000
1111110110000000011101110101111011000001100100000
1000000000000000010000000001111011000001100100000
1000000000000000011101110101100000000000000011001
1111111111110110111101111111111001000001111111001
1000000000000000010000000001111001000001100100000
1111111111111110111101111111111001000001111111001
1000000000000000010000000001100000000000000000000
1111111111110110111101111111111001000001111111001
1000000000000000010000000001100000000000000000000
1111111111111110111101111111111001000001111111001
1000000000000000011101110101100000000000000011001
1111110111000000010000000001111011000000000000000
1000000000000000010000000001100000000000000000000
1000000000000000010000000001100000000000000000000
1000000000000000010000000001100000000000000000000
1000000000000000011101110111100000000000000011001
1000000000000000010000000001111011000001100100000
1000000000000000010000000001100000000000000000000
1000000000000000010000000001100000000000000000000
1000000000000000010000000001100000000000000000000
1111110110000000011101110101100000000000000000000
1000000000000000010000000001111011000001100100000
1111111111000000010000000001111011000001100100000
1000000000000000010000000001100000000000000000000
1000000000000000011101110101100000000000000011001
1100010110000000011101110101100000000000000011001
1000000000000000011101110111100000000000000000000
1111111111000000010000000001111011000001100100000
1111111110000000010000000001111011000000000000000
1000000000000000010000000001111011000001100100000
1111110110000000010000000001111011000000000000000
1111110111000000011101110101111011000000000000000
1000000000000000010000000001111011000000000000000
1100010110000000011101110101111001000000000000000
1111110110000000011101110101111001000000000000000
1111111110111111010000000001111011100001100100000
1000000000000000010000000001111011000000000000000
1000000000000000011101110111100000000000000011001
1111111111111110111101110101111011000001100100000
1111111111111111111110110111111011111011111100000
1111010111000000011101111111111001000001111111001
1000000000000000011101110101111011000000000000000
1100000000000000010000000001100000000000000000000
1000000000000000011101110101111011000000000000000
1000000000000000010000000001100000000000000000000
1111111110111111010000000001111011100001100100000
1000000000000000010000000001111011000000000000000
1000000000000000010000000001100000000000000000000
1000000000000000010000000001100000000000000000000
1000000000000000010000000001100000000000000000000
1000000000000000010000000001100000000000000000000
1000000000000000010000000001111011000000000000000
1111110110000000010000000001111011000001100100000
1000000000000000010000000001111011000000000000000
1111111111111110111101110101111011000001100100000
1000000000000000010000000001111011000000000000000
1111111000000000010000000001111011000001100100000
1111111000000000010000000001111111000000000000000
1111110110000000011101110101111011000000000000000
1111111110000000011101110101111011000001100100000
1111110110000000011101110101111011000000000000000
1111111110111111010000000001111011100001100100000
1111111110000000011101110101111011000001100100000
1111111111000000011101110101111011000001110111001
1111110111000000011101111111111001000000000000000
1111111111111110111110111111111011011011111111001
1111111111111110111101110101111011000001110100000
1000000000000000010000000001111011000000000000000
1000000000000000010000000001111011000000000000000
1111111111111110111110111111111011011011111111001
1111110111000000011101111111111001000001111111001
1111110111000000011101111111111001000001111111001
1111110111000000011101111111111001000001111111001
1000000000000000010000000001111001000000000000000
1111111111000000011101110101111011000001110111001
1111011000000000010000000001111011000000000000000
1000000000000000011101110111100000000000000000000
1000000000000000011101110111100000000000000000000
1111111111000000011101110101111011000001110100000
1000000000000000011101110111100000000000000000000
1000000000000000011101110111100000000000000000000
1100010110000000011101110101100000000000000000000
1111111111111110111101110101111011000001100100000
1100000000000000010000000001100000000000000000000
1000000000000000010000000001111001000000000000000
1000000000000000010000000001111001000000000000000
1111111111111110111110111111111011011011111111001
1111111111111110111110111111111011011011111111001
1111111110111111010000000001111011000001100100000
1000000000000000010000000001111011000000000000000
1111110111000000011101111111111011000000000000000
1000000000000000011101110101100000000000000000000
1000000000000000011101110101100000000000000000000
1111111111111111011101111111111011000001111111001
1111110000000000010000000001111011000001100100000
1000000000000000011101110101100000000000000000000
1000000000000000011101110101100000000000000000000
1000000000000000010000000001111001000000000000000
1000000000000000010000000001111001000000000000000
1111111111000000011101110101111011000000000000000
1111110111000000011101110101111011000000000000000
1111111000000000010000000001111111111011110100000
1111111111111111011101111111111011000001111111001
1111111111000000011101110101111011000001110100000
1111111111111110111101110101111011000001110011001
1111110111000000010000000001111011000000000000000
1111110110000000010000000001111011000001100100000
1111110111000000011101111111111001000001111111001
~~~
0.0 16.0 17.0 48.0 290.0 
0.0 23.0 16.0 25.0 248.0 
0.0 39.0 7.0 9.0 92.0 
0.0 12.0 18.0 65.0 318.0 
0.0 44.0 3.0 9.0 55.0 
0.0 45.0 2.0 9.0 40.0 
0.0 45.0 2.0 9.0 40.0 
0.0 16.0 15.0 60.0 299.0 
0.0 37.0 4.0 25.0 109.0 
0.0 36.0 10.0 9.0 121.0 
0.0 23.0 12.0 39.0 230.0 
0.0 35.0 11.0 9.0 131.0 
0.0 27.0 10.0 32.0 202.0 
0.0 23.0 12.0 39.0 230.0 
0.0 44.0 3.0 9.0 55.0 
0.0 12.0 18.0 65.0 318.0 
0.0 42.0 5.0 9.0 69.0 
0.0 15.0 22.0 37.0 308.0 
0.0 18.0 11.0 81.0 276.0 
0.0 42.0 5.0 9.0 69.0 
0.0 27.0 10.0 32.0 202.0 
0.0 29.0 10.0 25.0 191.0 
0.0 22.0 16.0 28.0 254.0 
0.0 36.0 10.0 9.0 121.0 
0.0 39.0 7.0 9.0 92.0 
0.0 4.0 24.0 81.0 399.0 
0.0 35.0 11.0 9.0 131.0 
0.0 31.0 13.0 13.0 176.0 
0.0 35.0 4.0 31.0 125.0 
0.0 15.0 22.0 37.0 308.0 
0.0 26.0 7.0 66.0 196.0 
0.0 44.0 3.0 9.0 55.0 
0.0 35.0 4.0 31.0 125.0 
0.0 21.0 18.0 27.0 266.0 
0.0 35.0 11.0 9.0 131.0 
0.0 23.0 16.0 25.0 248.0 
0.0 17.0 15.0 53.0 285.0 
0.0 37.0 4.0 24.0 114.0 
0.0 42.0 5.0 9.0 69.0 
0.0 28.0 11.0 25.0 197.0 
0.0 12.0 18.0 65.0 318.0 
0.0 12.0 18.0 65.0 318.0 
0.0 26.0 8.0 51.0 198.0 
0.0 29.0 14.0 16.0 190.0 
0.0 15.0 22.0 37.0 308.0 
0.0 31.0 6.0 35.0 167.0 
0.0 4.0 24.0 81.0 399.0 
0.0 16.0 15.0 60.0 299.0 
0.0 27.0 12.0 25.0 207.0 
0.0 34.0 4.0 40.0 130.0 
0.0 38.0 3.0 26.0 97.0 
0.0 35.0 4.0 31.0 125.0 
0.0 28.0 8.0 39.0 188.0 
0.0 31.0 13.0 13.0 176.0 
0.0 35.0 4.0 31.0 125.0 
0.0 17.0 15.0 53.0 285.0 
0.0 14.0 22.0 39.0 319.0 
0.0 17.0 15.0 53.0 285.0 
0.0 21.0 18.0 27.0 266.0 
0.0 26.0 8.0 51.0 198.0 
0.0 29.0 7.0 39.0 178.0 
0.0 23.0 16.0 25.0 248.0 
0.0 37.0 4.0 24.0 114.0 
0.0 31.0 13.0 13.0 176.0 
0.0 32.0 10.0 18.0 162.0 
0.0 24.0 9.0 53.0 227.0 
0.0 21.0 14.0 39.0 252.0 
0.0 29.0 14.0 16.0 190.0 
0.0 11.0 18.0 72.0 332.0 
0.0 42.0 5.0 9.0 69.0 
0.0 42.0 5.0 9.0 69.0 
0.0 38.0 3.0 26.0 97.0 
0.0 29.0 14.0 16.0 190.0 
0.0 18.0 11.0 81.0 276.0 
0.0 34.0 5.0 28.0 145.0 
0.0 42.0 5.0 9.0 69.0 
0.0 17.0 15.0 53.0 285.0 
0.0 29.0 14.0 16.0 190.0 
0.0 28.0 14.0 18.0 201.0 
0.0 4.0 24.0 81.0 399.0 
0.0 24.0 15.0 25.0 242.0 
0.0 42.0 5.0 9.0 69.0 
0.0 28.0 14.0 18.0 201.0 
0.0 35.0 4.0 31.0 125.0 
0.0 22.0 9.0 69.0 246.0 
0.0 35.0 4.0 31.0 125.0 
0.0 14.0 22.0 39.0 319.0 
0.0 14.0 20.0 46.0 309.0 
0.0 21.0 14.0 39.0 252.0 
0.0 38.0 3.0 26.0 97.0 
0.0 12.0 18.0 65.0 318.0 
0.0 23.0 16.0 25.0 248.0 
0.0 23.0 12.0 39.0 230.0 
0.0 24.0 12.0 35.0 225.0 
0.0 27.0 12.0 25.0 207.0 
0.0 31.0 5.0 45.0 161.0 
0.0 24.0 12.0 35.0 225.0 
0.0 24.0 15.0 25.0 242.0 
0.0 30.0 6.0 39.0 172.0 
0.0 31.0 9.0 23.0 172.0 
0.0 36.0 7.0 16.0 121.0 
0.0 33.0 12.0 12.0 150.0 
0.0 20.0 18.0 30.0 269.0 
0.0 18.0 11.0 81.0 276.0 
0.0 30.0 10.0 23.0 178.0 
0.0 26.0 16.0 20.0 219.0 
0.0 28.0 7.0 50.0 177.0 
0.0 33.0 12.0 12.0 150.0 
0.0 20.0 19.0 28.0 270.0 
0.0 18.0 11.0 81.0 276.0 
0.0 34.0 8.0 19.0 139.0 
0.0 34.0 8.0 19.0 139.0 
0.0 36.0 7.0 16.0 121.0 
0.0 39.0 3.0 23.0 91.0 
0.0 18.0 11.0 81.0 276.0 
0.0 18.0 11.0 81.0 276.0 
0.0 11.0 18.0 72.0 332.0 
0.0 26.0 8.0 51.0 198.0 
0.0 34.0 5.0 28.0 145.0 
0.0 30.0 6.0 39.0 172.0 
0.0 26.0 16.0 20.0 219.0 
0.0 7.0 24.0 60.0 369.0 
0.0 30.0 6.0 39.0 172.0 
0.0 11.0 23.0 45.0 346.0 
0.0 29.0 6.0 46.0 186.0 
0.0 38.0 8.0 9.0 102.0 
0.0 36.0 7.0 16.0 121.0 
0.0 26.0 16.0 20.0 219.0 
0.0 32.0 11.0 16.0 161.0 
0.0 36.0 7.0 16.0 121.0 
0.0 25.0 11.0 35.0 219.0 
0.0 26.0 8.0 51.0 198.0 
0.0 26.0 8.0 51.0 198.0 
0.0 8.0 21.0 72.0 365.0 
0.0 36.0 7.0 16.0 121.0 
0.0 22.0 16.0 28.0 254.0 
0.0 18.0 11.0 81.0 276.0 
0.0 30.0 5.0 54.0 166.0 
0.0 39.0 7.0 9.0 92.0 
0.0 4.0 24.0 81.0 399.0 
0.0 28.0 8.0 39.0 188.0 
0.0 33.0 12.0 12.0 150.0 
0.0 18.0 11.0 81.0 276.0 
0.0 31.0 9.0 23.0 172.0 
0.0 33.0 12.0 12.0 150.0 
0.0 32.0 9.0 20.0 166.0 
0.0 39.0 7.0 9.0 92.0 
0.0 32.0 9.0 20.0 166.0 
0.0 39.0 7.0 9.0 92.0 
0.0 32.0 5.0 38.0 147.0 
0.0 39.0 7.0 9.0 92.0 
0.0 22.0 9.0 69.0 246.0 
0.0 33.0 6.0 28.0 151.0 
0.0 32.0 5.0 38.0 147.0 
0.0 32.0 5.0 38.0 147.0 
0.0 25.0 13.0 28.0 225.0 
0.0 42.0 2.0 16.0 69.0 
0.0 32.0 5.0 38.0 147.0 
0.0 30.0 5.0 54.0 166.0 
0.0 22.0 9.0 69.0 246.0 
0.0 16.0 17.0 48.0 290.0 
0.0 35.0 9.0 13.0 137.0 
0.0 20.0 18.0 30.0 269.0 
0.0 30.0 10.0 23.0 178.0 
0.0 35.0 7.0 19.0 127.0 
0.0 35.0 7.0 19.0 127.0 
0.0 22.0 9.0 69.0 246.0 
0.0 31.0 9.0 23.0 172.0 
0.0 29.0 6.0 46.0 186.0 
0.0 42.0 2.0 16.0 69.0 
0.0 30.0 5.0 54.0 166.0 
0.0 19.0 19.0 30.0 280.0 
0.0 42.0 2.0 16.0 69.0 
0.0 36.0 4.0 27.0 120.0 
0.0 30.0 5.0 54.0 166.0 
0.0 31.0 13.0 13.0 176.0 
0.0 21.0 14.0 39.0 252.0 
0.0 31.0 13.0 13.0 176.0 
0.0 37.0 4.0 24.0 114.0 
0.0 26.0 7.0 66.0 196.0 
0.0 29.0 9.0 31.0 177.0 
0.0 39.0 3.0 23.0 91.0 
0.0 24.0 9.0 53.0 227.0 
0.0 29.0 9.0 31.0 177.0 
0.0 39.0 3.0 23.0 91.0 
0.0 24.0 9.0 53.0 227.0 
0.0 12.0 23.0 42.0 337.0 
0.0 12.0 23.0 42.0 337.0 
0.0 33.0 5.0 34.0 142.0 
0.0 36.0 4.0 27.0 120.0 
0.0 39.0 3.0 23.0 91.0 
0.0 45.0 2.0 9.0 40.0 
0.0 25.0 11.0 35.0 219.0 
0.0 38.0 3.0 26.0 97.0 
0.0 36.0 10.0 9.0 121.0 
0.0 12.0 23.0 42.0 337.0 
0.0 39.0 3.0 23.0 91.0 
0.0 11.0 23.0 45.0 346.0 
0.0 45.0 2.0 9.0 40.0 
0.0 12.0 23.0 42.0 337.0 
0.0 45.0 2.0 9.0 40.0 
0.0 11.0 23.0 45.0 346.0 
0.0 36.0 10.0 9.0 121.0 
0.0 33.0 6.0 28.0 151.0 
0.0 45.0 2.0 9.0 40.0 
0.0 45.0 2.0 9.0 40.0 
0.0 45.0 2.0 9.0 40.0 
0.0 35.0 11.0 9.0 131.0 
0.0 38.0 3.0 26.0 97.0 
0.0 45.0 2.0 9.0 40.0 
0.0 45.0 2.0 9.0 40.0 
0.0 45.0 2.0 9.0 40.0 
0.0 32.0 10.0 18.0 162.0 
0.0 38.0 3.0 26.0 97.0 
0.0 29.0 7.0 39.0 178.0 
0.0 45.0 2.0 9.0 40.0 
0.0 36.0 10.0 9.0 121.0 
0.0 32.0 12.0 13.0 166.0 
0.0 38.0 8.0 9.0 102.0 
0.0 29.0 7.0 39.0 178.0 
0.0 33.0 5.0 32.0 150.0 
0.0 38.0 3.0 26.0 97.0 
0.0 34.0 5.0 28.0 145.0 
0.0 27.0 11.0 28.0 203.0 
0.0 41.0 2.0 19.0 75.0 
0.0 32.0 9.0 20.0 166.0 
0.0 29.0 10.0 25.0 191.0 
0.0 23.0 9.0 60.0 241.0 
0.0 41.0 2.0 19.0 75.0 
0.0 35.0 11.0 9.0 131.0 
0.0 17.0 16.0 48.0 280.0 
0.0 9.0 20.0 72.0 353.0 
0.0 19.0 19.0 30.0 280.0 
0.0 35.0 7.0 19.0 127.0 
0.0 44.0 3.0 9.0 55.0 
0.0 35.0 7.0 19.0 127.0 
0.0 45.0 2.0 9.0 40.0 
0.0 23.0 9.0 60.0 241.0 
0.0 41.0 2.0 19.0 75.0 
0.0 45.0 2.0 9.0 40.0 
0.0 45.0 2.0 9.0 40.0 
0.0 45.0 2.0 9.0 40.0 
0.0 45.0 2.0 9.0 40.0 
0.0 41.0 2.0 19.0 75.0 
0.0 31.0 6.0 35.0 167.0 
0.0 41.0 2.0 19.0 75.0 
0.0 17.0 16.0 48.0 280.0 
0.0 41.0 2.0 19.0 75.0 
0.0 32.0 5.0 38.0 147.0 
0.0 34.0 4.0 40.0 130.0 
0.0 28.0 10.0 28.0 197.0 
0.0 24.0 11.0 39.0 224.0 
0.0 28.0 10.0 28.0 197.0 
0.0 23.0 9.0 60.0 241.0 
0.0 24.0 11.0 39.0 224.0 
0.0 19.0 16.0 39.0 269.0 
0.0 26.0 13.0 25.0 219.0 
0.0 7.0 24.0 60.0 369.0 
0.0 16.0 17.0 48.0 290.0 
0.0 41.0 2.0 19.0 75.0 
0.0 41.0 2.0 19.0 75.0 
0.0 7.0 24.0 60.0 369.0 
0.0 18.0 19.0 32.0 291.0 
0.0 18.0 19.0 32.0 291.0 
0.0 18.0 19.0 32.0 291.0 
0.0 42.0 2.0 16.0 69.0 
0.0 19.0 16.0 39.0 269.0 
0.0 36.0 4.0 29.0 114.0 
0.0 38.0 8.0 9.0 102.0 
0.0 38.0 8.0 9.0 102.0 
0.0 22.0 13.0 39.0 240.0 
0.0 38.0 8.0 9.0 102.0 
0.0 38.0 8.0 9.0 102.0 
0.0 35.0 9.0 13.0 137.0 
0.0 17.0 16.0 48.0 280.0 
0.0 44.0 3.0 9.0 55.0 
0.0 42.0 2.0 16.0 69.0 
0.0 42.0 2.0 16.0 69.0 
0.0 7.0 24.0 60.0 369.0 
0.0 7.0 24.0 60.0 369.0 
0.0 24.0 9.0 53.0 227.0 
0.0 41.0 2.0 19.0 75.0 
0.0 25.0 13.0 28.0 225.0 
0.0 39.0 7.0 9.0 92.0 
0.0 39.0 7.0 9.0 92.0 
0.0 10.0 22.0 53.0 357.0 
0.0 33.0 5.0 34.0 142.0 
0.0 39.0 7.0 9.0 92.0 
0.0 39.0 7.0 9.0 92.0 
0.0 42.0 2.0 16.0 69.0 
0.0 42.0 2.0 16.0 69.0 
0.0 26.0 11.0 32.0 208.0 
0.0 27.0 11.0 28.0 203.0 
0.0 26.0 7.0 66.0 196.0 
0.0 10.0 22.0 53.0 357.0 
0.0 22.0 13.0 39.0 240.0 
0.0 14.0 20.0 46.0 309.0 
0.0 33.0 6.0 28.0 151.0 
0.0 31.0 6.0 35.0 167.0 
0.0 18.0 19.0 32.0 291.0 
~~~
36.018
