1111110000000000011101110101111001000000000000000
1100000000000000011101110101100000000000000011001
1111110000000000011101110101111001000000000000000
1111110000000000011101110101111001000000000000000
1111111000000000010000000001111111011011100100000
1000000000000000010000000001100000000000000011001
1111100000000000011101110101100000000000000011001
1111110111000000011101111111111001000000000011001
1111110111111110111101111111111011011011111111001
1111110111000000011101111111111001000001111111001
1111110111000000011101111111111001000001111111001
1000000000000000010000000001100000000000000011001
1000000000000000010000000001100000000000000000000
1000000000000000010000000001100000000000000000000
1000000000000000011101110101111001000000000011001
1100010000000000011101110101100000000000000000000
1111110111000000011101111111111001000001111100000
1111111000000000010000000001111011000001100100000
1000000000000000011101110101111001000000000011001
1000000000000000010000000001100000000000000000000
1000000000000000010000000001100000000000000000000
1111111111111110011101110101111011111011100100000
1111110111000000011101111111111001000001111111001
1111110111000000011101110101111001000000000000000
1000000000000000010000000001100000000000000011001
1111111110000000011101110101111111111011100100000
1111110111111110111101110111111011000001100111001
1111111111111110011101110101111011111011100100000
1000000000000000011101110101111001000000000011001
1111111000111111010000000001111011000001100100000
1000000000000000010000000001100000000000000011001
1000000000000000010000000001100000000000000011001
1111111110111111111110111111111011111011100100000
1000000000000000010000000001111011000001100100000
1111111110000000010000000001111011000001100100000
1111111110000000010000000001111011000001100100000
1000000000000000010000000001100000000000000000000
1000000000000000010000000001100000000000000000000
1111111111111110111101111111111011000001100111001
1111111111000000010000000001111011000001100100000
1000000000000000011101110101100000000000000000000
1111111000000000010000000001111111000001100100000
1100010000000000011101110101100000000000000000000
1111111110000000010000000001111011000001100100000
1000000000000000010000000001100000000000000000000
1111111000111111010000000001111111111011100100000
1000000000000000010000000001100000000000000000000
1000000000000000010000000001100000000000000000000
1111111110111111011101111101111011000001100100000
1000000000000000010000000001100000000000000000000
1111110111111110111101111111111011000000000011001
1111111111111110111101110101111011000001110100000
1000000000000000011101111111111001000000000011001
1111010111000000011101110111111001000000000011001
1111111000000000010000000001111011000001100100000
1111110000000000011101110101111001000000000000000
1000000000000000010000000001100000000000000000000
1000000000000000010000000001100000000000000011001
1000000000000000011101111111111001000000000011001
1111111110111111011101111101111111111011110100000
1000000000000000010000000001100000000000000000000
1111010111000000011101110101111001000000000000000
1111110111111110111101111111111011000001111111001
1111111000000000010000000001111011000001100100000
1111111111111110111101111111111011000001111111001
1111111111000000010000000001111011000001100100000
1111111111111110011101110101111011111011100100000
1111111111000000010000000001111011000001100100000
1000000000000000010000000001100000000000000000000
1000000000000000010000000001100000000000000000000
1111110111000000011101110101111011000001100100000
1000000000000000010000000001100000000000000000000
1100010000000000011101110101100000000000000000000
1100010000000000010000000001100000000000000000000
1000000000000000010000000001100000000000000000000
1111110110000000011101110101111011000000000000000
1000000000000000010000000001100000000000000000000
1000000000000000010000000001100000000000000000000
1111111000000000010000000001111011000001100100000
1000000000000000011101111111111001000000000011001
1111010111000000011101110101111001000000000000000
1111110111111110111101110111111011000001100100000
1111111000000000010000000001111111111011100100000
1111010111000000011101110111111011000001111011001
1111111111111111111101111111111111111011111111010
1111111110000000011101110101111111111011100100000
1000000000000000011101110111111011000000000000000
1111110110000000010000000001111011000000000000000
1111111110111111111110111111111011111011100100000
1111111000111111010000000001111011000001100100000
1111110111111110111101111111111011000000000011001
1111110110000000011101110101111011000000000000000
1000000000000000010000000001111011000001100100000
1000000000000000010000000001100000000000000000000
1111011000000000010000000001111011000001100100000
1111110111111110111101111111111011000000000011001
1111111000000000010000000001111011000001100100000
1111110110000000010000000001111011000000000000000
1000000000000000011101110101100000000000000011001
1100000000000000011101111111111001000000000011001
1000000000000000010000000001111001000000000000000
1111111111111110111101110101111011000001110100000
1111111110111111011101111101111111111011110100000
1111111111111110111101111111111011000001111111001
1111110000000000010000000001111001000000000000000
1111111110111110011101110101111011000001100100000
1111111110111110011101110101111011000001100100000
1111111110111110011101110101111011000001100100000
1000000000000000010000000001111011000000000000000
1111110000000000010000000001111001000000000000000
1100000000000000011101110101100000000000000011001
1100010000000000010000000001100000000000000000000
1100010000000000010000000001100000000000000000000
1111111000000000010000000001111011000000000000000
1111110111000000011101110111111011000000000000000
1111110000000000010000000001111011000000000000000
1000000000000000011101110101100000000000000011001
1100010000000000010000000001100000000000000000000
1111110000000000010000000001111011000000000000000
1000000000000000010000000001111001000001100100000
1000000000000000011101110101100000000000000011001
1000000000000000011101110101100000000000000011001
1111110111111110111101110101111011000001100100000
1000000000000000010000000001111111000001100100000
1100000000000000011101110101100000000000000011001
1000000000000000011101110101100000000000000011001
1000000000000000010000000001111001000000000000000
1111111110000000010000000001111011000001100100000
1000000000000000010000000001111001000000000000000
1100000000000000011101110101100000000000000011001
1111110111000000011101110111111011000000000000000
1111111000111111010000000001111111111011100100000
1000000000000000010000000001111011000001100100000
1111110110000000010000000001111011000001100100000
1100000000000000010000000001100000000000000000000
1111110000000000010000000001111001000000000000000
1111111000000000010000000001111111000001100100000
1000000000000000011101110101100000000000000011001
1100000000000000011101111111111001000000000011001
1000000000000000010000000001111011000001100100000
1100000000000000010000000001100000000000000000000
1000000000000000010000000001111011000001100100000
1000000000000000010000000001111011000001100100000
1111110111111110111101111111111011000001111011001
1111111000000000010000000001111111000001100100000
1111110111111110111101110111111011000001111011001
1111111110111110011101110101111011000001100100000
1111111000111111010000000001111111111011100100000
1111010111000000011101110111111011000001111011001
1111100000000000011101110101111001000000000000000
1100010111000000011101110111111001000000000011001
1000000000000000010000000001111111000001100100000
1111111111111111111110111111111011111011111111001
1000000000000000010000000001111011000001100100000
1111111000111111010000000001111111011011100100000
1111111110000000011101110101111011000001100100000
1100000000000000011101110101100000000000000000000
1100000000000000011101110101100000000000000000000
1000000000000000010000000001111011000001100100000
1111110111111110111101110111111011000001111111001
1111111110000000011101110111111011000001101100000
1111100000000000011101110101111001000000000000000
1100000000000000011101110101100000000000000011001
1111110111111110111101110111111011000001111111001
1000000000000000011101110101100000000000000000000
1100010111000000011101110111111001000000000011001
1000000000000000011101110101100000000000000000000
1111111110000000010000000001111011000000000000000
1000000000000000011101110101100000000000000000000
1111110110000000011101110101111011000000000000000
1000000000000000011101110111111011000000000000000
1111110000000000010000000001111011000000000000000
1100010000000000010000000001100000000000000000000
1000000000000000011101110101100000000000000000000
1111111000000000010000000001111011000000000000000
1111110110000000011101110101111011000000000000000
1111111111111111111110111111111011111011111111001
1111111110000000010000000001111011000000000000000
1111111110000000011101110111111011000001100111001
1000000000000000011101110101100000000000000000000
1111111110111111011101111101111111111011110100000
1111111110000000011101110101111011000001100100000
1111111110000000011101110101111011000001100100000
1100010111000000011101110111111001000000000011001
1111110111000000011101110111111001000000000011001
1000000000000000010000000001111001000000000000000
1000000000000000010000000001111001000000000000000
1111111110000000011101110101111011000001100100000
1111111110111110010000000001111111111011100100000
1111111000111111010000000001111111011011100100000
1000000000000000011101110101111001000000000000000
1000000000000000011101110101100000000000000000000
1111111110111110010000000001111111111011100100000
1000000000000000011101110101111011000000000000000
1111110110000000011101110101111011000001100100000
1111111110111110010000000001111111011011100100000
1000000000000000011101110101100000000000000000000
1111111110111110010000000001111011000001100100000
1111111000111111010000000001111111011011100100000
1100010111000000011101110111111001000000000011001
1111111110111111010000000001111011000001100100000
1000000000000000011101110101100000000000000000000
1111110111111110111101110111111011000001111011001
1111111110111110010000000001111011000001100100000
1111111000000000010000000001111111011011100100000
1000000000000000011101110101100000000000000000000
1111111110111110010000000001111011000001100100000
1111111111111110111101110111111011000001100111001
1111111000000000010000000001111011000000000000000
1100010111000000011101110111111001000000000011001
1111010111000000011101111111111001000001111011001
1111111110111110010000000001111111011011100100000
1111111000000000010000000001111111011011100100000
1000000000000000010000000001111001000000000000000
1111111000000000010000000001111111011011100100000
1111111110111110010000000001111111011011100100000
1111111000000000010000000001111111011011100100000
1111010111000000011101111111111001000001111011001
1111111110000000011101110101111011000000000000000
1111111000000000010000000001111111111011100100000
1111110111111110111101111111111011011011111111001
1111111111111111111110111111111111111011100100000
1111110111111110111101111111111011011011111111001
1000000000000000010000000001111001000000000000000
1111110111111110111101111111111011011011111111001
1111111110000000011101110101111011000000000000000
1100000000000000011101111111111001000000000011001
1111111110000000011101110101111011000000000000000
1111111000000000010000000001111111011011100100000
1000000000000000011101110101100000000000000000000
1000000000000000011101110101100000000000000000000
1100010111000000011101110111111001000000000011001
1100000000000000011101111111111001000000000011001
1000000000000000011101110111111001000000000011001
1111111111111111111110111111111011111011111111001
1000000000000000011101110111111011000000000000000
1111110111111110111101110101111011000001100100000
1111110110000000010000000001111011000001100100000
1111111110111111010000000001111111000001100100000
1111110111111110111101110111111011000001111011001
1111111110111111011101111101111011100001100100000
1111111000000000010000000001111111000001100100000
1111110111000000011101111111111001000001111111001
1000000000000000011101110111111001000000000011001
1111111110111110011101110101111011000001100100000
1111111111000000010000000001111011000001100100000
1000000000000000011101110101111001000000000000000
1111010111000000011101111111111001000001111011001
1111111110111111011101111101111011000001100100000
1111110110000000010000000001111011000001100100000
1111010111000000011101110111111001000000000011001
1111110111000000011101110111111011000000000011001
1111111111111111111101111111111011000001111111001
1111010111000000011101110111111001000000000011001
1111010111000000011101110111111001000000000011001
1111110111000000011101110101111011000001110100000
1111110111000000011101111111111001000000000011001
1111110111000000011101111111111001000000000011001
1111111110000000011101111111111011000001111111001
1111110110000000010000000001111011000000000000000
1111111110111111010000000001111011000001100100000
1111110111000000011101111111111001000000000011001
1111110111000000011101111111111001000000000011001
1111110110000000011101110101111001000000000000000
1000000000000000010000000001111011000000000000000
1000000000000000010000000001111011000000000000000
1000000000000000010000000001111011000000000000000
1000000000000000010000000001111011000000000000000
1111111000111111010000000001111011000001100100000
1000000000000000010000000001111011000000000000000
1000000000000000010000000001111011000000000000000
1111111000111111010000000001111011000001100100000
1111110111000000011101110101111011000001110100000
1111110111000000011101111111111001000001111011001
1111110110000000011101110101111011000001100100000
1111110111000000011101111111111001000001111011001
1000000000000000010000000001111011000000000000000
1000000000000000010000000001111011000000000000000
1000000000000000010000000001111011000000000000000
1000000000000000011101110101111001000000000000000
1000000000000000011101110101111001000000000000000
1111111111111111111110111111111011111011111111001
1111110110000000011101110101111001000000000000000
1111111000000000010000000001111111111011100100000
1111111000000000010000000001111111111011100100000
1111111111111111111110111111111111111011111100000
1111111000000000010000000001111011000000000000000
1111110111000000010000000001111011000000000000000
1000000000000000010000000001111001000001100100000
1111110111000000010000000001111011000000000000000
1111110111111110111101111111111011000001111111001
1000000000000000010000000001111001000001100100000
1000000000000000010000000001111001000001100100000
1000000000000000011101110101111011000000000000000
1111110111111110111101111111111011000001111111001
1000000000000000011101110101111011000000000000000
1111111000000000010000000001111011000000000000000
1111111000000000010000000001111011000000000000000
1111111110000000011101110111111011000001101100000
1111110111000000011101110101111011000001110100000
~~~
0.0 31.0 9.0 24.0 166.0 
0.0 35.0 11.0 9.0 136.0 
0.0 31.0 9.0 24.0 166.0 
0.0 31.0 9.0 24.0 166.0 
0.0 28.0 6.0 59.0 172.0 
0.0 42.0 5.0 9.0 69.0 
0.0 32.0 12.0 14.0 161.0 
0.0 23.0 16.0 25.0 248.0 
0.0 8.0 24.0 56.0 367.0 
0.0 18.0 19.0 32.0 291.0 
0.0 18.0 19.0 32.0 291.0 
0.0 42.0 5.0 9.0 69.0 
0.0 45.0 2.0 9.0 40.0 
0.0 45.0 2.0 9.0 40.0 
0.0 33.0 10.0 16.0 150.0 
0.0 37.0 8.0 12.0 112.0 
0.0 21.0 16.0 32.0 262.0 
0.0 32.0 5.0 38.0 147.0 
0.0 33.0 10.0 16.0 150.0 
0.0 45.0 2.0 9.0 40.0 
0.0 45.0 2.0 9.0 40.0 
0.0 14.0 16.0 67.0 308.0 
0.0 18.0 19.0 32.0 291.0 
0.0 28.0 11.0 25.0 197.0 
0.0 42.0 5.0 9.0 69.0 
0.0 19.0 12.0 67.0 263.0 
0.0 14.0 20.0 44.0 314.0 
0.0 14.0 16.0 67.0 308.0 
0.0 33.0 10.0 16.0 150.0 
0.0 26.0 8.0 52.0 202.0 
0.0 42.0 5.0 9.0 69.0 
0.0 42.0 5.0 9.0 69.0 
0.0 11.0 18.0 72.0 338.0 
0.0 38.0 3.0 26.0 97.0 
0.0 30.0 6.0 39.0 172.0 
0.0 30.0 6.0 39.0 172.0 
0.0 45.0 2.0 9.0 40.0 
0.0 45.0 2.0 9.0 40.0 
0.0 12.0 21.0 48.0 331.0 
0.0 29.0 7.0 39.0 178.0 
0.0 39.0 7.0 9.0 92.0 
0.0 31.0 5.0 47.0 152.0 
0.0 37.0 8.0 12.0 112.0 
0.0 30.0 6.0 39.0 172.0 
0.0 45.0 2.0 9.0 40.0 
0.0 21.0 9.0 80.0 241.0 
0.0 45.0 2.0 9.0 40.0 
0.0 45.0 2.0 9.0 40.0 
0.0 17.0 15.0 53.0 291.0 
0.0 45.0 2.0 9.0 40.0 
0.0 16.0 20.0 37.0 304.0 
0.0 16.0 17.0 48.0 290.0 
0.0 31.0 12.0 16.0 172.0 
0.0 25.0 15.0 23.0 225.0 
0.0 32.0 5.0 38.0 147.0 
0.0 31.0 9.0 24.0 166.0 
0.0 45.0 2.0 9.0 40.0 
0.0 42.0 5.0 9.0 69.0 
0.0 31.0 12.0 16.0 172.0 
0.0 11.0 17.0 81.0 340.0 
0.0 45.0 2.0 9.0 40.0 
0.0 29.0 11.0 23.0 186.0 
0.0 11.0 23.0 44.0 347.0 
0.0 32.0 5.0 38.0 147.0 
0.0 10.0 23.0 48.0 352.0 
0.0 29.0 7.0 39.0 178.0 
0.0 14.0 16.0 67.0 308.0 
0.0 29.0 7.0 39.0 178.0 
0.0 45.0 2.0 9.0 40.0 
0.0 45.0 2.0 9.0 40.0 
0.0 24.0 12.0 35.0 225.0 
0.0 45.0 2.0 9.0 40.0 
0.0 37.0 8.0 12.0 112.0 
0.0 43.0 3.0 12.0 60.0 
0.0 45.0 2.0 9.0 40.0 
0.0 28.0 10.0 28.0 197.0 
0.0 45.0 2.0 9.0 40.0 
0.0 45.0 2.0 9.0 40.0 
0.0 32.0 5.0 38.0 147.0 
0.0 31.0 12.0 16.0 172.0 
0.0 29.0 11.0 23.0 186.0 
0.0 17.0 17.0 44.0 285.0 
0.0 27.0 6.0 66.0 186.0 
0.0 20.0 18.0 31.0 264.0 
0.0 4.0 24.0 81.0 410.0 
0.0 19.0 12.0 67.0 263.0 
0.0 34.0 8.0 19.0 137.0 
0.0 34.0 5.0 28.0 145.0 
0.0 11.0 18.0 72.0 338.0 
0.0 26.0 8.0 52.0 202.0 
0.0 16.0 20.0 37.0 304.0 
0.0 28.0 10.0 28.0 197.0 
0.0 38.0 3.0 26.0 97.0 
0.0 45.0 2.0 9.0 40.0 
0.0 33.0 5.0 36.0 136.0 
0.0 16.0 20.0 37.0 304.0 
0.0 32.0 5.0 38.0 147.0 
0.0 34.0 5.0 28.0 145.0 
0.0 36.0 10.0 9.0 121.0 
0.0 30.0 13.0 16.0 187.0 
0.0 42.0 2.0 16.0 69.0 
0.0 16.0 17.0 48.0 290.0 
0.0 11.0 17.0 81.0 340.0 
0.0 10.0 23.0 48.0 352.0 
0.0 37.0 4.0 24.0 114.0 
0.0 19.0 14.0 48.0 268.0 
0.0 19.0 14.0 48.0 268.0 
0.0 19.0 14.0 48.0 268.0 
0.0 41.0 2.0 19.0 75.0 
0.0 37.0 4.0 24.0 114.0 
0.0 35.0 11.0 9.0 136.0 
0.0 43.0 3.0 12.0 60.0 
0.0 43.0 3.0 12.0 60.0 
0.0 35.0 4.0 31.0 125.0 
0.0 26.0 12.0 28.0 213.0 
0.0 36.0 4.0 27.0 120.0 
0.0 36.0 10.0 9.0 121.0 
0.0 43.0 3.0 12.0 60.0 
0.0 36.0 4.0 27.0 120.0 
0.0 39.0 3.0 23.0 91.0 
0.0 36.0 10.0 9.0 121.0 
0.0 36.0 10.0 9.0 121.0 
0.0 18.0 16.0 44.0 275.0 
0.0 37.0 3.0 35.0 102.0 
0.0 35.0 11.0 9.0 136.0 
0.0 36.0 10.0 9.0 121.0 
0.0 42.0 2.0 16.0 69.0 
0.0 30.0 6.0 39.0 172.0 
0.0 42.0 2.0 16.0 69.0 
0.0 35.0 11.0 9.0 136.0 
0.0 26.0 12.0 28.0 213.0 
0.0 21.0 9.0 80.0 241.0 
0.0 38.0 3.0 26.0 97.0 
0.0 31.0 6.0 35.0 167.0 
0.0 44.0 3.0 9.0 55.0 
0.0 37.0 4.0 24.0 114.0 
0.0 31.0 5.0 47.0 152.0 
0.0 36.0 10.0 9.0 121.0 
0.0 30.0 13.0 16.0 187.0 
0.0 38.0 3.0 26.0 97.0 
0.0 44.0 3.0 9.0 55.0 
0.0 38.0 3.0 26.0 97.0 
0.0 38.0 3.0 26.0 97.0 
0.0 12.0 23.0 42.0 337.0 
0.0 31.0 5.0 47.0 152.0 
0.0 13.0 22.0 42.0 325.0 
0.0 19.0 14.0 48.0 268.0 
0.0 21.0 9.0 80.0 241.0 
0.0 20.0 18.0 31.0 264.0 
0.0 32.0 9.0 21.0 161.0 
0.0 27.0 14.0 20.0 211.0 
0.0 37.0 3.0 35.0 102.0 
0.0 5.0 24.0 72.0 394.0 
0.0 38.0 3.0 26.0 97.0 
0.0 22.0 9.0 73.0 227.0 
0.0 24.0 11.0 39.0 224.0 
0.0 38.0 8.0 9.0 107.0 
0.0 38.0 8.0 9.0 107.0 
0.0 38.0 3.0 26.0 97.0 
0.0 12.0 22.0 44.0 335.0 
0.0 22.0 13.0 39.0 245.0 
0.0 32.0 9.0 21.0 161.0 
0.0 35.0 11.0 9.0 136.0 
0.0 12.0 22.0 44.0 335.0 
0.0 39.0 7.0 9.0 92.0 
0.0 27.0 14.0 20.0 211.0 
0.0 39.0 7.0 9.0 92.0 
0.0 33.0 5.0 32.0 150.0 
0.0 39.0 7.0 9.0 92.0 
0.0 28.0 10.0 28.0 197.0 
0.0 34.0 8.0 19.0 137.0 
0.0 36.0 4.0 27.0 120.0 
0.0 43.0 3.0 12.0 60.0 
0.0 39.0 7.0 9.0 92.0 
0.0 35.0 4.0 31.0 125.0 
0.0 28.0 10.0 28.0 197.0 
0.0 5.0 24.0 72.0 394.0 
0.0 33.0 5.0 32.0 150.0 
0.0 20.0 15.0 39.0 263.0 
0.0 39.0 7.0 9.0 92.0 
0.0 11.0 17.0 81.0 340.0 
0.0 24.0 11.0 39.0 224.0 
0.0 24.0 11.0 39.0 224.0 
0.0 27.0 14.0 20.0 211.0 
0.0 24.0 15.0 25.0 236.0 
0.0 42.0 2.0 16.0 69.0 
0.0 42.0 2.0 16.0 69.0 
0.0 24.0 11.0 39.0 224.0 
0.0 20.0 10.0 76.0 255.0 
0.0 22.0 9.0 73.0 227.0 
0.0 36.0 7.0 16.0 121.0 
0.0 39.0 7.0 9.0 92.0 
0.0 20.0 10.0 76.0 255.0 
0.0 35.0 7.0 19.0 127.0 
0.0 25.0 11.0 35.0 219.0 
0.0 21.0 10.0 69.0 241.0 
0.0 39.0 7.0 9.0 92.0 
0.0 25.0 9.0 48.0 216.0 
0.0 22.0 9.0 73.0 227.0 
0.0 27.0 14.0 20.0 211.0 
0.0 24.0 9.0 53.0 227.0 
0.0 39.0 7.0 9.0 92.0 
0.0 13.0 22.0 42.0 325.0 
0.0 25.0 9.0 48.0 216.0 
0.0 28.0 6.0 59.0 172.0 
0.0 39.0 7.0 9.0 92.0 
0.0 25.0 9.0 48.0 216.0 
0.0 13.0 20.0 48.0 319.0 
0.0 35.0 4.0 31.0 125.0 
0.0 27.0 14.0 20.0 211.0 
0.0 20.0 19.0 28.0 270.0 
0.0 21.0 10.0 69.0 241.0 
0.0 28.0 6.0 59.0 172.0 
0.0 42.0 2.0 16.0 69.0 
0.0 28.0 6.0 59.0 172.0 
0.0 21.0 10.0 69.0 241.0 
0.0 28.0 6.0 59.0 172.0 
0.0 20.0 19.0 28.0 270.0 
0.0 27.0 10.0 32.0 202.0 
0.0 27.0 6.0 66.0 186.0 
0.0 8.0 24.0 56.0 367.0 
0.0 9.0 19.0 81.0 349.0 
0.0 8.0 24.0 56.0 367.0 
0.0 42.0 2.0 16.0 69.0 
0.0 8.0 24.0 56.0 367.0 
0.0 27.0 10.0 32.0 202.0 
0.0 30.0 13.0 16.0 187.0 
0.0 27.0 10.0 32.0 202.0 
0.0 28.0 6.0 59.0 172.0 
0.0 39.0 7.0 9.0 92.0 
0.0 39.0 7.0 9.0 92.0 
0.0 27.0 14.0 20.0 211.0 
0.0 30.0 13.0 16.0 187.0 
0.0 32.0 11.0 16.0 160.0 
0.0 5.0 24.0 72.0 394.0 
0.0 34.0 8.0 19.0 137.0 
0.0 18.0 16.0 44.0 275.0 
0.0 31.0 6.0 35.0 167.0 
0.0 23.0 9.0 62.0 232.0 
0.0 13.0 22.0 42.0 325.0 
0.0 16.0 15.0 60.0 305.0 
0.0 31.0 5.0 47.0 152.0 
0.0 18.0 19.0 32.0 291.0 
0.0 32.0 11.0 16.0 160.0 
0.0 19.0 14.0 48.0 268.0 
0.0 29.0 7.0 39.0 178.0 
0.0 36.0 7.0 16.0 121.0 
0.0 20.0 19.0 28.0 270.0 
0.0 17.0 15.0 53.0 291.0 
0.0 31.0 6.0 35.0 167.0 
0.0 25.0 15.0 23.0 225.0 
0.0 23.0 15.0 28.0 242.0 
0.0 9.0 23.0 53.0 363.0 
0.0 25.0 15.0 23.0 225.0 
0.0 25.0 15.0 23.0 225.0 
0.0 23.0 13.0 35.0 235.0 
0.0 23.0 16.0 25.0 248.0 
0.0 23.0 16.0 25.0 248.0 
0.0 17.0 18.0 39.0 296.0 
0.0 34.0 5.0 28.0 145.0 
0.0 24.0 9.0 53.0 227.0 
0.0 23.0 16.0 25.0 248.0 
0.0 23.0 16.0 25.0 248.0 
0.0 29.0 10.0 25.0 191.0 
0.0 41.0 2.0 19.0 75.0 
0.0 41.0 2.0 19.0 75.0 
0.0 41.0 2.0 19.0 75.0 
0.0 41.0 2.0 19.0 75.0 
0.0 26.0 8.0 52.0 202.0 
0.0 41.0 2.0 19.0 75.0 
0.0 41.0 2.0 19.0 75.0 
0.0 26.0 8.0 52.0 202.0 
0.0 23.0 13.0 35.0 235.0 
0.0 19.0 19.0 30.0 281.0 
0.0 25.0 11.0 35.0 219.0 
0.0 19.0 19.0 30.0 281.0 
0.0 41.0 2.0 19.0 75.0 
0.0 41.0 2.0 19.0 75.0 
0.0 41.0 2.0 19.0 75.0 
0.0 36.0 7.0 16.0 121.0 
0.0 36.0 7.0 16.0 121.0 
0.0 5.0 24.0 72.0 394.0 
0.0 29.0 10.0 25.0 191.0 
0.0 27.0 6.0 66.0 186.0 
0.0 27.0 6.0 66.0 186.0 
0.0 7.0 21.0 81.0 370.0 
0.0 35.0 4.0 31.0 125.0 
0.0 33.0 6.0 28.0 151.0 
0.0 39.0 3.0 23.0 91.0 
0.0 33.0 6.0 28.0 151.0 
0.0 11.0 23.0 44.0 347.0 
0.0 39.0 3.0 23.0 91.0 
0.0 39.0 3.0 23.0 91.0 
0.0 35.0 7.0 19.0 127.0 
0.0 11.0 23.0 44.0 347.0 
0.0 35.0 7.0 19.0 127.0 
0.0 35.0 4.0 31.0 125.0 
0.0 35.0 4.0 31.0 125.0 
0.0 22.0 13.0 39.0 245.0 
0.0 23.0 13.0 35.0 235.0 
~~~
37.309
