1100010110000000010000000001111011000000000000000
1111111000000000010000000001111011000001100100000
1111110111000000010000000001111011000000000000000
1111111110111111010000000001111111011011110100000
1111111111111110111101111111111011011011111111001
1111111110000000010000000001111011011011110100000
1111110111000000010000000001111011000000000000000
1000000000000000010000000001100000000000000011001
1111111000000000010000000001111011000001100100000
1111111000000000010000000001111011000001100100000
1111111111111110111110111111111011011011110100000
1000000000000000010000000001111011000001100100000
1111111110000000010000000001111011011011110100000
1100000000000000010000000001100000000000000000000
1111111000000000010000000001111011000001100100000
1111111111000000011101111111111011000001100100000
1111111000000000010000000001111011000000000000000
1111111111111110111101111111111011000001111100000
1100010110000000011101110101100000000000000000000
1111111000000000010000000001111011000000000000000
1100010000000000010000000001111011000000000000000
1111111111111111111110111101111111111011110111100
1000000000000000010000000001100000000000000011001
1111111110111110011110000001111001011011110100000
1111111000000000010000000001111011000001100100000
1111111000000000010000000001111011000000000000000
1111111000000000010000000001111011000000000000000
1111110110000000011101110101111011000001100100000
1111111000000000010000000001111011000000000000000
1111111110111111011110000001111011011011110100000
1100010000000000010000000001111011000000000000000
1111111111111110111110111111111011011011110100000
1000000000000000010000110111100000000000000000000
1111111111111110111101111111111011011011111111001
1111110110000000010000000001111011000001100100000
1100010000000000010000000001111011000000000000000
1111111111111110111101111111111011000001111111001
1000000000000000010000000001100000000000000000000
1111111110111110010000000001111011000001100100000
1100010110000000011101111111100000000000000011001
1000000000000000010000000001100000000000000000000
1000000000000000010000000001111011000000000000000
1111110111111110111101110111111011000001100100000
1111110111111110111101111111111011011011111111001
1000000000000000010000000001100000000000000000000
1000000000000000010000000001100000000001100100000
1111010110110110111101110111100000000001111111001
1111111111111110111101111111111011000001110100000
1111110110000000010000000001111011000001100100000
1111110110000000011101110111111011000000000000000
1000000000000000010000000001100000000000000000000
1000000000000000010000000001111011000000000000000
1000000000000000010000000001111011000001100100000
1100010000000000010000000001111011000000000000000
1100000000000000010000000001100000000000000000000
1111111111111111010000000001111011000001100100000
1111110110000000011101110101111011000001100100000
1111110110000000010000000001111011000001100100000
1100010110000000011101110101100000000000000011001
1111111110111110010000000001111011000001100100000
1000000000000000010000000001100000000000000000000
1111111111111110111101111111111011000001111100000
1000000000000000010000000001111011000001100100000
1111010110000000011101111111100000000001111011001
1111111111111110111101111111111011000001111100000
1111110000000000010000000001111011000000000000000
1111010110000000011101111111100000000001111011001
1111110110000000011101111111111001000000000011001
1111110110000000011101111111111001000000000011001
1000000000000000010000000001111011000001100100000
1111111110111110010000000001111011000001100100000
1000000000000000011101110111111011000000000000000
1000000000000000010000000001100000000000000000000
1111110110000000011101111111111001000000000011001
1111010110000000011101111111100000000001111011001
1111111111111111111110111111111111111011111111001
1111111110111110010000000001111011011011110100000
1111111000000000010000000001111011000000000000000
1111110110000000011101110101100000000000000000000
1000000000000000011101110101100000000000000000000
1000000000000000011101110101100000000000000000000
1111111110000000010000000001111011000001100100000
1000000000000000011101111111100000000000000000000
1111111110000000010000000001111011000001100100000
1111111000000000010000000001111011011011110100000
1111111111000000011101111111111011011011100100000
1111111110111110011110000001111011011011110100000
1111111110000000010000000001111011000001100100000
1000000000000000011101110111100000000000000000000
1111110111110110111101111111111011000001111111001
1111110111110110111101111111111011000001111111001
1111110111110110111101111111111011000001111111001
1000000000000000011101110111100000000000000000000
1000000000000000011101110101100000000000000000000
1000000000000000011101110101100000000000000000000
1000000000000000011101110101100000000000000000000
1100010110000000010000000001111011000000000000000
1111111111000000011101111111111011000001100100000
1000000000000000011101110101100000000000000000000
1111111110111111010000000001111111011011110100000
1111111111111110111101111111111011000001111111001
1111110111000000011101111111111011000000000000000
1111111110111111010000000001111111000001100100000
1000000000000000011101110101100000000000000000000
1111110111000000011101110111111011000001100100000
1111111000000000010000000001111011011011110100000
1111111111000000010000000001111011000001100100000
1100010110000000010000000001111011000000000000000
1000000000000000010000000001111111000001100100000
1111111110111110011110000001111011011011110100000
1000000000000000011101110101100000000000000000000
1111110111000000011101110111111011000001100100000
1111111111000000011101111111111011000001100100000
1111110000000000010000000001100000000000000000000
1111111111000000010000000001111011000001100100000
1111111111000000011101111111111011000001100100000
1111111000000000010000000001111110011011100100000
1000000000000000011101110111111011000000000000000
1111111111000000010000000001111011000001100100000
1111111110111110011110000001111011011011110100000
1111111110111110011110000001111011011011110100000
1111110110000000010000000001111011000000000000000
1000000000000000011101111111100000000000000011001
1111111110111111011110000001111111011011110100000
1111110110000000011101110111100000000000000011001
1000000000000000010000000001111011000000000000000
1111110111000000011101111111111011000001111111001
1000000000000000010000000001100000000000000000000
1111110111000000011101111111111011000001111111001
1000000000000000010000000001100000000000000000000
1111111111000000010000000001111011000001100100000
1000000000000000011101111111100000000000000011001
1000000000000000010000000001100000000000000000000
1000000000000000010000000001100000000000000000000
1111110000000000010000000001100000000000000000000
1111110111000000011101110111111011000000000000000
1000000000000000011101111111100000000000000011001
1111111111111111111110110101111111111011110100000
1111111110000000010000000001111011011011110100000
1000000000000000011101111111100000000000000000000
1111111110111111011110000001111111011011110100000
1000000000000000010000000001100000000001100100000
1111111111000000010000000001111011000001100100000
1111110110000000011101110111100000000000000011001
1000000000000000010000000001100000000000000000000
1111110111111110111101111111111011011011111111001
1111110111000000011101110111111011000000000000000
1111111110000000010000000001111011011011110100000
1111111110111111011110000001111111011011110100000
1000000000000000010000000001100000000000000000000
1000000000000000010000000001100000000000000000000
1111110111000000011101111111111011000000000011001
1111110111000000011101111111111011000000000011001
1111110111000000011101111111111011000001111111001
1111111111111111111101111101111011000001100100000
1000000000000000010000000001111111000001100100000
1111111000000000010000000001111111111010000000000
1111111111111111111101111101111011000001100100000
1111110110000000010000000001111011000000000000000
1111111110000000010000000001111011011011110100000
1100010110000000011101110101100000000000000011001
1000000000000000010000000001100000000000000000000
1111111110111111010000000001111111011011110100000
1111110111000000011101111111111011000000000011001
1000000000000000010000000001100000000000000000000
1111010110000000011101110111100000000001111011001
1000000000000000010000000001100000000000000000000
1000000000000000010000000001111011000001100100000
1000000000000000010000000001100000000000000000000
1111110111000000011101111111111011000000000011001
1111110110000000011101111111100000000000000011001
1111110111000000011101111111111011000000000011001
1111111000000000010000000001111111000001100100000
1111110111000000011101111111111011000001111111001
1100010111000000011101110111111011000000000000000
1111010110110110111101111111100000000001111111001
1111111000000000010000000001111111000001100100000
1100010111000000011101110111111011000000000000000
1100000000000000011101111111100000000000000011001
1111111111111111010000000001111011000001100100000
1111010110110110111101111111100000000001111111001
1111110110000000011101110101100000000000000000000
1111110110000000011101110101100000000000000000000
1000000000000000010000000001100000000000000011001
1100010110000000011101110111100000000000000011001
1100010110000000011101110101111011000000000000000
1100010110000000011101110111100000000000000011001
1111010110110110111101111111100000000001111111001
1111110110000000011101111111100000000000000011001
1000000000000000010000000001100000000000000011001
1000000000000000011101110111111011000000000000000
1111110111000000011101110111111011000000000000000
1111110110000000011101111111100000000000000011001
1111110110000000011101111111100000000000000011001
1000000000000000011101110111111011000000000000000
1000000000000000011101110111111011000000000000000
1111110111000000011101110111111011000001100100000
1111010110000000011101110101111011000000000000000
1000000000000000011101110111100000000000000011001
1111011000000000010000000001111011000001100100000
1111110000000000010000000001111011000001100100000
1000000000000000011101110101100000000000000011001
1111111111111110011101111101111011000001100100000
1111111110111111010000000001111111000001100100000
1111111110111111010000000001111111000001100100000
1000000000000000011101110111111011000000000000000
1000000000000000011101110111111011000000000000000
1000000000000000011101110111100000000000000000000
1111111110111111010000000001111111000001100100000
1000000000000000011101110111100000000000000000000
1111010000000000010000000001111011000000000000000
1111110111000000011101111111111011000001111111001
1111110111000000010000000001111011000000000000000
1111111111111111111110110101111111111011110100000
1111111111111111111110110101111111111011110100000
1000000000000000011101110101100000000000000011001
1111110111000000011101110111111011000000000000000
1111111111111111111110110101111111111011110100000
1000000000000000010000000001111011000001100100000
1111111111111111111110110101111111111011110100000
1000000000000000010000000001111011000001100100000
1100010110000000011101110101111011000000000000000
1000000000000000010000000001111111000001100100000
1111010110000000011101110111100000000001111011001
1111111111111110011101111101111011000001100100000
1111111110111111011110000001111011011011110100000
1111111111111110011101111101111011000001100100000
1111111110000000011101110101111011000000000000000
1100010110000000011101111111100000000000000011001
1000000000000000011101110111100000000000000000000
1111010110000000011101110111100000000000000011001
1000000000000000011101110101100000000000000000000
1000000000000000011101110111100000000000000011001
1000000000000000011101110111100000000000000011001
1111010110000000011101110111100000000000000011001
1000000000000000010000000001100000000000000011001
1000000000000000011101110101100000000000000011001
1111111110000000011101110101111011000001100100000
1111010110000000011101110101100000000000000000000
1111110000000000010000000001111011000000000000000
1000000000000000011101110101100000000000000011001
1000000000000000010000000001111011000000000000000
1111110111000000010000000001111011000000000000000
1111110111111110111101111111111011000000000011001
1111010111000000011101111111111011000001100111001
1111111110000000011101110101111011000001100100000
1111111110000000011101110101111011000000000000000
1111111110000000011101110101111011000001100100000
1111111110000000011101110101111011000000000000000
1100010110000000011101111111100000000000000011001
1111111110111111010000000001111011011011110100000
1111111110000000011101110101111011000001100100000
1111111110111111010000000001111011011011110100000
1111110000000000010000000001111011000000000000000
1000000000000000011101110101100000000000000011001
1100010110000000011101110101100000000000000000000
1100010110000000011101110101100000000000000000000
1100010110000000010000000001111011000000000000000
1100000000000000011101111111100000000000000011001
1100000000000000011101111111100000000000000011001
1100010000000000010000000001100000000000000000000
1111110111110110111101111111111011000001111111001
1000000000000000010000000001111011000000000000000
1111110111110110111101111111111011000001111111001
1000000000000000010000000001111011000000000000000
1000000000000000010000000001111011000000000000000
1000000000000000010000000001111011000000000000000
1111111110000000011101110101111011000000000000000
1111111110000000011101110101111011000000000000000
1100010000000000010000000001100000000000000000000
1100010000000000010000000001100000000000000000000
1100010110000000011101111111100000000000000011001
1111110111110110111101111111111011000001111111001
1111111111111110111101111111111011011011111111001
1111110110000000010000000001111011000000000000000
1000000000000000011101111111100000000000000000000
1000000000000000010000000001111011000000000000000
1000000000000000010000000001111011000000000000000
1111010110110110111101110111100000000001111111001
1111111000000000010000000001111111000001100100000
1111111000000000010000000001111111000001100100000
1000000000000000010000000001111011000000000000000
1000000000000000010000000001111011000000000000000
1100010110000000011101110101111011000000000000000
1000000000000000010000110111100000000000000000000
1111010110000000011101110101111011000000000000000
1111111111111111111110111111111111111011111111001
1111111111111111111110111111111111111011111111001
1000000000000000010000110111100000000000000000000
1111010110000000011101110101111011000000000000000
1111111111111110111101111111111011011011111111001
1000000000000000010000000001100000000001100100000
1111110111111110111101111111111011000001110100000
1111110111000000011101111111111011000001100111001
1100010110000000011101110101111011000000000000000
1100010110000000011101110101111011000000000000000
1111110111000000011101111111111011000001100111001
1111110111000000011101111111111011000001100111001
1100010000000000010000000001100000000000000000000
1100010000000000010000000001100000000000000000000
~~~
0.0 37.0 4.0 23.0 120.0 
0.0 32.0 5.0 38.0 147.0 
0.0 33.0 6.0 28.0 151.0 
0.0 19.0 11.0 74.0 262.0 
0.0 7.0 24.0 60.0 372.0 
0.0 26.0 8.0 51.0 202.0 
0.0 33.0 6.0 28.0 151.0 
0.0 42.0 5.0 9.0 69.0 
0.0 32.0 5.0 38.0 147.0 
0.0 32.0 5.0 38.0 147.0 
0.0 11.0 20.0 60.0 329.0 
0.0 38.0 3.0 26.0 97.0 
0.0 26.0 8.0 51.0 202.0 
0.0 44.0 3.0 9.0 55.0 
0.0 32.0 5.0 38.0 147.0 
0.0 21.0 14.0 39.0 252.0 
0.0 35.0 4.0 31.0 125.0 
0.0 13.0 20.0 48.0 323.0 
0.0 35.0 9.0 13.0 137.0 
0.0 35.0 4.0 31.0 125.0 
0.0 39.0 3.0 22.0 95.0 
0.0 6.0 22.0 81.0 384.0 
0.0 42.0 5.0 9.0 69.0 
0.0 19.0 13.0 57.0 264.0 
0.0 32.0 5.0 38.0 147.0 
0.0 35.0 4.0 31.0 125.0 
0.0 35.0 4.0 31.0 125.0 
0.0 25.0 11.0 35.0 219.0 
0.0 35.0 4.0 31.0 125.0 
0.0 17.0 13.0 65.0 281.0 
0.0 39.0 3.0 22.0 95.0 
0.0 11.0 20.0 60.0 329.0 
0.0 41.0 6.0 9.0 75.0 
0.0 7.0 24.0 60.0 372.0 
0.0 31.0 6.0 35.0 167.0 
0.0 39.0 3.0 22.0 95.0 
0.0 10.0 23.0 48.0 352.0 
0.0 45.0 2.0 9.0 40.0 
0.0 25.0 9.0 48.0 216.0 
0.0 30.0 14.0 13.0 188.0 
0.0 45.0 2.0 9.0 40.0 
0.0 41.0 2.0 19.0 75.0 
0.0 17.0 17.0 44.0 285.0 
0.0 8.0 24.0 56.0 367.0 
0.0 45.0 2.0 9.0 40.0 
0.0 42.0 3.0 16.0 62.0 
0.0 19.0 21.0 29.0 274.0 
0.0 14.0 19.0 48.0 312.0 
0.0 31.0 6.0 35.0 167.0 
0.0 27.0 11.0 28.0 207.0 
0.0 45.0 2.0 9.0 40.0 
0.0 41.0 2.0 19.0 75.0 
0.0 38.0 3.0 26.0 97.0 
0.0 39.0 3.0 22.0 95.0 
0.0 44.0 3.0 9.0 55.0 
0.0 23.0 10.0 53.0 233.0 
0.0 25.0 11.0 35.0 219.0 
0.0 31.0 6.0 35.0 167.0 
0.0 32.0 12.0 13.0 166.0 
0.0 25.0 9.0 48.0 216.0 
0.0 45.0 2.0 9.0 40.0 
0.0 13.0 20.0 48.0 323.0 
0.0 38.0 3.0 26.0 97.0 
0.0 24.0 18.0 21.0 235.0 
0.0 13.0 20.0 48.0 323.0 
0.0 36.0 4.0 27.0 120.0 
0.0 24.0 18.0 21.0 235.0 
0.0 24.0 15.0 25.0 242.0 
0.0 24.0 15.0 25.0 242.0 
0.0 38.0 3.0 26.0 97.0 
0.0 25.0 9.0 48.0 216.0 
0.0 34.0 8.0 19.0 137.0 
0.0 45.0 2.0 9.0 40.0 
0.0 24.0 15.0 25.0 242.0 
0.0 24.0 18.0 21.0 235.0 
0.0 4.0 24.0 81.0 399.0 
0.0 21.0 11.0 60.0 246.0 
0.0 35.0 4.0 31.0 125.0 
0.0 32.0 10.0 18.0 162.0 
0.0 39.0 7.0 9.0 92.0 
0.0 39.0 7.0 9.0 92.0 
0.0 30.0 6.0 39.0 172.0 
0.0 37.0 9.0 9.0 114.0 
0.0 30.0 6.0 39.0 172.0 
0.0 28.0 7.0 50.0 177.0 
0.0 18.0 15.0 51.0 272.0 
0.0 18.0 13.0 60.0 270.0 
0.0 30.0 6.0 39.0 172.0 
0.0 38.0 8.0 9.0 102.0 
0.0 12.0 23.0 41.0 338.0 
0.0 12.0 23.0 41.0 338.0 
0.0 12.0 23.0 41.0 338.0 
0.0 38.0 8.0 9.0 102.0 
0.0 39.0 7.0 9.0 92.0 
0.0 39.0 7.0 9.0 92.0 
0.0 39.0 7.0 9.0 92.0 
0.0 37.0 4.0 23.0 120.0 
0.0 21.0 14.0 39.0 252.0 
0.0 39.0 7.0 9.0 92.0 
0.0 19.0 11.0 74.0 262.0 
0.0 10.0 23.0 48.0 352.0 
0.0 25.0 13.0 28.0 225.0 
0.0 23.0 9.0 62.0 232.0 
0.0 39.0 7.0 9.0 92.0 
0.0 23.0 13.0 35.0 235.0 
0.0 28.0 7.0 50.0 177.0 
0.0 29.0 7.0 39.0 178.0 
0.0 37.0 4.0 23.0 120.0 
0.0 37.0 3.0 35.0 102.0 
0.0 18.0 13.0 60.0 270.0 
0.0 39.0 7.0 9.0 92.0 
0.0 23.0 13.0 35.0 235.0 
0.0 21.0 14.0 39.0 252.0 
0.0 40.0 4.0 17.0 85.0 
0.0 29.0 7.0 39.0 178.0 
0.0 21.0 14.0 39.0 252.0 
0.0 29.0 6.0 59.0 164.0 
0.0 34.0 8.0 19.0 137.0 
0.0 29.0 7.0 39.0 178.0 
0.0 18.0 13.0 60.0 270.0 
0.0 18.0 13.0 60.0 270.0 
0.0 34.0 5.0 28.0 145.0 
0.0 34.0 12.0 9.0 143.0 
0.0 16.0 13.0 74.0 286.0 
0.0 28.0 14.0 18.0 201.0 
0.0 41.0 2.0 19.0 75.0 
0.0 17.0 19.0 35.0 297.0 
0.0 45.0 2.0 9.0 40.0 
0.0 17.0 19.0 35.0 297.0 
0.0 45.0 2.0 9.0 40.0 
0.0 29.0 7.0 39.0 178.0 
0.0 34.0 12.0 9.0 143.0 
0.0 45.0 2.0 9.0 40.0 
0.0 45.0 2.0 9.0 40.0 
0.0 40.0 4.0 17.0 85.0 
0.0 26.0 12.0 28.0 213.0 
0.0 34.0 12.0 9.0 143.0 
0.0 10.0 18.0 81.0 337.0 
0.0 26.0 8.0 51.0 202.0 
0.0 37.0 9.0 9.0 114.0 
0.0 16.0 13.0 74.0 286.0 
0.0 42.0 3.0 16.0 62.0 
0.0 29.0 7.0 39.0 178.0 
0.0 28.0 14.0 18.0 201.0 
0.0 45.0 2.0 9.0 40.0 
0.0 8.0 24.0 56.0 367.0 
0.0 26.0 12.0 28.0 213.0 
0.0 26.0 8.0 51.0 202.0 
0.0 16.0 13.0 74.0 286.0 
0.0 45.0 2.0 9.0 40.0 
0.0 45.0 2.0 9.0 40.0 
0.0 22.0 16.0 28.0 254.0 
0.0 22.0 16.0 28.0 254.0 
0.0 17.0 19.0 35.0 297.0 
0.0 15.0 17.0 53.0 303.0 
0.0 37.0 3.0 35.0 102.0 
0.0 30.0 5.0 59.0 164.0 
0.0 15.0 17.0 53.0 303.0 
0.0 34.0 5.0 28.0 145.0 
0.0 26.0 8.0 51.0 202.0 
0.0 32.0 12.0 13.0 166.0 
0.0 45.0 2.0 9.0 40.0 
0.0 19.0 11.0 74.0 262.0 
0.0 22.0 16.0 28.0 254.0 
0.0 45.0 2.0 9.0 40.0 
0.0 25.0 17.0 21.0 223.0 
0.0 45.0 2.0 9.0 40.0 
0.0 38.0 3.0 26.0 97.0 
0.0 45.0 2.0 9.0 40.0 
0.0 22.0 16.0 28.0 254.0 
0.0 27.0 15.0 18.0 213.0 
0.0 22.0 16.0 28.0 254.0 
0.0 31.0 5.0 47.0 152.0 
0.0 17.0 19.0 35.0 297.0 
0.0 29.0 11.0 23.0 188.0 
0.0 18.0 22.0 29.0 286.0 
0.0 31.0 5.0 47.0 152.0 
0.0 29.0 11.0 23.0 188.0 
0.0 33.0 13.0 9.0 158.0 
0.0 23.0 10.0 53.0 233.0 
0.0 18.0 22.0 29.0 286.0 
0.0 32.0 10.0 18.0 162.0 
0.0 32.0 10.0 18.0 162.0 
0.0 42.0 5.0 9.0 69.0 
0.0 31.0 13.0 13.0 176.0 
0.0 31.0 9.0 23.0 172.0 
0.0 31.0 13.0 13.0 176.0 
0.0 18.0 22.0 29.0 286.0 
0.0 27.0 15.0 18.0 213.0 
0.0 42.0 5.0 9.0 69.0 
0.0 34.0 8.0 19.0 137.0 
0.0 26.0 12.0 28.0 213.0 
0.0 27.0 15.0 18.0 213.0 
0.0 27.0 15.0 18.0 213.0 
0.0 34.0 8.0 19.0 137.0 
0.0 34.0 8.0 19.0 137.0 
0.0 23.0 13.0 35.0 235.0 
0.0 29.0 10.0 26.0 186.0 
0.0 35.0 11.0 9.0 131.0 
0.0 33.0 5.0 36.0 136.0 
0.0 33.0 5.0 34.0 142.0 
0.0 36.0 10.0 9.0 121.0 
0.0 17.0 16.0 48.0 286.0 
0.0 23.0 9.0 62.0 232.0 
0.0 23.0 9.0 62.0 232.0 
0.0 34.0 8.0 19.0 137.0 
0.0 34.0 8.0 19.0 137.0 
0.0 38.0 8.0 9.0 102.0 
0.0 23.0 9.0 62.0 232.0 
0.0 38.0 8.0 9.0 102.0 
0.0 37.0 4.0 25.0 109.0 
0.0 17.0 19.0 35.0 297.0 
0.0 33.0 6.0 28.0 151.0 
0.0 10.0 18.0 81.0 337.0 
0.0 10.0 18.0 81.0 337.0 
0.0 36.0 10.0 9.0 121.0 
0.0 26.0 12.0 28.0 213.0 
0.0 10.0 18.0 81.0 337.0 
0.0 38.0 3.0 26.0 97.0 
0.0 10.0 18.0 81.0 337.0 
0.0 38.0 3.0 26.0 97.0 
0.0 31.0 9.0 23.0 172.0 
0.0 37.0 3.0 35.0 102.0 
0.0 25.0 17.0 21.0 223.0 
0.0 17.0 16.0 48.0 286.0 
0.0 17.0 13.0 65.0 281.0 
0.0 17.0 16.0 48.0 286.0 
0.0 27.0 10.0 32.0 202.0 
0.0 30.0 14.0 13.0 188.0 
0.0 38.0 8.0 9.0 102.0 
0.0 29.0 14.0 16.0 190.0 
0.0 39.0 7.0 9.0 92.0 
0.0 35.0 11.0 9.0 131.0 
0.0 35.0 11.0 9.0 131.0 
0.0 29.0 14.0 16.0 190.0 
0.0 42.0 5.0 9.0 69.0 
0.0 36.0 10.0 9.0 121.0 
0.0 24.0 11.0 39.0 224.0 
0.0 33.0 10.0 16.0 151.0 
0.0 36.0 4.0 27.0 120.0 
0.0 36.0 10.0 9.0 121.0 
0.0 41.0 2.0 19.0 75.0 
0.0 33.0 6.0 28.0 151.0 
0.0 16.0 20.0 37.0 304.0 
0.0 20.0 17.0 33.0 265.0 
0.0 24.0 11.0 39.0 224.0 
0.0 27.0 10.0 32.0 202.0 
0.0 24.0 11.0 39.0 224.0 
0.0 27.0 10.0 32.0 202.0 
0.0 30.0 14.0 13.0 188.0 
0.0 20.0 11.0 65.0 257.0 
0.0 24.0 11.0 39.0 224.0 
0.0 20.0 11.0 65.0 257.0 
0.0 36.0 4.0 27.0 120.0 
0.0 36.0 10.0 9.0 121.0 
0.0 35.0 9.0 13.0 137.0 
0.0 35.0 9.0 13.0 137.0 
0.0 37.0 4.0 23.0 120.0 
0.0 33.0 13.0 9.0 158.0 
0.0 33.0 13.0 9.0 158.0 
0.0 43.0 3.0 12.0 60.0 
0.0 12.0 23.0 41.0 338.0 
0.0 41.0 2.0 19.0 75.0 
0.0 12.0 23.0 41.0 338.0 
0.0 41.0 2.0 19.0 75.0 
0.0 41.0 2.0 19.0 75.0 
0.0 41.0 2.0 19.0 75.0 
0.0 27.0 10.0 32.0 202.0 
0.0 27.0 10.0 32.0 202.0 
0.0 43.0 3.0 12.0 60.0 
0.0 43.0 3.0 12.0 60.0 
0.0 30.0 14.0 13.0 188.0 
0.0 12.0 23.0 41.0 338.0 
0.0 7.0 24.0 60.0 372.0 
0.0 34.0 5.0 28.0 145.0 
0.0 37.0 9.0 9.0 114.0 
0.0 41.0 2.0 19.0 75.0 
0.0 41.0 2.0 19.0 75.0 
0.0 19.0 21.0 29.0 274.0 
0.0 31.0 5.0 47.0 152.0 
0.0 31.0 5.0 47.0 152.0 
0.0 41.0 2.0 19.0 75.0 
0.0 41.0 2.0 19.0 75.0 
0.0 31.0 9.0 23.0 172.0 
0.0 41.0 6.0 9.0 75.0 
0.0 29.0 10.0 26.0 186.0 
0.0 4.0 24.0 81.0 399.0 
0.0 4.0 24.0 81.0 399.0 
0.0 41.0 6.0 9.0 75.0 
0.0 29.0 10.0 26.0 186.0 
0.0 7.0 24.0 60.0 372.0 
0.0 42.0 3.0 16.0 62.0 
0.0 15.0 19.0 44.0 307.0 
0.0 19.0 17.0 35.0 276.0 
0.0 31.0 9.0 23.0 172.0 
0.0 31.0 9.0 23.0 172.0 
0.0 19.0 17.0 35.0 276.0 
0.0 19.0 17.0 35.0 276.0 
0.0 43.0 3.0 12.0 60.0 
0.0 43.0 3.0 12.0 60.0 
~~~
36.35
