1000000000000000010000110111100000000000000000000
1111111110000000010000000001111011000001100100000
1111111110000000011110110101111011011011100100000
1111111110000000011101110101111011000000000000000
1111010111110110111101111111111011000000000011001
1000000000000000010000000001111011000000000000000
1111111000000000010000000001111111011011100100000
1111111111000000011101111111111011000001100100000
1100010110000000011101111111100000000000000000000
1000000000000000010000000001111011000000000000000
1111111111111111111110000001111111111011100100000
1000000000000000011101111111111011000000000011001
1111110110000000010000000001111011000001100100000
1000000000000000010000000001111011000000000000000
1111010111110110111101111111111011000000000011001
1000000000000000010000000001111011000000000000000
1000000000000000010000110111100000000000000000000
1111111110000000011110110101111011011011100100000
1111111000000000010000000001111011000001100100000
1111010111110110111101111111111011000000000011001
1111111111111111111110000001111111111011100100000
1000000000000000010000000001111011000001100100000
1000000000000000010000000001111011000000000000000
1000000000000000010000000001111011000000000000000
1111111111111110111101110101111011000001100100000
1111111110111111011110111001111011011011100100000
1000000000000000010000000001111011000000000000000
1111010111110110111101111111111011000000000011001
1111111111111111111110110111111011011011100100000
1111110111110110111101111111111011011011111111001
1000000000000000010000000001111011000001100100000
1100010000000000010000000001111011000000000000000
1100010000000000010000000001111011000000000000000
1111110111110110111101110101111011000001100100000
1111110110000000011101111111100000000000000011001
1000000000000000010000000001111011000000000000000
1111111111111111111110111111111011111011111111001
1111110111111110111101110101111011000001100100000
1111111110000000011101110101111011000000000000000
1111111110000000010000000001111011000000000000000
1111111111111110111101111111111011011011111111001
1111111111111111111110000001111111111011100100000
1111111111111110111101110101111011000001100100000
1000000000000000010000000001111011000001100100000
1111110111000000010000000001111111011011100100000
1000000000000000010000000001111011000001100100000
1100010110000000011101110111111011000000000000000
1111110110000000010000000001111011000001100100000
1111110110000000010000000001111011000001100100000
1100010000000000010000000001111011000000000000000
1100010000000000010000000001111011000000000000000
1000000000000000010000000001111011000001100100000
1111111111111111111110111111111011111011111111001
1111110111111110111101110101111011000001100100000
1111111110111111011110111001111011011011100100000
1111111111000000011101111111111011000001100100000
1111111111111110111101110101111011000001100100000
1111110111110110111101110101111011000001100100000
1111111110000000011110110101111011011011100100000
1111110111111110111101110101111011000001100100000
1111110111110110111101111111111011011011111111001
1111111000000000010000000001111011011011100100000
1111111111111111111110000001111111111011100100000
1111111110000000010000000001111011000001100100000
1111110111000000011101110101111011000000000011001
1000000000000000010000000001111111000000000000000
1100010000000000010000000001111011000000000000000
1111110110000000011101110101111011000000000000000
1111111110000000011101110101111011000001100100000
1111111110000000011101110101111011000001100100000
1111111110000000011101110101111011000001100100000
1111111000000000010000000001111011011011100100000
1111111000000000010000000001111011000000000000000
1111111111111110111101111111111011000001110100000
1000000000000000010000000001111001000000000000000
1111111000000000010000000001111011011011100100000
1111111110000000011101111111111011000001100100000
1000000000000000010000000001111111000000000000000
1111111110000000011110110101111011011011100100000
1111111110000000011101111111111011000001100100000
1111111111111110111101111111111011000001110100000
1111111000000000010000000001111011011011100100000
1000000000000000010000000001111001000000000000000
1111111110000000011110110101111011011011100100000
1111111110000000011101110101111011000001100100000
1111100000000000010000000001111011000000000000000
1111010000000000011101110101111011000000000000000
1111111110000000011110110101111011011011100100000
1000000000000000010000000001111011000001100100000
1111111000000000010000000001111011000000000000000
1111111000000000010000000001111111000001100100000
1111100000000000010000000001111011000000000000000
1111111110000000011101111111111011000000000011001
1111111111111111111110000001111111111011100100000
1000000000000000011101110101111011000000000000000
1111111000000000010000000001111011000000000000000
1111110110000000011101111111100000000000000000000
1111111110000000011101111111111011000000000011001
1000000000000000011101110111100000000000000000000
1000000000000000010000000001111001000000000000000
1000000000000000010000000001111001000000000000000
1111110111111110111101110111111011000000000011001
1111010110110110111101110101100000000000000011001
1111111111111110111101111111111011011011111111001
1111010000000000011101110101111011000000000000000
1111110111111110111110111011111001011011111111001
1111111000000000010000000001111011000001100100000
1111111000000000010000000001111011000001100100000
1000000000000000011101110111100000000000000000000
1111111110000000011101111111111011000000000011001
1111000000000000011101110101111011000000000000000
1000000000000000011101111111100000000000000000000
1000000000000000011101110111100000000000000000000
1111010110110110111101110101100000000000000011001
1111010110110110111101110101100000000000000011001
1111100000000000010000000001111011000000000000000
1111111110111110110000000001111111000001100100000
1000000000000000011101110111100000000000000000000
1111110000000000010000000001111011000000000000000
1000000000000000011101111111100000000000000000000
1111110000000000010000000001111011000000000000000
1111110000000000010000000001111011000000000000000
1000000000000000010000000001111111000001100100000
1111110111110110111101111111111011000000000011001
1111110111111110111110111011111001011011111111001
1111100000000000010000000001111011000000000000000
1111111110000000011101110101111011000001100100000
1111110111000000011101110101111011000000000011001
1000000000000000011101110101111011000000000000000
1111110110000000011101110101100000000000000011001
1000000000000000010000110011100000000000000000000
1111110111110110111101111111111011000000000011001
1111111111000000010000000001111111111011100100000
1111111111111111111110000001111111111011100100000
1111111111000000010000000001111111111011100100000
1111111000000000010000000001111011000001100100000
1100010000000000010000000001100000000000000000000
1100010000000000010000000001100000000000000000000
1000000000000000011101110101100000000000000011001
1111111110000000011101110101111011000001100100000
1111111110000000011101110101111011000000000011001
1111111110111110110000000001111111011011100100000
1111111111000000010000000001111111111011100100000
1111111111111111111110111111111111111011111111001
1111111111111111111110111111111011111011111100000
1111111111000000010000000001111011000001100100000
1111111111111111111110111111111011111011111100000
1111110110000000011101110101100000000000000011001
1100010000000000010000000001100000000000000000000
1111110110000000011101110101100000000000000011001
1000000000000000010000000001111001000000000000000
1111111110111110110000000001111111011011100100000
1111110110000000011101110111100000000000000000000
1111111111111110111101110111111011000001110100000
1000000000000000011101110101111011000000000000000
1111110111110110111101111111111011011011111111001
1000000000000000011101110101100000000000000011001
1111010111110110111101111111111011000000000011001
1111111110111110011110111001111011011011100100000
1111110000000000011101111111100000000000000011001
1111111111111110111101110111111011000001110100000
1111111111111111111110111111111111111011111111001
1111110111110110111101111111111011011011111111001
1111110110000000011101110101100000000000000011001
1111111000000000010000000001111111011011100100000
1111111000000000010000000001111111011011100100000
1111111111000000010000000001111111111011100100000
1111110111110110111101111111111011011011111111001
1111110000000000011101111111100000000000000011001
1111110110000000011101110101111011000000000000000
1100010000000000010000000001100000000000000000000
1111111111111111111110000001111111111011100100000
1111111000000000010000000001111111011011100100000
1111111111000000010000000001111011000001100100000
1111111110111110110000000001111111000001100100000
1111111110000000010000000001111011000000000000000
1000000000000000010000000001111001000000000000000
1100010000000000010000000001100000000000000000000
1111110111111110111101110111111011000000000011001
1111110111111110111101110111111011000000000011001
1111111110111110011110111001111011011011100100000
1111111111000000010000000001111111111011100100000
1111110110000000010000000001111011000000000000000
1111111110111110011110111001111011011011100100000
1111111110000000011101110101111011000000000000000
1000000000000000011101110101111001000000000000000
1111110110000000010000000001111011000000000000000
1111111111111110111110110101111011011011100100000
1111110110000000011101111111100000000000000011001
1000000000000000010000000001100000000000000000000
1111110110000000011101111111100000000000000011001
1000000000000000010000000001100000000000000000000
1000000000000000011101110101100000000000000011001
1111110110000000010000000001111011000000000000000
1000000000000000010000000001100000000000000000000
1000000000000000011101110111100000000000000011001
1111111000000000010000000001111011000000000000000
1000000000000000010000110111100000000000000000000
1000000000000000010000000001100000000000000000000
1000000000000000010000000001100000000000000000000
1000000000000000010000000001100000000000000000000
1000000000000000010000000001100000000000000000000
1111110110000000010000000001111011000000000000000
1111110110000000011101110101111011000000000000000
1111110110000000011101110101111011000000000000000
1111111000000000010000000001111011000000000000000
1000000000000000010000110011100000000000000000000
1100010110000000011101111111100000000000000000000
1111111000000000010000000001111011000000000000000
1000000000000000010000000001111001000000000000000
1111111111000000010000000001111011000001110100000
1111010110110110111101110101100000000000000011001
1111000000000000011101110101111011000000000000000
1100000000000000010000000001100000000000000000000
1111111111000000010000000001111011000001110100000
1000000000000000010000000001100000000000000000000
1000000000000000011101110101111001000000000000000
1000000000000000011101111111100000000000000000000
1000000000000000010000000001100000000000000000000
1000000000000000010000000001100000000000000000000
1000000000000000010000000001100000000000000000000
1111111111111111111110110111111011011011100100000
1000000000000000011101110111100000000000000011001
1000000000000000011101110111100000000000000000000
1111110000000000010000000001111011000001100100000
1000000000000000010000110111100000000000000000000
1000000000000000011101110111100000000000000011001
1000000000000000011101110101111001000000000000000
1000000000000000011101110101111001000000000000000
1111110111000000011101110101111011000000000000000
1000000000000000010000000001100000000000000000000
1111110111000000011101110101111011000000000000000
1100000000000000010000000001100000000000000000000
1000000000000000011101110111100000000000000011001
1000000000000000010000000001100000000000000000000
1111111111111111111110110111111011011011100100000
1000000000000000010000000001100000000000000000000
1000000000000000010000000001100000000000000000000
1000000000000000010000000001100000000000000000000
1000000000000000010000000001100000000000000000000
1000000000000000011101110101111001000000000000000
1000000000000000011101111111100000000000000011001
1100010110000000011101110111100000000000000000000
1000000000000000011101111111100000000000000011001
1000000000000000011101111111100000000000000011001
1000000000000000010000000001111111000001100100000
1000000000000000011101111111100000000000000011001
1111110110000000011101110101100000000000000000000
1111110111110110111101111111111011000000000000000
1000000000000000011101111111100000000000000011001
1111110110000000011101111101100000000000000011001
1111110111110110111101111111111011000000000000000
1000000000000000010000000001111011000000000000000
1111110110000000011101110101100000000000000000000
1111010000000000011101110101111011000000000000000
1000000000000000011101110101100000000000000000000
1000000000000000011101110101100000000000000000000
1000000000000000011101110101100000000000000000000
1000000000000000011101110111111011000000000000000
1000000000000000011101110101100000000000000000000
1000000000000000011101110101100000000000000000000
1000000000000000011101110111111011000000000000000
1000000000000000011101110101100000000000000000000
1111111111000000010000000001111011000001100100000
1000000000000000011101110101100000000000000000000
1000000000000000011101110101100000000000000000000
1111111111000000010000000001111011000001100100000
1000000000000000011101110101111011000000000000000
1111010110110110111101110101100000000001110011100
1000000000000000011101110111111011000000000000000
1000000000000000010000000001111111000001100100000
1111110000000000010000000001111011000001100100000
1111111000000000010000000001111111111011100100000
1111111000000000010000000001111111111011100100000
1111111000000000010000000001111111111011100100000
1111110110000000011101110101100000000000000000000
1000000000000000010000110011100000000000000000000
1111111110111110110000000001111111000001100100000
1111111110000000011101110111111011000000000000000
1111110111000000011101110101111011000000000000000
1111111000000000010000000001111011000001100100000
1111111000000000010000000001111111000001100100000
1111110000000000011101110101111011000000000000000
1111110000000000011101110101111011000000000000000
1111110000000000011101110101111011000000000000000
1111111110000000011101111111111011000000000000000
1000000000000000010000110011100000000000000000000
1000000000000000010000110011100000000000000000000
1111111111111111111110111111111011111011111100000
1111110110000000011101111111100000000000000011001
1111110110000000011101111111100000000000000011001
1111111111111110111110111011111001011011110111001
1111111111111110111110111011111001011011110111001
1111111110000000010000000001111011000001100100000
1111111111111110111110111011111001011011110111001
1111111000000000010000000001111111000001100100000
1111110111110110111101111111111011000000000000000
1111111000000000010000000001111111111011100100000
~~~
0.0 41.0 6.0 9.0 75.0 
0.0 30.0 6.0 39.0 172.0 
0.0 21.0 12.0 51.0 241.0 
0.0 27.0 10.0 32.0 202.0 
0.0 18.0 20.0 32.0 284.0 
0.0 41.0 2.0 19.0 75.0 
0.0 28.0 6.0 59.0 172.0 
0.0 21.0 14.0 39.0 252.0 
0.0 33.0 11.0 13.0 159.0 
0.0 41.0 2.0 19.0 75.0 
0.0 14.0 14.0 81.0 302.0 
0.0 30.0 12.0 19.0 178.0 
0.0 31.0 6.0 35.0 167.0 
0.0 41.0 2.0 19.0 75.0 
0.0 18.0 20.0 32.0 284.0 
0.0 41.0 2.0 19.0 75.0 
0.0 41.0 6.0 9.0 75.0 
0.0 21.0 12.0 51.0 241.0 
0.0 32.0 5.0 38.0 147.0 
0.0 18.0 20.0 32.0 284.0 
0.0 14.0 14.0 81.0 302.0 
0.0 38.0 3.0 26.0 97.0 
0.0 41.0 2.0 19.0 75.0 
0.0 41.0 2.0 19.0 75.0 
0.0 17.0 16.0 48.0 280.0 
0.0 15.0 15.0 65.0 301.0 
0.0 41.0 2.0 19.0 75.0 
0.0 18.0 20.0 32.0 284.0 
0.0 12.0 18.0 65.0 318.0 
0.0 9.0 24.0 53.0 358.0 
0.0 38.0 3.0 26.0 97.0 
0.0 39.0 3.0 22.0 95.0 
0.0 39.0 3.0 22.0 95.0 
0.0 19.0 16.0 41.0 266.0 
0.0 27.0 15.0 18.0 213.0 
0.0 41.0 2.0 19.0 75.0 
0.0 5.0 24.0 72.0 394.0 
0.0 18.0 16.0 44.0 275.0 
0.0 27.0 10.0 32.0 202.0 
0.0 33.0 5.0 32.0 150.0 
0.0 7.0 24.0 60.0 372.0 
0.0 14.0 14.0 81.0 302.0 
0.0 17.0 16.0 48.0 280.0 
0.0 38.0 3.0 26.0 97.0 
0.0 26.0 8.0 56.0 198.0 
0.0 38.0 3.0 26.0 97.0 
0.0 30.0 10.0 23.0 182.0 
0.0 31.0 6.0 35.0 167.0 
0.0 31.0 6.0 35.0 167.0 
0.0 39.0 3.0 22.0 95.0 
0.0 39.0 3.0 22.0 95.0 
0.0 38.0 3.0 26.0 97.0 
0.0 5.0 24.0 72.0 394.0 
0.0 18.0 16.0 44.0 275.0 
0.0 15.0 15.0 65.0 301.0 
0.0 21.0 14.0 39.0 252.0 
0.0 17.0 16.0 48.0 280.0 
0.0 19.0 16.0 41.0 266.0 
0.0 21.0 12.0 51.0 241.0 
0.0 18.0 16.0 44.0 275.0 
0.0 9.0 24.0 53.0 358.0 
0.0 29.0 6.0 50.0 167.0 
0.0 14.0 14.0 81.0 302.0 
0.0 30.0 6.0 39.0 172.0 
0.0 24.0 14.0 28.0 232.0 
0.0 40.0 2.0 28.0 80.0 
0.0 39.0 3.0 22.0 95.0 
0.0 28.0 10.0 28.0 197.0 
0.0 24.0 11.0 39.0 224.0 
0.0 24.0 11.0 39.0 224.0 
0.0 24.0 11.0 39.0 224.0 
0.0 29.0 6.0 50.0 167.0 
0.0 35.0 4.0 31.0 125.0 
0.0 14.0 19.0 48.0 312.0 
0.0 42.0 2.0 16.0 69.0 
0.0 29.0 6.0 50.0 167.0 
0.0 22.0 13.0 39.0 246.0 
0.0 40.0 2.0 28.0 80.0 
0.0 21.0 12.0 51.0 241.0 
0.0 22.0 13.0 39.0 246.0 
0.0 14.0 19.0 48.0 312.0 
0.0 29.0 6.0 50.0 167.0 
0.0 42.0 2.0 16.0 69.0 
0.0 21.0 12.0 51.0 241.0 
0.0 24.0 11.0 39.0 224.0 
0.0 37.0 4.0 24.0 115.0 
0.0 31.0 9.0 25.0 161.0 
0.0 21.0 12.0 51.0 241.0 
0.0 38.0 3.0 26.0 97.0 
0.0 35.0 4.0 31.0 125.0 
0.0 31.0 5.0 47.0 152.0 
0.0 37.0 4.0 24.0 115.0 
0.0 22.0 15.0 32.0 253.0 
0.0 14.0 14.0 81.0 302.0 
0.0 35.0 7.0 19.0 127.0 
0.0 35.0 4.0 31.0 125.0 
0.0 30.0 12.0 18.0 184.0 
0.0 22.0 15.0 32.0 253.0 
0.0 38.0 8.0 9.0 102.0 
0.0 42.0 2.0 16.0 69.0 
0.0 42.0 2.0 16.0 69.0 
0.0 17.0 19.0 37.0 292.0 
0.0 25.0 17.0 22.0 221.0 
0.0 7.0 24.0 60.0 372.0 
0.0 31.0 9.0 25.0 161.0 
0.0 10.0 23.0 53.0 351.0 
0.0 32.0 5.0 38.0 147.0 
0.0 32.0 5.0 38.0 147.0 
0.0 38.0 8.0 9.0 102.0 
0.0 22.0 15.0 32.0 253.0 
0.0 32.0 9.0 22.0 156.0 
0.0 37.0 9.0 9.0 114.0 
0.0 38.0 8.0 9.0 102.0 
0.0 25.0 17.0 22.0 221.0 
0.0 25.0 17.0 22.0 221.0 
0.0 37.0 4.0 24.0 115.0 
0.0 23.0 10.0 57.0 227.0 
0.0 38.0 8.0 9.0 102.0 
0.0 36.0 4.0 27.0 120.0 
0.0 37.0 9.0 9.0 114.0 
0.0 36.0 4.0 27.0 120.0 
0.0 36.0 4.0 27.0 120.0 
0.0 37.0 3.0 35.0 102.0 
0.0 17.0 20.0 34.0 295.0 
0.0 10.0 23.0 53.0 351.0 
0.0 37.0 4.0 24.0 115.0 
0.0 24.0 11.0 39.0 224.0 
0.0 24.0 14.0 28.0 232.0 
0.0 35.0 7.0 19.0 127.0 
0.0 29.0 13.0 18.0 191.0 
0.0 42.0 5.0 9.0 68.0 
0.0 17.0 20.0 34.0 295.0 
0.0 24.0 8.0 67.0 217.0 
0.0 14.0 14.0 81.0 302.0 
0.0 24.0 8.0 67.0 217.0 
0.0 32.0 5.0 38.0 147.0 
0.0 43.0 3.0 12.0 60.0 
0.0 43.0 3.0 12.0 60.0 
0.0 36.0 10.0 9.0 121.0 
0.0 24.0 11.0 39.0 224.0 
0.0 24.0 13.0 32.0 231.0 
0.0 20.0 11.0 69.0 247.0 
0.0 24.0 8.0 67.0 217.0 
0.0 4.0 24.0 81.0 399.0 
0.0 8.0 21.0 72.0 365.0 
0.0 29.0 7.0 39.0 178.0 
0.0 8.0 21.0 72.0 365.0 
0.0 29.0 13.0 18.0 191.0 
0.0 43.0 3.0 12.0 60.0 
0.0 29.0 13.0 18.0 191.0 
0.0 42.0 2.0 16.0 69.0 
0.0 20.0 11.0 69.0 247.0 
0.0 31.0 11.0 18.0 172.0 
0.0 15.0 18.0 48.0 300.0 
0.0 35.0 7.0 19.0 127.0 
0.0 9.0 24.0 53.0 358.0 
0.0 36.0 10.0 9.0 121.0 
0.0 18.0 20.0 32.0 284.0 
0.0 16.0 15.0 60.0 290.0 
0.0 29.0 14.0 17.0 188.0 
0.0 15.0 18.0 48.0 300.0 
0.0 4.0 24.0 81.0 399.0 
0.0 9.0 24.0 53.0 358.0 
0.0 29.0 13.0 18.0 191.0 
0.0 28.0 6.0 59.0 172.0 
0.0 28.0 6.0 59.0 172.0 
0.0 24.0 8.0 67.0 217.0 
0.0 9.0 24.0 53.0 358.0 
0.0 29.0 14.0 17.0 188.0 
0.0 28.0 10.0 28.0 197.0 
0.0 43.0 3.0 12.0 60.0 
0.0 14.0 14.0 81.0 302.0 
0.0 28.0 6.0 59.0 172.0 
0.0 29.0 7.0 39.0 178.0 
0.0 23.0 10.0 57.0 227.0 
0.0 33.0 5.0 32.0 150.0 
0.0 42.0 2.0 16.0 69.0 
0.0 43.0 3.0 12.0 60.0 
0.0 17.0 19.0 37.0 292.0 
0.0 17.0 19.0 37.0 292.0 
0.0 16.0 15.0 60.0 290.0 
0.0 24.0 8.0 67.0 217.0 
0.0 34.0 5.0 28.0 145.0 
0.0 16.0 15.0 60.0 290.0 
0.0 27.0 10.0 32.0 202.0 
0.0 36.0 7.0 16.0 121.0 
0.0 34.0 5.0 28.0 145.0 
0.0 14.0 17.0 60.0 297.0 
0.0 27.0 15.0 18.0 213.0 
0.0 45.0 2.0 9.0 40.0 
0.0 27.0 15.0 18.0 213.0 
0.0 45.0 2.0 9.0 40.0 
0.0 36.0 10.0 9.0 121.0 
0.0 34.0 5.0 28.0 145.0 
0.0 45.0 2.0 9.0 40.0 
0.0 35.0 11.0 9.0 131.0 
0.0 35.0 4.0 31.0 125.0 
0.0 41.0 6.0 9.0 75.0 
0.0 45.0 2.0 9.0 40.0 
0.0 45.0 2.0 9.0 40.0 
0.0 45.0 2.0 9.0 40.0 
0.0 45.0 2.0 9.0 40.0 
0.0 34.0 5.0 28.0 145.0 
0.0 28.0 10.0 28.0 197.0 
0.0 28.0 10.0 28.0 197.0 
0.0 35.0 4.0 31.0 125.0 
0.0 42.0 5.0 9.0 68.0 
0.0 33.0 11.0 13.0 159.0 
0.0 35.0 4.0 31.0 125.0 
0.0 42.0 2.0 16.0 69.0 
0.0 28.0 8.0 39.0 188.0 
0.0 25.0 17.0 22.0 221.0 
0.0 32.0 9.0 22.0 156.0 
0.0 44.0 3.0 9.0 55.0 
0.0 28.0 8.0 39.0 188.0 
0.0 45.0 2.0 9.0 40.0 
0.0 36.0 7.0 16.0 121.0 
0.0 37.0 9.0 9.0 114.0 
0.0 45.0 2.0 9.0 40.0 
0.0 45.0 2.0 9.0 40.0 
0.0 45.0 2.0 9.0 40.0 
0.0 12.0 18.0 65.0 318.0 
0.0 35.0 11.0 9.0 131.0 
0.0 38.0 8.0 9.0 102.0 
0.0 33.0 5.0 34.0 142.0 
0.0 41.0 6.0 9.0 75.0 
0.0 35.0 11.0 9.0 131.0 
0.0 36.0 7.0 16.0 121.0 
0.0 36.0 7.0 16.0 121.0 
0.0 27.0 11.0 28.0 203.0 
0.0 45.0 2.0 9.0 40.0 
0.0 27.0 11.0 28.0 203.0 
0.0 44.0 3.0 9.0 55.0 
0.0 35.0 11.0 9.0 131.0 
0.0 45.0 2.0 9.0 40.0 
0.0 12.0 18.0 65.0 318.0 
0.0 45.0 2.0 9.0 40.0 
0.0 45.0 2.0 9.0 40.0 
0.0 45.0 2.0 9.0 40.0 
0.0 45.0 2.0 9.0 40.0 
0.0 36.0 7.0 16.0 121.0 
0.0 34.0 12.0 9.0 143.0 
0.0 34.0 10.0 13.0 147.0 
0.0 34.0 12.0 9.0 143.0 
0.0 34.0 12.0 9.0 143.0 
0.0 37.0 3.0 35.0 102.0 
0.0 34.0 12.0 9.0 143.0 
0.0 32.0 10.0 18.0 162.0 
0.0 20.0 17.0 34.0 266.0 
0.0 34.0 12.0 9.0 143.0 
0.0 28.0 14.0 18.0 203.0 
0.0 20.0 17.0 34.0 266.0 
0.0 41.0 2.0 19.0 75.0 
0.0 32.0 10.0 18.0 162.0 
0.0 31.0 9.0 25.0 161.0 
0.0 39.0 7.0 9.0 92.0 
0.0 39.0 7.0 9.0 92.0 
0.0 39.0 7.0 9.0 92.0 
0.0 34.0 8.0 19.0 137.0 
0.0 39.0 7.0 9.0 92.0 
0.0 39.0 7.0 9.0 92.0 
0.0 34.0 8.0 19.0 137.0 
0.0 39.0 7.0 9.0 92.0 
0.0 29.0 7.0 39.0 178.0 
0.0 39.0 7.0 9.0 92.0 
0.0 39.0 7.0 9.0 92.0 
0.0 29.0 7.0 39.0 178.0 
0.0 35.0 7.0 19.0 127.0 
0.0 22.0 19.0 27.0 249.0 
0.0 34.0 8.0 19.0 137.0 
0.0 37.0 3.0 35.0 102.0 
0.0 33.0 5.0 34.0 142.0 
0.0 27.0 6.0 66.0 186.0 
0.0 27.0 6.0 66.0 186.0 
0.0 27.0 6.0 66.0 186.0 
0.0 32.0 10.0 18.0 162.0 
0.0 42.0 5.0 9.0 68.0 
0.0 23.0 10.0 57.0 227.0 
0.0 26.0 11.0 32.0 212.0 
0.0 27.0 11.0 28.0 203.0 
0.0 32.0 5.0 38.0 147.0 
0.0 31.0 5.0 47.0 152.0 
0.0 30.0 9.0 27.0 172.0 
0.0 30.0 9.0 27.0 172.0 
0.0 30.0 9.0 27.0 172.0 
0.0 25.0 12.0 32.0 224.0 
0.0 42.0 5.0 9.0 68.0 
0.0 42.0 5.0 9.0 68.0 
0.0 8.0 21.0 72.0 365.0 
0.0 27.0 15.0 18.0 213.0 
0.0 27.0 15.0 18.0 213.0 
0.0 10.0 22.0 57.0 345.0 
0.0 10.0 22.0 57.0 345.0 
0.0 30.0 6.0 39.0 172.0 
0.0 10.0 22.0 57.0 345.0 
0.0 31.0 5.0 47.0 152.0 
0.0 20.0 17.0 34.0 266.0 
0.0 27.0 6.0 66.0 186.0 
~~~
54.893
