1000000000000000011101111111100000000000000011001
1000000000000000010000000001111001000000000000000
1000000000000000011101111111100000000000000000000
1111111110111110011110110101111011011011100100000
1000000000000000011101111111100000000000000000000
1111111000000000010000000001111011000000000000000
1111110110000000010000000001111011000001100100000
1111111110111111010000000001111111011101100100000
1111111110111111010000000001111111011101100100000
1111111110111110011110110101111011011011100100000
1000000000000000011101110111100000000000000000000
1111111111111111111110111111111011011011111111010
1000000000000000011101111111100000000000000011001
1111111110111111010000000001111011011011110100000
1000000000000000011101110101100000000000000000000
1111111110111111010000000001111011011011110100000
1000000000000000010000000001111111011011100100000
1111111111111111111110111111111011011011111111010
1111110000000000011101110101111011000000000000000
1111111110111111010000000001111111011101100100000
1111110111000000011101111111111011000001111111010
1111110111000000011101111111111011000001111111010
1111110000000000010000000001111001000000000000000
1111111111000000010000000001111011011011100100000
1000000000000000011101110111100000000000000000000
1111111110000000011110110101111011011011100100000
1111110110000000010000000001111011000001100100000
1111111111111111111110111111111011011011111111010
1000000000000000010000000001100000000000000000000
1111110111000000011101110101111011000001110100000
1000000000000000011101110101100000000000000000000
1000000000000000010000000001111111111011100100000
1000000000000000010000000001100000000000000000000
1111111110111111011110111101111111111011100100000
1000000000000000010000000001100000000000000000000
1111111110111111010000000001111011011011110100000
1111111110111110011110110101111011011011100100000
1111111110111111010000000001111111011101100100000
1111111110111111011110111101111111111011100100000
1100000000000000011101111111100000000000000011001
1000000000000000010000000001111001000000000000000
1000000000000000011101110101100000000000000000000
1000000000000000011101110101100000000000000000000
1000000000000000010000000001100000000000000000000
1111110111000000011101110101111011000001110100000
1111111111000000011101110111111011000001110100000
1000000000000000010000000001100000000000000000000
1111111110111111010000000001111111011101100100000
1111110111000000011101111111111011000001111111010
1000000000000000010000000001111001000000000000000
1111000000000000011101111111100000000000000011001
1000000000000000010000000001100000000000000000000
1000000000000000011101110101100000000000000000000
1111111110000000011110110101111011011011100100000
1111111111000000010000000001111011011011100100000
1000000000000000011101111111100000000000000011001
1111111110111111010000000001111111011101100100000
1111111110111110011110110101111011011011100100000
1111110110000000011101110111100000000001110011001
1000000000000000011101110101100000000000000000000
1111100000000000011101111111100000000000000011001
1111111000000000010000000001111011000001100100000
1111111111111111111110111111111111111011111111001
1111111000000000010000000001111011000001100100000
1111110000000000011101110101111001000000000000000
1111111110111111010000000001111011111011110100000
1111111000000000010000000001111011000001100100000
1000000000000000010000000001111001000000000000000
1111111110111111010000000001111011111011110100000
1111111111000000010000000001111011000001110100000
1111111111000000010000000001111011000001110100000
1000000000000000010000000001100000000000000000000
1111110110000000010000000001111011000001100100000
1000000000000000010000000001100000000000000000000
1111111110111111010000000001111011011011110100000
1111111110000000011110110101111011011011100100000
1111111000000000010000000001111011000001100100000
1111111111000000011101110111111011000001110100000
1111111111111111111110111111111111111011111111001
1000000000000000010000000001100000000000000000000
1111111000000000010000000001111011000001100100000
1111111111111111011110110101111011111011100100000
1100000000000000011101111111100000000000000011001
1000000000000000010000000001100000000000000000000
1000000000000000010000000001100000000000000000000
1111111000000000010000000001111011000001100100000
1111111000000000010000000001111011000001100100000
1000000000000000011101111111100000000000000011001
1111111111000000011101110111111011000001110100000
1000000000000000010000000001111001000000000000000
1111110111000000011101110101111011000001110100000
1000000000000000010000000001111001000000000000000
1111111000000000011101110101111011000000000000000
1000000000000000010000000001100000000000000000000
1000000000000000010000000001111001000000000000000
1111110110000000010000000001111011000000000000000
1111110111000000011101110101111011000000000000000
1111110111111111111101110111111011000001111111010
1000000000000000010000000001100000000000000000000
1111110111000000011101110101111011000000000000000
1111111110000000010000000001111111011011100100000
1111110111111111111101110111111011000001111111010
1111110111000000011101110101111011000000000000000
1111111111111111011110110101111011011011100100000
1000000000000000010000000001100000000000000000000
1111110111110111111101111111111010000001111011001
1111110111000000011101110111111011000001110111001
1000000000000000010000000001100000000000000011001
1000000000000000010000000001100000000000000000000
1111110111000000011101110111111011000001110111001
1111110111111111111101110111111011000001111111010
1111111111111111111110111101111111111011100100000
1111110110000000011101110101100000000000000000000
1111110111000000011101110111111011000001110111001
1111111000000000010000000001111011000000000000000
1000000000000000010000000001100000000000000011001
1111010111000000011101110111111011000001111011001
1111010111000000011101111111111011000001111011001
1111111111000000011101110111111011000001110111001
1000000000000000010000000001100000000000000000000
1111111111000000011101110101111011000000000000000
1111111110111111010000000001111011000001110100000
1111111000000000010000000001111011000000000000000
1000000000000000010000000001100000000000000000000
1111010111000000011101110111111011000001111011001
1111111110000000010000000001111011111011110100000
1100000000000000010000000001100000000000000000000
1111110111111111111101110111111011000001111111010
1000000000000000010000000001100000000000000000000
1111100000000000011101111111100000000000000011001
1100000000000000010000000001100000000000000000000
1111111111111110111110111111111011011011110100000
1111100000000000011101111111100000000000000011001
1111100000000000011101111111100000000000000011001
1111111111111111111110111101111111111011100100000
1111110000000000010000000001111001000000000000000
1111111111111110111110111111111011011011110100000
1111110111111110111101110101111011000001110100000
1111111111111110111110111111111011011011100100000
1000000000000000011101110111100000000000000000000
1111111110000000010000000001111011000000000000000
1111111110111111010000000001111011000001110100000
1111111000000000010000000001111011000000000000000
1111110110000000011101110101111011000001110100000
1000000000000000011101110111100000000000000000000
1100000000000000010000000001100000000000000000000
1100000000000000010000000001100000000000000000000
1111110111000000011101110111111011000000000000000
1111111111000000011101110101111011000000000000000
1111111111000000011101110101111011000000000000000
1111010111000000011101111111111011000001111011001
1111110111000000010000000001111011000000000000000
1111110000000000010000000001100000000000000000000
1111110111110110111110111111111011011011111111010
1111111111000000011101111111111011000001111111010
1000000000000000010000000001111011000000000000000
1111000000000000011101110111100000000000000011001
1111110111000000010000000001111011000000000000000
1111111111111111111110111111111111111011101111001
1111010111000000011101110111111011000001111011001
1111110110000000011101110111111011000000000011001
1000000000000000010000000001111011000000000000000
1000000000000000010000000001111011000000000000000
1111111110000000010000000001111011111011110100000
1111111110000000010000000001111111011011100100000
1000000000000000010000000001111011000000000000000
1111111110000000010000000001111111011011100100000
1111110110000000011101110111111011000001110111001
1111111110000000010000000001111111011011100100000
1000000000000000011101110101100000000000000000000
1000000000000000011101110101100000000000000000000
1111110110000000011101110101111011000000000000000
1000000000000000011101110111100000000000000011001
1000000000000000011101110111100000000000000011001
1111110110000000011101110111100000000001110011001
1111110110000000010000000001111011000001100100000
1000000000000000010000000001111011000000000000000
1000000000000000011101110101111011000000000000000
1000000000000000011101110101111011000000000000000
1000000000000000011101110101111011000000000000000
1000000000000000011101110111100000000000000011001
1111110110000000010000000001111011000001100100000
1111110110000000011101110101111011000000000000000
1000000000000000010000000001111011000000000000000
1000000000000000010000000001111011000000000000000
1000000000000000011101110101111011000000000000000
1000000000000000011101110101100000000000000000000
1000000000000000011101110111100000000000000011001
1100011000000000010000000001111001000000000000000
1111110110000000011101110111100000000000000011001
1000000000000000011101110101111011000000000000000
1000000000000000011101110111100000000000000011001
1111111110000000010000000001111011000001110100000
1000000000000000011101110101100000000000000000000
1111110110000000011101110101111011000000000000000
1111110110000000011101110101111011000000000000000
1000000000000000011101110111100000000000000011001
1000000000000000011101110101111011000000000000000
1000000000000000011101110101111011000000000000000
1111110110000000010000000001111011000000000000000
1111111110111110011101110111111011000001110100000
1000000000000000011101111111100000000000000000000
1111111111111111111110111111111111111011111111001
1000000000000000010000000001111111011101100100000
1000000000000000011101110111111011000000000000000
1111111110000000010000000001111011011011100100000
1000000000000000011101110111111011000000000000000
1111111000000000011101110101111011000000000000000
1111110000000000010000000001111011000000000000000
1000000000000000010000000001111111011101100100000
1111110110000000011101110111111011000001110111001
1111111110111110011101110111111011000001110100000
1111111110000000010000000001111011011011100100000
1111111111000000011101111111111011000001111111010
1111110110000000010000000001111011000000000000000
1111010110111110011101111111100000000000000011001
1000000000000000010000000001111011000000000000000
1111110111000000011101110111111011000000000000000
1111010111000000011101110111111011000001111011001
1111110111000000011101110111111011000001110100000
1111110000000000010000000001100000000000000000000
1111111110111111011110110101111011011011100100000
1000000000000000010000000001111011000001100100000
1000000000000000010000000001111011000001100100000
1000000000000000010000000001111011000001100100000
1000000000000000010000000001111011000001100100000
1000000000000000010000000001111011000001100100000
1111110111111111111101110111111011000001110111010
1000000000000000010000000001111011000001100100000
1000000000000000010000000001111011000001100100000
1111111110000000010000000001111011000001110100000
1000000000000000011101110111111011000000000000000
1000000000000000010000000001111011000001100100000
1111111110000000010000000001111011000001110100000
1111000000000000011101110111100000000000000011001
1000000000000000010000000001111011000001100100000
1111000000000000011101110111100000000000000011001
1111110111111110111110111111111011011011111111010
1111110110000000011101110111100000000000000011001
1111110111111110111110111111111011011011111111010
1111110111111110111110111111111011011011111111010
1111110111111110111110111111111011011011111111010
1000000000000000011101110111100000000000000000000
1111110000000000010000000001111011000001100100000
1111111110000000011101110101111011100001100100000
1111110111111111111101110111111011000001110111010
1111110110000000011101110101100000000000000000000
1111000000000000011101111111100000000000000011001
1111110110000000011101110101100000000000000000000
1111000000000000011101111111100000000000000011001
1111110110000000011101110111111011000000000011001
1111111000000000010000000001111011000000000000000
1111111000000000010000000001111011000000000000000
1111111110000000011101110101111011000001110100000
1111110000000000011101110101111011000000000000000
1111111110000000011101110101111011000001110100000
1111110000000000011101110101111011000000000000000
1100000000000000010000000001100000000000000000000
1111111110000000011101110101111011000001110100000
1111110000000000010000000001111011000000000000000
1111110110000000011101110101100000000000000000000
1111110110000000011101110101100000000000000000000
1100011000000000010000000001111001000000000000000
1000000000000000011101111111100000000000000000000
1000000000000000010000000001111001000000000000000
1000000000000000010000000001111011000000000000000
1000000000000000010000000001111011000000000000000
1111110111110111111101111111111010000001111011001
1000000000000000011101111111100000000000000000000
1111110111111111111101110111111011000001110111010
1111111111000000011101110111111011000000000000000
1111110111111111111101110111111011000001110111010
1000000000000000010000000001100000000000000011001
1000000000000000010000000001100000000000000011001
1111110110000000011101111111100000000000000011001
1111110110000000011101111111100000000000000011001
1000000000000000010000000001100000000000000011001
1000000000000000010000000001100000000000000011001
1111110110000000011101111111100000000000000011001
1111111110111111011110110101111011011011100100000
1111110110000000011101111111100000000000000011001
1111110111111110111101110101111011000001110100000
1111110110000000011101111111100000000000000011001
1111010111000000011101111111111011000001111011001
1111110110000000011101110111100000000001110011001
1111110000000000010000000001111001000000000000000
1111110110000000011101110101111011000001110100000
1111111110000000010000000001111011011011100100000
1111110000000000010000000001111001000000000000000
1111111110000000010000000001111011011011100100000
1111111110000000010000000001111011000000000000000
1111111110000000010000000001111011011011100100000
1111111110000000010000000001111011011011100100000
1111110110000000011101110111100000000000000011001
1111111111111110011101110111111011000001110100000
1111110000000000010000000001111011000000000000000
1111110000000000010000000001100000000000000000000
1111111110000000010000000001111011000001110100000
~~~
0.0 34.0 12.0 9.0 143.0 
0.0 42.0 2.0 16.0 69.0 
0.0 37.0 9.0 9.0 114.0 
0.0 16.0 15.0 60.0 285.0 
0.0 37.0 9.0 9.0 114.0 
0.0 35.0 4.0 31.0 125.0 
0.0 31.0 6.0 35.0 167.0 
0.0 20.0 10.0 77.0 251.0 
0.0 20.0 10.0 77.0 251.0 
0.0 16.0 15.0 60.0 285.0 
0.0 38.0 8.0 9.0 102.0 
0.0 6.0 24.0 65.0 388.0 
0.0 34.0 12.0 9.0 143.0 
0.0 20.0 11.0 65.0 257.0 
0.0 39.0 7.0 9.0 92.0 
0.0 20.0 11.0 65.0 257.0 
0.0 34.0 4.0 47.0 122.0 
0.0 6.0 24.0 65.0 388.0 
0.0 30.0 9.0 27.0 172.0 
0.0 20.0 10.0 77.0 251.0 
0.0 17.0 19.0 35.0 305.0 
0.0 17.0 19.0 35.0 305.0 
0.0 37.0 4.0 24.0 114.0 
0.0 26.0 8.0 51.0 198.0 
0.0 38.0 8.0 9.0 102.0 
0.0 21.0 12.0 51.0 241.0 
0.0 31.0 6.0 35.0 167.0 
0.0 6.0 24.0 65.0 388.0 
0.0 45.0 2.0 9.0 40.0 
0.0 23.0 13.0 35.0 235.0 
0.0 39.0 7.0 9.0 92.0 
0.0 33.0 4.0 54.0 136.0 
0.0 45.0 2.0 9.0 40.0 
0.0 12.0 16.0 81.0 327.0 
0.0 45.0 2.0 9.0 40.0 
0.0 20.0 11.0 65.0 257.0 
0.0 16.0 15.0 60.0 285.0 
0.0 20.0 10.0 77.0 251.0 
0.0 12.0 16.0 81.0 327.0 
0.0 33.0 13.0 9.0 158.0 
0.0 42.0 2.0 16.0 69.0 
0.0 39.0 7.0 9.0 92.0 
0.0 39.0 7.0 9.0 92.0 
0.0 45.0 2.0 9.0 40.0 
0.0 23.0 13.0 35.0 235.0 
0.0 21.0 14.0 39.0 250.0 
0.0 45.0 2.0 9.0 40.0 
0.0 20.0 10.0 77.0 251.0 
0.0 17.0 19.0 35.0 305.0 
0.0 42.0 2.0 16.0 69.0 
0.0 31.0 14.0 12.0 172.0 
0.0 45.0 2.0 9.0 40.0 
0.0 39.0 7.0 9.0 92.0 
0.0 21.0 12.0 51.0 241.0 
0.0 26.0 8.0 51.0 198.0 
0.0 34.0 12.0 9.0 143.0 
0.0 20.0 10.0 77.0 251.0 
0.0 16.0 15.0 60.0 285.0 
0.0 25.0 16.0 23.0 223.0 
0.0 39.0 7.0 9.0 92.0 
0.0 30.0 14.0 14.0 183.0 
0.0 32.0 5.0 38.0 147.0 
0.0 4.0 24.0 81.0 399.0 
0.0 32.0 5.0 38.0 147.0 
0.0 31.0 9.0 24.0 166.0 
0.0 19.0 11.0 72.0 271.0 
0.0 32.0 5.0 38.0 147.0 
0.0 42.0 2.0 16.0 69.0 
0.0 19.0 11.0 72.0 271.0 
0.0 28.0 8.0 39.0 188.0 
0.0 28.0 8.0 39.0 188.0 
0.0 45.0 2.0 9.0 40.0 
0.0 31.0 6.0 35.0 167.0 
0.0 45.0 2.0 9.0 40.0 
0.0 20.0 11.0 65.0 257.0 
0.0 21.0 12.0 51.0 241.0 
0.0 32.0 5.0 38.0 147.0 
0.0 21.0 14.0 39.0 250.0 
0.0 4.0 24.0 81.0 399.0 
0.0 45.0 2.0 9.0 40.0 
0.0 32.0 5.0 38.0 147.0 
0.0 13.0 16.0 72.0 316.0 
0.0 33.0 13.0 9.0 158.0 
0.0 45.0 2.0 9.0 40.0 
0.0 45.0 2.0 9.0 40.0 
0.0 32.0 5.0 38.0 147.0 
0.0 32.0 5.0 38.0 147.0 
0.0 34.0 12.0 9.0 143.0 
0.0 21.0 14.0 39.0 250.0 
0.0 42.0 2.0 16.0 69.0 
0.0 23.0 13.0 35.0 235.0 
0.0 42.0 2.0 16.0 69.0 
0.0 29.0 9.0 31.0 177.0 
0.0 45.0 2.0 9.0 40.0 
0.0 42.0 2.0 16.0 69.0 
0.0 34.0 5.0 28.0 145.0 
0.0 27.0 11.0 28.0 203.0 
0.0 11.0 22.0 49.0 354.0 
0.0 45.0 2.0 9.0 40.0 
0.0 27.0 11.0 28.0 203.0 
0.0 26.0 7.0 60.0 197.0 
0.0 11.0 22.0 49.0 354.0 
0.0 27.0 11.0 28.0 203.0 
0.0 14.0 16.0 65.0 302.0 
0.0 45.0 2.0 9.0 40.0 
0.0 13.0 23.0 44.0 331.0 
0.0 19.0 17.0 35.0 274.0 
0.0 42.0 5.0 9.0 69.0 
0.0 45.0 2.0 9.0 40.0 
0.0 19.0 17.0 35.0 274.0 
0.0 11.0 22.0 49.0 354.0 
0.0 10.0 18.0 81.0 339.0 
0.0 32.0 10.0 18.0 162.0 
0.0 19.0 17.0 35.0 274.0 
0.0 35.0 4.0 31.0 125.0 
0.0 42.0 5.0 9.0 69.0 
0.0 20.0 18.0 31.0 264.0 
0.0 19.0 19.0 31.0 276.0 
0.0 18.0 17.0 39.0 279.0 
0.0 45.0 2.0 9.0 40.0 
0.0 26.0 11.0 32.0 208.0 
0.0 23.0 10.0 53.0 237.0 
0.0 35.0 4.0 31.0 125.0 
0.0 45.0 2.0 9.0 40.0 
0.0 20.0 18.0 31.0 264.0 
0.0 25.0 8.0 58.0 216.0 
0.0 44.0 3.0 9.0 55.0 
0.0 11.0 22.0 49.0 354.0 
0.0 45.0 2.0 9.0 40.0 
0.0 30.0 14.0 14.0 183.0 
0.0 44.0 3.0 9.0 55.0 
0.0 11.0 20.0 60.0 329.0 
0.0 30.0 14.0 14.0 183.0 
0.0 30.0 14.0 14.0 183.0 
0.0 10.0 18.0 81.0 339.0 
0.0 37.0 4.0 24.0 114.0 
0.0 11.0 20.0 60.0 329.0 
0.0 17.0 17.0 44.0 285.0 
0.0 12.0 19.0 60.0 319.0 
0.0 38.0 8.0 9.0 102.0 
0.0 33.0 5.0 32.0 150.0 
0.0 23.0 10.0 53.0 237.0 
0.0 35.0 4.0 31.0 125.0 
0.0 24.0 12.0 35.0 229.0 
0.0 38.0 8.0 9.0 102.0 
0.0 44.0 3.0 9.0 55.0 
0.0 44.0 3.0 9.0 55.0 
0.0 26.0 12.0 28.0 213.0 
0.0 26.0 11.0 32.0 208.0 
0.0 26.0 11.0 32.0 208.0 
0.0 19.0 19.0 31.0 276.0 
0.0 33.0 6.0 28.0 151.0 
0.0 40.0 4.0 17.0 85.0 
0.0 9.0 24.0 53.0 363.0 
0.0 16.0 19.0 39.0 310.0 
0.0 41.0 2.0 19.0 75.0 
0.0 32.0 13.0 12.0 160.0 
0.0 33.0 6.0 28.0 151.0 
0.0 5.0 23.0 81.0 389.0 
0.0 20.0 18.0 31.0 264.0 
0.0 24.0 14.0 28.0 236.0 
0.0 41.0 2.0 19.0 75.0 
0.0 41.0 2.0 19.0 75.0 
0.0 25.0 8.0 58.0 216.0 
0.0 26.0 7.0 60.0 197.0 
0.0 41.0 2.0 19.0 75.0 
0.0 26.0 7.0 60.0 197.0 
0.0 20.0 16.0 35.0 268.0 
0.0 26.0 7.0 60.0 197.0 
0.0 39.0 7.0 9.0 92.0 
0.0 39.0 7.0 9.0 92.0 
0.0 28.0 10.0 28.0 197.0 
0.0 35.0 11.0 9.0 131.0 
0.0 35.0 11.0 9.0 131.0 
0.0 25.0 16.0 23.0 223.0 
0.0 31.0 6.0 35.0 167.0 
0.0 41.0 2.0 19.0 75.0 
0.0 35.0 7.0 19.0 127.0 
0.0 35.0 7.0 19.0 127.0 
0.0 35.0 7.0 19.0 127.0 
0.0 35.0 11.0 9.0 131.0 
0.0 31.0 6.0 35.0 167.0 
0.0 28.0 10.0 28.0 197.0 
0.0 41.0 2.0 19.0 75.0 
0.0 41.0 2.0 19.0 75.0 
0.0 35.0 7.0 19.0 127.0 
0.0 39.0 7.0 9.0 92.0 
0.0 35.0 11.0 9.0 131.0 
0.0 39.0 3.0 23.0 94.0 
0.0 28.0 14.0 18.0 201.0 
0.0 35.0 7.0 19.0 127.0 
0.0 35.0 11.0 9.0 131.0 
0.0 29.0 7.0 39.0 182.0 
0.0 39.0 7.0 9.0 92.0 
0.0 28.0 10.0 28.0 197.0 
0.0 28.0 10.0 28.0 197.0 
0.0 35.0 11.0 9.0 131.0 
0.0 35.0 7.0 19.0 127.0 
0.0 35.0 7.0 19.0 127.0 
0.0 34.0 5.0 28.0 145.0 
0.0 17.0 16.0 48.0 288.0 
0.0 37.0 9.0 9.0 114.0 
0.0 4.0 24.0 81.0 399.0 
0.0 34.0 4.0 50.0 121.0 
0.0 34.0 8.0 19.0 137.0 
0.0 27.0 7.0 51.0 192.0 
0.0 34.0 8.0 19.0 137.0 
0.0 29.0 9.0 31.0 177.0 
0.0 36.0 4.0 27.0 120.0 
0.0 34.0 4.0 50.0 121.0 
0.0 20.0 16.0 35.0 268.0 
0.0 17.0 16.0 48.0 288.0 
0.0 27.0 7.0 51.0 192.0 
0.0 16.0 19.0 39.0 310.0 
0.0 34.0 5.0 28.0 145.0 
0.0 23.0 18.0 25.0 246.0 
0.0 41.0 2.0 19.0 75.0 
0.0 26.0 12.0 28.0 213.0 
0.0 20.0 18.0 31.0 264.0 
0.0 22.0 14.0 35.0 245.0 
0.0 40.0 4.0 17.0 85.0 
0.0 15.0 15.0 65.0 296.0 
0.0 38.0 3.0 26.0 97.0 
0.0 38.0 3.0 26.0 97.0 
0.0 38.0 3.0 26.0 97.0 
0.0 38.0 3.0 26.0 97.0 
0.0 38.0 3.0 26.0 97.0 
0.0 12.0 21.0 49.0 343.0 
0.0 38.0 3.0 26.0 97.0 
0.0 38.0 3.0 26.0 97.0 
0.0 29.0 7.0 39.0 182.0 
0.0 34.0 8.0 19.0 137.0 
0.0 38.0 3.0 26.0 97.0 
0.0 29.0 7.0 39.0 182.0 
0.0 32.0 13.0 12.0 160.0 
0.0 38.0 3.0 26.0 97.0 
0.0 32.0 13.0 12.0 160.0 
0.0 8.0 24.0 56.0 372.0 
0.0 28.0 14.0 18.0 201.0 
0.0 8.0 24.0 56.0 372.0 
0.0 8.0 24.0 56.0 372.0 
0.0 8.0 24.0 56.0 372.0 
0.0 38.0 8.0 9.0 102.0 
0.0 33.0 5.0 34.0 142.0 
0.0 23.0 11.0 46.0 238.0 
0.0 12.0 21.0 49.0 343.0 
0.0 32.0 10.0 18.0 162.0 
0.0 31.0 14.0 12.0 172.0 
0.0 32.0 10.0 18.0 162.0 
0.0 31.0 14.0 12.0 172.0 
0.0 24.0 14.0 28.0 236.0 
0.0 35.0 4.0 31.0 125.0 
0.0 35.0 4.0 31.0 125.0 
0.0 23.0 12.0 39.0 234.0 
0.0 30.0 9.0 27.0 172.0 
0.0 23.0 12.0 39.0 234.0 
0.0 30.0 9.0 27.0 172.0 
0.0 44.0 3.0 9.0 55.0 
0.0 23.0 12.0 39.0 234.0 
0.0 36.0 4.0 27.0 120.0 
0.0 32.0 10.0 18.0 162.0 
0.0 32.0 10.0 18.0 162.0 
0.0 39.0 3.0 23.0 94.0 
0.0 37.0 9.0 9.0 114.0 
0.0 42.0 2.0 16.0 69.0 
0.0 41.0 2.0 19.0 75.0 
0.0 41.0 2.0 19.0 75.0 
0.0 13.0 23.0 44.0 331.0 
0.0 37.0 9.0 9.0 114.0 
0.0 12.0 21.0 49.0 343.0 
0.0 25.0 12.0 32.0 218.0 
0.0 12.0 21.0 49.0 343.0 
0.0 42.0 5.0 9.0 69.0 
0.0 42.0 5.0 9.0 69.0 
0.0 27.0 15.0 18.0 213.0 
0.0 27.0 15.0 18.0 213.0 
0.0 42.0 5.0 9.0 69.0 
0.0 42.0 5.0 9.0 69.0 
0.0 27.0 15.0 18.0 213.0 
0.0 15.0 15.0 65.0 296.0 
0.0 27.0 15.0 18.0 213.0 
0.0 17.0 17.0 44.0 285.0 
0.0 27.0 15.0 18.0 213.0 
0.0 19.0 19.0 31.0 276.0 
0.0 25.0 16.0 23.0 223.0 
0.0 37.0 4.0 24.0 114.0 
0.0 24.0 12.0 35.0 229.0 
0.0 27.0 7.0 51.0 192.0 
0.0 37.0 4.0 24.0 114.0 
0.0 27.0 7.0 51.0 192.0 
0.0 33.0 5.0 32.0 150.0 
0.0 27.0 7.0 51.0 192.0 
0.0 27.0 7.0 51.0 192.0 
0.0 28.0 14.0 18.0 201.0 
0.0 16.0 17.0 48.0 294.0 
0.0 36.0 4.0 27.0 120.0 
0.0 40.0 4.0 17.0 85.0 
0.0 29.0 7.0 39.0 182.0 
~~~
38.375
