1111111000000000010000000001111011000000000000000
1111110110000000011101110101111011000000000000000
1111111110000000010000000001111011000001100100000
1000000000000000010000000001100000000000000000000
1000000000000000010000000001100000000000000000000
1111111000000000011110000001111011011011100100000
1111111110000000010000000001111011000001100100000
1000000000000000010000000001100000000000000000000
1111111110000000011101110111111011000001110100000
1000000000000000010000000001100000000000000000000
1111111000000000011110000001111011011011100100000
1111111111000000011101110111111011000000000011010
1000000000000000010000000001100000000000000000000
1000000000000000010000000001100000000000000000000
1000000000000000010000000001100000000000000000000
1111110110000000011101111101100000000000000000000
1000000000000000010000000001100000000000000000000
1000000000000000010000000001100000000000000000000
1000000000000000010000000001100000000000000000000
1111110110000000011101111111100000000001110111001
1111010111000000011101110101111011000000000000000
1111111110000000011110000001111111111011100100000
1111110110000000011101111111100000000001110111001
1111111000000000010000000001111111011011100100000
1111010111000000011101110101111011000000000000000
1000000000000000010000000001100000000000000000000
1111110110000000010000000001111011000001100100000
1111111110000000011110000001111011011011100100000
1111000000000000011101110101100000000000000000000
1000000000000000010000000001100000000000000000000
1000000000000000010000000001100000000000000000000
1000000000000000010000000001100000000000000000000
1000000000000000010000000001100000000000000000000
1000000000000000010000000001100000000000000000000
1000000000000000011101111111100000000001111111001
1111010111110110111101111111111011000001111111001
1000000000000000010000000001100000000000000000000
1111110110000000011101110101111011000000000000000
1111110110000000010000000001111011000001100100000
1111111000000000010000000001111011000000000000000
1111111110000000011110000001111111111011100100000
1111111000000000011110000001111011011011100100000
1000000000000000010000000001100000000000000000000
1000000000000000010000000001100000000000000000000
1000000000000000010000000001100000000000000000000
1111110111111110111101111111111011000001110100000
1111111110000000011101110111111011000001100100000
1111010111000000011101110101111011000000000000000
1111111110000000011110000001111011011011100100000
1111010111110110111101111111111011000000000011010
1111110000000000010000000001100000000000000000000
1111110110000000011101110101111011000000000000000
1111111000000000011110000001111011011011100100000
1111110110000000011101111111100000000001110111001
1111111111000000010000000001111011000001100100000
1111111110000000011110000001111011011011100100000
1111110110000000011101111101100000000000000000000
1111010111110110111101111111111011000000000011010
1000000000000000011101110101100000000000000000000
1111111110000000011101110101111011000000000000000
1111111111000000010000000001111011000001100100000
1111111110000000010000000001111011000001100100000
1000000000000000010000000001111011000001100100000
1111110110000000010000000001111011000001100100000
1111010111110110111101111111111011000000000011010
1111110000000000010000000001100000000000000000000
1000000000000000010000000001111001000000000000000
1111111110000000011110000001111011011011100100000
1111111110000000011101110111111011000001100100000
1111111111000000010000000001111011000001100100000
1100000000000000011101111111100000000001111111001
1111111111000000010000000001111011000000000000000
1111111110000000011101110101111011000000000000000
1111111111111111111110111101111111111011100111001
1111111110000000011110000001111011011011100100000
1111111110000000011110000001111111111011100100000
1111111110000000011110000001111111111011100100000
1111111111111111011110000001111111111011100100000
1111000000000000010000000001100000000000000000000
1111110111110110111101111111111011000001111111001
1111111111000000011101110111111011000000000000000
1111111111000000010000000001111011000000000000000
1111111111000000011101110111111011000000000000000
1111111111000000011101110111111011000000000000000
1111111111000000011101110111111011000000000000000
1111000000000000010000000001100000000000000000000
1111111110000000011101110111111011000001110100000
1111000000000000011101111111100000000000000011010
1111111111111110111101110111111011000001110100000
1111110110000000011101110101111011000000000000000
1111111111111111111110110111111011011011100100000
1111111111111110111110000001111011011011100100000
1111110111111110111101111111111011011011111111001
1111111111111111111110111101111111111011100111001
1111010111110110111101111111111011000000000011010
1111010111110110111101111111111011000001111111001
1111110111111110111101111111111011011011111111001
1111111110000000011101111111111011000001110100000
1111010111110110111101111111111011000000000011010
1111110111110110111101111111111011000001111111001
1111110110000000011101110111111011000001100100000
1000000000000000011101110111100000000000000000000
1111110111110110111101111111111011000001111111001
1111111110000000011101111111111011000001110100000
1111110111111110111101111111111011011011111111001
1000000000000000011101111111100000000000000000000
1111110111110110111101111111111011000001111111001
1111110110000000011101110111111011000000000000000
1111000000000000011101111111100000000000000011010
1111111000000000010000000001111111111011100100000
1111111111111111111110111101111111111011100100000
1111111110000000011101111111111011000001110100000
1111110111110110111101110101111011000001110100000
1000000000000000011101111111100000000000000000000
1111111000000000010000000001111111111011100100000
1000000000000000011101110111100000000001110111001
1111010111110110111101111111111011000001111111001
1111000000000000011101110101111011000000000000000
1111110111111110111101111111111011011011111111001
1111110110000000011101110111111011000001100100000
1111000000000000011101110101111011000000000000000
1111111110000000010000000001111111111011100100000
1111110111110110111101111111111011000001111111001
1111000000000000011101110101100000000000000000000
1000000000000000011101111111100000000000000000000
1000000000000000011101110101100000000000000000000
1111000000000000011101110101111011000000000000000
1000000000000000011101111111100000000000000000000
1111111111111111111110111101111111111011110100000
1000000000000000011101110101100000000000000000000
1000000000000000011101110101100000000000000000000
1111111111111111111110111111111111011011111111001
1111110000000000011101110101111011000000000000000
1111010111110110111101111111111011000001111111001
1111111111000000011110000001111011011011100100000
1000000000000000010000000001111001000000000000000
1000000000000000011101110111100000000000000000000
1111111110000000010000000001111111111011100100000
1000000000000000010000000001111001000000000000000
1111110000000000011101110101111011000000000000000
1111111111111110011110000001111011011011100100000
1111111111111110011110000001111011011011100100000
1111110000000000011101110111100000000000000000000
1111111111111110011110000001111011011011100100000
1000000000000000010000000001111001000000000000000
1000000000000000011101110111100000000000000000000
1111111111111111111110000001111011011011100100000
1111111111111110111101110111111011000001110100000
1000000000000000011101110111100000000000000000000
1000000000000000010000000001111011000000000000000
1000000000000000011101110101100000000000000000000
1000000000000000010000000001111011000000000000000
1000000000000000011101110101100000000000000000000
1111110000000000011101110111100000000000000000000
1000000000000000011101110111100000000000000000000
1000000000000000010000000001111011000000000000000
1111110110000000011101111101100000000001110111001
1000000000000000010000000001111111011011100100000
1000000000000000010000000001111011000000000000000
1111100000000000011101111111100000000000000011010
1111111000000000010000000001111111011011100100000
1000000000000000010000000001111011000000000000000
1000000000000000010000000001111011000000000000000
1111111000000000010000000001111011011011100100000
1111110110000000011101110111111011000000000000000
1000000000000000011101110101100000000000000000000
1000000000000000011101110101111011000000000000000
1111111000000000010000000001111011011011100100000
1000000000000000011101110101111011000000000000000
1000000000000000011101110101111011000000000000000
1111111000000000010000000001111011011011100100000
1111111111111110011110000001111011011011100100000
1000000000000000011101110111100000000001110111001
1111111111111110011110000001111011011011100100000
1111111110000000011110000001111011011010000000000
1111111110111110111101110111111011000001110100000
1111000000000000011101111111100000000001111111001
1111000000000000011101111111100000000001111111001
1111111111111111111110111111111011011011100100000
1111111111111110011110000001111011011011100100000
1111111110000000010000000001111011000001100100000
1111000000000000011101111111100000000001111111001
1111111111000000011110000001111011011011100100000
1111111111111111111110111111111111111011111111001
1111111111111111111110111111111111011011111111001
1100000000000000011101111111100000000001111111001
1111111000000000011110000001111011011011100100000
1111111111111111111110111111111011011011100100000
1111110111110110111101111111111011000001110111010
1000000000000000011101110101111011000000000000000
1111000000000000011101111111100000000000000011010
1111111110000000010000000001111011000000000000000
1111000000000000011101111111100000000000000011010
1111111111111111111110000001111011011011100100000
1000000000000000011101110111100000000000000011010
1111110111111110111101111111111011000001110100000
1000000000000000010000000001111111011011100100000
1111110000000000010000000001111011000001100100000
1111110000000000010000000001111011000001100100000
1111000000000000011101111111100000000001111111001
1000000000000000011101111111100000000000000011010
1000000000000000011101111111100000000000000011010
1111111111111111011110000001111111111011100100000
1000000000000000010000000001111111011011100100000
1111110000000000010000000001111011000001100100000
1000000000000000011101111111100000000000000011010
1000000000000000010000000001111111011011100100000
1000000000000000011101110101111011000000000000000
1111110110000000011101110111111011000001110100000
1111111111111110111101110111111011000001110100000
1000000000000000011101110111100000000000000011010
1000000000000000011101110101111011000000000000000
1111000000000000011101111111100000000001111111001
1111110000000000010000000001111011000001100100000
1111111111111111011110000001111111111011100100000
1000000000000000011101110111100000000000000011010
1111111000000000010000000001111011000000000000000
1111111111111111011110000001111111111011100100000
1111111111000000011101110111111011000000000011010
1111111000000000010000000001111011000000000000000
1111111111111111011110000001111111111011100100000
1111111000000000010000000001111011000000000000000
1000000000000000011101110111111011000000000000000
1111111111111110111110000001111011011011100100000
1111111000000000010000000001111011000000000000000
1111110110000000011101111101100000000001110111001
1111111000000000010000000001111011000000000000000
1111111000000000010000000001111111011011100100000
1111000000000000010000000001100000000000000000000
1111110110000000011101111101100000000001110111001
1111111111111110111101110111111011000001110100000
1111111000000000010000000001111001000000000000000
1111111111111111011110000001111111011011100100000
1111110110000000011101111101100000000000000000000
1111110111110110111101111111111011000000000000000
1000000000000000010000000001111001000000000000000
1000000000000000010000000001111001000000000000000
1100000000000000010000000001100000000000000000000
1000000000000000010000000001111001000000000000000
1111110111110110111101111111111011000000000011010
1111111111111110111101111111111011011011111111001
1100000000000000010000000001100000000000000000000
1000000000000000011101110111111011000000000000000
1100000000000000010000000001100000000000000000000
1111111110000000010000000001111011000000000000000
1000000000000000010000000001111001000000000000000
1000000000000000010000000001111001000000000000000
1111110111110110111101111111111011000000000011010
1111111111110110111101110101111011000001110100000
1100000000000000010000000001100000000000000000000
1000000000000000011101110111111011000000000000000
1111110110000000011101111111111011000001110100000
1000000000000000011101111111100000000001111111001
1000000000000000011101111111100000000001111111001
1100000000000000010000000001100000000000000000000
1000000000000000011101111111100000000000000011010
1000000000000000011101111111100000000000000011010
1000000000000000011101110101100000000000000000000
1000000000000000011101110101100000000000000000000
1000000000000000011101110101100000000000000000000
1000000000000000011101110101100000000000000000000
1111110111110110111101110101111011000001110100000
1000000000000000011101110101100000000000000000000
1111111111110110111101110101111011000001110100000
1111111111111111111110111111111111111011111111001
1111000000000000011101110111100000000000000000000
1111111111111111011110000001111111011011100100000
1111000000000000011101110111100000000000000000000
1111111110000000010000000001111011000001100100000
1000000000000000010000000001111011000001100100000
1000000000000000010000000001111011000001100100000
1000000000000000010000000001111011000000000000000
1000000000000000010000000001111011000001100100000
1000000000000000010000000001111011000001100100000
1000000000000000010000000001111011000000000000000
1111111111111110111101111111111011011011111111001
1000000000000000010000000001111011000001100100000
1111111111111110111101111111111011011011111111001
1111110110000000011101110111111011000001110100000
1000000000000000010000000001111011000001100100000
1111110110000000010000000001111011000000000000000
1111111110000000010000000001111011000001100100000
1111110110000000010000000001111011000000000000000
1111111110000000011110000001111011011010000000000
1111110000000000010000000001111001000000000000000
1111110000000000011101110101111011000000000000000
1111110000000000011101110101111011000000000000000
1111110000000000010000000001111001000000000000000
1111111000000000010000000001111111011011100100000
1000000000000000010000000001111011000001100100000
1111110000000000010000000001111001000000000000000
1111110111110110111101110111111011000001110100000
1000000000000000010000000001111011000001100100000
1000000000000000010000000001111011000001100100000
1000000000000000010000000001111011000001100100000
1111110110000000010000000001111011000000000000000
1111110000000000010000000001111001000000000000000
1000000000000000010000000001111011000000000000000
1000000000000000010000000001111011000000000000000
1111111111111111011110000001111111011011100100000
~~~
0.0 35.0 4.0 31.0 125.0 
0.0 28.0 10.0 28.0 197.0 
0.0 30.0 6.0 39.0 172.0 
0.0 45.0 2.0 9.0 40.0 
0.0 45.0 2.0 9.0 40.0 
0.0 26.0 8.0 50.0 191.0 
0.0 30.0 6.0 39.0 172.0 
0.0 45.0 2.0 9.0 40.0 
0.0 22.0 13.0 39.0 244.0 
0.0 45.0 2.0 9.0 40.0 
0.0 26.0 8.0 50.0 191.0 
0.0 22.0 15.0 32.0 255.0 
0.0 45.0 2.0 9.0 40.0 
0.0 45.0 2.0 9.0 40.0 
0.0 45.0 2.0 9.0 40.0 
0.0 31.0 11.0 18.0 174.0 
0.0 45.0 2.0 9.0 40.0 
0.0 45.0 2.0 9.0 40.0 
0.0 45.0 2.0 9.0 40.0 
0.0 23.0 17.0 25.0 245.0 
0.0 28.0 11.0 26.0 192.0 
0.0 22.0 9.0 67.0 235.0 
0.0 23.0 17.0 25.0 245.0 
0.0 28.0 6.0 59.0 172.0 
0.0 28.0 11.0 26.0 192.0 
0.0 45.0 2.0 9.0 40.0 
0.0 31.0 6.0 35.0 167.0 
0.0 24.0 9.0 51.0 216.0 
0.0 36.0 9.0 12.0 121.0 
0.0 45.0 2.0 9.0 40.0 
0.0 45.0 2.0 9.0 40.0 
0.0 45.0 2.0 9.0 40.0 
0.0 45.0 2.0 9.0 40.0 
0.0 45.0 2.0 9.0 40.0 
0.0 29.0 15.0 16.0 186.0 
0.0 13.0 23.0 39.0 327.0 
0.0 45.0 2.0 9.0 40.0 
0.0 28.0 10.0 28.0 197.0 
0.0 31.0 6.0 35.0 167.0 
0.0 35.0 4.0 31.0 125.0 
0.0 22.0 9.0 67.0 235.0 
0.0 26.0 8.0 50.0 191.0 
0.0 45.0 2.0 9.0 40.0 
0.0 45.0 2.0 9.0 40.0 
0.0 45.0 2.0 9.0 40.0 
0.0 15.0 19.0 44.0 307.0 
0.0 23.0 12.0 39.0 234.0 
0.0 28.0 11.0 26.0 192.0 
0.0 24.0 9.0 51.0 216.0 
0.0 18.0 20.0 32.0 292.0 
0.0 40.0 4.0 17.0 85.0 
0.0 28.0 10.0 28.0 197.0 
0.0 26.0 8.0 50.0 191.0 
0.0 23.0 17.0 25.0 245.0 
0.0 29.0 7.0 39.0 178.0 
0.0 24.0 9.0 51.0 216.0 
0.0 31.0 11.0 18.0 174.0 
0.0 18.0 20.0 32.0 292.0 
0.0 39.0 7.0 9.0 92.0 
0.0 27.0 10.0 32.0 202.0 
0.0 29.0 7.0 39.0 178.0 
0.0 30.0 6.0 39.0 172.0 
0.0 38.0 3.0 26.0 97.0 
0.0 31.0 6.0 35.0 167.0 
0.0 18.0 20.0 32.0 292.0 
0.0 40.0 4.0 17.0 85.0 
0.0 42.0 2.0 16.0 69.0 
0.0 24.0 9.0 51.0 216.0 
0.0 23.0 12.0 39.0 234.0 
0.0 29.0 7.0 39.0 178.0 
0.0 28.0 16.0 16.0 201.0 
0.0 32.0 6.0 32.0 156.0 
0.0 27.0 10.0 32.0 202.0 
0.0 7.0 21.0 81.0 368.0 
0.0 24.0 9.0 51.0 216.0 
0.0 22.0 9.0 67.0 235.0 
0.0 22.0 9.0 67.0 235.0 
0.0 15.0 13.0 81.0 296.0 
0.0 42.0 4.0 12.0 69.0 
0.0 12.0 23.0 41.0 338.0 
0.0 25.0 12.0 32.0 218.0 
0.0 32.0 6.0 32.0 156.0 
0.0 25.0 12.0 32.0 218.0 
0.0 25.0 12.0 32.0 218.0 
0.0 25.0 12.0 32.0 218.0 
0.0 42.0 4.0 12.0 69.0 
0.0 22.0 13.0 39.0 244.0 
0.0 31.0 14.0 12.0 180.0 
0.0 15.0 18.0 48.0 300.0 
0.0 28.0 10.0 28.0 197.0 
0.0 12.0 18.0 65.0 318.0 
0.0 17.0 14.0 60.0 272.0 
0.0 8.0 24.0 56.0 367.0 
0.0 7.0 21.0 81.0 368.0 
0.0 18.0 20.0 32.0 292.0 
0.0 13.0 23.0 39.0 327.0 
0.0 8.0 24.0 56.0 367.0 
0.0 21.0 14.0 39.0 256.0 
0.0 18.0 20.0 32.0 292.0 
0.0 12.0 23.0 41.0 338.0 
0.0 24.0 12.0 35.0 229.0 
0.0 38.0 8.0 9.0 102.0 
0.0 12.0 23.0 41.0 338.0 
0.0 21.0 14.0 39.0 256.0 
0.0 8.0 24.0 56.0 367.0 
0.0 37.0 9.0 9.0 114.0 
0.0 12.0 23.0 41.0 338.0 
0.0 27.0 11.0 28.0 207.0 
0.0 31.0 14.0 12.0 180.0 
0.0 27.0 6.0 66.0 186.0 
0.0 10.0 18.0 81.0 339.0 
0.0 21.0 14.0 39.0 256.0 
0.0 18.0 17.0 41.0 276.0 
0.0 37.0 9.0 9.0 114.0 
0.0 27.0 6.0 66.0 186.0 
0.0 31.0 13.0 16.0 163.0 
0.0 13.0 23.0 39.0 327.0 
0.0 32.0 9.0 22.0 156.0 
0.0 8.0 24.0 56.0 367.0 
0.0 24.0 12.0 35.0 229.0 
0.0 32.0 9.0 22.0 156.0 
0.0 25.0 7.0 67.0 211.0 
0.0 12.0 23.0 41.0 338.0 
0.0 36.0 9.0 12.0 121.0 
0.0 37.0 9.0 9.0 114.0 
0.0 39.0 7.0 9.0 92.0 
0.0 32.0 9.0 22.0 156.0 
0.0 37.0 9.0 9.0 114.0 
0.0 9.0 19.0 81.0 349.0 
0.0 39.0 7.0 9.0 92.0 
0.0 39.0 7.0 9.0 92.0 
0.0 5.0 24.0 74.0 385.0 
0.0 30.0 9.0 27.0 172.0 
0.0 13.0 23.0 39.0 327.0 
0.0 23.0 10.0 51.0 222.0 
0.0 42.0 2.0 16.0 69.0 
0.0 38.0 8.0 9.0 102.0 
0.0 25.0 7.0 67.0 211.0 
0.0 42.0 2.0 16.0 69.0 
0.0 30.0 9.0 27.0 172.0 
0.0 18.0 13.0 60.0 266.0 
0.0 18.0 13.0 60.0 266.0 
0.0 33.0 10.0 17.0 147.0 
0.0 18.0 13.0 60.0 266.0 
0.0 42.0 2.0 16.0 69.0 
0.0 38.0 8.0 9.0 102.0 
0.0 16.0 14.0 65.0 283.0 
0.0 15.0 18.0 48.0 300.0 
0.0 38.0 8.0 9.0 102.0 
0.0 41.0 2.0 19.0 75.0 
0.0 39.0 7.0 9.0 92.0 
0.0 41.0 2.0 19.0 75.0 
0.0 39.0 7.0 9.0 92.0 
0.0 33.0 10.0 17.0 147.0 
0.0 38.0 8.0 9.0 102.0 
0.0 41.0 2.0 19.0 75.0 
0.0 24.0 16.0 25.0 235.0 
0.0 34.0 4.0 47.0 122.0 
0.0 41.0 2.0 19.0 75.0 
0.0 30.0 14.0 14.0 191.0 
0.0 28.0 6.0 59.0 172.0 
0.0 41.0 2.0 19.0 75.0 
0.0 41.0 2.0 19.0 75.0 
0.0 29.0 6.0 50.0 167.0 
0.0 27.0 11.0 28.0 207.0 
0.0 39.0 7.0 9.0 92.0 
0.0 35.0 7.0 19.0 127.0 
0.0 29.0 6.0 50.0 167.0 
0.0 35.0 7.0 19.0 127.0 
0.0 35.0 7.0 19.0 127.0 
0.0 29.0 6.0 50.0 167.0 
0.0 18.0 13.0 60.0 266.0 
0.0 31.0 13.0 16.0 163.0 
0.0 18.0 13.0 60.0 266.0 
0.0 27.0 8.0 44.0 194.0 
0.0 16.0 17.0 48.0 294.0 
0.0 26.0 17.0 19.0 215.0 
0.0 26.0 17.0 19.0 215.0 
0.0 11.0 19.0 65.0 330.0 
0.0 18.0 13.0 60.0 266.0 
0.0 30.0 6.0 39.0 172.0 
0.0 26.0 17.0 19.0 215.0 
0.0 23.0 10.0 51.0 222.0 
0.0 4.0 24.0 81.0 399.0 
0.0 5.0 24.0 74.0 385.0 
0.0 28.0 16.0 16.0 201.0 
0.0 26.0 8.0 50.0 191.0 
0.0 11.0 19.0 65.0 330.0 
0.0 13.0 22.0 41.0 335.0 
0.0 35.0 7.0 19.0 127.0 
0.0 31.0 14.0 12.0 180.0 
0.0 33.0 5.0 32.0 150.0 
0.0 31.0 14.0 12.0 180.0 
0.0 16.0 14.0 65.0 283.0 
0.0 35.0 11.0 9.0 139.0 
0.0 15.0 19.0 44.0 307.0 
0.0 34.0 4.0 47.0 122.0 
0.0 33.0 5.0 34.0 142.0 
0.0 33.0 5.0 34.0 142.0 
0.0 26.0 17.0 19.0 215.0 
0.0 34.0 12.0 9.0 151.0 
0.0 34.0 12.0 9.0 151.0 
0.0 15.0 13.0 81.0 296.0 
0.0 34.0 4.0 47.0 122.0 
0.0 33.0 5.0 34.0 142.0 
0.0 34.0 12.0 9.0 151.0 
0.0 34.0 4.0 47.0 122.0 
0.0 35.0 7.0 19.0 127.0 
0.0 23.0 13.0 35.0 239.0 
0.0 15.0 18.0 48.0 300.0 
0.0 35.0 11.0 9.0 139.0 
0.0 35.0 7.0 19.0 127.0 
0.0 26.0 17.0 19.0 215.0 
0.0 33.0 5.0 34.0 142.0 
0.0 15.0 13.0 81.0 296.0 
0.0 35.0 11.0 9.0 139.0 
0.0 35.0 4.0 31.0 125.0 
0.0 15.0 13.0 81.0 296.0 
0.0 22.0 15.0 32.0 255.0 
0.0 35.0 4.0 31.0 125.0 
0.0 15.0 13.0 81.0 296.0 
0.0 35.0 4.0 31.0 125.0 
0.0 34.0 8.0 19.0 137.0 
0.0 17.0 14.0 60.0 272.0 
0.0 35.0 4.0 31.0 125.0 
0.0 24.0 16.0 25.0 235.0 
0.0 35.0 4.0 31.0 125.0 
0.0 28.0 6.0 59.0 172.0 
0.0 42.0 4.0 12.0 69.0 
0.0 24.0 16.0 25.0 235.0 
0.0 15.0 18.0 48.0 300.0 
0.0 36.0 4.0 28.0 119.0 
0.0 16.0 13.0 74.0 282.0 
0.0 31.0 11.0 18.0 174.0 
0.0 20.0 17.0 34.0 266.0 
0.0 42.0 2.0 16.0 69.0 
0.0 42.0 2.0 16.0 69.0 
0.0 44.0 3.0 9.0 55.0 
0.0 42.0 2.0 16.0 69.0 
0.0 17.0 20.0 34.0 303.0 
0.0 7.0 24.0 60.0 372.0 
0.0 44.0 3.0 9.0 55.0 
0.0 34.0 8.0 19.0 137.0 
0.0 44.0 3.0 9.0 55.0 
0.0 33.0 5.0 32.0 150.0 
0.0 42.0 2.0 16.0 69.0 
0.0 42.0 2.0 16.0 69.0 
0.0 17.0 20.0 34.0 303.0 
0.0 17.0 17.0 45.0 281.0 
0.0 44.0 3.0 9.0 55.0 
0.0 34.0 8.0 19.0 137.0 
0.0 22.0 14.0 35.0 251.0 
0.0 29.0 15.0 16.0 186.0 
0.0 29.0 15.0 16.0 186.0 
0.0 44.0 3.0 9.0 55.0 
0.0 34.0 12.0 9.0 151.0 
0.0 34.0 12.0 9.0 151.0 
0.0 39.0 7.0 9.0 92.0 
0.0 39.0 7.0 9.0 92.0 
0.0 39.0 7.0 9.0 92.0 
0.0 39.0 7.0 9.0 92.0 
0.0 18.0 17.0 41.0 276.0 
0.0 39.0 7.0 9.0 92.0 
0.0 17.0 17.0 45.0 281.0 
0.0 4.0 24.0 81.0 399.0 
0.0 35.0 10.0 12.0 131.0 
0.0 16.0 13.0 74.0 282.0 
0.0 35.0 10.0 12.0 131.0 
0.0 30.0 6.0 39.0 172.0 
0.0 38.0 3.0 26.0 97.0 
0.0 38.0 3.0 26.0 97.0 
0.0 41.0 2.0 19.0 75.0 
0.0 38.0 3.0 26.0 97.0 
0.0 38.0 3.0 26.0 97.0 
0.0 41.0 2.0 19.0 75.0 
0.0 7.0 24.0 60.0 372.0 
0.0 38.0 3.0 26.0 97.0 
0.0 7.0 24.0 60.0 372.0 
0.0 23.0 13.0 35.0 239.0 
0.0 38.0 3.0 26.0 97.0 
0.0 34.0 5.0 28.0 145.0 
0.0 30.0 6.0 39.0 172.0 
0.0 34.0 5.0 28.0 145.0 
0.0 27.0 8.0 44.0 194.0 
0.0 37.0 4.0 24.0 114.0 
0.0 30.0 9.0 27.0 172.0 
0.0 30.0 9.0 27.0 172.0 
0.0 37.0 4.0 24.0 114.0 
0.0 28.0 6.0 59.0 172.0 
0.0 38.0 3.0 26.0 97.0 
0.0 37.0 4.0 24.0 114.0 
0.0 17.0 18.0 41.0 286.0 
0.0 38.0 3.0 26.0 97.0 
0.0 38.0 3.0 26.0 97.0 
0.0 38.0 3.0 26.0 97.0 
0.0 34.0 5.0 28.0 145.0 
0.0 37.0 4.0 24.0 114.0 
0.0 41.0 2.0 19.0 75.0 
0.0 41.0 2.0 19.0 75.0 
0.0 16.0 13.0 74.0 282.0 
~~~
63.785
