111101111011011110011111001111111010101101001001111001100111111000000000111011011000100001110010100000011000000011110111100010000001111110000000000111000000111001000001000000000011010011100000000000000000001011111100000000100010000000111110111000011000100000000000000111100000000000000000000011001011000100000000001110001111111111
111101111111011110011111001111011010101101101111111100101111011110001101011100111111111111111000010011111011100111111111100011110011111110000001001111011101111000000011111110000011101111101100010000001110111111111100000001110110000000111110111110111101110001011100001111111110100000011111001111011011111111110011111110111111111111
111100000000001111001100000000001010000000001001111001100111111000000000111011011000100001100010100000011000000011110111100010000001111110000000000111000000111001000001000000000011010111100000000000000000001011111100000000100010000000111110111000011000100000000000000111100000000000000000000011001011000000000000001110001111111111
111100000000001111001100000000001010000000001001111001100111111000000000111011011000100001110010100000011000000011110111100010000001111110000000000111000000111001000001000000000011010011100000000000000000001111111100000000100010000000111110111000011000100000000000000111100000000000000000000011001011000000000000001110001111111111
111101111111011110011111001111111010101100101001111001101111111000000000111011011000100001110010100000011100000011110111100010000001111110000000000111000000111001000011000000000011010011100000000000000000001001111100000001100010000000111100111000011000110000011100001111111010100000001110001111111011000100000000001110001111111111
111101111111011110011110001111111010101100101001111001100011111000000000111011011000100001110010100000011000000011110111100010000001111110000000000111000000111001000001000000000011010011100000000000000000001011111100000000100010000000111110111000011000100000000000000111100000000000000000000011001011000100000000001110001111111111
111101111111011110011110001111111010101100101001111001100111111000000000111011011000100001110010100000011000000011110111100010000001111110000000000111000000111000000001000000000011010011100000000000000000001011111100000000100010000000111110111000011000100000000000000111000000000000000000000011001011000000000000001110001111111111
111100000000001111001000000000001010000000000001111001100111111000000000111011011000100001110010100000011000000011110111100010000001111110000000000111000000111001000001000000000011010011100000000000000000001011111100000000100010000000111110111000011000100000000000000111100000000000000000000011001011000000000000001110001111111111
111101111111011110011111001111111010101100101001111001101111111000000000111011011000100001110010100000011000000011110111100010000001111110000000000111000000111001000001000000000011010011100000000000000000001011111100000000100010000000111110111000011100100000000000000111100000000000000000000011011011000000000000001110001111111111
111101111111011110011111001111111010101100101001111001101111111000000000111011011000100001111010100010011000000011110111100010000001111110000000000111011110111101101011000000000011010011100000000000000000001011111100000001100110000000111110111000011100110000011100001111111010100000001110001111011111000100000000001110101111111111
111101111111011111011111001111111011101101111111111100101111011110001101011100011111111111111000010011111011110111111111100111110111111110000001001111011101111000000111111110000111100111111100010000001110111111111100000001100010000100111110111011111101111001011100001111111110100000011111001111011011111111110011111110111111111111
111101111111011110011111001111111010101101101111111100101111011110001101011100111111111111111000010011111011100111111111100011110011111110000001001111011101111000000011111110000111101111101100010000001110111111111100000001110110000000111110111110111101110001011100001111111110100000011111001111011011111111110011111110111111111111
111101111111011110011110001111111010101100101001111001100111111000000000111001011000000001110010100000011000000011110111100010000001111110000000000111000000111001000011000000000011010011100000000000000000001001111100000001100010000000111100111000011000110000011100001111111010100000001110001111011011000100000000001110001111111111
111101111111011110011110001111111010101100101001111001100111111000000000111001011000000001110010100000011000000011110111100010000001111110000000000111000000111001000011000000000011010011100000000000000000001001111100000001100010000000111100111000011000110000011100001111111010100000001110001111011011000100000000001110001111111111
111101111111011110011111001111111010101100101001111001101111111000000000111011011000100001110010100010011000000011110111100010000001111110000000000111011100111101101011000000000011010011100000000000000000001011111100000001101110000000111110111000010100110000011100001111111010100000001110001111011011000100000000001110001111111111
111101111111011110011110001111011010101100101001111001100111111000000000111001011000000001101010100010011000000011110111100010000001111110000000000111000000111001000011000000000011010011100000000000000000001001111100000001100010000000111100111000011000110000011100001111111010100000001110001111011011000100000000001110001111111111
111000000000001111000000000000001010000000000001111001101111101000000001000010011000000001100010100000100000000011110111100010000001111110000000000111000000111001000001000000000011010011100000000000000000001011111100000000100010000000111110111000011000100000000000000111100000000000000000000011001011000000000000001110001111111111
111100000000001111001000000000001010000000000001111001100111111000000000111011011000100001110010100000011000000011110111100010000001111110000000000111000000111001000001000000000011010011100000000000000000001011111100000000100010000000111110111000011000100000000000000111100000000000000000000011001011000000000000001110001111111111
111101111111011110011111001111111010101101101001111001100111111000000000111011111000100001110000000010011000000011111111100010000001111110000000000111011100111001000011111111000111100111111110000000001110111110111100000001100010000000111110111001010100110000011100001111111010100000001110001111011011000100000000001111001111111111
111101111111011110011111001111111010101100101001111001101111111000000000111011011000100001110010100010011010000011110111100010000001111110000000000111011100111101001011000000000011010011100000000000000000001011111100000001110110000000111110111000011100110000011100001111111010100000001110001111011101000100000000001110001111111111
111101111011011110011110001111111010101101101001111001100111111000000000111001111000100001110000100010011000000011111111100010000001111110000000000111011100111001000011111110000111100111111110000000001110111110111100000001100010000000111110111000010100110000011100001111111010100000001111001111011011111111110011111110111111111111
111101111111011110011110001111111010101100101001111001100011111000000000111011011000100001110010100000011000000011110111100010000001111110000000000111000000111001000001000000000011010011100000000000000000001011111100000000100010000000111110111000011000100000000000000111100000000000000000000011001011000100000000001110001111111111
111101111111011111011111001111111011101101111111111100101111011110001101011100011111111111111000010011111011110111111111100111110011111110000001001111011101111000000111111110000111100111111100010000001110111111111100000001100010000100111110111011111101111001011100001111111110101000011111001111011011111111110011111110111111111111
111101111111011110011110001111111010101100101001111001100011111000000000111011011000100001110010100000011000000011110111100010000001111110000000000111000000111001000001000000000011010011100000000000000000001011111100000000100010000000111110111000011000100000000000000111100000000000000000000011001011000100000000001110001111111111
111101111111011110011111001111111010101100101001111001101111111000000000111011011000100001110010100010011000000011110111100010000001111110000000000111011100111101001011000000000011010111111110011000001110111111111100000001110010000000111110111110111101111100011100001111111110100000011111001111011011111111110011111110111111111111
111101111111011111011111001111111010101111100101111001101111111000000000111011011000100001100010100011111100000011110111100010000001111110000000000111001101111000101011100000000011010011100000000000000000001011111100000001100110000000111110111000011100110000011100001111111010100000001110001111011111000100000000001110101111111111
111101111111011110011111001111111010101101101001111001100111111000000000111011111000100001110000000010011000000011111111100010000001111110000000000111011100111001000011111111000111100111111110000000001110111110111100000001100010000000111110111001010100110000011100001111111010100000001110001111011011000100000000001111001111111111
111101111111011110011111001111111010101100101001111001101111111000000000111011011000100001111010100010011000000011110111100010000001111110000000000111011110111101101011000000000011010011100000000000000000001011111100000001100110000000111110111000011100110000011100001111111010100000011110001111011111000100000000001110101111111111
111101111111011110011110001111111010101100101001111001100111111000000000111001011000000001110010100000011000000011110111100010000001111110000000000111000000111001000011000000000011010011100000000000000000001001111100000001100010000000111100111000011000110000011100001111111010100000001110001111011011000100000000001110001111111111
111110000000001111001000000000001010000000001001111001100111111000000000111010011000100001110010100000011000000011110111100010000001111110000000000111000100111001000011000000000011010011100000000000000000001001111100000001100010000000111100111000011000110000011100001111111010100000001110001111001011000100000000001110001111111111
111101111111001110011111001111111010101100101001111001101111111000000000111011011000100001110010100010011000000011110111100010000001111110000000000111011100111101101011000000000011010011100000000000000000001011111100000001101110000000111110111000011101110000011100001111111010100000011111001111011011111111110011111110111111111111
111100000000001111001000000000001010000000000001111001100111111000000000111011011000100001110010100000011000000011110111100010000001111110000000000111000000111001000001000000000011010011100000000000000000001011111100000000100010000000111110111000011000100000000000000111100000000000000000000011001011000000000000001110001111111111
111101111111011110011111001111111010101101101001111001100111111000000000111011111000100001110000000010011000000011111111100010000001111110000000000111011100111001000011111111000111100111111110000000001110111110111100000001100010000000111110111001010100110000011100001111111010100000001110001111011011000100000000001111001111111111
111101111111011110011111001111111010101100101001111001101111111000000000111001111000100001110000100010011000000011111111100010000001111110000000000111011100111001000011111110000111100111111110000000001110111110111100000001100010000000111110111000010100110000011100001111111010100000001111001111011011111111110011111110111111111111
111100000000001111001100000000001010000000001001111001100111111000000000111001011000100001110010100000011000000011110111100010000001111110000000000111000000111001100001000000000011010011100000000000000000001011111100000000100010000000111110111000011000100000000000000111100000000000000000000011001011000000000000001110001111111111
111101111111011110011111001111111010101101101001111001100111111000000000111011111000100001110010100010011000000011110111100010000001111110000000000111011100111001000111011110000111100111111110000000001110111110111100000001100011100100111110111111111010110011001100001111111110101100001111001111011011111111110011111110111111111111
111101111111011111011111001111011010101111100101111001100011111000000000111011011000100001100010100011111100000011111111100010000001111110000000000111000000111001000011000000000011010011100000000000000000001001111100000001100010000000111100111000011000110000011100001111111010100000001110001111011011000100000000001110001111111111
111101111111011110011110001111111010101100101001111001100111111000000000111011011000100001110010100000011000000011110111100010000001111110000000000111000000111000000001000000000011010011100000000000000000001011111100000000100010000000111110111000011000100000000000000111000000000000000000000011001011000000000000001110001111111111
111101111111011111011111001111011010101111100101111001100011111000000000111011011000100001100010100011111100000011111111100010000001111110000000000111000000111001000011000000000011010011100000000000000000001001111100000001100010000000111100111000011000110000011100001111111010100000001110001111011011000100000000001110001111111111
111101111111011110011111001111111010101101101001111001100111111000000000111011111000100001110010100010011000000011110111100010000001111110000000000111011100111001000111011110000111100111111110000000001110111110111100000001100011100100111110111111111010110011001100001111111110101100001111001111011011111111110011111110111111111111
111101111111011110011110001111111010101100101001111001100111111000000000111001011000000001110010100000011000000011110111100010000001111110000000000111000000111001000011000000000011010011100000000000000000001001111100000001100010000000111100111000011000110000011100001111111010100000001110001111011011000100000000001110001111111111
111100000000001111001000000000001010000000000001111001100111111000000000111011011000100001110010100000011000000011110111100010000001111110000000000111000000111001000001000000000011010011100000000000000000001011111100000000100010000000111110111000011000100000000000000111100000000000000000000011001011000000000000001110001111111111
111101111111011110011111001111111010101101101001111001100111111000000000111011111000100001110000000010011000000011111111100010000001111110000000000111011100111001000011111111000111100111111110000000001110111110111100000001100010000000111110111001010100110000011100001111111010100000001110001111011011000100000000001111001111111111
111101111111011110011111001111111010101100101001111001101111111000000000111010011000100001110010100000011000000011110111100010000001111110000000000111000000111001000011000000000011010011100000000000000000001001111100000001100010000000111100111000011000110000011100001111111010100000001110001111011011000100000000001110001111111111
111101111011011110011110001111111010101101101001111001100111111000000000111001111000100001110000100010011000000011111111100010000001111110000000000111011100111001000011111110000111100111111110000000001110111110111100000001100010000000111110111000010100110000011100001111111010100000001111001111011011111111110011111110111111111111
111101111111011110011111001111111010101100101001111001101111111000000000111011011000100001110010100000011000000011110111100010000001111110000000000111000000111001000011000000000011010011100000000000000000001001111100000001100110000000111100111000011000110000011100001111111010100000001110001111011011000100000000001110001111111111
111100000000001111000000000000001010000000000001111001101111101000000001000010011000000001100010100000100000000011110111100010000001110110000000000111000000111001000001000000000011010011100000000000000000001011111100000000100010000000111110111000011000100000000000000111100000000000000000000011001011000000000000001110001111111111
111101111111011110011111001111111010101100101001111001101111111000000000111011011000100001110010100000011000000011110111100010000001111110000000000111000000111001000001000000000011010011100000000000000000001011111100000000100010000000111110111000011000100000000000000111100000000000000000000011011011000000000000001110001111111111
111100000000001111000000000000001010000000000001111001101111101000000001000010011000000001100010100000100000000011110111100010000001111110000000000111000000111001000001000000000011010011100000000000000000001011111100000000100010000000111110111000011000100000000000000111100000000000000000000011001011000000000000001110001111111111
111101111111011110011111001111111010101100101001111001101111111000000000111011011000100001111010100010011000000011110111100010000001111110000000000111000000111001000001000000000011010011100000000000000000001011111100000000100010000000111110111000011000100000000000000111100000000000000000000011001011000000000000001110001111111111
111101111011011110011111001111111010101101101001111001100111111000000000111001111000100001110000100010011000000011111111100010000001111110000000000111011100111001000011111110000111100111111110000000001110111110111100000001100010000000111110111000010100110000011100001111111010100000001111001111011011111111110011111110111111111111
111101111111011110011110001111111010101100101001111001100111111000000000111001011000000001110010100000011000000011110111100010000001111110000000000111000000111001000011000000000011010011100000000000000000001001111100000001100010000000111100111000011000110000011100001111111010100000001110001111011011000100000000001110001111111111
111100000000001111000000000000001010000000000001111001101111101000000001000010011000000001100010100000100000000011110111100010000001111110000000000111000000111001000001000000000011010011100000000000000000001011111100000000100010000000111110111000011000100000000000000111100000000000000000000011001011000000000000001110001111111111
111100000000001111000000000000001010000000000001111001101111101000000001000010011000000001100010100000100000000011110111100010000001111110000000000111000000111001000001000000000011010011100000000000000000001011111100000000100010000000111110111000011000100000000000000111100000000000000000000011001011000000000000001110001111111111
111101111111011110011111001111111010101101101001111001100111111000000000111011111000100001110000000010011000000011111111100010000001111110000000000111011100111001000011111111000111100111111110000000001110111110111100000001100010000000111110111001010100110000011100001111111010100000001110001111011011000100000000001111001111111111
111101111111011110011111001111111010101100101001111001101111111000000000111011011000100001110010100010011000000011110111100010000001111110000000000111011100111101101011000000000011010011100000000000000000001011111100000001101110000000111110111000010100110000011100001111111010100000001110001111011011000100000000001110001111111111
111101111111011110011111001111111010101101101001111001100111111000000000111001111100100001110000100010011000000011110111100010000001111110000000000111011100111001000011111110000111100111111110000000001110111110111100000001100010000000111110111000010100110000011100001111111010100000001110001111001011000100000000001110001111111111
111101111111011110011111001111011010101101101111111100101111011110001101011100111111111111111000010011111011100111111111100011110011111110000001001111011101111000000011111110000011101111101100010000001110111111111100000001110110000000111110111110111101110001011100001111111110100000011111001111011011111111110011111110111111111111
111100000000001111001100000000001010000000001001111001100111111000000000111011011000100001110010100000011000000011110111100010000001111110000000000111000000111001000001000000000011010011100000000000000000001111111100000000100010000000111110111000011000100000000000000111100000000000000000000011001011000000000000001110001111111111
111101111111011110011111001111111010101100101001111001101111111000000000111010011000100001110010100000011000000011110111100010000001111110000000000111000000111001000011000000000011010011100000000000000000001001111100000001100010000000111100111000011000110000011100001111111010100000001110001111011011000100000000001110001111111111
111101111111011110011111001111111010101101101111111100101111011110001101011100111111111111111000010011111011100111111111100011110011111110000001001111011101111000000011111110000111101111101100010000001110111111111100000001110110000000111110111110111101110001011100001111111110100000011111001111011011111111110011111110111111111111
111101111111011110011110001111111010101100101001111001100111111000000000111001011000000001101010100010011000000011110111100010000001111110000000000111000000111001000011000000000011010011100000000000000000001001111100000001100010000000111100111000011000110000011100001111111010100000001110001111011011000100000000001110001111111111
111101111111011110011111001111111110101101101001111001100111111000000000111011111000100001110000000010011000000011111111100010000001111110000000000111011100111001000011111111000111100111111110000000001110111110111100000001100010000000111110111001010100110000011100001111111010100000001110001111011011000100000000001111001111111111
111101111011011110011111001111111010101101101001111001100111111000000000111001111000100001110000100010011000000011110111100010000001111110000000000111011100111001000011111110000111100111111110000000001110111110111100000000100010000000111110111000010100110000011100001111111010100000001110001111001011000100000000001110001111111111
111100000000001111001000000000001010000000000001111001100111111000000000111011011000100001110010100000011000000011110111100010000001111110000000000111000000111001000001000000000011010011100000000000000000001011111100000000100010000000111110111000011000100000000000000111100000000000000000000011001011000000000000001110001111111111
111101111111011110011111001111111010101100101001111001101111111000000000111011011000100001110010100010011000000011110111100010000001111110000000000111011100111101001011100000000011010011100000000000000000001011111100000001101010000000111110111000011000110000011100001111111010100000001110001111011011000100000000001110001111111111
111100000000001111001100000000001010000000001001111001100111111000000000111001011000100001110010100000011000000011110111100010000001111110000000000111000000111001100001000000000011010011100000000000000000001011111100000000100010000000111110111000011000100000000000000111100000000000000000000011001011000000000000001110001111111111
111100000000001111001100000000001010000000001001111001100111111000000000111001011000100001110010100000011000000011110111100010000001111110000000000111000000111001100001000000000011010011100000000000000000001011111100000000100010000000111110111000011000100000000000000111100000000000000000000011001011000000000000001110001111111111
111100000000001111000000000000001010000000000001111001101111101000000001000010011000000001100010100000100000000011110111100010000001111110000000000111000000111001000001000000000011010011100000000000000000001011111100000000100010000000111110111000011000100000000000000111100000000000000000000011001011000000000000001110001111111111
111110000000001111001000000000001010000000001001111001101111111000000000111010011000100001110010100000011000000011110111100010000001111110000000000111000100111001000011000000000011010011100000000000000000001001111100000001100010000000111100111000011000110000011100001111111010100000001110001111001011000100000000001110001111111111
111101111111011110011111001111111010101100101001111001101111111000000000111011011000100001110010100010011000000011110111100010000001111110000000000111011100111101101011000000000011010011100000000000000000001011111100000001101110000000111110111000010100110000011100001111111010100000001110001111011011000100000000001110001111111111
111101111111011110011010001111011010101100101001111001100111111000000000111001011000000001100010100010011000000011110111100010000001111110000000000111000000111001000001000000000011010011100000000000000000001011111100000000100010000000111110111000011000100000000000000111100000000000000000000011001011000000000000001110001111111111
111111111111011110011010001111011010111101100101111001100111111000000001111011011000100001100010100011111000000011110011100010000001111110000000000111001101111000100111011110000011101111110000100000000000001011111100000001101010000000111110111010011100110001011100001111111010100000001111001111011011111111110011111110111111111111
111101111111011110011010001111011010111101100101111001100111111000000001111011011000100001100010100011111000000011110011100010000001111110000000000111001101111000100111011110000011101111110000100000000000001011111100000001101010000000111110111010011100110001011100001111111010100000001111001111011011111111110011111110111111111111
111101111111011110011111001111011010101101101111111100101111011110001101011100111111111111111000010011111011100111111111100011110011111110000001001111011101111000000011111110000011101111101100010000001110111111111100000001110110000000111110111110111101110001011100001111111110100000011111001111011011111111110011111110111111111111
111101111111011110011111001111111010101100101001111001101111111000000000111011011000100001110010100010011000000011110111100010000001111110000000000111011100111101101011000000000011010011100000000000000000001001111100000001100010000000111110111000011000110000011100001111111010100000001110001111101011000100000000001110001111111111
111101111111011110011111001111111010101101101111111100101111011110001101011100111111111111111000010011111011100111111111100011110011111110000001001111011101111000000011111110000011101111101100010000001110111111111100000001110110000000111110111110111101110001011100001111111110100000011111001111011011111111110011111110111111111111
111101111111011110011111001111111010101100101001111001101111111000000000111011011000100001110010100010011000000011110111100010000001111110000000000111011100111101001011000000000011010111111110011000001110111111111100000001110010000000111110111110111101111100011100001111111110100000011111001111011011111111110011111110111111111111
111100000000001111001100000000001010000000001001111001100111111000000000111011011000100001110010100000011000000011110111100010000001111110000000000111000000111001000001000000000011010111100000000000000000001011111100000000100010000000111110111000011000100000000000000111100000000000000000000011001011000000000000001110001111111111
111101111111011110011110001111111010101100101001111001100111111000000000111011011000100001110010100000011000000011110111100010000001111110000000000111000000111000000001000000000011010011100000000000000000001011111100000000100010000000111110111000011000100000000000000111000000000000000000000011001011000000000000001110001111111111
111101111011011110011110001111111010101101101001111001100111111000000000111001111000100001110000100010011000000011111111100010000001111110000000000111011100111001000011111110000111100111111110000000001110111110111100000001100010000000111110111000010100110000011100001111111010100000001111001111011011111111110011111110111111111111
111101111111011110011111001111111010101100101001111001101111111000000000111011011000100001110010100000011000000011110111100010000001111110000000000111000000111001000011000000000011010011100000000000000000001001111100000001100110000000111100111000011000110000011100001111111010100000001110001111011011000100000000001110001111111111
111100000000001111001000000000001010000000000001111001100111111000000000111011011000100001110010100000011000000011110111100010000001111110000000000111000000111001000001000000000011010011100000000000000000001011111100000000100010000000111110111000011000100000000000000111100000000000000000000011001011000000000000001110001111111111
111101111111011110011111001111111010101101101001111001100111111000000000111011111000100001110000000010011000000011111111100010000001111110000000000111011100111001000011111111000111100111111110000000001110111110111100000001100010000000111110111001010100110000011100001111111010100000001110001111011011000100000000001111001111111111
111101111111011110011010001111011010101100101001111001100111111000000000111001011000000001100010100010011000000011110111100010000001111110000000000111000000111001000001000000000011010011100000000000000000001011111100000000100010000000111110111000011000100000000000000111100000000000000000000011001011000000000000001110001111111111
111101111111011110011111001111111010101101101001111001100111111000000000111011111000100001110000000010011000000011111111100010000001111110000000000111011100111001000011111111000111100111111110000000001110111110111100000001100010000000111110111001010100110000011100001111111010100000001110001111011011000100000000001111001111111111
111101111111011110011110001111111010101100101001111001100111111000000000111001011000000001101010100010011000000011110111100010000001111110000000000111000000111001000011000000000011010011100000000000000000001001111100000001100010000000111100111000011000110000011100001111111010100000001110001111011011000100000000001110001111111111
111101111111011110011111001111111010101100101001111001101111111000000000111011011000100001110010100010011000000011110111100010000001111110000000000111011100111101001011000000000011010111111110011000001110111111111100000001110010000000111110111110111101111100011100001111111110100000011111001111011011111111110011111110111111111111
111101111111011110011111001111111010101101101001111001100111111000000000111001111000100001110000100010011000000011110111100010000001111110000000000111011100111001000011111110000111100111111110000000001110111110111100000001100010000000111110111000010100110000011100001111111010100000001110001111001011000100000000001110001111111111
111100000000001111001100000000001010000000001001111001100111111000000000111011011000100001110010100000011000000011110111100010000001111110000000000111000000111001100001000000000011010011100000000000000000001011111100000000100010000000111110111000011000100000000000000111100000000000000000000011001011000000000000001110001111111111
111100000000001111000000000000001010000000000001111000101111101000000001000010011000000001100010100000100000000011110111100010000001111110000000000111000000111001000001000000000011010011100000000000000000001011111100000000100010000000111110111000011000100000000000000111100000000000000000000011001011000000000000001110001111111111
111101111111011110011010001111011010111101100101111001100111111000000001111011011000100001100010100011111000000011110011100010000001111110000000000111000000111001000001000000000011010011110000000000000000001011111100000000100010000000111110111000011000100000000000000111100000000000000000000011001011000000000000001110001111111111
111100000000001111000000000000001010000000000001111001101111101000000001000010011000000001100010100000100000000011110111100010000001111110000000000111000000111001000001000000000011010011100000000000000000001011111100000000100010000000111110111000011000100000000000000111100000000000000000000011001011000000000000001110001111111111
111100000000001111000000000000001010000000000001111001101111101000000001000010011000000001100010100000100000000011110111100010000001111110000000000111000000111001000001000000000011010011100000000000000000001011111100000000100010000000111110111000011000100000000000000111100000000000000000000011011011000000000000001110001111111111
111100000000001111001000000000001010000000001001111001100111111000000000111001011000100001111010100000011000000011110111100010000001111110000000000111011100111101001011000000000011010011100000000000000000001011111100000000100010000000111110111000011000100000000000000111100000000000000000000011001011000000000000001110001111111111
111101111111011110011111001111111010101101101111111100101111011110001101011100111111111111111000010011111011100111111111100011110011111110000001001111011101111000000011111110000111101111101100010000001110111111111100000001110110000000111110111110111101110001011100001111111110100000011111001111011011111111110011111110111111111111
111101111111011110011111001111111010101101101111111100101111011110001101011100111111111111111000010011111011100111111111100011110011111110000001001111011101111000000011111110000111101111101110000000001110111110111100000001100010000000111110111000010111110000011100001111111010100000001110001111011011000100000000001110001111111111
111101111111011110011110001111111010101100101001111001100111111000000000111001011000000001110010100000011000000011110111100010000001111110000000000111000000111001000011000000000011010011100000000000000000001001111100000001100010000000111100111000011000110000011100001111111010100000001110001111011011000100000000001110001111111111
111101111111011110011111001111111010101101101111111100101111011110001101011100111111111111111000010011111011100111111111100011110011111110000001001111011101111000000011111110000111111111101110000000001110111110111100000001100010000000111110111000010100110000011100001111111010100000001110001111011011000100000000001110001111111111
111101111111011110011110001111111010101100101001111001100111111000000000111001011000000001101010100010011000000011110111100010000001111110000000000111000000111001000011000000000011010011100000000000000000001001111100000001100010000000111100111000011000110000011100001111111010100000001110001111011011000100000000001110001111111111
111101111111011110011110001111111010101100101001111001100111111000000000111001011000000001110010100000011000000011110111100010000001111110000000000111000000111001000011000000000011010011100000000000000000001001111100000001100010000000111100111000011000110000011100001111111010100000001110001111011011000100000000001110001111111111
111100000000001111001000000000001010000000001001111001100111111000000000111001011000100001111010100000011000000011110111100010000001111110000000000111011100111101001011000000000011010011100000000000000000001011111100000000100010000000111110111000011000100000000000000111100000000000000000000011001011000000000000001110001111111111
111100000000001111001000000000001010000000001001111001100111111000000000111001011000100001111010100000011000000011110111100010000001111110000000000111011100111101001011000000000011010011100000000000000000001011111100000000100010000000111110111000011000100000000000000111100000000000000000000011001011000000000000001110001111111111
111101111111011110011111001111111010101100101001111001101111111000000000111011011000100001110010100000011100000011110111100010000001111110000000000111000000111001000011000000000011010011100000000000000000001001111100000001100010000000111100111000011000110000011100001111111010100000001110001111111011000100000000001110001111111111
111101111111011110011110001111111010101100101001111001100011111000000000111011011000100001110010100000011000000011110111100010000001111110000000000111000000111001000001000000000011010011100000000000000000001011111100000000100010000000111110111000011000100000000000000111100000000000000000000011001011000100000000001110001111111111
111101111111011110011111001111111010101101101001111001100111111000000000111011111000100001110000000010011000000011111111100010000001111110000000000111011100111001000011111111000111100111101110000000001110111110111100000001100010000000111110111001010100110000011100001111111010100000001110001111011011000100000000001110001111111111
111101111111011110011111001111111010101100101001111001101111111000000000111011011000100001110010100010011000000011110111100010000001111110000000000111011100111101101011000000000011010011100000000000000000001001111100000001100010000000111110111000010000110000011100001111111010100000001110001111001011000100000000001110001111111111
111101111111011110011111001111111010101101101001111001100111111000000000111011111000100001110000000010011000000011111111100010000001111110000000000111011100111001000011111111000111100111111110000000001110111110111100000001100010000000111110111001010100110000011100001111111010100000001110001111011011000100000000001111001111111111
111101111111011110011110001111011010101100101001111001100111111000000000111001011000000001100010100010011000000011110111100010000001111110000000000111001100111001000001000000000011010011100000000000000000001001111100000001100010000000111100111000011000110000011100001111011010100000001110001111011010000100000000001110001111111111
111101111111011110011010001111011010101100101001111001100111111000000000111001011000000001100010100010011000000011110111100010000001111110000000000111000000111001000001000000000011010011100000000000000000001011111100000000100010000000111110111000011000100000000000000111100000000000000000000011001011000000000000001110001111111111
111101111111011110011111001111011010101101101111111100101111011110001101011100111111111111111000010011111011100111111111100011110011111110000001001111011101111000000011111110000011101111101100010000001110111111111100000001110110000000111110111110111101110001011100001111111110100000011111001111011011111111110011111110111111111111
111101111111011110011111001111111010101101101001111001100111111000000000111011111000100001110000000010011000000011111111100010000001111110000000000111011100111001000011111111000111100111111110000000001110111110111100000001100010000000111110111001010100110000011100001111111010100000001110001111011011000100000000001111001111111111
111101111111011110011111001111111010101100101001111001101111111000000000111011011000100001110010100000011000000011110111100010000001111110000000000111000000111001000011000000000011010011100000000000000000001001111100000001100110000000111100111000011000110000011100001111111010100000001110001111011011000100000000001110001111111111
111101111111011110011110001111111010101100101001111001100111111000000000111001011000000001110010100000011000000011110111100010000001111110000000000111000000111001000011000000000011010011100000000000000000001001111100000001100010000000111100111000011000110000011100001111111010100000001110001111011011000100000000001110001111111111
111101111111011111011111001111011010101111100101111001100111111000000000111011011000100001100010100011111100000011111111100010000001111110000000000111001101111000100111011110000011100111111110011000001110111111111100000001110010000000111110111110111101111001011100001111111110100000011111001111011011111111110011111110111111111111
111101111111011110011111001111111010101101101001111001100111111000000000111001111100100001110000100010011000000011110111100010000001111110000000000111011100111001000011111110000111100111111110000000001110111110111100000001100010000000111110111000010100110000011100001111111010100000001110001111001011000100000000001110001111111111
111101111111011110011111001111111010101100101001111001101111111000000000111011011000100001110010100000011100000011110111100010000001111110000000000111000000111001000011000000000011010011100000000000000000001001111100000001100010000000111100111000011000110000011100001111111010100000001110001111111011000100000000001110001111111111
111101111111011110011111001111111010101100101001111001101111111000000000111011011000100001111010100010011000000011110111100010000001111110000000000111011110111101101011000000000011010011100000000000000000001011111100000001100110000000111110111000011100110000011100001111111010100000001110001111011111000100000000001110101111111111
111101111111011111011111001111011010101111100101111001100011111000000000111011011000100001100010100011111100000011111111100010000001111110000000000111000000111001000011000000000011010011100000000000000000001001111100000001100010000000111100111000011000110000011100001111111010100000001110001111011011000100000000001110001111111111
111101111111011110011111001111111010101100101001111001101111111000000000111011011000100001110010100010011000000011110111100010000001111110000000000111011100111101101011000000000011010011100000000000000000001011111100000001101110000000111110111000010100110000011100001111111010100000001110001111011011000100000000001110001111111111
111100000000001111001000000000001010000000000001111001100111111000000000111011011000100001110010100000011000000011110111100010000001111110000000000111000000111001000001000000000011010011100000000000000000001011111100000000100010000000111110111000011000100000000000000111100000000000000000000011001011000000000000001110001111111111
111101111111011110011110001111011010101100101001111001100111111000000000111001011000000001100010100010011000000011110111100010000001111110000000000111001100111001000001000000000011010011100000000000000000001001111100000001100010000000111100111000011000110000011100001111011010100000001110001111011010000100000000001110001111111111
111101111111011110011111001111111010101100101001111001101111111000000000111011011000100001110010100000011000000011110111100010000001111110000000000111000000111001000011000000000011010011100000000000000000001001111100000001100110000000111100111000011000110000011100001111111010100000001110001111011011000100000000001110001111111111
111101111011011110011111001111111010101101101001111001100111111000000000111011011000100001110010100000011000000011110111100010000001111110000000000111000000111001000001000000000011010011100000000000000000001011111100000000100010000000111110111000011000100000000000000111100000000000000000000011001011000100000000001110001111111111
111101111111011110011110001111111010101100101001111001100111111000000000111001011000000001101010100010011000000011110111100010000001111110000000000111000000111001000011000000000011010011100000000000000000001001111100000001100010000000111100111000011000110000011100001111111010100000001110001111011011000100000000001110001111111111
111100000000001111000000000000001010000000000001111000101111101000000001000010011000000001100010100000100000000011110111100010000001111110000000000111000000111001000001000000000011010011100000000000000000001011111100000000100010000000111110111000011000100000000000000111100000000000000000000011001011000000000000001110001111111111
111101111111011110011110001111111010101100101001111001100111111000000000111011011000100001110010100000011000000011110111100010000001111110000000000111000000111000000001000000000011010011100000000000000000001011111100000000100010000000111110111000011000100000000000000111100000000000000000000011001011000000000000001110001111111111
111101111111011111011111001111111010101111100101111001101111111000000000111011011000100001100000100011111100000011110111100010000001111110000000000111001101111000100111011111000011101111111110011000001110111111111100000001110010000000111110111110111101111001011100001111111110100000011111001111011011111111110011111110111111111111
111110000000001111001000000000001010000000001001111001100111111000000000111010011000100001110010100000011000000011110111100010000001111110000000000111000100111001000011000000000011010011100000000000000000001001111100000001100010000000111100111000011000110000011100001111111010100000001110001111001011000100000000001110001111111111
111100000000001111001000000000001010000000000001111001100111111000000000111011011000100001110010100000011000000011110111100010000001111110000000000111000000111001000001000000000011010011100000000000000000001011111100000000100010000000111110111000011000100000000000000111100000000000000000000011001011000000000000001110001111111111
111101111111011110011111001111011010101101101111111100101111011110001101011100111111111111111000010011111011100111111111100011110011111110000001001111011101111000000011111110000011101111101100010000001110111111111100000001110110000000111110111110111101110001011100001111111110100000011111001111011011111111110011111110111111111111
111101111111011110011111001111111010101101101001111001100111111000000000111011111000100001110000000010011000000011111111100010000001111110000000000111011100111001000011111111000111100111111110000000001110111110111100000001100010000000111110111001010100110000011100001111111010100000001110001111011011000100000000001111001111111111
111101111111011110011110001111111010101100101001111001100111111000000000111011011000100001110010100000011000000011110111100010000001111110000000000111000000111000000001000000000011010011100000000000000000001011111100000000100010000000111110111000011000100000000000000111100000000000000000000011001011000000000000001110001111111111
111101111111011110011110001111111010101100101001111001100111111000000000111001011000000001110010100000011000000011110111100010000001111110000000000111000000111001000011000000000011010011100000000000000000001001111100000001100010000000111100111000011000110000011100001111111010100000001110001111011011000100000000001110001111111111
111101111111011110011110001111111010101100101001111001100111111000000000111001011000000001101010100010011000000011110111100010000001111110000000000111000000111001000011000000000011010011100000000000000000001001111100000001100010000000111100111000011000110000011100001111111010100000001110001111011011000100000000001110001111111111
111101111111011110011110001111111010101100101001111001100111111000000000111001011000000001101010100010011000000011110111100010000001111110000000000111000000111001000011000000000011010011100000000000000000001001111100000001100010000000111100111000011000110000011100001111111010100000001110001111011011000100000000001110001111111111
111101111111011110011010001111011010101100101001111001100111111000000000111001011000000001100010100010011000000011110111100010000001111110000000000111000000111001000001000000000011010011100000000000000000001011111100000000100010000000111110111000011000100000000000000111100000000000000000000011001011000000000000001110001111111111
111101111111011111011111001111011010101111100101111001100111111000000000111011011000100001100010100011111100000011111111100010000001111110000000000111001101111000100111011110000011100111111110011000001110111111111100000001110010000000111110111110111101111001011100001111111110100000011111001111011011111111110011111110111111111111
111101111111011111011111001111111010101111100101111001101111111000000000111011011000100001100010100011111100000011110111100010000001111110000000000111001101111000100111011111000011100111111110011000001110111111111100000001110010000000111110111110111101111001011100001111111110100000011111001111011011111111110011111110111111111111
111101111111011110011110001111111010101100101001111001100111111000000000111001011000000001110010100000011000000011110111100010000001111110000000000111000000111001000011000000000011010011100000000000000000001001111100000001100010000000111100111000011000110000011100001111111010100000001110001111011011000100000000001110001111111111
111101111111011110011111001111111010101100101001111001101111111000000000111011011000100001111010100010011000000011110111100010000001111110000000000111000000111001000011000000000011010011100000000000000000001001111100000001100010000000111100111000011000110000011100001111111010100000001110001111011011000100000000001110001111111111
111111111111011110011010001111011010111101100101111001100111111000000001111011011000100001100010100011111000000011110011100010000001111110000000000111001101111000100111011110000011101111110000100000000000001011111100000001101010000000111110111010011100110001011100001111111010100000001111001111011011111111110011111110111111111111
111101111111011110011111001111111010101101101001111001100111111000000000111011111000100001110010100010011000000011110111100010000001111110000000000111011100111001000111011110000111100111111110000000001110111110111100000001100011100100111110111111111010110011001100001111111110101100001111001111011011111111110011111110111111111111
111101111111011110011110001111011010101100101001111001100111111000000000111001011000000001101010100010011000000011110111100010000001111110000000000111000000111001000011000000000011010011100000000000000000001001111100000001100010000000111100111000011000110000011100001111111010100000001110001111011011000100000000001110001111111111
111100000000001111000000000000001010000000000001111000101111101000000001000010011000000001100010100000100000000011110111100010000001111110000000000111000000111001000001000000000011010011100000000000000000001011111100000000100010000000111110111000011000100000000000000111100000000000000000000011001011000000000000001110001111111111
111100000000001111000000000000001010000000000001111000101111101000000001000010011000000001100010100000100000000011110111100010000001111110000000000111000000111001000001000000000011010011100000000000000000001011111100000000100010000000111110111000011000100000000000000111100000000000000000000011001011000000000000001110001111111111
111101111111011110011110001111111010101100101001111001100111111000000000111011011000100001110010100000011000000011110111100010000001111110000000000111000000111000000001000000000011010011100000000000000000001011111100000000100010000000111110111000011000100000000000000111100000000000000000000011001011000000000000001110001111111111
111101111111011110011111001111111010101101101111111100101111011110001101011100111111111111111000010011111011100111111111100011110011111110000001001111011101111000000011111110000111101111101110000000001110111110111100000001100010000000111110111000010100110000011100001111111010100000001110001111011011000100000000001110001111111111
111101111111011110011110001111111010101100101001111001100111111000000000111011011000100001110010100000011000000011110111100010000001111110000000000111000000111000000001000000000011010011100000000000000000001011111100000000100010000000111110111000011000100000000000000111100000000000000000000011001011000000000000001110001111111111
111101111111011110011110001111111010101100101001111001100111111000000000111011011000100001110010100000011000000011110111100010000001111110000000000111000000111000000001000000000011010011100000000000000000001011111100000000100010000000111110111000011000100000000000000111100000000000000000000011001011000000000000001110001111111111
111101111111011110011111001111111010101101101111111100101111011110001101011100111111111111111000010011111011100111111111100011110011111110000001001111011101111000000011111110000011101111101100010000001110111111111100000001110110000000111110111110111101110001011100001111111110100000011111001111011011111111110011111110111111111111
111101111111011110011110001111111010101100101001111001100111111000000000111011011000100001110010100000011000000011110111100010000001111110000000000111000000111000000001000000000011010011100000000000000000001011111100000000100010000000111110111000011000100000000000000111000000000000000000000011001011000000000000001110001111111111
111101111011011110011111001111111010101101101001111001100111111000000000111001111000100001110000100010011000000011110111100010000001111110000000000111011100111001000011111110000111100111111110000000001110111110111100000000100010000000111110111000010100110000011100001111111010100000001110001111001011000100000000001110001111111111
111101111111011111011111001111011010101111100101111001100111111000000000111011011000100001100010100011111100000011111111100010000001111110000000000111001101111000100111011110000011100111111110011000001110111111111100000001110010000000111110111110111101111001011100001111111110100000011111001111011011111111110011111110111111111111
111101111111011111011111001111011010101111100101111001100111111000000000111011011000100001100010100011111100000011111111100010000001111110000000000111001101111000100111011110000011100111111110011000001110111111111100000001110010000000111110111110111101111001011100001111111110100000011111001111011011111111110011111110111111111111
111101111111011110011110001111111010101100101001111001100111111000000000111001011000000001110010100000011000000011110111100010000001111110000000000111000000111001000011000000000011010011100000000000000000001001111100000001100010000000111100111000011000110000011100001111111010100000001110001111011011000100000000001110001111111111
111101111111011110011111001111111010101101101111111100101111011110001101011100111111111111111000010011111011100111111111100011110011111110000001001111011101111000000011111110000111101111101110000000001110111110111100000001100010000000111110111000010100110000011100001111111010100000001110001111011011000100000000001110001111111111
111101111011011110011111001111111010101101101001111001100111111000000000111001111000100001110000100010011000000011110111100010000001111110000000000111011100111001000011111110000111100111111110000000001110111110111100000001100010000000111110111000010100110000011100001111111010100000001110001111001011000100000000001110001111111111
111101111111011110011110001111111010101100101001111001100111111000000000111001011000000001101010100010011000000011110111100010000001111110000000000111000000111001000011000000000011010011100000000000000000001001111100000001100010000000111100111000011000110000011100001111111010100000011111001111011011111111110011111110111111111111
111101111111011110011111001111111010101101101111111100101111011110001101011100111111111111111000010011111011100111111111100011110011111110000001001111011101111000000011111110000111101111101110000000001110111110111100000001100010000000111110111000010100110000011100001111111010100000001110001111011011000100000000001110001111111111
111101111111011110011111001111111010101101101001111001100111111000000000111011111000100001110000000010011000000011111111100010000001111110000000000111011100111001000011111111000111100111111110000000001110111110111100000001100010000000111110111001010100110000011100001111111010100000001110001111011011000100000000001111001111111111
111101111111011110011110001111111010101100101001111001100111111000000000111001011000000001101010100010011000000011110111100010000001111110000000000111000000111001000011000000000011010011100000000000000000001001111100000001100010000000111100111000011000110000011100001111111010100000001110001111011011000100000000001110001111111111
111100000000001111001100000000001010000000001001111001100111111000000000111001011000100001110010100000011000000011110111100010000001111110000000000111000000111001100001000000000011010011100000000000000000001011111100000000100010000000111110111000011000100000000000000111100000000000000000000011001011000000000000001110001111111111
111100000000001111001100000000001010000000001001111001100111111000000000111011011000100001110010100000011000000011110111100010000001111110000000000111000000111001000001000000000011010011100000000000000000001111111100000000100010000000111110111000011000100000000000000111100000000000000000000011001011000000000000001110001111111111
111101111011011110011111001111111010101101101001111001100111111000000000111001111000100001110000100010011000000011110111100010000001111110000000000111011100111001000011111110000111100111111110000000001110111110111100000001100010000000111110111000010100110000011100001111111010100000001110001111001011000100000000001110001111111111
111101111011011110011111001111111010101101101001111001100111111000000000111001111000100001110000100010011000000011110111100010000001111110000000000111011100111001000011111110000111100111111110000000001110111110111100000001100010000000111110111000010100110000011100001111111010100000001110001111001011000100000000001110001111111111
111101111111011110011111001111111010101101101001111001100111111000000000111011111000100001110000000010011000000011111111100010000001111110000000000111011100111001000011111111000111100111111110000000001110111110111100000001100010000000111110111001010100110000011100001111111010100000001110001111011011000100000000001111001111111111
111110000000001111001000000000001010000000001001111001101111111000000000111010011000100001110010100000011000000011110111100010000001111110000000000111000100111001000011000000000011010011100000000000000000001001111100000001100010000000111100111000011000110000011100001111111010100000001110001111001011000100000000001110001111111111
111101111111011110011111001111111010101100101001111001101111111000000000111011011000100001110010100010011000000011110111100010000001111110000000000111011100111101001011000000000011010111111110011000001110111111111100000001110010000000111110111110111101111100011100001111111110100000011111001111011011111111110011111110111111111111
111101111111011110011111001111111010101101101001111001100111111000000000111011111000100001110010100010011000000011110111100010000001111110000000000111011100111001000011111110000111100111111110000000001110111110111100000001100010000000111110111000010100110000001100001111111010100000001110001111011011000100000000001110001111111111
111101111011011110011111001111111010101101101001111001100111111000000000111001111000100001110000100010011000000011110111100010000001111110000000000111011100111001000011111110000111100111111110000000001110111110111100000001100110000000111110111000010100110000011100001111111010100000001110001111001011000100000000001110001111111111
111101111111011110011111001111111010101101101001111001100111111000000000111011111000100001110000000010011000000011111111100010000001111110000000000111011100111001000011111111000111100111111110000000001110111110111100000001100010000000111110111001010100110000011100001111111010100000001110001111011011000100000000001111001111111111
111110000000001111001000000000001010000000001001111001100111111000000000111010011000100001110010100000011000000011110111100010000001111110000000000111000100111001000011000000000011010011100000000000000000001001111100000001100010000000111100111000011000110000011100001111111010100000001110001111001011000100000000001110001111111111
111101111111011110011110001111111010101100101001111001100111111000000000111011011000100001110010100000011000000011110111100010000001111110000000000111000000111000000001000000000011010011100000000000000000001011111100000000100010000000111110111000011000100000000000000111100000000000000000000011001011000000000000001110001111111111
111101111111011110011111001111111010101101101001111001100111111000000000111011111000100001110000000010011000000011111111100010000001111110000000000111011100111001000011111111000111100111111110000000001110111110111100000001100010000000111110111001010100110000011100001111111010100000001110001111011011000100000000001111001111111111
111101111111011110011111001111111010101101101001111001100111111000000000111011111000100001110000000010011000000011111111100010000001111110000000000111011100111001000011111111000111100111111110000000001110111110111100000001100010000000111110111001010100110000011100001111111010100000001110001111011011000100000000001111001111111111
111100000000001111001100000000001010000000001001111001100111111000000000111011011000100001110010100000011000000011110111100010000001111110000000000111000000111001000001000000000011010111100000000000000000001011111100000000100010000000111110111000011000100000000000000111100000000000000000000011001011000000000000001110001111111111
111101111011011110011111001111111010101101101001111001100111111000000000111001111000100001110000100010011000000011110111100010000001111110000000000111011100111001000011111110000111100111111110000000001110111110111100000001100010000000111110111000010100110000011100001111111010100000001110001111001011000100000000001110001111111111
111101111111011111011111001111111011101101111111111100101111011110001101011100011111111111111000010011111011110111111111100111110111111110000001001111011101111000000111111110000111100111111100010000001110111111111100000001100010000100111110111011111101111001011100001111111110100000011111001111011011111111110011111110111111111111
111101111011011110011111001111111010101101101001111001100111111000000000111001111000100001110000100010011000000011110111100010000001111110000000000111011100111001000011111110000111100111111110000000001110111110111100000001100010000000111110111000010100110000011100001111111010100000001110001111001011000100000000001110001111111111
111110000000001111001000000000001010000000001001111001100111111000000000111010011000100001110010100000011000000011110111100010000001111110000000000111000100111001000011000000000011010011100000000000000000001001111100000001100010000000111100111000011000110000011100001111111010100000001110001111001011000100000000001110001111111111
111101111111011110011111001111111010101101101111111100101111011110001101011100111111111111111000010011111011100111111111100011110011111110000001001111011101111000000011111110000111101111101110000000001110111110111100000001100010000000111110111000010100110000011100001111111010100000001110001111011011000100000000001110001111111111
111101111111011110011111001111111010101100101001111001101111111000000000111011011000100001110010100010011000000011110111100010000001111110000000000111011100111101101011000000000011010011100000000000000000001011111100000001101110000000111110111000010100110000011100001111111010100000001110001111011011000100000000001110001111111111
111101111111011110011110001111111010101100101001111001100111111000000000111011011000100001110010100000011000000011110111100010000001111110000000000111000000111000000001000000000011010011100000000000000000001011111100000000100010000000111110111000011000100000000000000111100000000000000000000011001011000000000000001110001111111111
111110000000001111001000000000001010000000001001111001100111111000000000111010011000100001110010100000011000000011110111100010000001111110000000000111000100111001000011000000000011010011100000000000000000001001111100000001100010000000111100111000011000110000011100001111111010100000001110001111001011000100000000001110001111111111
111110000000001111001000000000001010000000001001111001100111111000000000111010011000100001110010100000011000000011110111100010000001111110000000000111000100111001000011000000000011010011100000000000000000001001111100000001100010000000111100111000011000110000011100001111111010100000001110001111001011000100000000001110001111111111
111101111011011110011111001111111010101101101001111001100111111000000000111001111000100001110000100010011000000011110111100010000001111110000000000111011100111001000011111110000111100111111110000000001110111110111100000001100010000000111110111000010100110000011100001111111010100000001110001111001011000100000000001110001111111111
111101111111011110011110001111111010101100101001111001100111111000000000111001011000000001101010100010011000000011110111100010000001111110000000000111000000111001000011000000000011010011100000000000000000001001111100000001100010000000111100111000011000110000011100001111111010100000001110001111011011000100000000001110001111111111
111101111111011110011110001111111010101100101001111001100111111000000000111011011000100001110010100000011000000011110111100010000001111110000000000111000000111000000001000000000011010011100000000000000000001011111100000000100010000000111110111000011000100000000000000111100000000000000000000011001011000000000000001110001111111111
111101111111011110011110001111111010101100101001111001100111111000000000111011011000100001110010100000011000000011110111100010000001111110000000000111000000111000000001000000000011010011100000000000000000001011111100000000100010000000111110111000011000100000000000000111000000000000000000000011001011000000000000001110001111111111
111000000000001111000000000000001010000000000001111001101111101000000001000010011000000001100010100000100000000011110111100010000001111110000000000111000000111001000001000000000011010011100000000000000000001011111100000000100010000000111110111000011000100000000000000111100000000000000000000011001011000000000000001110001111111111
111100000000001111001100000000001010000000001001111001100111111000000000111111011000100001110010100000011000000011110111100010000001111110000000000111000000111001000001000000000011010011100000000000000000001011111100000000100010000000111110111000011000100000000000000111100000000000000000000011001011000000000000001110001111111111
111101111111011110011110001111111010101100101001111001100111111000000000111001011000000001101010100010011000000011110111100010000001111110000000000111000000111001000011000000000011010011100000000000000000001001111100000001100010000000111100111000011000110000011100001111111010100000001110001111011011000100000000001110001111111111
111101111111011110011111001111111010101101101111111100101111011110001101011100111111111111111000010011111011100111111111100011110011111110000001001111011101111000000011111110000011101111101100010000001110111111111100000001110110000000111110111110111101110001011100001111111110100000011111001111011011111111110011111110111111111111
111101111011011110011111001111111010101101101001111001100111111000000000111001111000100001110000100010011000000011110111100010000001111110000000000111011100111001000011111110000111100111111110000000001110111110111100000001100010000000111110111000010100110000011100001111111010100000001110001111001011000100000000001110001111111111
111101111111011110011111001111111010101101101001111001100111111000000000111001111000100001110000100010011000000011110111100010000001111110000000000111011100111001000011111110000111100111111110000000001110111110111100000001100010000000111110111000010100110000011100001111111010100000001110001111001011000100000000001110001111111111
111100000000001111001000000000001010000000000001111001100111111000000000111011011000100001110010100000011000000011110111100010000001111110000000000111000000111001000001000000000011010011100000000000000000001011111100000000100010000000111110111000011000100000000000000111100000000000000000000011001011000000000000001110001111111111
111101111111011110011111001111111010101100101001111001101111111000000000111011011000100001111010100010011000000011110111100010000001111110000000000111011110111101101011000000000011010011100000000000000000001011111100000001100110000000111110111000011100110000011100001111111010100000001110001111011111000100000000001110101111111111
111101111111011110011110001111111010101100101001111001100111111000000000111011011000100001110010100000011000000011110111100010000001111110000000000111000000111000000001000000000011010011100000000000000000001011111100000000100010000000111110111000011000100000000000000111100000000000000000000011001011000000000000001110001111111111
111101111111011110011111001111111010101100101001111001101111111000000001111011011000100001100111100011111000000011110011100010000001111110000000000111001101111000101111011110000011101111110000100000000000001011111100000001111010000000111110111011011100110001011100001111111010110000001111001111011011111111110011111110111111111111
111101111111011110011110001111111010101100101001111001100111111000000000111001011000000001110010100000011000000011110111100010000001111110000000000111000000111001000011000000000011010011100000000000000000001001111100000001100010000000111100111000011000110000011100001111111010100000001110001111011011000100000000001110001111111111
111100000000001111000000000000001010000000000001111001101111101000000001000010011000000001100010100000100000000011110111100010000001111110000000000111000000111001000001000000000011010011100000000000000000001011111100000000100010000000111110111000011000100000000000000111100000000000000000000011001011000000000000001110001111111111
111101111111011110011111001111111010101100101001111001101111111000000000111011011000100001110010100010011000000011110111100010000001111110000000000111011100111101101011000000000011010011100000000000000000001001111100000001100010000000111110111000010000110000011100001111111010100000001110001111001011000100000000001110001111111111
111101111111011110011111001111111010101100101001111001101111111000000000111011011000100001110010100010011000000011110111100010000001111110000000000111011100111101001011000000000011010011100000000000000000001001111100000001100110000000111110111000011000110000011100001111011010100000001110001111001011000100000000001110001111111111
111101111111011110011110001111111010101100101001111001100111111000000000111011011000100001110010100000011000000011110111100010000001111110000000000111000000111000000001000000000011010011100000000000000000001011111100000000100010000000111110111000011000100000000000000111100000000000000000000011001011000000000000001110001111111111
111101111111011110011110001111111010101100101001111001100111111000000000111001011000000001110010100000011000000011110111100010000001111110000000000111000000111001000011000000000011010011100000000000000000001001111100000001100010000000111100111000011000110000011100001111111010100000001110001111011011000100000000001110001111111111
111100000000001111000000000000001010000000000001111001101111101000000001000010011000000001100010100000100000000011110111100010000001111110000000000111000000111001000001000000000011010011100000000000000000001011111100000000100010000000111110111000011000100000000000000111100000000000000000000011001011000000000000001110001111111111
111101111111011110011110001111111010101100101001111001100011111000000000111011011000100001110010100000011000000011110111100010000001111110000000000111000000111001000001000000000011010011100000000000000000001011111100000000100010000000111110111000011000100000000000000111100000000000000000000011001011000100000000001110001111111111
111110000000001111001000000000001010000000001001111001100111111000000000111010011000100001110010100000011000000011110111100010000001111110000000000111000100111001000011000000000011010011100000000000000000001001111100000001100010000000111100111000011000110000011100001111111010100000001110001111001011000100000000001110001111111111
111100000000001111000000000000001010000000000001111001101111101000000001000010011000000001100010100000100000000011110111100010000001111110000000000111000000111001000001000000000011010011100000000000000000001011111100000000100010000000111110111000011000100000000000000111100000000000000000000011001011000000000000001110001111111111
111110000000001111001000000000001010000000001001111001100111111000000000111010011000100001110010100000011000000011110111100010000001111110000000000111000100111001000011000000000011010011100000000000000000001001111100000001100010000000111100111000011000110000011100001111111010100000001110001111001011000100000000001110001111111111
111100000000001111000000000000001010000000000001111001101111101000000001000010011000000001100010100000100000000011110111100010000001111110000000000111000000111001000001000000000011010011100000000000000000001011111100000000100010000000111110111000011000100000000000000111100000000000000000000011001011000000000000001110001111111111
111101111011011110011111001111111010101101101001111001100111111000000000111001111000100001110000100010011000000011110111100010000001111110000000000111011100111001000011111110000111100111111110000000001110111110111100000001100010000000111110111000010100110000011100001111111010100000001110001111001011000100000000001110001111111111
111101111111011110011111001111111010101100101001111001101111111000000000111011011000100001110010100000011000000011110111100010000001111110000000000111000000111001000001000000000011010011100000000000000000001011111100000000100010000000111110111000011100100000000000000111100000000000000000000011011011000000000000001110001111111111
111100000000001111001000000000001010000000000001111001100111111000000000111011011000100001110010100000011000000011110111100010000001111110000000000111000000111001000001000000000011010011100000000000000000001011111100000000100010000000111110111000011000100000000000000111100000000000000000000011001011000000000000001110001111111111
111101111111001110011111001111111010101100101001111001101111111000000000111011011000100001110010100010011000000011110111100010000001111110000000000111011100111101101011000000000011010011100000000000000000001011111100000001101110000000111110111000011101110000011100001111111010100000011111001111011011111111110011111110111111111111
111101111111011110011111001111111010101101101111111100101111011110001101011100111111111111111000010011111011100111111111100011110011111110000001001111011101111000000011111110000111101111101110000000001110111110111100000001100010000000111110111000010100110000011100001111111010100000001110001111011011000100000000001110001111111111
111100000000001111000000000000001010000000000001111001101111101000000001000010011000000001100010100000100000000011110111100010000001111110000000000111000000111001000001000000000011010011100000000000000000001011111100000000100010000000111110111000011000100000000000000111100000000000000000000011001011000000000000001110001111111111
111101111111011110011110001111111010101100101001111001100111111000000000111011011000100001110010100000011000000011110111100010000001111110000000000111000000111000000001000000000011010011100000000000000000001011111100000000100010000000111110111000011000100000000000000111100000000000000000000011001011000000000000001110001111111111
111101111111011110011110001111111010101100101001111001100111111000000000111001011000000001101010100010011000000011110111100010000001111110000000000111000000111001000011000000000011010011100000000000000000001001111100000001100010000000111100111000011000110000011100001111111010100000001110001111011011000100000000001110001111111111
111100000000001111000000000000001010000000000001111001101111101000000001000010011000000001100010100000100000000011110111100010000001111110000000000111000000111001000001000000000011010011100000000000000000001011111100000000100010000000111110111000011000100000000000000111100000000000000000000011001011000000000000001110001111111111
111101111111011110011110001111111010101100101001111001100111111000000000111011011000100001110010100000011000000011110111100010000001111110000000000111000000111000000001000000000011010011100000000000000000001011111100000000100010000000111110111000011000100000000000000111100000000000000000000011001011000000000000001110001111111111
111100000000001111000000000000001010000000000001111000101111101000000001000010011000000001100010100000100000000011110111100010000001111110000000000111000000111001000001000000000011010011100000000000000000001011111100000000100010000000111110111000011000100000000000000111100000000000000000000011001011000000000000001110001111111111
111101111111011110011111001111111010101100101001111001101111111000000000111010011000100001110010100000011000000011110111100010000001111110000000000111000000111001000011000000000011010011100000000000000000001001111100000001100010000000111100111000011000110000011100001111111010100000001110001111011011000100000000001110001111111111
111110000000001111001000000000001010000000001001111001100111111000000000111010011000100001110010100000011000000011110111100010000001111110000000000111000100111001000011000000000011010011100000000000000000001001111100000001100010000000111100111000011000110000011100001111111010100000001110001111001011000100000000001110001111111111
111101111011011110011111001111111010101101101001111001100111111000000000111001111000100001110000100010011000000011110111100010000001111110000000000111011100111001000011111110000111100111111110000000001110111110111100000001100010000000111110111000010100110000011100001111111010100000001110001111001011000100000000001110001111111111
111100000000001111000000000000001010000000000001111001101111101000000001000010011000000001100010100000100000000011110111100010000001111110000000000111000000111001000001000000000011010011100000000000000000001011111100000000100010000000111110111000011000100000000000000111100000000000000000000011001011000000000000001110001111111111
111100000000001111000000000000001010000000000001111001101111101000000001000010011000000001100010100000100000000011110111100010000001111110000000000111000000111001000001000000000011010011100000000000000000001011111100000000100010000000111110111000011000100000000000000111100000000000000000000011001011000000000000001110001111111111
111100000000001111000000000000001010000000000001111001101111101000000001000010011000000001100010100000100000000011110111100010000001111110000000000111000000111001000001000000000011010011100000000000000000001011111100000000100010000000111110111000011000100000000000000111100000000000000000000011001011000000000000001110001111111111
111101111111011110011111001111111010111100101001111001101111111000000000111011011000100001110010100000011000000011110111100010000001111110000000000111000000111001000001000000000011010011100000000000000000001011111100000000100010000000111110111000011000100000000000000111100000000000000000000011001011000000000000001110001111111111
111101111111011110011111001111111010101101101001111001100111111000000000111011111000100001110000000010011000000011111111100010000001111110000000000111011100111001000011111111000111100111111110000000001110111110111100000001100010000000111110111001010100110000011100001111111010100000001110001111011011000100000000001111001111111111
111100000000001111000000000000001010000000000001111001101111101000000001000010011000000001100010100000100000000011110111100010000001111110000000000111000000111001000001000000000011010011100000000000000000001011111100000000100010000000111110111000011000100000000000000111100000000000000000000011001011000000000000001110001111111111
111100000000001111000000000000001010000000000001111001101111101000000001000010011000000001100010100000100000000011110111100010000001111110000000000111000000111001000001000000000011010011100000000000000000001011111100000000100010000000111110111000011000100000000000000111100000000000000000000011001011000000000000001110001111111111
111100000000001111000000000000001010000000000001111001101111101000000001000010011000000001100010100000100000000011110111100010000001111110000000000111000000111001000001000000000011010011100000000000000000001011111100000000100010000000111110111000011000100000000000000111100000000000000000000011001011000000000000001110001111111111
111101111111011111011111001111011010101111100101111001100111111000000000111011011000100001100010100011111100000011111111100010000001111110000000000111001101111000100111011110000011100111111110011000001110111111111100000001110010000000111110111110111101111001011100001111111110100000011111001111011011111111110011111110111111111111
111100000000001111000000000000001010000000000001111001101111101000000001000010011000000001100010100000100000000011110111100010000001111110000000000111000000111001000001000000000011010011100000000000000000001011111100000000100010000000111110111000011000100000000000000111100000000000000000000011001011000000000000001110001111111111
111110000000001111001000000000001010000000001001111001100111111000000000111010011000100001110010100000011000000011110111100010000001111110000000000111000100111001000011000000000011010011100000000000000000001001111100000001100010000000111100111000011000110000011100001111111010100000001110001111001011000100000000001110001111111111
111101111111011110011110001111111010101100101001111001100111111000000000111001011000000001110010100000011000000011110111100010000001111110000000000111000000111001000011000000000011010011100000000000000000001001111100000001100010000000111100111000011000110000011100001111111010100000001110001111011011000100000000001110001111111111
111101111111011110011111001111111010101100101001111001101111111000000000111011011000100001110010100000011100000011110111100010000001111110000000000111000000111001000011000000000011010011100000000000000000001001111100000001100010000000111100111000011000110000011100001111111010100000001110001111111011000100000000001110001111111111
111101111111011110011111001111111010101100101001111001101111111000000000111011011000100001110010100010011000000011110111100010000001111110000000000111011100111101101011000000000011010011100000000000000000001011111100000001101110000000111110111000011101110000011100001111111010100000011111001111011011111111110011111110111111111111
111100000000001111000000000000001010000000000001111001101111101000000001000010011000000001100010100000100000000011110111100010000001111110000000000111000000111001000001000000000011010011100000000000000000001011111100000000100010000000111110111000011000100000000000000111100000000000000000000011001011000000000000001110001111111111
111101111111011110011110001111111010101100101001111001100111111000000000111011011000100001110010100000011000000011110111100010000001111110000000000111000000111000000001000000000011010011100000000000000000001011111100000000100010000000111110111000011000100000000000000111100000000000000000000011001011000000000000001110001111111111
111110000000001111001000000000001010000000001001111001100111111000000000111010011000100001110010100000011000000011110111100010000001111110000000000111000100111001000011000000000011010011100000000000000000001001111100000001100010000000111100111000011000110000011100001111111010100000001110001111001011000100000000001110001111111111
111101111011011110011111001111111010101101101001111001100111111000000000111001111000100001110000100010011000000011110111100010000001111110000000000111011100111001000011111110000111100111111110000000001110111110111100000001100010000000111110111000010100110000011100001111111010100000001110001111001011000100000000001110001111111111
111101111111011110011111001111111010101101101111111100101111011110001101011100111111111111111000010011111011100111111111100011110011111110000001001111011101111000000011111110000111101111101100010000001110111111111100000001110110000000111110111110111101110001011100001111111110100000011111001111011011111111110011111110111111111111
111101111111011111011111001111011010101111100101111001100111111000000000111011011000100001100010100011111100000011111111100010000001111110000000000111001101111000100111011110000011100111111110011000001110111111111100000001110010000000111110111110111101111001011100001111111110100000011111001111011011111111110011111110111111111111
111101111111011110011111001111111010101100101001111001101111111000000000111011011000100001111010100010011000000011110111100010000001111110000000000111011100111101101011000000000011010011100000000000000000001011111100000001100110000000111110111000011100110000011100001111111010100000001110001111011111000100000000001110101111111111
111101111111011110011111001111111010101100101001111001101111111000000000111010011000100001110010100000011000000011110111100010000001111110000000000111000000111001000011000000000011010011100000000000000000001001111100000001100010000000111100111000011000110000011100001111111010100000001110001111011011000100000000001110001111111111
111101111111011110011111001111111010101101101111111100101111011110001101011100111111111111111000010011111011100111111111100011110011111110000001001111011101111000000011111110000111101111101100010000001110111111111100000001110110000000111110111110111101110001011100001111111110100000011111001111011011111111110011111110111111111111
111100000000001111001000000000001010000000000001111001100111111000000000111011011000100001110010100000011000000011110111100010000001111110000000000111000000111001000001000000000011010011100000000000000000001011111100000000100010000000111110111000011000100000000000000111100000000000000000000011001011000000000000001110001111111111
111101111111011110011111001111111010101100101001111001101111111000000000111011011000100001110010100000011000000011110111100010000001111110000000000111000000111001000001000000000011010011100000000000000000001011111100000000100010000000111110111000011000100000000000000111100000000000000000000011011011000000000000001110001111111111
111101111111011110011111001111111010101101101111111100101111011110001101011100111111111111111000010011111011100111111111100011110011111110000001001111011101111000000011111110000111101111101100010000001110111111111100000001110110000000111110111110111101110001011100001111111110100000011111001111011011111111110011111110111111111111
111101111111011110011111001111111010101101101111111100101111011110001101011100111111111111111000010011111011100111111111100011110011111110000001001111011101111000000011111110000111101111101100010000001110111111111100000001110110000000111110111110111101110001011100001111111110100000011111001111011011111111110011111110111111111111
111101111111011110011111001111111010101101101111111100101111011110001101011100111111111111111000010011111011100111111111100011110011111110000001001111011101111000000011111110000111101111101100010000001110111111111100000001110110000000111110111110111101110001011100001111111110100000011111001111011011111111110011111110111111111111
111101111111011110011111001111111010101100101001111001101111111000000000111011011000100001110010100010011000000011110111100010000001111110000000000111011100111101101011000000000011010011100000000000000000001001111100000001100010000000111110111000011000110000011100001111111010100000001110001111001011000100000000001110001111111111
111101111111011110011111001111111010101100101001111001101111111000000000111011011000100001110010100010011000000011110111100010000001111110000000000111011100111101101011000000000011010011100000000000000000001001111100000001100010000000111110111000011000110000011100001111111010100000001110001111001011000100000000001110001111111111
111101111111011110011111001111111010101100101001111001101111111000000000111011011000100001110010100010011010000011110111100010000001111110000000000111011100111101001011000000000011010011100000000000000000001011111100000001110110000000111110111000011100110000011100001111111010100000001110001111011111000100000000001110001111111111
111101111111011110011111001111111010101100101001111001101111111000000000111011011000100001110010100010011000000011110111100010000001111110000000000111011100111101101011000000000011010011100000000000000000001001111100000001100010000000111110111000011000110000011100001111111010100000001110001111001011000100000000001110001111111111
111101111111011110011111001111111010101100101001111001101111111000000001111011011000100001100111100011111000000011110011100010000001111110000000000111001101111000101111011110000011101111110000100000000000001011111100000001111010000000111110111011011100110001011100001111111010110000001111001111011011111111110011111110111111111111
111101111111011110011010001111011010101100101001111001100111111000000000111001011000000001100010100010011000000011110111100010000001111110000000000111001100111001000001000000000011010011100000000000000000001001111100000001100010000000111100111000011000110000011100001111011010100000001110001111011010000100000000001110001111111111
111101111111011110011010001111011010101100101001111001100111111000000000111001011000000001100010100010011000000011110111100010000001111110000000000111001100111001000001000000000011010011100000000000000000001001111100000001100010000000111100111000011000110000011100001111011010100000001110001111011010000100000000001110001111111111
111110000000001111001000000100001010000000000001111001101111111000000001111010011000000001100010100010111000000011110111100010000001111110000000000111001101111001010001000000000011010011100000000101000000001001111100000000100010000000111110111000011000100000000000000111100000000000000000000011001011000000000000001110001111111111
111101111111011110011111001111111010101101101111111100101111011110001101011100111111111111111000010011111011100111111111100011110011111110000001001111011101111000000011111110000111101111101100010000001110111111111100000001110110000000111110111110111101110001011100001111111110100000011111001111011011111111110011111110111111111111
111101111111011110011111001111111010101100101001111001101111111000000000111011011000100001110010100010011000000011110111100010000001111110000000000111011100111101101011000000000011010011100000000000000000001001111100000001100010000000111110111000011000110000011100001111111010100000001110001111001011000100000000001110001111111111
111101111111011110011111001111111010101100101001111001101111111000000000111011011000100001111010100010011000000011110111100010000001111110000000000111011100111101101011000000000011010011100000000000000000001011111100000001100110000000111110111000011100110000011100001111111010100000001110001111011111000100000000001110101111111111
111101111111011110011111001111111010101100101001111001101111111000000000111011011000100001111010100010011000000011110111100010000001111110000000000111011100111101101011000000000011010011100000000000000000001011111100000001100110000000111110111000011100110000011100001111111010100000001110001111011111000100000000001110101111111111
111101111111011110011111001111111010101100101001111001101111111000000001111011011000100001100111100011111000000011110011100010000001111110000000000111001101111000101111011110000011101111110000100000000000001011111100000001111010000000111110111011011100110001011100001111111010110000001111001111011011111111110011111110111111111111
111101111111011110011111001111111010101100101001111001101111111000000000111011011000100001110010100010011000000011110111100010000001111110000000000111011100111101101011000000000011010011100000000000000000001001111100000001100010000000111110111000011000110000011100001111111010100000001110001111001011000100000000001110001111111111
111101111111011110011111001111111010101100101001111001101111111000000000111011011000100001110010100010011000000011110111100010000001111110000000000111011100111101101011000000000011010011100000000000000000001011111100000001101110000000111110111000011101110000011100001111111010100000011111001111011011111111110011111110111111111111
111101111111011110011111001111111010101100101001111001101111111000000000111011011000100001110010100010011000000011110111100010000001111110000000000111011100111101101011000000000011010011100000000000000000001011111100000001101110000000111110111000011101110000011100001111111010100000011111001111011011111111110011111110111111111111
111101111111011110011111001111111010101100101001111001101111111000000000111011011000100001110010100010011000000011110111100010000001111110000000000111011100111101101011000000000011010011100000000000000000001011111100000001101110000000111110111000011101110000011100001111111010100000011111001111011011111111110011111110111111111111
~~~
5.0 199.0 69.0 205.0 1341.0 
8.0 111.0 117.0 407.0 2160.0 
8.0 219.0 58.0 175.0 1118.0 
8.0 218.0 57.0 182.0 1128.0 
5.0 180.0 77.0 236.0 1501.0 
6.0 200.0 68.0 199.0 1328.0 
7.0 202.0 66.0 198.0 1310.0 
9.0 221.0 57.0 165.0 1104.0 
7.0 196.0 69.0 207.0 1377.0 
5.0 167.0 83.0 269.0 1635.0 
10.0 103.0 122.0 417.0 2273.0 
8.0 109.0 118.0 416.0 2187.0 
5.0 186.0 73.0 232.0 1439.0 
5.0 186.0 73.0 232.0 1439.0 
5.0 171.0 81.0 260.0 1602.0 
5.0 186.0 75.0 221.0 1434.0 
11.0 229.0 54.0 147.0 1018.0 
9.0 221.0 57.0 165.0 1104.0 
3.0 157.0 90.0 304.0 1753.0 
5.0 170.0 80.0 275.0 1602.0 
4.0 148.0 96.0 325.0 1828.0 
6.0 200.0 68.0 199.0 1328.0 
10.0 103.0 123.0 415.0 2270.0 
6.0 200.0 68.0 199.0 1328.0 
5.0 137.0 102.0 345.0 1948.0 
6.0 165.0 88.0 258.0 1667.0 
3.0 157.0 90.0 304.0 1753.0 
5.0 166.0 83.0 273.0 1645.0 
5.0 186.0 73.0 232.0 1439.0 
8.0 204.0 64.0 204.0 1237.0 
6.0 155.0 93.0 278.0 1761.0 
9.0 221.0 57.0 165.0 1104.0 
3.0 157.0 90.0 304.0 1753.0 
4.0 146.0 97.0 323.0 1848.0 
8.0 219.0 56.0 177.0 1121.0 
6.0 133.0 104.0 353.0 1987.0 
5.0 178.0 82.0 228.0 1534.0 
7.0 202.0 66.0 198.0 1310.0 
5.0 178.0 82.0 228.0 1534.0 
6.0 133.0 104.0 353.0 1987.0 
5.0 186.0 73.0 232.0 1439.0 
9.0 221.0 57.0 165.0 1104.0 
3.0 157.0 90.0 304.0 1753.0 
5.0 183.0 75.0 235.0 1472.0 
4.0 148.0 96.0 325.0 1828.0 
5.0 181.0 76.0 239.0 1495.0 
13.0 229.0 55.0 140.0 1014.0 
7.0 197.0 69.0 204.0 1363.0 
11.0 228.0 55.0 147.0 1025.0 
7.0 196.0 70.0 204.0 1376.0 
4.0 147.0 97.0 325.0 1840.0 
5.0 186.0 73.0 232.0 1439.0 
11.0 228.0 55.0 147.0 1025.0 
11.0 228.0 55.0 147.0 1025.0 
3.0 157.0 90.0 304.0 1753.0 
5.0 171.0 81.0 260.0 1602.0 
4.0 161.0 85.0 312.0 1699.0 
8.0 111.0 117.0 407.0 2160.0 
8.0 218.0 57.0 182.0 1128.0 
5.0 183.0 75.0 235.0 1472.0 
8.0 109.0 118.0 416.0 2187.0 
5.0 185.0 75.0 230.0 1448.0 
3.0 156.0 91.0 304.0 1761.0 
4.0 164.0 84.0 303.0 1664.0 
9.0 221.0 57.0 165.0 1104.0 
5.0 172.0 83.0 253.0 1581.0 
8.0 219.0 56.0 177.0 1121.0 
8.0 219.0 56.0 177.0 1121.0 
11.0 228.0 55.0 147.0 1025.0 
8.0 203.0 64.0 207.0 1247.0 
5.0 171.0 81.0 260.0 1602.0 
8.0 204.0 66.0 181.0 1290.0 
9.0 149.0 103.0 265.0 1832.0 
9.0 150.0 102.0 265.0 1823.0 
8.0 111.0 117.0 407.0 2160.0 
5.0 174.0 80.0 253.0 1560.0 
8.0 110.0 117.0 416.0 2174.0 
5.0 137.0 102.0 345.0 1948.0 
8.0 218.0 58.0 177.0 1129.0 
7.0 202.0 66.0 198.0 1310.0 
4.0 148.0 96.0 325.0 1828.0 
5.0 181.0 76.0 239.0 1495.0 
9.0 221.0 57.0 165.0 1104.0 
3.0 157.0 90.0 304.0 1753.0 
8.0 204.0 66.0 181.0 1290.0 
3.0 157.0 90.0 304.0 1753.0 
5.0 185.0 75.0 230.0 1448.0 
5.0 137.0 102.0 345.0 1948.0 
4.0 162.0 85.0 304.0 1687.0 
8.0 218.0 57.0 177.0 1136.0 
12.0 229.0 54.0 147.0 1011.0 
8.0 197.0 73.0 187.0 1374.0 
11.0 228.0 55.0 147.0 1025.0 
11.0 227.0 56.0 147.0 1032.0 
9.0 214.0 60.0 186.0 1150.0 
8.0 109.0 118.0 416.0 2187.0 
6.0 132.0 102.0 377.0 1958.0 
5.0 186.0 73.0 232.0 1439.0 
6.0 133.0 102.0 370.0 1943.0 
5.0 185.0 75.0 230.0 1448.0 
5.0 186.0 73.0 232.0 1439.0 
9.0 214.0 60.0 186.0 1150.0 
9.0 214.0 60.0 186.0 1150.0 
5.0 180.0 77.0 236.0 1501.0 
6.0 200.0 68.0 199.0 1328.0 
3.0 159.0 88.0 304.0 1724.0 
5.0 176.0 78.0 253.0 1549.0 
3.0 157.0 90.0 304.0 1753.0 
6.0 188.0 73.0 225.0 1423.0 
8.0 204.0 66.0 181.0 1290.0 
8.0 111.0 117.0 407.0 2160.0 
3.0 157.0 90.0 304.0 1753.0 
5.0 181.0 76.0 239.0 1495.0 
5.0 186.0 73.0 232.0 1439.0 
7.0 130.0 110.0 331.0 2033.0 
4.0 161.0 85.0 312.0 1699.0 
5.0 180.0 77.0 236.0 1501.0 
5.0 167.0 83.0 269.0 1635.0 
5.0 178.0 82.0 228.0 1534.0 
5.0 171.0 81.0 260.0 1602.0 
9.0 221.0 57.0 165.0 1104.0 
6.0 188.0 73.0 225.0 1423.0 
5.0 181.0 76.0 239.0 1495.0 
5.0 198.0 69.0 206.0 1355.0 
5.0 185.0 75.0 230.0 1448.0 
12.0 229.0 54.0 147.0 1011.0 
7.0 201.0 67.0 198.0 1320.0 
7.0 128.0 111.0 342.0 2051.0 
8.0 204.0 64.0 204.0 1237.0 
9.0 221.0 57.0 165.0 1104.0 
8.0 111.0 117.0 407.0 2160.0 
3.0 157.0 90.0 304.0 1753.0 
7.0 201.0 67.0 198.0 1320.0 
5.0 186.0 73.0 232.0 1439.0 
5.0 185.0 75.0 230.0 1448.0 
5.0 185.0 75.0 230.0 1448.0 
8.0 204.0 66.0 181.0 1290.0 
7.0 130.0 110.0 331.0 2033.0 
7.0 128.0 110.0 343.0 2054.0 
5.0 186.0 73.0 232.0 1439.0 
5.0 180.0 78.0 235.0 1506.0 
9.0 149.0 103.0 265.0 1832.0 
6.0 133.0 104.0 353.0 1987.0 
5.0 186.0 75.0 221.0 1434.0 
12.0 229.0 54.0 147.0 1011.0 
12.0 229.0 54.0 147.0 1011.0 
7.0 201.0 67.0 198.0 1320.0 
6.0 134.0 101.0 370.0 1929.0 
7.0 201.0 67.0 198.0 1320.0 
7.0 201.0 67.0 198.0 1320.0 
8.0 110.0 117.0 416.0 2174.0 
7.0 202.0 66.0 198.0 1310.0 
4.0 164.0 84.0 303.0 1664.0 
7.0 130.0 110.0 331.0 2033.0 
7.0 130.0 110.0 331.0 2033.0 
5.0 186.0 73.0 232.0 1439.0 
6.0 134.0 101.0 370.0 1929.0 
4.0 163.0 85.0 303.0 1676.0 
5.0 170.0 85.0 256.0 1602.0 
6.0 134.0 101.0 370.0 1929.0 
3.0 157.0 90.0 304.0 1753.0 
5.0 185.0 75.0 230.0 1448.0 
8.0 219.0 56.0 177.0 1121.0 
8.0 218.0 57.0 182.0 1128.0 
4.0 163.0 85.0 303.0 1676.0 
4.0 163.0 85.0 303.0 1676.0 
3.0 157.0 90.0 304.0 1753.0 
8.0 203.0 64.0 207.0 1247.0 
5.0 137.0 102.0 345.0 1948.0 
4.0 160.0 86.0 305.0 1714.0 
4.0 162.0 85.0 307.0 1685.0 
3.0 157.0 90.0 304.0 1753.0 
8.0 204.0 64.0 204.0 1237.0 
7.0 201.0 67.0 198.0 1320.0 
3.0 157.0 90.0 304.0 1753.0 
3.0 157.0 90.0 304.0 1753.0 
8.0 218.0 58.0 177.0 1129.0 
4.0 163.0 85.0 303.0 1676.0 
10.0 103.0 122.0 417.0 2273.0 
4.0 163.0 85.0 303.0 1676.0 
8.0 204.0 64.0 204.0 1237.0 
6.0 134.0 101.0 370.0 1929.0 
5.0 171.0 81.0 260.0 1602.0 
7.0 201.0 67.0 198.0 1320.0 
8.0 204.0 64.0 204.0 1237.0 
8.0 204.0 64.0 204.0 1237.0 
4.0 163.0 85.0 303.0 1676.0 
5.0 185.0 75.0 230.0 1448.0 
7.0 201.0 67.0 198.0 1320.0 
7.0 202.0 66.0 198.0 1310.0 
11.0 229.0 54.0 147.0 1018.0 
8.0 218.0 58.0 177.0 1129.0 
5.0 185.0 75.0 230.0 1448.0 
8.0 110.0 117.0 416.0 2174.0 
4.0 163.0 85.0 303.0 1676.0 
4.0 162.0 85.0 304.0 1687.0 
9.0 221.0 57.0 165.0 1104.0 
5.0 167.0 83.0 269.0 1635.0 
7.0 201.0 67.0 198.0 1320.0 
8.0 142.0 105.0 290.0 1906.0 
5.0 186.0 73.0 232.0 1439.0 
11.0 228.0 55.0 147.0 1025.0 
5.0 176.0 78.0 253.0 1549.0 
5.0 176.0 78.0 257.0 1539.0 
7.0 201.0 67.0 198.0 1320.0 
5.0 186.0 73.0 232.0 1439.0 
11.0 228.0 55.0 147.0 1025.0 
6.0 200.0 68.0 199.0 1328.0 
8.0 204.0 64.0 204.0 1237.0 
11.0 228.0 55.0 147.0 1025.0 
8.0 204.0 64.0 204.0 1237.0 
11.0 228.0 55.0 147.0 1025.0 
4.0 163.0 85.0 303.0 1676.0 
7.0 196.0 69.0 207.0 1377.0 
9.0 221.0 57.0 165.0 1104.0 
6.0 155.0 93.0 278.0 1761.0 
6.0 134.0 101.0 370.0 1929.0 
11.0 228.0 55.0 147.0 1025.0 
7.0 201.0 67.0 198.0 1320.0 
5.0 185.0 75.0 230.0 1448.0 
11.0 228.0 55.0 147.0 1025.0 
7.0 201.0 67.0 198.0 1320.0 
12.0 229.0 54.0 147.0 1011.0 
5.0 183.0 75.0 235.0 1472.0 
8.0 204.0 64.0 204.0 1237.0 
4.0 163.0 85.0 303.0 1676.0 
11.0 228.0 55.0 147.0 1025.0 
11.0 228.0 55.0 147.0 1025.0 
11.0 228.0 55.0 147.0 1025.0 
7.0 197.0 68.0 207.0 1365.0 
3.0 157.0 90.0 304.0 1753.0 
11.0 228.0 55.0 147.0 1025.0 
11.0 228.0 55.0 147.0 1025.0 
11.0 228.0 55.0 147.0 1025.0 
7.0 130.0 110.0 331.0 2033.0 
11.0 228.0 55.0 147.0 1025.0 
8.0 204.0 64.0 204.0 1237.0 
5.0 186.0 73.0 232.0 1439.0 
5.0 180.0 77.0 236.0 1501.0 
5.0 154.0 93.0 286.0 1776.0 
11.0 228.0 55.0 147.0 1025.0 
7.0 201.0 67.0 198.0 1320.0 
8.0 204.0 64.0 204.0 1237.0 
4.0 163.0 85.0 303.0 1676.0 
8.0 109.0 118.0 416.0 2187.0 
7.0 130.0 110.0 331.0 2033.0 
5.0 168.0 83.0 267.0 1621.0 
5.0 183.0 75.0 235.0 1472.0 
8.0 109.0 118.0 416.0 2187.0 
9.0 221.0 57.0 165.0 1104.0 
7.0 197.0 69.0 204.0 1363.0 
8.0 109.0 118.0 416.0 2187.0 
8.0 109.0 118.0 416.0 2187.0 
8.0 109.0 118.0 416.0 2187.0 
5.0 175.0 79.0 253.0 1555.0 
5.0 175.0 79.0 253.0 1555.0 
5.0 169.0 81.0 275.0 1608.0 
5.0 175.0 79.0 253.0 1555.0 
8.0 142.0 105.0 290.0 1906.0 
7.0 189.0 73.0 216.0 1415.0 
7.0 189.0 73.0 216.0 1415.0 
10.0 213.0 64.0 171.0 1176.0 
8.0 109.0 118.0 416.0 2187.0 
5.0 175.0 79.0 253.0 1555.0 
5.0 168.0 83.0 267.0 1621.0 
5.0 168.0 83.0 267.0 1621.0 
8.0 142.0 105.0 290.0 1906.0 
5.0 175.0 79.0 253.0 1555.0 
5.0 154.0 93.0 286.0 1776.0 
5.0 154.0 93.0 286.0 1776.0 
5.0 154.0 93.0 286.0 1776.0 
~~~
36.621
