111101110110001110101110001111000000001100100011111001101111011000000000100000000000000000000010001000011101110011110011110000000001110000000000000111000000111000100000000000000011010011101110000000000000100000111100010000000001100110000100111001110101110000000000001111011010111111111000000011001010111000000000000110101111111111
111101110110001110101110001111000000001100100001111001101111011000000000100000000000000000000010001000011101110011111011110000000001110000000000000111000000111000100000000000000011010011101110000000000000100000111100010000000001100110000100111001110101110000000000001111011010111111011000000011001010111000000000000110101111111111
111101110110001110101110001111000000001100100011111001101111011000000001100000000000000000000110001000011101110011111011110000000001110000000000000111000000111000100000000000000011010011101110000000000000100000111100010000000001100110000100111001110101110000000000001111011010111111111000000011001010111100000000001110111111101111
111101110111001110101010001111000000001100100001111001101111011000000001110000000000000000000110000000011101110011111011110000000001110000000000000111000000111000100000000000000011010011101110000000000000100000111100010000001001100110000100111001110101110000000000001111011010111111111000000011001010111100000000001110111111101111
111101110111101110101110101111000000001100100011111001101111011000000001110100000000000000000110001000011101111011111011110000000001110000000000000111000000111010100001000000000011010011101110000000000000111010111111110000000001101110000100111011010111111111111100101111111010101111111000000011001011111100000000001110111111101111
111101110111101110101110001111000000001100100011111001101111011000000001110101000000000000000110001000011101111011111011110001001011110000000000000111000000111011101100100000000011111011111110000110100000111010111111111111100101101110000100111011010111111111011100101111011011101111111000000011001010111100000000001110111111101111
111101110111001110101110001111000000001100100011111001101011011000000001110000000000000000000110001000011101110011111011110000000001110000000000000111000000111000100001000000000011010011101110000000000000111010111100110000000001100110000100111001110101110000000000001111011010101111101000000011001010111100000000001110111111101111
111101110111001110101110001111000000001100100001111000101111011000000001010000000000000000000110101010011101111011111011110001100011110000000000000111000000111001100000000000000011010011101110000110100001111010111111110111101001100110000100111011110100111111111000101111011010101111111000000011001010111100000000001110111111111111
111101110110001110101110001111000000001100100001111001101111011000000001100000000000000000000110001000011101110011111111110000000001110000000000000111000000111000100000000000000011010011101110000000000000000010111100000000000001100110000100001011110100000000000000001111011010100111111000000011001010111100000000000110101111111111
111101110111001110101110001111000000001100100001111000101111011000000001010000000000000000000110101010011101111011111011110001100011110000000000000111000000111001100000000000000011010011101110000110100001111010111111110111101001100110000100111011110100111111111000101111011010101111111000000011001010111100000000001110111111111111
111101110111101111101110001111000000001100100011111001101111011000000001110000000000000000001110001000011101110011111011110000000001110000000000000111000000111000100000000000000011010011101110000000000000111010111111110000000001101110000100111011010111111111111100101111111010101111111000000011001011111100000000001110111111101111
111101110111101110101110101111000000001100100011111001101111011000000001110100000000000000000110001000011101111011111011110000000001110000000000000111000000111010100011000000000011010011101110000000000000111010111111110000000001101110000100111011010111111111111100101111111010101111111000000011001011111100000000001110111111101111
111101111110001110111110001111000000001100100011111001101111111110011000110000000000000000000110101010011101111111111011110001010011111000000000000111000000111000100001000000000011010011101110000000000000111010111111111111100101101110000100111011010111111111011100101111011010101111111000000011001010111100000000001110111111101111
111111110111101111001110101111000000001100110101111001110111011110011111100010000000100000000110100110011101111011111111100001001011110000000000000111000000111011101100100000000011111011111110000110100000111010111111111111100101101110000100111011110011111111011100101111011010101111111000000011001010111100000000001110111111111111
111101110110001110101110001111000000001100100011111001101111011000000000100000000000000000000010001000011101110011110011110000000001110000000000000111000000111000100000000000000011010011101110000000000000100000111100010000000001100110000100111001110101110000000000001111011010111111111000000011001010111000000000000110101111111111
111101110111101110101110101111000000001100100011111001101111011000000001110100000000000000000110001000011101111011111011110000000001110000000000000111000000111010100001000000000011010011101110000000000000111010111111110000000001101110000100111011010111111111111100101111111010101111111000000011001011111100000000001110111111101111
111101110110001110101110001111000000001100100001111001101111011000000001100000000000000000000110001000011101110011111011110000000001110000000000000111000000111000100000000000000011010011101110000000000000100000111100010000000001100110000100111001110101110000000000001111011010111111111000000011001010111110000000001110111111101111
111101111111101110101110001111000000001100100011111001101111011000000001110000000000000000000110101110011101111011111111100011001101111101111111010111011110111111101101101010100011111011111110000110100000111110111111111111110101100110000100111011110011111111011100101111011010101111111000000011100001111001111111111110111111111111
111101110110001110101110001111000000001100100001111001101111011000000001100000000000000000000110001000011101110011111011110000000001110000000000000111000000111000100000000000000011010011101110000000000000100000111100010000000001100110000100111001110101110000000000001111011010111111111000000011001010111110000000001110111111101111
111101110110001110101110001111000000001100100001111001101111011000000001100000000000000000000110001000011101110011111111110000000001110000000000000111000000111000100000000000000011010011101110000000000000000010111100000000000001100110000100001011110100000000000000001111011010100111111000000011001010111100000000000110101111111111
111101110110001110101110001111000000001100100001111001101111011000000001100000000000000000000110001000011101110011111111110000000001110000000000000111000000111000100000000000000011010011101110000000000000000010111100010000000001100110000100001011110100000000000000001111011010100111111000000001001010111100000000000110101111111111
111101110110001110101110001111000000001100100011111001101111011000000001100000000000000000000110001000011101110011111011110000000001110000000000000111000000111000100000000000000011010011101110000000000000100000111100010000000001100110000100111001110101110000000000001111011010111111111000000011001010111100000000001110111111101111
111111110111101111001110101111000000001100110101111001110111011110011111100010000000100000000110100110011101111011111111100001001011110000000000000111000000111011101100100000000011111011111110000110100000111010111111111111100101101110000100111011110011111111011100101111011010101111111000000011001010111100000000001110111111111111
111101110110001110101110001111000000001100100001111001101111011000000001100000000000000000000110001000011101110011111011110000000001110000000000000111000000111000100000000000000011010011101110000000000000100000111100010000000001100110000100111001110101110000000000001111011010111111111000000011001010111110000000001110111111101111
111111110111101111001110101111000000001100110101111001110111011110011111100010000000100000000110100110011101111011111111100001001011110000000000000111000000111011101100100000000011111011111110000110100000111010111111111111100101101110000100111011110011111111011100101111011010101111111000000011001010111100000000001110111111111111
111101111111101110101110001111000000001100100011111001101111011000000001110000000000000010000110101110011101111011111111100011001101111101111111010111011110111111101101101010100011111011111110000110100000111110111111111111110101100110000100111011110011111111011100101111011010101111111000000011100001111001111111111110111111111111
111101110111001110101110001111000000001100100011111001101011011000000001110000000000000000000110001000011101110011111011110000000001110000000000000111000000111000100001000000000011010011101110000000000000111010111100110000000001100110000100111001110101110000000000001111011010101111101000000011001010111100000000001110111111101111
111101110110001110101110001111000000001100100011111001101111011000000001100000000000000000000110001000011101110011111011110000000001110000000000000111000000111000100000000000000011010011101110000000000000100000111100010000000001100110000100111001110101110000000000001111011010111111111000000011001010111100000000001110111111101111
111111110111101111001110101111000000001100110101111001100111011110011111110010000000100000000111101110011101111011111111100001001011110000000000000111000000111011101100100000000011111011111110000110100000111010111111111111100101101110000100111011110011111111011100101111011011101111111000000011100001111001111111111110111111111111
111101110111101110101110001111000000001100100011111001101111011000000001110000000000000000000110001000011101110011111011110000000001110000000000000111000000111000100001000000000011010011101110000000000000111010111100110000000001100110000100111001110101110000000000001111011010101111101000000011001010111100000000001110111111101111
111101110111011110101110001111000000001100100011111001101111011000000001110000000000000000000110001000011101110011111011110000000001110000000000000111000000111011100001000000000011010011101110000000000000111010111111110111100101100111000100111011110010111111011100101111011010101111111000000011100001111001111111111110111111111111
111101110111101110101110001111000000001100100011111001101111011000000001110000000000000000000110001000011101110011111011110000000001110000000000000111000000111000100000000000000011010011101110000000000000111010111111110000000001101110000100111011110111111111111100101111111010101111111000000011001011111100000000001110111111101111
111101110111101110101110001111000000001100100011111001101111011000000001110000000000000000000110001000011101110011111011110000000001110000000000000111000000111000100001000000000011010011101110000000000000111010111100110000000001100110000100111001110101110000000000001111011010101111101000000011001010111100000000001110111111101111
111101110111101110101110001111000000001100100011111001101111011000000001110000000000000000000110001000011101110011111011110000000001110000000000000111000000111000100001000000000011010011101110000000000000111010111100110000000001100110000100111001110101110000000000001111011010101111101000000011001010111100000000001110111111101111
111101110110001110101110001111000000001100100011111001101111111110011000110000000000000000000110101010011101111111111011110001010011111000000000000111000000111000100001000000000011010011101110000000000000111010111111111111100101100110000100111011110010111111111100101111011010101111111000000011001010111100000000001110111111111111
111111110111101100001110101111011010011111101111111000111111111111100111111010000111100000000110101010011101111011111111100011001101111001111111010111011110111111101101101010100011111011111110000110100000111010111111110111110101100110000110111011110011111111011100101111011010101111111000000011100001111001111111111110111111111111
111101110111101110101110101111000000001100100011111001101111011000000001110100000000000000000110001000011101111011111011110000000001110000000000000111000000111010100001000000000011010011101110000000000000111010111111110000000001101110000100111011010111111111111100101111111010101111111000000011001011111100000000001110111111101111
111101110110001110101110001111000000001100100001111001101111011000000000100000000000000000000010001000011101110011111011110000000001110000000000000111000000111000100000000000000011010011101110000000000000100000111100010000000001100110000100111001110101110000000000001111011010111111111000000011001010111000000000000110101111111111
111101110110001110101110001111000000001100100001111001101111011000000001100000000000000000000110001000011101110011111111110000000001110000000000000111000000111000100000000000000011010011101110000000000000000010111100010000000001100110000100001011110100000000000000001111011000100111111000000011001010111100000000000110101111111111
111101110110001110101110001111000000001100100001111001101111011000000001100000000000000000000110001000011101110011111111110000000001110000000000000111000000111000100000000000000011010011101110000000000000000010111100000000000001100110000100001011110100000000000000001111011010100111111000000011001010111100000000000110101111111111
111101110111001110101110001111000000001100100011111001101111011000000001110000000000000000000110000000011101110011111011110000000001110000000000000111000000111000100001000000000011010011101110000000000000111010111100110000000001100110000100111001110101110000000000001111011010101111101000000011001010111100000000001110111111101111
111101110111011110101110001111000000001100100011111001101111011000000001110000000000000000000110001000011101110011110011110000000001110000000000000111000000111000100000000000000011010011101110000000000000100000111100010000000001100110000100111001110101110000000000001111011010111111111000000011001010111000000000000110101111111111
111101110111101110101110001111000000001100100011111001101111011000000001110101000000000000000110001000011101111011111011110001001011110000000000000111000000111011101100100000000011111011111110000110100000111010111111111111100101101110000100111010010111111111011100101111011010101111111000000011001010111100000000001110111111101111
111101110110001110101110001111000000001100100011111001101111011000000001100000000000000000000110001000011101110011111011110000000001110000000000000111000000111000100000000000000011010011101110000000000000100000111100010000000001100110000100111001110101110000000000001111011010111111111000000011001010111100000000001110111111101111
111101110110001110101110001111000000001100100001111001101111011000000001100000000000000000000110001000011101110011111011110000000001110000000000000111000000111000100000000000000011010011101110000000000000111010111111110000000001101110000100111011010111111111111100101111111010101111111000000011001011111100000000001110111111101111
111101110110001110101110001111000000001100100101111001111111011110011101010010000010000000001110100000011101111011110111100010000001110000000000000111000000111011101100000000000011111011111110000110100000111010111111110111100101101110000100111011110011111111011100101111111010101111111000000011001010111110000000001110111111101111
111101110111101110101110001111000000001100100011111001101111011000000001110000000000000000000110001000011101110011111011110000000001110000000000000111000000111000100001000000000011010011101110000000000000111010111100110000000001100110000100111001110101110000000000001111011010101111111000000011001010111100000000001110111111101111
111101110110001110101110001111000000001100100001111001101111011000000000100000000000000000000010001000011101110011111011110000000001110000000000000111000000111000100000000000000011010011101110000000000000100000111100010000000001100110000100111001110101110000000000001111011010111111111000000011001010111000000000000110101111111111
111101110111101110101110001111000000001100100011111001101111011000000001110000000000000000000110001000011101110011111011110000000001110000000000000111000000111000100001000000000011010011101110000000000000111010111100110000000001100110000100111001110101110000000000001111011010101111101000000011001010111100000000001110111111101111
111101110111101100001110001111000000001100100101111001111111011110010101010010000010000000001110100000011101111011110111100011000001110000000000000111000000111011101100100010000011111011111110000110100000111010111111110111100001100110000100111101110101110000000000001111011010101111111000000011001010111100000000001110111111101111
111101110110001110111110001111000000001111101111111000111111111111100111110010000111100000001110101010011101111011111111100011001101111001111111010111011110111111111101101010100011111011111110000110100000111010111111110111100101100110000100111011010011111111011100101111011011101111111000000011100001111101111111111111101111111111
111101110111101110101110001111000000001100100011111001101111011000000001110000000000000000000110001000011101110011111011110000000001110000000000000111000000111000100001000000000011010011101110000000000000111010111100110000000001100110000100111001110101110000000000001111111010101111111000000011001011111100000000001110111111101111
111101110111101110101010001111000000001100100001111001101111011000000001110001000000000000000110001000011101110011111011110000000001110000000000000111000000111011101100100000000011111011111110000110100000111010111111111111100101101110000100111011010111111111011100101111011010101111111000000011001010111100000000001110101111111111
111101110110001110101110001111000000001100100001111001101111011000000000100000000000000000000010001000011101110011111011110000000001110000000000000111000000111000100000000000000011010011101110000000000000100000111100010000000001100110000100111001110101110000000000001111011010111111111000000011001010111000000000000110101111111111
111111110111101100001110101111011010011111101111111000111111111111100111111010000111100000000110101010011101111011111111100011001101111001111111010111011110111111101101101010100011111011111110000110100000111010111111110111110101100110000110111011110011111111011100101111011010101111111000000011100001111001111111111110111111111111
111101110110001110101110001111000000001100100001111001101111011000000001100000000000000000000110001000011101110011111011110000000001110000000000000111000000111000100000000000000011010011100110000000000000111010111111110000000001101110000100111011010111111111111100101111111010101111111000000011001011111100000000001110111111101111
111101110111101110101110001111000000001100100011111001101111011000000001110000000000000000000110001000011101110011111011110000000001110000000000000111000000111000100001000000000011010011101110000000000000111010111100110000000001100110000100111001110101110000000000001111011010101111101000000011001010111100000000001110111111101111
111101110110001110101110001111000000001100100001111001101111011000000001100000000000000000000010001000011101110011111111110000000001110000000000000111000000111000100000000000000011010011101110000000000000000010111100000000000001100110000100001011110100000000000000001111011010100111111000000011001010111100000000000110101111111111
111101110111101100001110001111000000001100100101111001111111011110010101010010000010000000001110100000011101111011110111100011000001110000000000000111000000111011101100100010000011111011111110000110100000111010111111110111100001100110000100111101110101110000000000001111011010101111111000000011011010111100000000001110111111101111
111101110111101110101110001111000000001100100011111001101111011000000001110000000000000000000110001000011101110011111011110000000001110000000000000111000000111000100001000000000011010011101110000000000000111010111100110000000001100110000100111001110101110000000000001111011010101111101000000011001010111100000000001110111111101111
111101110111101110101110001111000000001100100011111001101111011000000001110000000000000000000110001000011101110011111011110000000001110000000000000111000000111000100001000000000011010011101110000000000000111010111100110000000001100110000100111001110101110000000000001111011010101111101000000011001010111100000000001110111111101111
111101110111101110101110001111000000001100100011111001101111011000000001110000000000000000000110001000011101111011111011110000000001110000000000000111000000111011101100100000000011111011111110000110100000111010111111110111100001100110000100111101110101110000000000001111011010101111111000000011001010111100000000001110111111101111
111101110110001110101110001111000000001100100001111001101111011000000001100000000000000000000110001000011101110011111011110000000001110000000000000111000000111000100000000000000011010011101110000000000000100000111100010000000001100110000100111001110101110000000000001111011010111111111000000011001010111110000000001110111111101111
111101110111101100001110001111000000001100100101111001111111011110011101010010000000000000001110100000011101111011110111100011000001110000000000000111000000111011101100000000000011111011111110000110100000111010111111111111100111100100000100111011110011111111011100111111011010101111111000000011001010111110000000001110111111101111
111101110111001110101010001111000000001100100001111001101111011000000001010000000000000000000110001000011101110011111011110000000001110000000000000111000000111000100000000000000011010011101110000000000000111010111111110000000001101110000100111011010111111111111100101111111010101111111000000011001011111100000000001110111111101111
111101110111001110101110001111000000001100100001111000101111011000000001010000000000000000000110101010011101111011111011110001100011110000000000000111000000111001100000000000000011010011101110000110100001111010111111110111101001100110000100111011110100111111111000101111011010101111111000000011001010111100000000001110111111111111
111101110110001110101110001111000000001100100011111001101111111110011000110000000000000000000110101010011101111111111011110001010011111000000000000111000000111000100001000000000011010011101110000000000000111010111111111111100101100110000100111011110010111111111100101111011010101111111000000011001010111100000000001110111111111111
111101110110001110101110001111000000001100100011111001101111111110011000110000000000000000000110101010011101111111111011110001010011111000000000000111000000111000100001000000000011010011101110000000000000111010111111111111100101100110000100111011110010111111111100101111011010101111111000000011001010111100000000001110111111111111
111101110111101110101110001111000000001100100011111001101111011000000001110000000000000000000110001000011101110011111011110000000001110000000000000111000000111000100001000000000011010011101110000000000000111010111100110000000001100110000100111001110101110000000000001111011010101111101000000011001010111100000000001110111111101111
111111110111101111001110101111000000001100110101111001110111011110011111100010000000100000000110100110011101111011111111100001001011110000000000000111000000111010101100100000000011111011111110000110100000111010111111111111100101101110000100111011110011111111011100101111011010101111111000000011001010111100000000001110111111111111
111101110111101110101110001111000000001100100011111001101111011000000001110000000000000000000110001000011101110011111011110000000001110000000000000111000000111000100001000000000011010011101110000000000000111010111100110000000001100110000100111001110101110000000000001111011010101111101000000011001010111100000000001110111111101111
111101110110001110111110001111000000001111101111111000111111111111100111110110000111100000001110101010011101111011111111100011001101111001111111010111011110111111101101101010100011111011111110000110100000111010111111110111100101100110000100111011010011111111011100101111011011101111111000000011100001111101111111111110101111111111
111101110111101100001110001111000000001100100101111001111111011110011101010010000010000000001110100000011101111011110111100011000001110000000000000111000000111011101100000000000011111011111110000110100000111010111111110111100101101110000100111011110011111111011100101111111010101111111000000011001010111110000000001110111111101111
111101110110001110101110001111000000001100100001111001101111011111100111111010000111100000000110101010011101111011111111100011001101111101111111010111011110111111101101101010100011111011110110000110100000111010111111110111110101100110000110111011110011111111011100101111011010101111111000000011100001111001111111111110111111111111
111101110111101111101110001111000000001100100011111001101111011000000001110000000000000000000110001000011101110011111011110000000001110000000000000111000000111011101100100000000011111011111110000110100000111010111111111111100101101110000100111011010111111111011100101111011010101111111000000011001010111100000000001110111111101111
111101110111011110101110001111000000001100100011111001101111011000000001110000000000000000000110101010011101111111111011110001010011111000000000000111000000111000100001000000000011010011101110000000000000111010111111111111100101100110000100111011110010111111111100101111011010101111111000000011100001111101111111111111101111101111
111101110111001110101110001111000000001100100011111001101111011000000001110000000000000000000110000000011101110011111011110000000001110000000000000111000000111000100001000000000011010011101110000000000000111010111100110000000001100110000100111001110101110000000000001111011010101111101000000011001010111100000000001110111111101111
111101110111101110101110001111000000001100100011111001101111011000000001110000000000000000000110001000011101110011111011110000000001110000000000000111000000111000100001000000000011010011101110000000000000111010111100110000000001100111000100111001110101110000000000001111011010101111101000000011001010111100000000001110111111101111
111101110111101110101110001111000000001100100011111001101111011000000001110101000000000000000110001000011101111011111011110001001011110000000000000111000000111011101100100000000011111011111110000110100000111010111111111111100101101110000100111010010111111111011100101111011010101111111000000011001010111100000000001110111111101111
111101110111101110101010001111000000001100100001111001101111011000000001110000000000000000000110001000011101110011111011110000000001110000000000000111000000111011101100100000000011111011111110000110100000111010111111111111100101101110000100111011010111111111011100101111011010101111111000000011001010111100000000001110101111111111
111101110111101110101110001111000000001100100011111001101111011000000001110000000000000000000110001000011101110011111011110000000001110000000000000111000000111000100001000000000011010011101110000000000000111010111100110000000001100110000100111001110101110000000000001111011010101111101000000011001010111100000000001110111111101111
111101110111101110101110001111000000001100100011111001101111011000000001110000000000000000000110001000011101110011111011110000000001110000000000000111000000111000100001000000000011010011101110000000000000111010111100110000000001100110000100111001110101110000000000001111011010101111101000000011001010111100000000001110111111111111
111101110111001110101010001111000000001100100001111001101111011000000001100000000000000000000110001000011101110011111011110000000001110000000000000111000000111000100000000000000011010011101110000000000000100010111111110000000001100110000100111101110101110000000000001111011010101111111000000011001010111100000000001110111111101111
111101110110001110101110001111000000001100100001111001101111011000000001100000000000000000000110001000011101110011111111110000000001110000000000000111000000111000100000000000000011010011101110000000000000000010111100010000000001100010000100001011110100000000000000001111011010100111111000000001001010111100000000000110101111111111
111101110110001110101110001111000000001100100001111001101111011000000001100000000000000000000110001000011101110011111111110000000001110000000000000111000000111000100000000000000011010011101110000000000000000010111100010000000001100010000100001011110100000000000000001111011010100111111000000001001010111100000000000110101111111111
111101110111101110101110101111000000001110100011111001101111011000000001110100000000000000000110001000011101111011111011110000000001110000000000000111000000111010100001000000000011010011101110000000000000111010111111110000000001101110000100111011010111111111111100101111111010101111111000000011001011111100000000001110111111101111
111101110110001110101110001111000000001100100001111001101111011000000001100000000000000000000110001000011101110011111011110000000001110000000000000111000000111000100000000000000011010011100110000000000000111010111111110000000001101110000100111011010111111111111100101111111010101111111000000011001011111100000000001110111111101111
111101110110001110101110001111000000001100100001111001101111011000000000100000000000000000000010001000011101110011111011110000000001110000000000000111000000111000100000000000000011010011101110000000000000100000111100010000000001100110000100111001110101110000000000001111011010111111111000000011001010111000000000000110101111111111
111101110111101110101110001111000000001100100011111001101111011000000001110000000000000000000110001000010101111011111011110000000001110000000000000111000000111011101100100000000011111011111110000110100000111010111111110111100001100110000100111101110101110000000000001111011010101111111000000011001010111100000000001110111111101111
111101110111101110101110001111000000001100100011111001101111011000000001110000000000000000000110001000011101110011111011110000000001110000000000000111000000111000100001000000000011010011101110000000000000111010111100110000000001100110000100111001110101110000000000001111011010101111101000000011001010111100000000001110111111101111
111101110111101111101110001111000000001100100011111001101111011000000001110000000000000000000110001000011101110011111011110000000001110000000000000111000000111011101100100000000011111011111110000110100000111010111111111111100101101110000100111011010111111111011100101111011010101111111000000011001010111100000000001110101111111111
111101110110001110101110001111000000001100100001111001101111011000000001100000000000000000000110001000011101110011111111110000000001110000000000000111000000111000100000000000000011010011101110000000000000000010111100000000000001100110000100001011110100000000000000001111011010100111111000000011001010111100000000000110101111111111
111111110111101111001110101111000000001100110101111001100111011110011111110010000000100000000110101110011101111011111111100001001011110000000000000111000000111011101101100000000011111011111110000110100000111010111111111111100101101110000100111011110011111111011100101111011010101111111000000011100001111001111111111110111111111111
111101110110001110101110001111000000001100100011111001101111111110011000110000000000000000000110101010011101111111111011110001010011111000000000000111000000111000100001000000000011010011101110000000000000111010111111111111100101100110000100111011110010111111111100101111011010101111111000000011001010111100000000001110111111111111
111101110111101110101110001111000000001100100011111001101111011000000001110000000000000000000110001000011101111011111011110000000001110000000000000111000000111011101100100000000011111011111110000110100000111010111111110111100001100110000100111101110101110000000000001111011010101111111000000011001010111100000000001110111111101111
111101110111001110101010001111000000001100100001111001101111011000000001110000000000000000000110000000011101110011111011110000000001110000000000000111000000111011100000000000000011010011101110000000000000000010111100010000000001100110000100001010110101000000000000001111011010000111011000000011001010111000000000000110101111111111
111101110111001110101110001111000000001100100011111001101011011000000001110000000000000000000110001000011101110011111011110000000001110000000000000111000000111000100001000000000011010011101110000000000000111010111100110000000001100110000100111001110101110000000000001111011010101111101000000011001010111100000000001110111111101111
111111110111101111001110101111000000001100110101111001100111011110011111110010000000100000000110101110011101111011110111100001001011110000000000000111000000111011101101100000000011111011111110000110100000111010111111111111100101101110000100111011110011111111011100101111011010101111111000000011100001111001111111111110111111111111
111101110111101110101110001111000000001100100011111001101111011000000001110000000000000000000110001000011101110011111011110000000001110000000000000111000000111000100001000000000011010011101110000000000000111010111100110000000001100110000100111001110101110000000000001111011010101111101000000011001010111100000000001110111111101111
111101110111101110101110001111000000001100100111111001101111011000000001110100000000000000000110001000011101111011111011110010000001110000000000000111000000111010100001000000000011010011101110000000000000111010111111110000000001101110000100111011010111111111111100101111111010101111111000000011001010111100000000001110111111101111
111101111111101110101110001111000000001100100011111001101111011000000001110000000000000000000110101110011101111011111111100011001101111101111111010111011110111111101101101010100011111011111110000110100000111110111111111111110101100110000100111011110011111111011100101111011010101111111000000011100001111001111111111110111111111111
111111110111101111001110101111000000001100110101111001100111011110011111110010000000100000000110101110011101111011111111100001001011110000000000000111000000111011101100100000000011111011111110000110100000111010111111111111100101101110000100111011010111111111011100101111011010101111111000000011001010111100000000001110101111111111
111111110111101111001110101111000000001100110101111001110111011110011101110010000000100000000110101110011101111011111111100001001011110000000000000111000000111011101100100000000011111011111110000110100000111010111111111111100101101110000100111011110011111111011100101111011010101111111000000011001000111100000000001110111111111111
111101110111101110101110101111000000001100100011111001101111011000000001110100000000000000000110001000011101111011111011110000000001110000000000000111000000111010100001000000000011010011101110000000000000111010111111110000000001101110000100111011010111111111111100101111111010101111111000000011001011111100000000001110111111101111
111101110110001110101110001111000000001100100011111001101111011000000000100000000000000000000010001000011101110011110011110000000001110000000000000111000000111000100000000000000011010011101110000000000000100000111100010000000001100110000100111001110101110000000000001111011010111111111000000011001010111000000000000110101111111111
111101110110001110101110001111000000001100100011111001101111111110011000110000000000000000000110101010011101111111111011110001010011111000000000000111000000111000100001000000000011010011101110000000000000111010111111111111100101100110000100111011110010111111111100101111011010101111111000000011001010111100000000001110111111111111
111101110110001110101110001111000000001100100001111001101111011000000000100000000000000000000010001000011101110011111011110000000001110000000000000111000000111000100000000000000011010011101110000000000000100000111100010000000001100110000100111001110101110000000000001111011010111111111000000011001010111000000000000110101111111111
111101110110001110101110001111000000001100100011111001101111111110011000110000000000000000000110101010011101111111111011110001010011111000000000000111000000111000100001000000000011010011101110000000000000111010111111111111100101100110000100111011110010111111111100101111011010101111111000000011100001111101111111111111101111101111
111101110111101111101110001111000000001100100001111001101111011000000001110000000000000000000110001000011101110011111011110000000001110000000000000111000000111000100000000000000011010011101110000000000000111010111111110000000001101110000100111011010111111111111100101111111010101111111000000011001011111100000000001110111111101111
111101110111101110101010001111000000001100100001111001101111011000000001110000000000000000000110001000011101110011111011110000000001110000000000000111000000111011101100100000000011111011111110000110100000111010111111111111100101101110000100111011010111111111011100101111011010101111111000000011001010111100000000001110101111111111
111101110111101110101010001111000000001100100001111001101111011000000001110000000000000000000110001000011101110011111011110000000001110000000000000111000000111011101100100000000011111011111110000110100000111010111111111111100101101110000100111011010111111111011100101111011010101111111000000011001010111100000000001110101111111111
111101110111001110101010001111000000001100100001111001101111011000000001100000000000000000000110001000011101110011111011110000000001110000000000000111000000111000100000000000000011010011101110000000000000100010111111110000000001100110000100111101110101110000000000001111011010101111111000000011001010111100000000001110111111101111
111101110110001110101110001111000000001100100001111001101111011000000001100000000000000000000110001000011101110011111011110000000001110000000000000111000000111000100000000000000011010011101110000000000000111010111111110000000001101110000100111011010111111111111100101111111010101111111000000011101011111100000000001110111111101111
111101110110001110101110001111000000001100100001111001101111011000000001100000000000000000000110001000011101110011111111110000000001110000000000000111000000111000100000000000000011010011101110000000000000000010111100110000000001100110000100001011110100000000000000001111011010100111101000000011001010111100000000000110101111111111
111101110110001110101110001111000000001100100001111001101111011000000001100000000000000000000110001000011101110011111011110000000001110000000000000111000000111000100000000000000011010011101110000000000000111010111111110000000001101110000100111011010111111111111100101111111010101111111000000011101011111100000000001110111111101111
111101110111001110101010001111000000001100100001111001101111011000000001010000000000000000000110001000011101110011111011110000000001110000000000000111000000111010100000000000000011010011101110000000000000100010111111110000000001110110000100111011010111111111111000111111111010101111111000000011001010111100000000001110111111101111
111101110111101110101010001111000000001100100001111001101111011000000001110000000000000000000110001000011101110011111011110000000001110000000000000111000000111011101100100000000011111011111110000110100000111010111111111111100101101110000100111011010111111111011100101111011010101111111000000011001010111100000000001110101111111111
111101110111101110101010001111000000001100100001111001101111011000000001110000000000000000000110001000011101110011111011110000000001110000000000000111000000111011101100100000000011111011111110000110100000111010111111111111100101101110000100111011010111111111011100101111011010101111111000000011001010111100000000001110101111111111
111101110110001110101110001111000000001100100011111001101111011000000001110000000000000000000110001000011101110011111011110000000001110000000000000111000000111000100001000000000011010011101110000000000000111010111100110000000001100110000100111001110101110000000000001111011010101111111000000011001010111100000000001110111111101111
111101110110001110101110001111000000001100100011111001101111111110011000110000000000000000000110101010011101111111111011110001010011111000000000000111000000111000100001000000000011010011101110000000000000111010111111111111100101100110000100111011110010111111111100101111011010101111111000000011100001111101111111111111101111101111
111101110111011110101110001111000000001100100011111001101111011000000001110000000000000000000110101010011101111111111011110001010011111000000000000111000000111000100001000000000011010011101110000000000000111010111111111111100101100110000100111011110010111111111100101111011010101111111000000011100001111101111111111111101111101111
111101110111011110101110001111000000001100100011111001101111011000000001110000000000000000000110001000011101110011111011110000000001110000000000000111000000111011100001000000000011010011101110000000000000111010111111110111100101100111000100111011110010111111011100101111011010101111111000000011100001111001111111111110111111111111
111101110110001110111110001111000000001111101111111000111111111111100111110010000111100000001110101010011101111011111111100011001101111001111111010111011110111111111101101010100011111011111110000110100000111010111111110111100101100110000100111011010011111111011100101111011011101111111000000011100001111101111111111111101111111111
111101110110001110101110001111000000001100100011111001101111111110011000110000000000000000000110101010011101111111111011110001010011111000000000000111000000111000100001000000000011010011101110000000000000111010111111111111100101100110000100111011110010111111111100101111011010101111111000000011001010111100000000001110111111111111
111111110111101100001110101111011000011111101111111000111111111111100111111010000111100000000110101010011101111011111111100011001101111001111111010111011110111111101101101010100011111011111110000110100000111010111111110111110101100110000110111011110011111111011100101111011010101111111000000011100001111001111111111110111111111111
111101110110001110101110001111000000001100100001111001101111011000000001100000000000000000000110001000011101110011111011110000000001110000000000000111000000111000100000000000000011010011101110000000000000100000111100010000000001100110000100111001110101110000000000001111011010111111111000000011001010111110000000001110111111101111
111101110111001110101110001111000000001100100011111001101111011000000001110000000000000000000110000000011101110011111011110000000001110000000000000111000000111000100001000000000011010011101110000000000000111010111100110000000001100110000100111001110101110000000000001111011010101111101000000011001010111100000000001110111111101111
111101110110001110101110001111000000001100100011111001101111011000000000100000000000000000000010001000011101110011110011110000000001110000000000000111000000111000100000000000000011010011101110000000000000100000111100010000000001100110000100111001110101110000000000001111011010111111111000000011001010111000000000000110101111111111
111101110111101110101110001111000000001100100011111001101111011000000001110000000000000000000110001000011101110011111011110000000001110000000000000111000000111000100001000000000011010011101110000000000000111010111100110000000001100110000100111001110101110000000000001111011010101111101000000011001010111100000000001110111111101111
111101110111101111101110001111000000001100100011111001101111011000000001110000000000000000001110001000011101110011111011110000000001110000000000000111000000111000100000000000000011010011101110000000000000111010111111110000000001101110000100111011010111111111111100101111111010101111111000000011001011111100000000001110111111101111
111101110110001110101110001111000000001100100001111001101111011000000001100000000000000000000110001000011101110011111111110000000001110000000000000111000000111000100000000000000011010011101110000000000000000010111100000000000001100110000100001011110100000000000000001111011010100111111000000011001010111100000000000110101111111111
111101110111101110101110001111000000001100100011111001101111011000000001110000000000000000000110001000011101110011111011110000000001110000000000000111000000111000100001000000000011010011101110000000000000111010111100110000000001100110000100111001110101110000000000001111011010101111101000000011001010111100000000001110111111101111
111101110110001110101110001111000000001100100001111001101111011000000001100000000000000000000110001000011101110011111111110000000001110000000000000111000000111000100000000000000011010011101110000000000000000010111100000000000001100110000100001011110100000000000000001111011010100111111000000011001010111100000000000110101111111111
111101110111101110101110001111000000001100100011111001101111011000000001110000000000000000000110001000011101110011111011110000000001110000000000000111000000111000100000000000000011010011101110000000000000111010111111110000000001101110000100111011110111111111111100101111111010101111111000000011001011111100000000001110111111101111
111101110111101110101110101111000000001100100011111001101111011000000001110100000000000000000110001000011101111011111011110000000001110000000000000111000000111010100001000000000011010011101110000000000000111010111111110000000001101110000100111011010111111111111100101111111010101111111000000011001011111100000000001110111111101111
111101110111001110101010001111000000001100100001111001101111011000000001110000000000000000000110000000011101110011111011110000000001110000000000000111000000111011100000000000000011010011101110000000000000000010111100010000000001100110000100001010110101000000000000001111011010000111011000000011001010111000000000000110101111111111
111101110111101110101110001111000000001100100011111001101111011000000001110000000000000000000110001000011101110011111011110000000001110000000000000111000000111000100001000000000011010011101110000000000000111010111100110000000001100110000100111001110101110000000000001111011010101111101000000011001010111100000000001110111111101111
111111110111101111001110101111000000001100110101111001110111011110011111110011000000100000000110101110011111111011111111100001001011110000000000000111000000111011101100100000000011111111111110000110100000111010111111111111100101101110000100111011110011111111111100101111011010101111111000000011100001111101111111111111101111101111
111101110111101110101110001111000000001100100011111001101111011000000001110000000000000000000110001000011101110011111011110000000001110000000000000111000000111000100001000000000011010011101110000000000000111010111100110000000001100110000100111001110101110000000000001111011010101111101000000011001010111100000000001110111111111111
111111110111101100001110101111011000011111101111111000111111111111100111111010000111100000000110101010011101111011111111100011001101111001111111010111011110111111101101101010100011111011111110000110100000111010111111110111110101100110000110111011110011111111011100101111011010101111111000000011100001111001111111111110111111111111
111101110111101110101110001111000000001100100011111001101111011000000001110000000000000000000110001000011101110011111011110000000001110000000000000111000000111000100001000000000011010011101110000000000000111010111100110000000001100110000100111001110101110000000000001111011010101111101000000011001010111100000000001110111111101111
111111110111101100001110101111011010011111101111111000111111111111100111111010000111100000000110101010011101111011111111100011001101111001111111010111011110111111101101101010100011111011111110000110100000111010111111110111110101100110000110111011110011111111011100101111011010101111111000000011100001111001111111111110111111111111
111111110111101111001110101111000000001100110101111001100111011110011111110010000000100000000110101110011101111011111111100001001011110000000000000111000000111011101101100000000011111011111110000110100000111010111111111111100101101110000100111011110011111111011100101111011010101111111000000011100001111001111111111110111111111111
111101111111101110101110001111000000001100100011111001101111011000000001110000000000000000000110101110011101111011111111100011001101111101111111010111011110111111101101101010100011111011111110000110100000111110111111111111110101100110000100111011110011111111011100101111011010101111111000000011100001111001111111111110111111111111
111101110110001110101110001111000000001100100001111001101111011000000001100000000000000000000110001000011101110011111011110000000001110000000000000111000000111000100000000000000011010011100110000000000000111010111111110000000001101110000100111011010111111111111100101111111010101111111000000011001011111100000000001110111111101111
111101110110001110101110001111000000001100100011111001101111111110011000110000000000000000000110101010011101111111111011110001010011111000000000000111000000111000100001000000000011010011101110000000000000111010111111111111100101100110000100111011110010111111111100101111011010101111111000000011100001111101111111111111101111101111
111101110111101110101110001111000000001100100011111001101111011000000001110000000000000000000110001000011101110011111011110000000001110000000000000111000000111000100001000000000011010011101110000000000000111010111100110000000001100110000100111001110101110000000000001111011010101111101000000011001010111100000000001110111111101111
111101110110001110101110001111000000001100100011111001101111111110011000110000000000000000000110101010011101111111111011110001010011111000000000000111000000111000100001000000000011010011101110000000000000111010111111111111100101100110000100111011110010111111111100101111011010101111111000000011100001111101111111111111101111101111
111101110111001110101010001111000000001100100001111001101111011000000001100000000000000000000110001000011101110011111011110000000001110000000000000111000000111000100000000000000011010011101110000000000000100010111111110000000001100110000100111101110101110000000000001111011010101111111000000011001010111100000000001110111111101111
111101110110001110101110001111000000001100100001111001101111011000000000100000000000000000000010001000011101110011111011110000000001110000000000000111000000111000100000000000000011010011101110000000000000100000111100010000000001100110000100111001110101110000000000001111011010111111011000000011001010111000000000000110101111111111
111101110111101110101110101111000000001100100011111001101111011000000001110100000000000000000110001000011101111011111011110000000001110000000000000111000000111010100001000000000011010011101110000000000000111010111111110000000001101110000100111011010111111111111100101111111010101111111000000011001011111100000000001110111111101111
111101110110001110101110001111000000001100100101111001111111011110011101010010000010000000001110100000011101111011110111100010000001110000000000000111000000111011101100000000000011111011111110000110100000111010111111110111100101101110000100111011110011111111011100101111111010101111111000000011001010111110000000001110111111101111
111101110110001110101110001111000000001100100011111001101111011000000001100000000000000000000110001000011101110011111011110000000001110000000000000111000000111000100000000000000011010011101110000000000000100000111100010000000001100110000100111001110101110000000000001111011010000111011000000011001010111000000000000110101111111111
111101110110001110101110001111000000001100100011111001101111111110011000110000000000000000000110101010011101111111111011110001010011111000000000000111000000111000100001000000000011010011101110000000000000111010111111111111100101100110000100111011110010111111111100101111011010101111111000000011100001111101111111111111101111101111
111101110111001110101010001111000000001100100001111001101111011000000001110000000000000000000110000000011101110011111011110000000001110000000000000111000000111011100000000000000011010011101110000000000000000010111100010000000001100110000100001011110101000000000000001111011010000111011000000011001010111000000000000110101111111111
111101110110001110101110001111000000001100100001111001101111011000000000100000000000000000000010001000011101110011111011110000000001110000000000000111000000111000100000000000000011010011101110000000000000100000111100010000000001100110000100111001110101110000000000001111011010111111111000000011001010111000000000000110101111111111
111111110111101111001110101111000000001100110101111001100111011110011111110010000000100000000110101110011101111011111111100001001011110000000000000111000000111011101101100000000011111011111110000110100000111010111111111111100101101110000100111011110011111111011100101111011010101111111000000011100001111001111111111110111111111111
111101110110001110101110001111000000001100100011111001101111011000000001100000000000000000000110001000011101110011111011110000000001110000000000000111000000111000100000000000000011010011101110000000000000100000111100010000000001100110000100111001110101110000000000001111011010000111011000000011001010111000000000000110101111111111
111101110110001110101110001111000000001100100001111001101111011000000001100000000000000000000110001000011101110011111011110000000001110000000000000111000000111000100000000000000011010011101110000000000000111010111111110000000001101110000100111011010111111111111100101111111010101111111000000011101011111100000000001110111111101111
111111110111101111001110101111000000001100110101111001100111011110011111110010000000100000000110101110011101111011111111100001001011110000000000000111000000111011101101100000000011111011111110000110100000111010111111111111100101101110000100111011110011111111011100101111011010101111111000000011100001111001111111111110111111111111
111101110110001110101110001111000000001100100011111001101111011000000001100000000000000000000110001000011101110011111011110000000001110000000000000111000000111000100000000000000011010011101110000000000000100000111100010000000001100110000100111001110101110000000000001111011010000111011000000011001010111000000000000110101111111111
111101110110001110101110001111000000001100100011111001101111011000000001110000000000000000000110001000011101110011111011110000000001110000000000000111000000111000100001000000000011010011101110000000000000111010111100110000000001100110000100111001110101110000000000001111011010101111111000000011001010111100000000001110111111101111
111111110111101100001110101111011000011111101111111000111111111111100111111010000111100000000110101010011101111011111111100011001101111001111111010111011110111111101101101010100011111011111110000110100000111010111111110111110101100110000110111011110011111111011100101111011010101111111000000011100001111001111111111110111111111111
111101110110001110101110001111000000001100100011111001101111011000000001100000000000000000000110001000011101110011111011110000000001110000000000000111000000111000100000000000000011010011101110000000000000100000111100010000000001100110000100111001110101110000000000001111011010000111011000000011001010111000000000000110101111111111
111111110111101111001110101111000000001100110101111001100111011110011111110010000000100000000110101110011101111011111111100001001011110000000000000111000000111011101100100000000011111011111110000110100000111010111111111111100101101110000100111011010111111111011100101111011010101111111000000011001010111100000000001110101111111111
111101110110001110101110001111000000001100100011111001101111111110011000110000000000000000000110101010011101111111111011110001010011111000000000000111000000111000100001000000000011010011101110000000000000111010111111111111100101100110000100111011110010111111111100101111011010101111111000000011001010111100000000001110111111111111
111101110111101110101010001111000000001100100001111001101111011000000001110000000000000000000110001000011101110011111011110000000001110000000000000111000000111011101100100000000011111011111110000110100000111010111111111111100101101110000100111011010111111111011100101111011010101111111000000011001010111100000000001110101111111111
111111110111101100001110101111011000011111101111111000111111111111100111111010000111100000000110101010011101111011111111100011001101111001111111010111011110111111101101101010100011111011111110000110100000111010111111110111110101100110000110111011110011111111011100101111011010101111111000000011100001111001111111111110111111111111
111101110110001110101110001111000000001100100011111001101111111110011000110000000000000000000110101010011101111111111011110001010011111000000000000111000000111000100001000000000011010011101110000000000000111010111111111111100101100110000100111011110010111111111100101111011010101111111000000011100001111101111111111111101111101111
111101110110001110101110001111000000001100100011111001101111011000000001100000000000000000000110001000011101110011111011110000000001110000000000000111000000111000100000000000000011010011101110000000000000100000111100010000000001100110000100111001110101110000000000001111011010000111011000000011001010111000000000000110101111111111
111101110111001110101010001111000000001100100001111001101111011000000001100000000000000000000110001000011101110011111011110000000001110000000000000111000000111000100000000000000011010011101110000000000000100010111111110000000001100110000100111101110101110000000000001111011010101111111000000011001010111100000000001110111111101111
111101110111001110101010001111000000001100100001111001101111011000000001110000000000000000000110000000011101110011111011110000000001110000000000000111000000111011100000000000000011010011101110000000000000000010111100010000000001100110000100001011110101000000000000001111011010000111011000000011001010111000000000000110101111111111
111101110111001110101110001111000000001100100011111001101011011000000001110000000000000000000110001000011101110011111011110000000001110000000000000111000000111000100001000000000011010011101110000000000000111010111100110000000001100110000100111001110101110000000000001111011010101111101000000011001010111100000000001110111111101111
111101110110001110101110001111000000001100100011111001101111011000000001100000000000000000000110001000011101110011111011110000000001110000000000000111000000111000100000000000000011010011101110000000000000100000111100010000000001100110000100111001110101110000000000001111011010000111011000000011001010111000000000000110101111111111
111111110111101110101110001111000000001100100011111001101111011000000001110000000000000000000110101110011101111011111111100011001101111001111111010111011110111111101101101010100011111011111110000110100000111110111111111111110101100110000100111011110011111111011100101111011010101111111000000011100001111001111111111110111111111111
111101110111001110101110001111000000001100100011111001101111011000000001110000000000000000000110000000011101110011111011110000000001110000000000000111000000111000100001000000000011010011101110000000000000111010111100110000000001100110000100111001110101110000000000001111011010101111101000000011001010111100000000001110111111101111
111101110110001110101110001111000000001100100001111001101111011000000001100000000000000000000110001000011101110011111111110000000001110000000000000111000000111000100000000000000011010011101110000000000000000010111100010000000001100010000100001011110100000000000000001111011010100111111000000001001010111100000000000110101111111111
111101110111101100001110001111000000001100100101111001111111011110010101010010000010000000001110100000011101111011110111100011000001110000000000000111000000111011101100100010000011111011111110000110100000111010111111110111100001100110000100111101110101110000000000001111011010101111111000000011001010111100000000001110111111101111
111101111110001110111110001111000000001100100011111001101111111110011000110000000000000000000110101010011101111111111011110001010011111000000000000111000000111000100001000000000011010011101110000000000000111010111111111111100101100111000100111011110010111111011100101111011010101111111000000011100001111011111111111110111111111111
111101110111101110101010001111000000001100100001111001101111011000000001110000000000000000000110001000011101110011111011110000000001110000000000000111000000111011101100100000000011111011111110000110100000111010111111111111100101101110000100111011010111111111011100101111011010101111111000000011001010111100000000001110101111111111
111101110111001110101110001111000000001100100011111001101011011000000001110000000000000000000110001000011101110011111011110000000001110000000000000111000000111000100001000000000011010011101110000000000000111010111100110000000001100110000100111001110101110000000000001111011010101111101000000011001010111100000000001110111111101111
111101110110001110101110001111000000001100100001111001101111011111100111111010000111100000000110101010011101111011111111100011001101111101111111010111011110111111101101101010100011111011110110000110100000111010111111110111110101100110000110111011110011111111011100101111011010101111111000000011100001111001111111111110111111111111
111101110111101111101110001111000000001100100011111001101111011000000001110000000000000000000110001000011101110011111011110000000001110000000000000111000000111011101100100000000011111011111110000110100000111010111111111111100101101110000100111011010111111111011100101111011010101111111000000011001010111100000000001110111111101111
111101110111011110101110001111000000001100100011111001101111011000000001110000000000000000000110001000011101110011110011110000000001110000000000000111000000111000100000000000000011010011101110000000000000100000111100010000000001100110000100111001110101110000000000001111011010111111111000000011001010111000000000000110101111111111
111101110111101110101110001111000000001100100011111001101111011000000001110000000000000000000110001000011101110011111011110000000001110000000000000111000000111000100001000000000011010011101110000000000000111010111100110000000001100110000100111001110101110000000000001111011010101111101000000011001010111100000000001110111111101111
111111110111101111001110101111000000001100110101111001110111011110011111110010000000100000000110100110011101111011111111100001001011110000000000000111000000111011101100100000000011111011111110000110100000111010111111111111100101101110000100111011110011111111011100101111011010101111111000000011001010111100000000001110111111111111
111101110111101110101010001111000000001100100001111001101111011000000001110000000000000000000110001000011101110011111011110000000001110000000000000111000000111011101100100000000011111011111110000110100000111010111111111111100101101110000100111011010111111111011100101111011010101111111000000011001010111100000000001110101111111111
111101110110001110101110001111000000001100100011111001101111111110011000110000000000000000000110101010011101111111111011110001010011111000000000000111000000111000100001000000000011010011101110000000000000111010111111111111100101100110000100111011110010111111111100101111011010101111111000000011100001111101111111111111101111101111
111101110111101110101110101111000000001100100011111001101111011000000001110100000000000000000110001000011101111011111011110000000001110000000000000111000000111010100001000000000011010011101110000000000000111010111111110000000001101110000100111011010111111111111100101111111010101111111000000011001011111100000000001110111111101111
111101110110001110101110001111000000001100100011111001101111111110011000110000000000000000000110101010011101111111111011110001010011111000000000000111000000111000100001000000000011010011101110000000000000111010111111111111100101100110000100111011110010111111111100101111011010101111111000000011001010111100000000001110111111111111
111101110111101110101110001111000000001100100011111001101111011000000001110000000000000000000110001000011101110011111011110000000001110000000000000111000000111000100001000000000011010011101110000000000000111010111100110000000001100110000100111001110101110000000000001111011010101111101000000011001010111100000000001110111111101111
111101110111101110101110001111000000001100100011111001101111011000000001110101000000000000000110001000011101111011111011110001001011110000000000000111000000111011101100100000000011111011111110000110100000111010111111111111100101101110000100111011010111111111011100101111011010101111111000000011001010111100000000001110111111101111
111101110111001110101010001111000000001100100001111001101111011000000001100000000000000000000110001000011101110011111011110000000001110000000000000111000000111000100000000000000011010011101110000000000000100010111111110000000001100110000100111101110101110000000000001111011010101111111000000011001010111100000000001110111111101111
111101110110001110101110001111000000001100100011111001101111011000000001110000000000000000000110001000011101110011111011110000000001110000000000000111000000111000100001000000000011010011101110000000000000111010111100110000000001100110000100111001110101110000000000001111011010101111111000000011001010111100000000001110111111101111
111101110111101111101110001111000000001100100011111001101111011000000001110000000000000000000110001000011101110011111011110000000001110000000000000111000000111011101100100000000011111011111110000110100000111010111111111111100101101110000100111011010111111111011100101111011010101111111000000011001010111100000000001110111111101111
111101110110001110101110001111000000001100100001111001101111011000000001100000000000000000000110001000011101110011111111110000000001110000000000000111000000111000100000000000000011010011101110000000000000000010111100110000000001100110000100001011110100000000000000001111011010100111101000000011001010111100000000000110101111111111
111101110111101110101110001111000000001100100011111001101111011000000001110101000000000000000110001000011101111011111011110001001011110000000000000111000000111011101100100000000011111011111110000110100000111010111111111111100101101110000100111011010111111111011100101111011010101111111000000011001010111100000000001110111111101111
111101110110001110101110001111000000001100100001111001101111011000000000100000000000000000000010001000011101110011111011110000000001110000000000000111000000111000100000000000000011010011101110000000000000100000111100010000000001100110000100111001110101110000000000001111011010111111111000000011001010111000000000000110101111111111
111101110111101100001110001111000000001100100101111001111111011110011101010010000000000000001110100000011101111011110111100011000001110000000000000111000000111011101100000000000011111011111110000110100000111010111111111111100111100100000100111011110011111111011100111111011010101111111000000011001010111110000000001110111111101111
111101110111101110101110001111000000001100100011111001101111011000000001110101000000000000000110001000011101111011111011110001001011110000000000000111000000111011101100100000000011111011111110000110100000111010111111111111100101101110000100111010010111111111011100101111011010101111111000000011001010111100000000001110111111101111
111101110111101100001110001111000000001100100101111001111111011110010101010010000010000000001110100000011101111011110111100011000001110000000000000111000000111011101100100010000011111011111110000110100000111010111111110111100001100110000100111101110101110000000000001111011010101111111000000011001010111100000000001110111111101111
111101110111101110101110001111000000001100100011111001101111011000000001110101000000000000000110001000011101111011111011110001001011110000000000000111000000111011101100100000000011111011111110000110100000111010111111111111100101101110000100111011010111111111011100101111011010101111111000000011001010111100000000001110111111101111
111101110111101110101110001111000000001100100011111001101111011000000001110101000000000000000110001000011101111011111011110001001011110000000000000111000000111011101100100000000011111011111110000110100000111010111111111111100101101110000100111011010111111111011100101111011010101111111000000011001010111100000000001110111111101111
111101110111011110101110001111000000001100100011111001101111011000000001110000000000000000000110001000011101110011110011110000000001110000000000000111000000111010100001000000000011010011101110000000000000111010111111110111100101100110000100111011110010111111011100101111011010101111111000000011101001111001111111111110111111111111
111111110111101111001110101111000000001100110101111001110111011110011111110010000000100000000110100110011101111011111111100001001011110000000000000111000000111011101100100000000011111011111110000110100000111010111111111111100101101110000100111011110011111111011100101111011010101111111000000011001010111100000000001110111111111111
111101110110001110101110001111000000001100100011111001101111111110011000110000000000000000000110101010011101111111111011110001010011111000000000000111000000111000100001000000000011010011101110000000000000111010111111111111100101100110000100111011110010111111111100101111011010101111111000000011100001111101111111111111101111101111
111111110111101100001110111111010000011111101111111000111111111111100111111010000111100000000110101010011101111011111111100011001101111001111111010111011110111111101101101010100011111011111110000110100000111010111111110111110101100110000110111011110011111111011100101111011010101111111000000011100001111001111111111110111111111111
111111110111101111001110101111000000001100110101111001110111011110011111110010000000100000000110100110011101111011111111100001001011110000000000000111000000111011101100100000000011111011111110000110100000111010111111111111100101101110000100111011110011111111011100101111011010101111111000000011001010111100000000001110111111111111
111101110111101110101110001111000000001100100011111001101111011000000001110101000000000000000110001000011101111011111011110001001011110000000000000111000000111011101100100000000011111011111110000110100000111010111111111111100101101110000100111011010111111111011100101111011010101111111000000011001010111100000000001110111111101111
111101110111101110101110001111000000001100100011111001101111011000000001110101000000000000000110001000011101111011111011110001001011110000000000000111000000111011101100100000000011111011111110000110100000111010111111111111100101101110000100111011010111111111011100101111011010101111111000000011001010111100000000001110111111101111
111111110111101111001110101111000000001100110101111001110111011110011111110010000000100000000110100110011101111011111111100001001011110000000000000111000000111011101100100000000011111011111110000110100000111010111111111111100101101110000100111011110011111111011100101111011010101111111000000011001010111100000000001110111111111111
111101110111101110101110001111000000001100100011111001101111011000000001110000000000000000000110001000011101110011111011110000000001110000000000000111000000111000100001000000000011010011101110000000000000111010111100110000000001100110000100111001110101110000000000001111011010101111101000000011001010111100000000001110111111101111
111101110111101110101110001111000000001100100011111001101111011000000001110101000000000000000110001000011101111011111011110001001011110000000000000111000000111011101100100000000011111011111110000110100000111010111111111111100101101110000100111011010111111111011100101111011010101111111000000011001010111100000000001110111111101111
111101110111101110101110001111000000001100100011111001101111011000000001110101000000000000000110001000011101111011111011110001001011110000000000000111000000111011101100100000000011111011111110000110100000111010111111111111100101101110000100111011010111111111011100101111011010101111111000000011001010111100000000001110111111101111
111101110111101110101010001111000000001100100001111001101111011000000001110000000000000000000110001000011101110011111011110000000001110000000000000111000000111000100000000000000011010011101110000000000000000010111100110000000001100110000100001011110100000000000000001111011010100111111000000011001010111100000000000110101111111111
111101110111101110101110001111000000001100100011111001101111011000000001110101000000000000000110001000011101111011111011110001001011110000000000000111000000111011101100100000000011111011111110000110100000111010111111111111100101101110000100111011010111111111011100101111011010101111111000000011001010111100000000001110111111101111
111111110111101111001110101111000000001100110101111001110111011110011101110010000000100000000110101110011101111011111111100001001011110000000000000111000000111011101100100000000011111011111110000110100000111010111111111111100101101110000100111011110011111111011100101111011010101111111000000011001000111100000000001110111111111111
111101110111101110101110001111000000001100100011111001101111011000000001110000000000000000000110001000011101110011111011110000000001110000000000000111000000111000100001000000000011010011101110000000000000111010111100110000000001100110000100111001110101110000000000001111011010101111101000000011001010111100000000001110111111101111
111111110111101111001110101111000000001100110101111001110111011110011111110010000000100000000110100110011101111011111111100001001011110000000000000111000000111011101100100000000011111011111110000110100000111010111111111111100101101110000100111011110011111111011100101111011010101111111000000011001010111100000000001110111111111111
111101110111101110101110001111000000001100100011111001101111011000000001110000000000000000000110001000011101110011111011110000000001110000000000000111000000111000100001000000000011010011101110000000000000111010111100110000000001100110000100111001110101110000000000001111011010101111101000000011001010111100000000001110111111101111
111101110111001110101110001111000000001100100011111001101111011000000001110000000000000000000110000000011101110011111011110000000001110000000000000111000000111000100001000000000011010011101110000000000000111010111100110000000001100110000100111001110101110000000000001111011010101111101000000011001010111100000000001110111111101111
111111110111101111001110101111000000001100110101111001100111011110011111110010000000100000000110101110011101111011111111100001001011110000000000000111000000111011101101100000000011111011111110000110100000111010111111111111100101101110000100111011110011111111011100101111011010101111111000000011100001111001111111111110111111111111
111101110111101110101010001111000000001100100001111001101111011000000001110000000000000000000110001000011101110011111011110000000001110000000000000111000000111000100000000000000011010011101110000000000000000010111100110000000001100110000100001011110100000000000000001111011010100111111000000011001010111100000000000110101111111111
111101110110001110101110001111000000001100100001111001101111011000000001100000000000000000000110100110011101111011111111100001001011110000000000000111000000111011101100100000000011111011111110000110100000111010111111111111100101101110000100111011110011111111011100101111011010101111111000000011001010111100000000001110111111111111
111111110111101111001110101111000000001100110101111001100111011110011111110010000000100000000110101110011101111011111111100001001011110000000000000111000000111011101101100000000011111011111110000110100000111010111111111111100101101110000100111011110011111111011100101111011010101111111000000011100001111001111111111110111111111111
111101110111001110101110001111000000001100100011111001101011011000000001110000000000000000000110001000011101110011111011110000000001110000000000000111000000111000100001000000000011010011101110000000000000111010111100110000000001100110000100111001110101110000000000001111011010101111101000000011001010111100000000001110111111101111
111101110111101110101110001111000000001100100011111001101111011000000001110000000000000000000110001000011101110011111011110000000001110000000000000111000000111000100001000000000011010011101110000000000000111010111100110000000001100110000100111001110101110000000000001111011010101111101000000011001010111100000000001110111111101111
111101110111001110101010001111000000001100100001111001101111011000000001110000000000000000000110000000011101110011111011110000000001110000000000000111000000111011100000000000000011010011101110000000000000000010111100010000000001100110000100001011100101000000000000001111011010000101011000000011001010111000000000000110101111111111
111101110111001110101010001111000000001100100001111001101111011000000001110000000000000000000110000000011101110011111011110000000001110000000000000111000000111011100000000000000011010011101110000000000000000010111100010000000001100110000100001011100101000000000000001111011010000101011000000011001010111000000000000110101111111111
111101110111001110101110001111000000001100100011111001101011011000000001110000000000000000000110001000011101110011111011110000000001110000000000000111000000111000100001000000000011010011101110000000000000111010111100110000000001100110000100111001110101110000000000001111011010101111101000000011001010111100000000001110111111101111
111101110111101110101010001111000000001100100001111001101111011000000001110000000000000000000110001000011101110011111011110000000001110000000000000111000000111011101100100000000011111011111110000110100000111010111111111111100101101110000100111011010111111111011100101111011010101111111000000011001010111100000000001110101111111111
111101110111101110101010001111000000001100100001111001101111011000000001110000000000000000000110001000011101110011111011110000000001110000000000000111000000111000100000000000000011010011101110000000000000000010111100110000000001100110000100001011110100000000000000001111011010100111111000000011001010111100000000000110101111111111
111101110110001110101110001111000000001100100001111001101111011000000001100000000000000000000110001000011101110011111111110000000001110000000000000111000000111000100000000000000011010011101110000000000000000010111100110000000001100110000100001011110100000000000000001111011010100111101000000011001010111100000000000110101111111111
111101110110001110101110001111000000001100100001111001101111011000000001100000000000000000000110001000011101110011111111110000000001110000000000000111000000111000100000000000000011010011101110000000000000000010111100010000000001100110000100001011110100000000000000001111011010100111111000000001001010111100000000000110101111111111
111111110111101111001110101111000000001100110101111001100111011110011111110010000000100000000110101110011101111011111111100001001011110000000000000111000000111011101101100000000011111011111110000110100000111010111111111111100101101110000100111011110011111111011100101111011010101111111000000011100001111001111111111110111111111111
111101110110001110101110001111000000001100100001111001101111011000000000100000000000000000000010001000011101110011111011110000000001110000000000000111000000111000100000000000000011010011101110000000000000100000111100010000000001100110000100111001110101110000000000001111011010111111111000000011001010111000000000000110101111111111
111101110110001110101110001111000000001100100001111001101111011000000001100000000000000000000110001000011101110011111111110000000001110000000000000111000000111000100000000000000011010011101110000000000000000010111100000000000001100110000100001011110100000000000000001111011010100111111000000011001010111100000000000110101111111111
111101110111101111101110001111000000001100100011111001101111011000000001110000000000000000000110101000011101111011111011110000000001110000000000000111000000111010100001000000000011010011101110000000000000111010111100110000000001100110000100111001110111110000000000001111011010111111111000000011001010111100000000000110101111111111
111101110111001110101010001111000000001100100001111001101111011000000001110000000000000000000110000000011101110011111011110000000001110000000000000111000000111011100000000000000011010011101110000000000000000010111100010000000001100110000100001011100101000000000000001111011010000101011000000011001010111000000000000110101111111111
111101110111101110101110001111000000001100100011111001101111011000000001110000000000000000000110001000011101110011111011110000000001110000000000000111000000111000100001000000000011010011101110000000000000111010111100110000000001100110000100111001110101110000000000001111011010101111101000000011001010111100000000001110111111101111
111101110111001110101010001111000000001100100001111001101111011000000001100000000000000000000110001000011101110011111011110000000001110000000000000111000000111000100000000000000011010011101110000000000000100010111111110000000001100110000100111101110101110000000000001111011010101111111000000011001010111100000000001110111111101111
111101110111101110101010001111000000001100100001111001101111011000000001110000000000000000000110001000011101110011111011110000000001110000000000000111000000111011101100100000000011111011111110000110100000111010111111111111100101101110000100111011010111111111011100101111011010101111111000000011001010111100000000001110101111111111
111101110111101111001110101111000000001100110101111001100111011110011111110010000000100000000110101110011101111011111111100001001011110000000000000111000000111011101100100000000011111011111110000110100000111010111111111111100101101110000100111011110011111111011100101111011010101111111000000011100001111001111111111110111111111111
111101110110001110101110001111000000001100100001111001101111011000000001100000000000000000000110001000011101110011111011110000000001110000000000000111000000111000100000000000000011010011100110000000000000111010111111110000000001101110000100111011010111111111111100101111111010101111111000000011001011111100000000001110111111101111
111101110110001110101110001111000000001100100001111001101111011000000001100000000000000000000110001000011101110011111011110000000001110000000000000111000000111000100000000000000011010011101110000000000000111010111111110000000001101110000100111011010111111111111100101111111010101111111000000011101011111100000000001110111111101111
111101110111101110101110001111000000001100100011111001101111011000000001110100000000000000000110001000011101111011111011110010000001110000000000000111000000111010100001000000000011010011101110000000000000111010111111110000000001101110000100111011010111111111111100101111111010101111111000000011001010111100000000001110111111101111
111111110111101111001110101111000000001100110101111001110111011110011111110011000000100000000110101110011111111011111111100001001011110000000000000111000000111011101100100000000011111011111110000110100000111010111111111111100101101110000100111011110011111111111100101111011010101111111000000011100001111101111111111111101111101111
111111110111101111001110101111000000001100110101111001110111011110011111110011000000100000000110101110011111111011111111100001001011110000000000000111000000111011101100100000000011111011111110000110100000111010111111111111100101101110000100111011110011111111111100101111011010101111111000000011100001111101111111111111101111101111
111111110111101111001110101111000000001100110101111001110111011110011111110011000000100000000110101110011111111011111111100001001011110000000000000111000000111011101100100000000011111011111110000110100000111010111111111111100101101110000100111011110011111111111100101111011010101111111000000011100001111101111111111111101111101111
111101110111101110101110001111000000001100100011111001101111011000000001110100000000000000000110001000011101111011111011110010000001110000000000000111000000111010100001000000000011010011101110000000000000111010111111110000000001101110000100111011010111111111111100101111111010101111111000000011001010111100000000001110111111101111
111111110111101111001110101111000000001100110101111001110111011110011111110011000000100000000110101110011111111011111111100001001011110000000000000111000000111011101100100000000011111011111110000110100000111010111111111111100101101110000100111011110011111111111100101111011010101111111000000011100001111101111111111111101111101111
111101110111101110101110001111000000001100100011111001101111011000000001110100000000000000000110001000011101111011111011110010000001110000000000000111000000111010100001000000000011010011101110000000000000111010111111110000000001101110000100111011010111111111111100101111111010101111111000000011001010111100000000001110111111101111
111101110111101111101110001111000000001100100011111001101111011000000001110000000000000000000110101000011101111011111011110000000001110000000000000111000000111010100001000000000011010011101110000000000000111010111100110000000001100110000100111001110111110000000000001111011010111111101000000011001010111100000000000110101111111111
111101110110001110101110001111000000001100100001111001101111011000000001100000000000000000000110001000011101110011111011110000000001110000000000000111000000111000100000000000000011010011101110000000000000111010111111110000000001101110000100111011010111111111111100101111111010101111111000000011001011111100000000001110111111101111
111111110111101111001110101111000000001100110101111001110111011110011111110010000000100000000110100110011101111011111111100001001011110000000000000111000000111011101100100000000011111011111110000110100000111010111111111111100101101110000100111011110011111111011100101111011010101111111000000011001010111100000000001110111111111111
111101110111101110101010001111000000001100100001111001101111011000000001110000000000000000000110001000011101110011111011110000000001110000000000000111000000111011101100100000000011111011111110000110100000111010111111111111100101101110000100111011010111111111011100101111011010101111111000000011001010111100000000001110101111111111
111101110110001110101110001111000000001100100001111001101111011000000001100000000000000000000110001000011101110011111011110000000001110000000000000111000000111000100000000000000011010011101110000000000000111010111111110000000001101110000100111011010111111111111100101111111010101111111000000011001011111100000000001110111111101111
111111110111101111001110101111000000001100110101111001110111011110011111110010000000100000000110100110011101111011111111100001001011110000000000000111000000111011101100100000000011111011111110000110100000111010111111111111100101101110000100111011110011111111011100101111011010101111111000000011001010111100000000001110111111111111
111111110111101111001110101111000000001100110101111001110111011110011111110010000000100000000110100110011101111011111111100001001011110000000000000111000000111011101100100000000011111011111110000110100000111010111111111111100101101110000100111011110011111111011100101111011010101111111000000011001010111100000000001110111111111111
111101110110001110101110001111000000001100100001111001101111011000000001100000000000000000000110001000011101110011111011110000000001110000000000000111000000111000100000000000000011010011101110000000000000111010111111110000000001101110000100111011010111111111111100101111111010101111111000000011001011111100000000001110111111101111
111101110110001110101110001111000000001100100001111001101111011000000001100000000000000000000110001000011101110011111011110000000001110000000000000111000000111000100000000000000011010011101110000000000000111010111111110000000001101110000100111011010111111111111100101111111010101111111000000011001011111100000000001110111111101111
111101110110001110101110001111000000001100100001111001101111011000000001100000000000000000000110001000011101110011111011110000000001110000000000000111000000111000100000000000000011010011101110000000000000111010111111110000000001101110000100111011010111111111111100101111111010101111111000000011001011111100000000001110111111101111
111101110111101110101110001111000000001100100011111001101111011000000001110100000000000000000110001000011101111011111011110010000001110000000000000111000000111010100001000000000011010011101110000000000000111010111111110000000001101110000100111011010111111111111100101111111010101111111000000011001010111100000000001110111111101111
111101110110001110101110001111000000001100100001111001101111011000000001100000000000000000000110001000011101110011111011110000000001110000000000000111000000111000100000000000000011010011101110000000000000111010111111110000000001101110000100111011010111111111111100101111111010101111111000000011001011111100000000001110111111101111
111101110110001110101110001111000000001100100001111001101111011000000001100000000000000000000110001000011101110011111011110000000001110000000000000111000000111000100000000000000011010011101110000000000000111010111111110000000001101110000100111011010111111111111100101111111010101111111000000011001011111100000000001110111111101111
111111110111101111001110101111000000001100110101111001110111011110011111110010000000100000000110100110011101111011111111100001001011110000000000000111000000111011101100100000000011111011111110000110100000111010111111111111100101101110000100111011110011111111011100101111011010101111111000000011001010111100000000001110111111111111
111101110110001110101110001111000000001100100001111001101111011000000001100000000000000000000110001000011101110011111011110000000001110000000000000111000000111000100000000000000011010011101110000000000000111010111111110000000001101110000100111011010111111111111100101111111010101111111000000011001011111100000000001110111111101111
111101110111101111101110001111000000001100100011111001101111011000000001110000000000000000000110101000011101111011111011110000000001110000000000000111000000111010100001000000000011010011101110000000000000111010111100110000000001100110000100111001110111110000000000001111011010111111101000000011001010111100000000000110101111111111
111111110111101111001110101111000000001100110101111001110111011110011111110010000000100000000110100110011101111011111111100001001011110000000000000111000000111011101100100000000011111011111110000110100000111010111111111111100101101110000100111011110011111111011100101111011010101111111000000011001010111100000000001110111111111111
111101110110001110101110001111000000001100100001111001101111011000000001100000000000000000000110001000011101110011111011110000000001110000000000000111000000111000100000000000000011010011101110000000000000111010111111110000000001101110000100111011010111111111111100101111111010101111111000000011001011111100000000001110111111101111
111101110111101111101110001111000000001100100011111001101111011000000001110000000000000000000110101000011101111011111011110000000001110000000000000111000000111010100001000000000011010011101110000000000000111010111100110000000001100110000100111001110111110000000000001111011010111111111000000011001010111100000000000110101111111111
111101110111101110101110001111000000001100100011111001101111011000000001110000000000000000000110001000011101111011111011110000000001110000000000000111000000111011101100100000000011111011111110000110100000111010111111110111100001100110000100111101110101110000000000001111011010101111111000000011001010111100000000001110111111101111
111101110111101110101110001111000000001100100011111001101111011000000001110000000000000000000110001000011101111011111011110000000001110000000000000111000000111011101100100000000011111011111110000110100000111010111111110111100001100110000100111101110101110000000000001111011010101111111000000011001010111100000000001110111111101111
111111110111101111001110101111000000001100110101111001100111011110011111110010000000100000000110101110011101111011111111100001001011110000000000000111000000111011101100100000000011111011111110000110100000111010111111111111100101101110000100111011110011111111011100101111011010101111111000000011100001111001111111111110111111111111
~~~
7.0 201.0 66.0 209.0 1287.0 
7.0 202.0 66.0 202.0 1289.0 
6.0 196.0 70.0 210.0 1333.0 
9.0 196.0 72.0 187.0 1343.0 
2.0 170.0 85.0 258.0 1570.0 
3.0 154.0 99.0 257.0 1749.0 
4.0 192.0 74.0 210.0 1360.0 
8.0 167.0 90.0 224.0 1612.0 
9.0 204.0 64.0 193.0 1250.0 
8.0 167.0 90.0 224.0 1612.0 
2.0 173.0 84.0 248.0 1546.0 
2.0 169.0 86.0 258.0 1575.0 
3.0 159.0 88.0 290.0 1691.0 
4.0 144.0 106.0 266.0 1882.0 
7.0 201.0 66.0 209.0 1287.0 
2.0 170.0 85.0 258.0 1570.0 
6.0 196.0 71.0 203.0 1338.0 
4.0 123.0 112.0 331.0 2061.0 
6.0 196.0 71.0 203.0 1338.0 
9.0 204.0 64.0 193.0 1250.0 
9.0 204.0 64.0 198.0 1241.0 
6.0 196.0 70.0 210.0 1333.0 
4.0 144.0 106.0 266.0 1882.0 
6.0 196.0 71.0 203.0 1338.0 
4.0 144.0 106.0 266.0 1882.0 
5.0 122.0 113.0 331.0 2067.0 
4.0 192.0 74.0 210.0 1360.0 
6.0 196.0 70.0 210.0 1333.0 
4.0 133.0 111.0 297.0 1991.0 
3.0 190.0 75.0 212.0 1387.0 
3.0 162.0 87.0 278.0 1674.0 
2.0 174.0 83.0 248.0 1539.0 
3.0 190.0 75.0 212.0 1387.0 
3.0 190.0 75.0 212.0 1387.0 
3.0 161.0 86.0 291.0 1665.0 
10.0 106.0 122.0 361.0 2247.0 
2.0 170.0 85.0 258.0 1570.0 
7.0 201.0 67.0 202.0 1295.0 
10.0 204.0 63.0 198.0 1250.0 
9.0 204.0 64.0 193.0 1250.0 
5.0 192.0 74.0 203.0 1367.0 
6.0 196.0 68.0 220.0 1336.0 
3.0 156.0 97.0 257.0 1730.0 
6.0 196.0 70.0 210.0 1333.0 
3.0 179.0 80.0 239.0 1494.0 
6.0 154.0 100.0 241.0 1758.0 
3.0 189.0 75.0 216.0 1397.0 
7.0 201.0 67.0 202.0 1295.0 
3.0 190.0 75.0 212.0 1387.0 
9.0 164.0 97.0 215.0 1657.0 
10.0 111.0 121.0 348.0 2209.0 
3.0 187.0 76.0 217.0 1414.0 
4.0 162.0 92.0 241.0 1693.0 
7.0 201.0 67.0 202.0 1295.0 
10.0 106.0 122.0 361.0 2247.0 
4.0 180.0 80.0 230.0 1488.0 
3.0 190.0 75.0 212.0 1387.0 
9.0 205.0 64.0 192.0 1242.0 
9.0 163.0 98.0 215.0 1664.0 
3.0 190.0 75.0 212.0 1387.0 
3.0 190.0 75.0 212.0 1387.0 
5.0 171.0 89.0 228.0 1584.0 
6.0 196.0 71.0 203.0 1338.0 
5.0 154.0 100.0 244.0 1764.0 
4.0 179.0 81.0 225.0 1490.0 
8.0 167.0 90.0 224.0 1612.0 
3.0 161.0 86.0 291.0 1665.0 
3.0 161.0 86.0 291.0 1665.0 
3.0 190.0 75.0 212.0 1387.0 
4.0 145.0 106.0 263.0 1868.0 
3.0 190.0 75.0 212.0 1387.0 
10.0 112.0 120.0 348.0 2187.0 
7.0 153.0 102.0 239.0 1765.0 
8.0 118.0 119.0 317.0 2126.0 
3.0 160.0 93.0 257.0 1696.0 
2.0 155.0 92.0 302.0 1728.0 
5.0 192.0 74.0 203.0 1367.0 
3.0 189.0 75.0 214.0 1399.0 
3.0 156.0 97.0 257.0 1730.0 
4.0 163.0 91.0 241.0 1679.0 
3.0 190.0 75.0 212.0 1387.0 
3.0 189.0 75.0 212.0 1401.0 
6.0 193.0 75.0 195.0 1360.0 
9.0 205.0 64.0 198.0 1231.0 
9.0 205.0 64.0 198.0 1231.0 
2.0 169.0 85.0 263.0 1585.0 
4.0 180.0 80.0 230.0 1488.0 
7.0 201.0 67.0 202.0 1295.0 
6.0 172.0 89.0 223.0 1573.0 
3.0 190.0 75.0 212.0 1387.0 
3.0 160.0 92.0 257.0 1702.0 
9.0 204.0 64.0 193.0 1250.0 
4.0 134.0 109.0 300.0 1977.0 
3.0 161.0 86.0 291.0 1665.0 
5.0 171.0 89.0 228.0 1584.0 
12.0 205.0 63.0 185.0 1248.0 
4.0 192.0 74.0 210.0 1360.0 
4.0 135.0 108.0 300.0 1964.0 
3.0 190.0 75.0 212.0 1387.0 
2.0 170.0 87.0 250.0 1583.0 
4.0 123.0 112.0 331.0 2061.0 
4.0 144.0 103.0 280.0 1882.0 
4.0 144.0 104.0 277.0 1876.0 
2.0 170.0 85.0 258.0 1570.0 
7.0 201.0 66.0 209.0 1287.0 
3.0 161.0 86.0 291.0 1665.0 
7.0 201.0 67.0 202.0 1295.0 
3.0 153.0 91.0 311.0 1751.0 
2.0 175.0 83.0 241.0 1535.0 
4.0 163.0 91.0 241.0 1679.0 
4.0 163.0 91.0 241.0 1679.0 
6.0 193.0 75.0 195.0 1360.0 
3.0 178.0 81.0 239.0 1499.0 
9.0 203.0 65.0 194.0 1255.0 
3.0 178.0 81.0 239.0 1499.0 
7.0 181.0 82.0 211.0 1479.0 
4.0 163.0 91.0 241.0 1679.0 
4.0 163.0 91.0 241.0 1679.0 
4.0 191.0 73.0 216.0 1375.0 
3.0 153.0 91.0 311.0 1751.0 
2.0 155.0 92.0 302.0 1728.0 
3.0 162.0 87.0 278.0 1674.0 
10.0 111.0 121.0 348.0 2209.0 
3.0 161.0 86.0 291.0 1665.0 
11.0 107.0 121.0 361.0 2235.0 
6.0 196.0 71.0 203.0 1338.0 
5.0 192.0 74.0 203.0 1367.0 
7.0 201.0 66.0 209.0 1287.0 
3.0 190.0 75.0 212.0 1387.0 
2.0 173.0 84.0 248.0 1546.0 
9.0 204.0 64.0 193.0 1250.0 
3.0 190.0 75.0 212.0 1387.0 
9.0 204.0 64.0 193.0 1250.0 
2.0 174.0 83.0 248.0 1539.0 
2.0 170.0 85.0 258.0 1570.0 
12.0 205.0 63.0 185.0 1248.0 
3.0 190.0 75.0 212.0 1387.0 
4.0 130.0 113.0 308.0 2019.0 
3.0 189.0 75.0 212.0 1401.0 
11.0 107.0 121.0 361.0 2235.0 
3.0 190.0 75.0 212.0 1387.0 
10.0 106.0 122.0 361.0 2247.0 
4.0 134.0 109.0 300.0 1977.0 
4.0 123.0 112.0 331.0 2061.0 
4.0 180.0 80.0 230.0 1488.0 
3.0 153.0 91.0 311.0 1751.0 
3.0 190.0 75.0 212.0 1387.0 
3.0 153.0 91.0 311.0 1751.0 
6.0 193.0 75.0 195.0 1360.0 
7.0 202.0 66.0 202.0 1289.0 
2.0 170.0 85.0 258.0 1570.0 
6.0 154.0 100.0 241.0 1758.0 
8.0 202.0 65.0 205.0 1272.0 
3.0 153.0 91.0 311.0 1751.0 
12.0 204.0 64.0 185.0 1261.0 
7.0 201.0 67.0 202.0 1295.0 
4.0 134.0 109.0 300.0 1977.0 
8.0 202.0 65.0 205.0 1272.0 
3.0 178.0 81.0 239.0 1499.0 
4.0 134.0 109.0 300.0 1977.0 
8.0 202.0 65.0 205.0 1272.0 
4.0 191.0 73.0 216.0 1375.0 
11.0 107.0 121.0 361.0 2235.0 
8.0 202.0 65.0 205.0 1272.0 
4.0 144.0 103.0 280.0 1882.0 
3.0 161.0 86.0 291.0 1665.0 
4.0 163.0 91.0 241.0 1679.0 
11.0 107.0 121.0 361.0 2235.0 
3.0 153.0 91.0 311.0 1751.0 
8.0 202.0 65.0 205.0 1272.0 
6.0 193.0 75.0 195.0 1360.0 
12.0 204.0 64.0 185.0 1261.0 
4.0 192.0 74.0 210.0 1360.0 
8.0 202.0 65.0 205.0 1272.0 
6.0 124.0 111.0 331.0 2052.0 
5.0 192.0 74.0 203.0 1367.0 
9.0 205.0 64.0 198.0 1231.0 
9.0 164.0 97.0 215.0 1657.0 
4.0 150.0 92.0 309.0 1788.0 
4.0 163.0 91.0 241.0 1679.0 
4.0 192.0 74.0 210.0 1360.0 
8.0 118.0 119.0 317.0 2126.0 
3.0 160.0 93.0 257.0 1696.0 
6.0 196.0 68.0 220.0 1336.0 
3.0 190.0 75.0 212.0 1387.0 
4.0 143.0 106.0 268.0 1891.0 
4.0 163.0 91.0 241.0 1679.0 
3.0 153.0 91.0 311.0 1751.0 
2.0 170.0 85.0 258.0 1570.0 
3.0 161.0 86.0 291.0 1665.0 
3.0 190.0 75.0 212.0 1387.0 
3.0 155.0 98.0 257.0 1743.0 
6.0 193.0 75.0 195.0 1360.0 
4.0 191.0 73.0 216.0 1375.0 
3.0 160.0 93.0 257.0 1696.0 
9.0 203.0 65.0 194.0 1255.0 
3.0 155.0 98.0 257.0 1743.0 
7.0 201.0 67.0 202.0 1295.0 
5.0 154.0 100.0 244.0 1764.0 
3.0 156.0 97.0 257.0 1730.0 
9.0 164.0 97.0 215.0 1657.0 
3.0 155.0 98.0 257.0 1743.0 
3.0 155.0 98.0 257.0 1743.0 
3.0 164.0 87.0 273.0 1643.0 
4.0 143.0 106.0 268.0 1891.0 
3.0 153.0 91.0 311.0 1751.0 
11.0 107.0 122.0 360.0 2229.0 
4.0 143.0 106.0 268.0 1891.0 
3.0 155.0 98.0 257.0 1743.0 
3.0 155.0 98.0 257.0 1743.0 
4.0 143.0 106.0 268.0 1891.0 
3.0 190.0 75.0 212.0 1387.0 
3.0 155.0 98.0 257.0 1743.0 
3.0 155.0 98.0 257.0 1743.0 
9.0 201.0 67.0 191.0 1281.0 
3.0 155.0 98.0 257.0 1743.0 
4.0 144.0 104.0 277.0 1876.0 
3.0 190.0 75.0 212.0 1387.0 
4.0 143.0 106.0 268.0 1891.0 
3.0 190.0 75.0 212.0 1387.0 
5.0 192.0 74.0 203.0 1367.0 
4.0 134.0 109.0 300.0 1977.0 
9.0 201.0 67.0 191.0 1281.0 
5.0 158.0 96.0 241.0 1719.0 
4.0 134.0 109.0 300.0 1977.0 
4.0 192.0 74.0 210.0 1360.0 
3.0 190.0 75.0 212.0 1387.0 
14.0 206.0 64.0 178.0 1247.0 
14.0 206.0 64.0 178.0 1247.0 
4.0 192.0 74.0 210.0 1360.0 
4.0 163.0 91.0 241.0 1679.0 
9.0 201.0 67.0 191.0 1281.0 
9.0 203.0 65.0 194.0 1255.0 
9.0 204.0 64.0 198.0 1241.0 
4.0 134.0 109.0 300.0 1977.0 
7.0 201.0 67.0 202.0 1295.0 
9.0 204.0 64.0 193.0 1250.0 
4.0 184.0 78.0 228.0 1451.0 
14.0 206.0 64.0 178.0 1247.0 
3.0 190.0 75.0 212.0 1387.0 
6.0 193.0 75.0 195.0 1360.0 
4.0 163.0 91.0 241.0 1679.0 
4.0 136.0 108.0 297.0 1962.0 
4.0 180.0 80.0 230.0 1488.0 
3.0 178.0 81.0 239.0 1499.0 
2.0 171.0 86.0 250.0 1568.0 
4.0 131.0 112.0 308.0 2011.0 
4.0 131.0 112.0 308.0 2011.0 
4.0 131.0 112.0 308.0 2011.0 
2.0 171.0 86.0 250.0 1568.0 
4.0 131.0 112.0 308.0 2011.0 
2.0 171.0 86.0 250.0 1568.0 
4.0 185.0 78.0 224.0 1441.0 
3.0 179.0 80.0 239.0 1494.0 
4.0 143.0 106.0 268.0 1891.0 
4.0 163.0 91.0 241.0 1679.0 
3.0 179.0 80.0 239.0 1494.0 
4.0 143.0 106.0 268.0 1891.0 
4.0 143.0 106.0 268.0 1891.0 
3.0 179.0 80.0 239.0 1494.0 
3.0 179.0 80.0 239.0 1494.0 
3.0 179.0 80.0 239.0 1494.0 
2.0 171.0 86.0 250.0 1568.0 
3.0 179.0 80.0 239.0 1494.0 
3.0 179.0 80.0 239.0 1494.0 
4.0 143.0 106.0 268.0 1891.0 
3.0 179.0 80.0 239.0 1494.0 
4.0 185.0 78.0 224.0 1441.0 
4.0 143.0 106.0 268.0 1891.0 
3.0 179.0 80.0 239.0 1494.0 
4.0 184.0 78.0 228.0 1451.0 
5.0 171.0 89.0 228.0 1584.0 
5.0 171.0 89.0 228.0 1584.0 
4.0 135.0 109.0 297.0 1971.0 
~~~
56.562
