111111111011101110111111001111011010001100100011111001111011011111000100000100111100100001101110110000011000000011110111110000000001100101111100000000011010111001101011011010100011010011101110011100110000111010111100110000100011110111000110111000010000111000011100111111011010100111111110110011010000111110000011111111001111111111
111110000000001110111110100000011010001100100001111001100000000010011000000000011000100000000110110000011010000011110111110000000001101101111100000000011010111001101010011010000011001011101110011101100000111010111100010000000011100111000100111000010000111100011100111111011110100111101110110011010000111100000011111110101111111111
111110000000001111001110100000000000000000100001111100100000000000010000000000011000100000000110110000011010000011110111110000000001101101111100000000011000111001101010011010000011010011100000000000000000111010111100000000100011110111000100111000110000111000011000101111000000000110101000000011010000111110000011001100001111101111
111111111011101110111111001111011010101100110011111001111111111111001101000101111101100001101110111000011010000011110111100011111111111111111111101111111110111001101010011010100011011111101111011101100000111110111100110000100011110111000110111000110000111000011100111111011010100111101110110011110000111110000011111111001111111111
111110000000001110111110100000011010001100100001111001100000000010011000000000011000100000000110110000011010000011110111110000000001101101111100000000011010111001101010011010000011001011101110011101110000111010111100010000100011100111000100111000010000111000011000111111000000000110101000000011010000111110000001001110101111101111
111110000000001110111110000000011010001100100011111001100000000010011000000000011000000000000110110000011010000011110111110000000001101101011100000000011000111001101000011010100011010011100000000000000000111010111100000000100011100111000100111000110000111000010000111111000000000110101000000011010000111110000011001100101111101111
111111111011101110111111001111011010001100100011111001111011011111000100000100111100100001101110110000011100000011110111110000000001100101111100000000011010111001101010011010100011010011100000000000000011111010111100000000100011111111000100111000110000111000011000111111000000100110101000000011010000111110000011111111001111111111
111110000000001110111110100000011010001100100011111001101111011111010100000000111100100001111110100000011000000011110111100011110111111111111111101111111110111001100010011011000011010011101110011100110000111010111100110000100011110111000110111000010000111000011100111111011010100111111110110011010000111110000011111111001111111111
111110000000001110111110000000011011001100100001111001100000000010000100010000111111100000000110100000011000000011110111110000000001101101111100000000011000111001100010011010100011010011100000000000000001111010111100000000100011110111000100111000110000111000011000111111000000000110101000000011010000111110000001001110101111101111
111110000000001110111110000000011010001100100011111001101111011111010100000000111101000000000110110000011100000011110111110000000001100101111100000000011010111001101010011010100011010011100000000000000011111010111100000000100011111111000100111000110000111000011000111111000000100110101000000011010000111110000011111111001111111111
111110000000001110111110000000011010001100110001111001101111011111010100000000111100100001111110100000011000000011110111110000000001111101111100000000011010111001101010011010000011001011101110011101100000111110111100010000100011100111000100111000010000111100011100111111011110100111101110110011010000111100000011111110101111111111
111110000000001110111110000000011010001100100011111001101111011111010100000000111101000000000110110000011010000011110111110000000001111101111100000000011010111001101010011010000011001011101110011101110000111100111100010000100011100111000100111000010000111100011100111111011010100111101110110011010000111100000011111110101111111111
111111111011101110111111001111011010101100110011111001111111111111001101000101111101100001101110111000011010000011110111100011111111111111111111101111111110111001101010011010100011011111101111011101110000111110111100110000100011110111000110111000110001111000011100111111011010100111101110110011110000111110000011111111001111111111
111110000000001111001110100000000000000000100001111100100000000000010000000000011000100000000110110000011010000011110111110000000001101101111100000000011000111001101010011010000011010011100000000000000000111010111100000000100011110111000110111000010000111000011100111111011010100110101110110011010001111100000011111110101111101111
111110000000001110111110000000011010001100100011111001100000000010011000000000011000000000000110110000011010000011110111110000000001101101011100000000011000111001101000011010100011010011100000000000000000111010111100000000100011100111000100111000110000111000010000111111000000000110101000000011010000111110000011001100101111101111
111110000000001110111110000000011010001100100001111001100000000010000100000000111101100001101110011000011010000011110111100011101111111101111111100100011010111001101010011010100011011111101110011100100000111010111100110000100011110111000110111000010000111000011100111111011010100110101110110011010001111100000011111110101111111111
111110000000001110111110100000011010001100100011111001100000000010011000000000011000100000000110010000011010000011110111110000000001101101111100000000011010111001101010011010000011001011101110011101110000111010111100010000000011100111000100111000010000111100011100111111011100100111101110110011010000111100000011111110101111111111
111110000000001110111110000000011010001100110001111001101111011111010100000000111100100001111110100000011000000011110111110000000001111101111100000000011010111001101010011010000011001011101110011101100000111110111100010000100011100111000100111000010000111100011100111111011110100111101110110011010000111100000011111110101111111111
111111111011101110111111001111011010001100100011111001111011011111000100000100011100100001101110110000011000000011110111110000000001100101111100000000011010111001101010011010100011010011101110011100110000111010111100110000100011110111000110111000010000111000011100111111011010100111111110110011010000111110000011111111001111111111
111110000000001110111010100000011010001100100001111001100000000010000100000000111101100001101110011000011010000011110111100011101111111101111111100100011010111001101010011010100011011111101110011100100000111010111100110000100011110110000110111000010000111000011100111111011010100110101110110011010001111100000011111110101111111111
111110000000001110111110100000011010001100100001111001100000000010011000000000011000100000000110110000011110000011110111110000000001101101111100000000011010111001101010011010000011001011101110011101110000111010111100010000000011100111000100111000010000111100011100111111011110100111101110110011010000111100000011111110101111111111
111110000000001110111110100000011010001100100001111001100000000010010000000000011100100000000110100000011010000011110111110000000001101101111100000000011010111001101010011010000011010111110000000000000110111010111100000000100011110111000110111000010000111000011100111111000000100110101000000011010000111110000011111111001111111111
111111111011101110111111001111011010001100100011111001111011011111000100000100111100100001111110100000011000000011110111100011110111111111111111101110111110111001100010011010000011010011101110011101110000111010111100110000100011110111000110111000010000111000011100111111011010100111101110110011010000111110000011111110101111111111
111111111011101110101111001111011010001100100011111001111011011111000100000100111100100001101110110000011000000011110111110000000001100101111100000000011010111001101010011010100011010011100000000000000011111010111100000000100011111111000100111000100000111000011000101111000000000110101000000011010000111110000001001110101111101111
111110000000001110111110000000011010001100100011111001111111111111001100100101111101100001101110111000011110000011110111100011100111111111111111101110111110111001100010011010000011010011101111011101110000111010111100110000100011110111000110111000010000111000011100111111011010100111111110110011010000111110000011111111001111111111
111110000000001110111110100000011010001100100001111001100000000010010000000000011100100000000110100000011010000011110111110000000001101101111100000000011010111001101010011010000011010111110000000000000110111010111100000000100011110111000110111000010000111000011100111111000000100110101000000011010000111110000011111111001111111111
111111111011101110111111001111011010001100100011111001111011011111000100000100111100100001111110100000011000000011110111100011110111111111111111101110111110111001100010011010000011010011101110011101110000111010111100110000100011110111000110111000010000111000011100111111011010100111101110110011010000111110000011111110101111111111
111111111011101110111111001111011010001100100011111001111011011111000100000100111111100001101110111000011010000011110111100011101111111101111111100100011010111001101010011010100011011111101110011100110000111010111100110000000011110111000110111000010000111000011100111111011010100110101110110011010000111100000011111110111111111111
111111111011101110111111001111011010001100100011111001111011011111000100000100111100100001111110100000011000000011110111100011110111111111111111101110111110111001100010011010000011010011101110011101110000111010111100110000100011110111000110111000010000111000011100111111011010100111101110110011010000111110000011111110101111111111
111111111011101110111111001111011010101100110011111001111111111111101101000101111101100001111110111000011010000011110111100011111111111111111111101110111110111001101010011010100111011111101111011101110000111110111100110000110011110111000110111000110100111110011100111111011111110111101110110011010000111110000011111111001111111111
111111111011101110111111001111011010101100110011111001111111111111101101000101111101100001111110111000011010000011110111100011111111111111111111101110111110111001101010011010100111011111101111011101110000111110111100110000110011110111000110111000110100111110011100111111011111100111101110110011010000111110000011111111001111111111
111110000000001110111110100000011010001100100011111001100000000010011000000000011000100000000110010000011010000011110111110000000001101101111100000000011010111001101010011010000011001011101110011101110000111010111100010000000011100111000100111000010000111100011100111111011100100111101110110011010000111100000011111110101111111111
111110000000001111001110100000000000000000100001111100100000000000010000000000011000100000000110110000011010000011110111110000000001101101111100000000011000111001101010011010000011010011100000000000000000111010111100000000100011110111000110111000010000111000011100111111011010100110101110110011010001111100000011111110101111101111
111110000000001111001110100000000000000000000001111100100000000000010000000000011000100000000110110000011010000011110111110000000001101101111100000000011000111001101010011010000011010011100000000000000000111010111100000000100011110111000100111000110000111000011000100111000000000110101000000011010000111110000011001100101111101111
111110000000001110111110000000011010001100100001111001100000000010000100000000111101100001101110011000011010000011110111100011101111111101111111100100011010111001101010011010100011011111101110011100100000111010111100110000100011110111000110111000010000111000011100111111011010100110101110110011010001111100000011111110101111111111
111110000000001110111110100000011010001100100001111001100000000010010000000000011000100000000110100000011010000011110111110000000001101101111100000000011010111001101010011010000011010111110000000000000110111010111100000000100011110111000110111000010000111000011100111111011010100110101110110011010001111100000011111110101111101111
111111111011101110111111001111011010101100110011111001111111111110001101000101111101100001111110110000011010000011110111100011111111111111111111001110111110111001100010011010000011010011101110011100110000111010111100110000100011110111000110111000010100111000011100111111011010100111111110110011010000111100000011111111001111111111
111110000000001110111110000000011010001100100001111001100000000010000100000000111101100001101110011000011010000011110111100011101111111101111111100100011010111001101010011010100011011111101110011100100000111010111100110000100011110111000110111000010000111000011100111111011010100110101110110011010001111100000011111110101111111111
111110000000001110111110100000011010001100100011111001100000000010011000000000011100100000000110110100011010000011110111110000000001101101111100000000011010111001101010011010000011001011101110011101110000111100111100010000110011100111000100111000010000111100011100111111011110100111101110110011010000111100000011111110101111111111
111110000000001110111110000000011011001100100001111001100000000010000100010000111111100000000110100000011010000011110111110000000001101101111100000000011000111001100010011010100011010011100000000000000001111010111100000000100011110111000110111000010000111000011100111111011010100111101110110011010000111110000011111111001111111111
111110000000001110111110000000011010001100100001111001100000000010000100000000111101100001101110011000011010000011110111100011101111111101111111100100011010111001101010011010100011011111101110011100100000111010111100110000100011110111000110111000010000111000011100111111011010100110101110110011010001111100000011111110101111111111
111111111011101110111111001111011010001100100011111001111011011111000100000100111100100001101110110000011010000011110111110000000001101101111100000000011010111001101010011010000011010111110000000000000110111010111100000000100011110111000110111000010000111000011100111111011010100110101110110011010001111100000011111110101111101111
111110000000001111111110100000011010001100100001111001100000000010010000000000011100100000000110100000011010000011110111110000000001101101111100000000011010111001101010011010000011010111110000000000000110111010111100000000100011110111000110111000010000111000011100111111000000100110101000000011010000111110000011111111001111111111
111110000000001111011110000000011010001100100011111001100000000010011100000000111111100001101110011000011010000011110111100011101111111101111111100100011010111001101010011010100111011111101110011100100000111010111100110000100011110111000110111000010000111000011100111111011010100110101110110011010001111100000011111110101111111111
111110000000001110111110000000011010001100100011111001100000000010011000000000011000000000000110110000011010000011110111110000000001101101011100000000011000111001101000011010100011010011100000000000000000111010111100000000100011100111000100111000110000111000010000111111000000000110101000000011010000111110000011001100101111101111
111111111011111111011111111111100010011111111111111101111011111111111011001101111101011110001110101011111101100111110111101111110111111111111111101111111110111001101010111010101011011111111111011101110000111110111100110000100011110111000110111100110100111000011100111111011110100111101111110011110000111110000011111111011111111111
111110000000001110111110100000011010001100100001111001100000000010010000000000011100100000000110100000011010000011110111110000000001101101111100000000011010111001101010011010000011010111110000000000000110111010111100000000100011100111000110111000010000111000011100111111011010100110101110110011010001111100000011111110101111101111
111110000000001110111110000000011010001100100001111001100000000010000100000000111101100001101110011000011010000011110111100011101111111101111111100100011010111001101010011010100011011111101110011100100000111010111100110000100011110111000110111000010000111000011100111111011010100110101110110011010001111100000011111110101111111111
111110000000001110111110000000011010001100100011111001101111011111010100000000111101000000000110110000011100000011110111110000000001100101111100000000011010111001101010011010100011010011100000000000000011111010111100000000100011111111000100111000110000111000011000111111000000100110101000000011010000111110000011111111001111111111
111111111011101110111111001111011010101100110011111001111111111111101101000101111101100001111110111000011010000011110111100011111111111111111111101110111110111001101010011010100111011111101111011101110000111110111100110000110011110111000110111000110100111110011100111111011111100111101110110011010000111110000011111111001111111111
111110000000001111111110000000011010001100100011111001100000000010011000000000011100000000000110100000011010000011110111110000000001100101011100000000011000111001111000011010100011010011100000000000000000111010111100000000100011100110000100111000110000111000010000111111000000000110101110110011010000111000000011111110111111111111
111110000000001110111110000000011010001100100011111001100000000010011000000000011100000000000110110000011010000011110111110000000001101101111100000000011010111001101010011010100011000111100000000000000110111010111100000000100011110111000100111000010000111000011100011111011010100110101110110011010001111100000011111110101111111111
111110000000001111001110100000000000000000000001111100100000000000010000000000011000100000000110110000011010000011110111110000000001101101111100000000011000111001101010011010000011010011100000000000000000111010111100000000100011110111000100111000110000111000011000100111000000000110101000000011010000111110000011001100101111101111
111111111011101110111111001111011010101100110011111001111111111111001101000101111101100001101110111000011010000011110111100011111111111111111111101111111110111001101011011010100011011111101111011101110000111110111100110000100011110111000110111000110001111000011100111111011010100111101110110011110000111110000011111111001111111111
111110000000001110111110000000011010001100100001111001100000000010000100000100111100100001101110110000011000000011110111110000000101100001111100000000011010111001101010011010100011010011100000000000000011111010111100000000100011111111000100111000110000111000011000111111000000000110101000000011010000111110000011111111101111111111
111110000000001110111110000000011010001100100011111001100000000010011000000000011000000000000110110000011010000011110111110000000001101101011100000000011000111001101000011010100011010011100000000000000000111010111100000000100011100111000100111000110000111000010000111111000000000110101000000011010000111110000011001100101111101111
111110000000001110111111001111011010011100110011111001111111111111001100100101111101100001111110111000011110000011110111100011100111111111111111101110111110111001100010011010000011010011101111011101110000111010111100110000100011110111000110111000010000111000011100111111011010100111111110110011010000111110000011111111001111111111
111110000000001110111110100000011010001100100001111001100000000010010000000000011100100000000110100000011010000011110111110000000001101101111100000000011010111001101010011010000011010111110000000000000110111010111100000000100011110111000110111000010000111000011100111111000000100110101000000011010000111110000011111111001111111111
111110000000001111001110100000000000000000000001111100100000000000010000000000011000100000000110110000011010000011110111110000000001101101111100000000011000111001101010011010000011010011100000000000000000111010111100000000100011110111000100111000110000111000011000100111000000000110101000000011010000111110000011001100101111101111
111111111011101110111111001111011010001100100011111001111011011111000100000100111100100001101110110000011100000011110111110000000001100101111100000000011010111001101010011010100011010011100000000000000011111010111100000000100011111111000100111000110000111000011000111111000000100110101000000011010000111110000011111111001111111111
111110000000001110111110100000011010001100100011111001101111011111010100000000111100100001111110100000011000000011110111100011110011111111111111101110111110111001100010011010000011010011101110011100110000111010111100110000100011110110000110111000010000111000011100111111011010100111111110110011010000111100000011111111001111111111
111111111011101110111111001111011010001100100011111001111011011111000100000100111100100001101110110000011000000011110111110000000001100101111100000000011010111001101010011010100011010011101110011100110000111010111100110000100011110111000110111000010000111000011100111111011010100111111110110011010000111110000011111111001111111111
111111111011101110111111001111011010001100100011111001111011011111000100000100111100100001111110100000011000000011110111100011110111111111111111101110111110111001100010011010000011010011101110011101110000111010111100110000100011110111000110111000010000111000011100111111011010100111101110110011010000111110000011111110101111111111
111110000000001110111110000000011010001100100011111001101111011111010100000000111101000000000110110000011100000011110111110000000001100101111100000000011010111001101010011010100011010011100000000000000011111010111100000000100011111111000100111000110000111000011000111111000000100110101000000011010000111110000011111111001111111111
111110000000001111011110000000011010001100100011111001100000000010011100000000111111100001101110011000011010000011110111100011101111111101111111100100011010111001101010011010100111011111101110011100100000111010111100110000100011110111000110111000010000111000011100111111011010100110101110110011010001111100000011111110101111111111
111110000000001110111110100000011010001100100001111001100000000010010000000000011100100000000110100000011010000011110111110000000001101101111100000000011010111001101010011010000011010111110000000000000110111010111100000000100011100111000110111000010000111000011100111111011010100110101110110011010001111100000011111110101111101111
111110000000001110111110000000011010001100100011111001100000000010011000000000011100000000000110110000011010000011110111110000000001101101111100000000011010111001101010011010100011000111100000000000000110111010111100000000100011110111000100111000010000111000011100011111011010100110101110110011010001111100000011111110101111111111
111110000000001111001110100000000000000000100001111100100000000000010000000000011000100000000110110000011010000011110111110000000001101101111100000000011000111001101010011010000011010011100000000000000000111010111100000000100011110111000110111000010000111000011100111111011010100110101110110011010001111100000011111110101111101111
111110000000001110111110000000011010001100100011111001100000000010011000000000011000000000000110110000011010000011110111110000000001101101011100000000011000111001101000011010100011010011100000000000000000111010111100000000100011100111000100111000010000111000010000111111000000000110101000000011010000111110000011001110101111101111
111110000000001110111110100000011010001100100011111001101111011111010100000000111100100001111110100000011000000011110111100011110011111111111111101110111110111001100010011010000011010011101110011100110000111010111100110000100011110110000110111000010000111000011100111111011010100111111110110011010000111100000011111111001111111111
111110000000001110111110000000011010001100101011111001100000000010011000000000011100000001111110101000011000000011110111100011110111111111111111101110111110111001100010011010000011010011101110011100110000111010111100110000100011110111000110111000010000111000011100111111011010100111111110110011010000111110000011111111001111111111
111110000000001110111010100000011010001100100001111001100000000010000100000000111101100001101110011000011010000011110111100011101111111101111111100100011010111001101010011010100011011111101110011100100000111010111100110000100011110110000110111000010000111000011100111111011010100110101110110011010001111100000011111110101111111111
111111111011101110111111001111011010001100100011111001111011011111000100000100111100100001101110110000011000000011110111110000000001100101111100000000011010111001101010011010100011010011101110011100110000111010111100110000100011110111000110111000010000111000011100111111011010100111111110110011010000111110000011111111001111111111
111110000000001110111110100000011010001100100011111001100000000010011000000000011100100000000110110100011010000011110111110000000001101101111100000000011010111001101010011010000011001011101110011101110000111100111100010000110011100111000100111000010000111100011100111111011110100111101110110011010000111100000011111110101111111111
111110000000001110111110000000011010001100100011111001100000000010011000000000011000000000000110110000011010000011110111110000000001101101011100000000011000111001101000011010100011010011100000000000000000111010111100000000100011100111000100111000110000111000010000111111000000000110101000000011010000111110000011001100101111101111
111111111011101110111111001111011010101100110011111001111111111110001101000101111101100001111110110000011010000011110111100011111111111111111111001110111110111001100010011010000011010011101110011100110000111010111100110000100011110111000110111000010100111000011100111111011010100111111110110011010000111110000011111111001111111111
111110000000001110111110000000011010001100110001111001101111011111010100000000111100100001111110100000011000000011110111110000000001111101111100000000011010111001101010011010000011001011101110011101100000111110111100010000100011100111000100111000010000111100011100111111011110100111101110110011010000111100000011111110101111111111
111110000000001110111110100000011010001100100001111001100000000010010000000000011100100000000110100000011010000011110111110000000001101101111100000000011010111001101010011010000011010111110000000000000110111010111100000000100011110111000110111000010000111000011100111111000000100110101000000011010000111110000011111111001111111111
111111111011101110111111001111011010101100110011111001111111111111001101000101111111100001111110011000011010000011110111100011101111111101111111100100011010111001101010011010100011011111101110011100100000111010111100110000100011111111000110111000010000111000011100111111011010100110101110110011110001111100000011111110101111111111
111111111011101110111111001111011010101100110011111001111111111111001101000101111111100001101110011000011010000011110111100011101011111101111111100100011010111001101010011010100011011111101110011100100000111010111100110000100011111111000110111000010000111000011100111111011010100110101110110011010001111100000011111110101111111111
111110000000001110111110000000011010001100100001111001100000000010000100000100111100100001101110110000011000000011110111110000000101100101111100000000011010111001101010011010100011010011100000000000000011111010111100000000100011111110000100111000111000111000011100111111011010100111111110110011011001111110000011111111101111111111
111110000000001111001110100000000000000000100001111100100000000000010000000000011000100000000110110000011010000011110111110000000001101101111100000000011000111001101010011010000011010011100000000000000000111010111100000000100011110111000100111000110000111000011000101111000000000110101000000011010000111110000011001100101111101111
111110000000001110111110000000011011001100100001111001100000000010000100010000111111100000000110100000011010000011110111110000000001101101111100000000011000111001100010011010100011010011100000000000000001111010111100000000100011110111000100111000110000111000011000111111000000000110101000000011010000111110000001001110101111101111
111110000000001110111110000000011011001100100001111001100000000010000100010000111111100000000110100000011010000011110111110000000001101101111100000000011000111001100010011010100011010011100000000000000001111010111100000000100011111111000100111000110000111000011000111111000000000110101000000011010000111110000001001110101111101111
111111111011101110111111001111011010101100110011111001111111111111001101000101111101100001101110111000011010000011110111100011111111111111111111101111111110111001101010011010100011011111101111011101100000111110111100110000100011110111000110111000110000111000011100111111011010100111101110110011110000111110000011111111001111111111
111111111011101110111111001111011010101100110011111001111111111110001101000101111101100001111110110000011010000011110111100011111111111111111111001110111110111001100010011010000011010011101110011100110000111010111100110000100011110111000110111000010100111000011100111111011010100111111110110011010000111100000011111111001111111111
111111111011101110111111001111011010101100110011111001111111111111101101000101111101100001111110111000011010000011110111100011111111111111111111101110111110111001101010011010100111011111101111011101110000111110111100110000110011110111000110111000110100111110011100111111011111100111101110110011010000111110000011111111001111111111
111111111011101110111111001111011010001100100011111001111011011111000100000100111100100001101110100000011000000011110111110000000001100101111100000000011010111001101010001010100011010011100000000000000011111010111100000000100011111111000100111000110000111000011000111111000000100110101000000011010000111110000011111111001111111111
111110000000001110111110000000011010001100101011111001100000000010011000000000011100000001111110101000011000000011110111100011110111111111111111101110111110111001100010011010000011010011101110011100110000111010111100110000100011110111000110111000010000111000011100111111011010100111111110110011010000111110000011111111001111111111
111110000000001110111110000000011010001100100011111001101111011111010100000000111101000000000110110000011010000011110111110000000001111101111100000000011010111001101010011010000011001011101110011101110000111110111100010000100111100111000100111000010000111100011100111111011010100111101110110011010000111100000011111110101111111111
111110000000001111111110000000011010001100100011111001100000000010011000000000011100000000000110100000011010000011110111110000000001100101011100000000011000111001111000011010100011010011100000000000000000111010111100000000100011100111000100111000110000111000010000111111000000000110101110110011010000111000000011111110111111111111
111110000000001110111110100000011010001100100011111001101111011111010100000000111100100001111110100000011000000011110111100011110111111111111111101111111110111001100010011011000011010011101110011100110000111010111100110000100011110111000110111000010000111000011100111111011010100111111110110011010000111110000011111111001111111111
111110000000001111001110100000000000000000100001111100100000000000010000000000011000100000000110110000011010000011110111110000000001101101111100000000011000111001101010011010000011010011100000000000000000111010111100000000100011110111000100111000110000111000011000101111000000000110101000000011010000111110000011001100101111101111
111110000000001110111110100000011010001100100001111001100000000010011000000000011000100000000110110000011110000011110111110000000001101101111100000000011010111001101010011010000011001011101110011101110000111010111100010000000011100111000100111000010000111100011100111111011110100111101110110011010000111100000011111110101111111111
111111111011101110111111001111011010001100100011111001111011011111000100000100011100100001101110110000011000000011110111110000000001100101111100000000011010111001101010011010100011010011101110011100110000111010111100110000100011110111000110111000010000111000011100111111011010100111111110110011010000111110000011111111001111111111
111111111011101110111111001111011010001100100011111001111011011111000100000100111100100001101110110000011000000011110111110000000001100101111100000000011010111001101010011010100011010011101110011100110000111010111100110000100011110111000110111000010000111000011100111111011010100111111110110011010000111110000011111111001111111111
111111111011101110111111001111011010101100110011111001111111111111101101000101111101100001111110111000011010000011110111100011111111111111111111101110111110111001101010011010100111011111101111011101110000111110111100110000110011110111000110111000110100111100011100111111011111100111101111110011010000111110000011111111001111111111
111110000000001110111110100000011010001100100001111001100000000010010000000000011100100000000110100000011010000011110111110000000001101101111100000000011010111001101010011010000011010111110000000000000110111010111100000000100011110111000110111000010000111000011100111111011010100110101110110011010001111100000011111110101111101111
111111111011101110111111001111011010101100110011111001111111111111101101000101111101100001111110111000011010000011110111100011111111111111111111101110111110111001101010011010100111011111101111011101110000111110111100110000110011110111000110111000110100111100011100111111011111100111101111110011010000111110000011111111001111111111
111111111011101110111111001111011010001100100011111001111011011111000100000100111100100001101110110000011000000011110111110000000001100101111100000000011010111001101010011010100011010011101110011100110000111010111100110000100011110111000110111000010000111000011100111111011010100111111110110011010000111110000011111111001111111111
111111111011101110111111001111011010001100100011111001111011011111000100000100111100100001101110110000011000000011110111110000000001100101111100000000011010111001101010111010100011010011101110011100110000111010111100110000100011110111000110111000010000111000011100111111011010100111111110110011010000111110000011111111001111111111
111111111011101110111111001111011010111100110011111001111111111111101101000101111101100001111110111000011010000011110111100011111111111111111111101110111110111001101010011010100111011111101111011101110000111110111100110000110011110111000110111000110000111100011100111111011111100111101110110011010000111110000011111111001111111111
111110000000001110111110100000011010001100100001111001100000000010011000000000011000100000000110110000011010000011110111110000000001101101111100000000011010111001101010011010000011001011101110011101110000111010111100010000000011100111000100111000010000111100011100111111011110100111101110110011010000111100000011111110101111111111
111110000000001110111110100000011010001100100011111001100000000010011000000000011000100000000110010000011010000011110111110000000001101101111100000000011010111001101010011010000011001011101110011101110000111010111100010000000011100111000100111000010000111100011100111111011100100111101110110011010000111100000011111110101111111111
111110000000001110111110000000011010001100100011111001111111111111001100100101111101100001101110111000011110000011110111100011100111111111111111101110111110111001100010011010000011010011101111011101110000111010111100110000100011110111000110111000010000111000011100111111011010100111111110110011010000111110000011111111001111111111
111110000000001111111110000000011010001100110001111001101111011111010100000000111100100001111110110000011000000011110111100011110111111111111111001110111110111001100010011010000011010011101110011101110000111010111100110000100011110111000110111000010000111000011100111111011010100111101110110011010000111110000011111111001111111111
111110000000001110111010100000011010001100100001111001100000000010010000000000011100100000000110100000011010000011110111110000000001101101111100000000011010111001101010011010100011000111100000000000000110111010111100000000100011110111000100111000010000111000011100011111011010100110101110110011010001111100000011111110101111111111
111110000000001110111110000000011010001100100001111001100000000010000100000000111101100001101110011000011010000011110111100011101111111101111111100100011010111001101010011010100011011111101110011100100000111010111100110000100011110111000110111000010000111000011100111111011010100110101110110011010001111100000011111110101111111111
111110000000001111001110100000000000000000000001111100100000000000010000000000011000100000000110110000011010000011110111110000000001101101111100000000011000111001101010011010000011010011100000000000000000111010111100000000100011110111000100111000110000111000011000100111000000000110101000000011010000111110000011001100101111101111
111111111011111111011111111111100010011111111111111101111011111111111011001101111101011110001110101011111101100111110111101111111111111111111111101111111110111001101010111010101011011111111111011101110000111110111100110000100011110111000110111100110100111000011100111111011110100111101111110011110000111110000011111111011111111111
111111111011101110101111001111011010001100100011111001111011011111000100000100111100100001101110110000011000000011110111110000000001100101111100000000011010111001101010011010100011010011100000000000000011111010111100000000100011111111000100111000100000111000011000101111000000000110101000000011010000111110000001001110101111101111
111111111011101110111111001111011010101100110011111001111111111111011101010101111101100001101110111000011010000011110111100011111111111111111111101110111110111001101010011010101011011111101111011101110000111110111100110000110011110111000110111000110000111100011100111111011110100111101110110011010000111110000011111110101111111111
111110000000001110111110100000011010001100100011111001101111011111010100000000111100100001111110100000011000000011110111100011110011111111111111101110111110111001100010011010000011010011101110011100110000111010111100110000100011110111000110111000010000111000011100111111011010100111111110110011010000111110000011111111001111111111
111110000000001110111110000000011010001100100011111001100000000010011000000000011000000000000110110000011010000011110111110000000001101101011100000000011000111001101000011010100011010011100000000000000000111010111100000000100011100111000100111000110000111000010000111111000000000110101000000011010000111110000011001100101111101111
111111111011101110111111001111011010001100100011111001111011011111000100000100111100100001101110110000011010000011110111110000000001101101111100000000011010111001101010011010000011010111110000000000000110111010111100000000100011110111000110111000010000111000011100111111011010100110101110110011010001111100000011111110101111101111
111110000000001110111110000000011010001100100011111001100000000010011000000000011000000000000110110000011010000011110111110000000001101101011100000000011000111001101000011010100011010011100000000000000000111010111100000000100011100111000100111000110000111000010000111111000000000110101000000011010000111110000011001100101111101111
111110000000001110111110100000011010001100100001111001100000000010011000000000011000100000000110110000011010000011110111110000000001101101111100000000011010111001101010011010000011001011101110011101110000111010111100010000000011100111000100111000010000111100011100111111011110100111101110110011010000111100000011111110101111111111
111111111011111111011111111111100010011111111111111101111011111111111011001101111101011110001110101011111101100111110111101111111111111111111111101111111110111001101010111010101011011111111111011101110000111110111100110000100011110111000110111100110100111000011100111111011110100111101111110011110000111110000011111111011111111111
111110000000001110111110000000011010001100100011111001101111011111010100000000111101000000000110110000011010000011110111110000000001111101111100000000011010111001101010011010000011001011101110011101110000111110111100010000100011100111000100111000010000111100011100111111011010100111101110110011010000111100000011111110101111111111
111110000000001111111110000000011010001100100011111001100000000010011000000000011100000000000110100000011010000011110111110000000001100101011100000000011000111001111000011010100011010011100000000000000000111010111100000000100011100111000100111000110000111000010000111111000000000110101110110011010000111000000011111110111111111111
111111111011101110111111001111011010101100110011111001111111111110001101000101111101100001111110110000011010000011110111100011111111111111111111001110111110111001100010011010000011010011101110011100110000111010111100110000100011110111000110111000110100111000011100111111011010100111111110110011010000111110000011111111001111111111
111110000000001110111110000000011010001100100011111001101111011111010100000000111101000000000110110000011010000011110111110000000001111101111100000000011010111001101010011010000011001011101110011101110000111110111100010000100011100111000100111000010000111100011100111111011010100111101110110011010000111100000011111110101111111111
111111111011101110111111001111011010101100110011111001111111111110001101000101111101100001111110110000011010000011110111100011111111111111111111001110111110111001100010011010000011010011101110011100110000111010111100110000100011110111000110111000110100111000011100111111011010100111111110110011010000111110000011111111001111111111
111110000000001111001110100000000000000000100001111100100000000000010000000000011000100000000110110000011010000011110111110000000001101101111100000000011000111001101010011010000011010011100000000000000000111010111100000000100011110111000100111000110000111000011000101111000000000110101000000011010000111110000011001100101111101111
111110000000001110111110000000011010001100100011111001101111011111010100000000111101000000000110110000011010000011110111110000000001111101111100000000011010111001101010011010000011001011101110011101110000111110111100010000100011100111000100111000010000111100011100111111011010100111101110110011010000111100000011111110101111111111
111110000000001110111110000000011010001100100011111001100000000011000100000100111100100001111110110000011000000011110111100011110111111111111111101110111110111001100010011010000011010011101110011101110000111010111100110000100011110111000110111000010000111000011100111111011010100111101110110011010000111110000011111111001111111111
111110000000001110111110000000011010001100100011111001100000000011000100000100111100100001111110110000011000000011110111100011110111111111111111101110111110111001100010011010000011010011101110011101110000111010111100110000100011110111000110111000010000111000011100111111011010100111101110110011010000111110000011111111001111111111
111110000000001110111110000000011010001100100011111001100000000010011000000000011100000000000110110000011010000011110111110000000001100101111100000000011010111001101010011011100011010011100000000000000011111010111100000000100011111111000100111000110000111000011000111111000000100110101000000011010000111110000011111111001111111111
111111111011101110111111001111011010001100100011111001111011011111000100000100111100100001101110110000011000000011110111110000000001100101111100000000011010111001101010011010100011010011100000000000000011111010111100000000100011111111000100111000110000111000011000111111000000100110101000000011010000111110000011111111001111111111
111110000000001111111110000000011010001100100011111001100000000010011000000000011100000000000110100000011010000011110111110000000001100101011100000000011000111001111000011010100011010011100000000000000000111010111100000000100011100111000100111000110000111000010000111111000000000110101110110011010000111000000011111110111111111111
111110000000001111001110100000000000000000100001111100100000000000010000000000011000100000000110110000011010000011110111110000000001101101111100000000011000111001101010011010000011010011100000000000000000111010111100000000100011110111000100111000110000111000011000101111000000000110101000000011010000111110000011001100101111101111
111111111011111111011111111111100010011111111111111101111011111111111011001101111101011110001110101011111101100111110111101111111111111111111111101111111110111001101010111010101011011111111111011101110000111110111100110000100011110111000110111100110100111000011100111111011110100111101111110011110000111110000011111111011111111111
111111111011111111011111111111100010011111111111111101111011111111111011001101111101011110001110101011111101100111110111101111111111111111111111101111111110111001101010111010101011011111111111011101110000111110111100110000100011110111000110111100110100111000011100111111011110100111101111110011110000111110000011111111011111111111
111110000000001111001110100000000000000000100001111100100000000000010000000000011000100000000110110000011010000011110111110000000001101101111100000000011000111001101010011010000011010011100000000000000000111010111100000000100011110111000100111000110000111000011000101111000000000110101000000011010000111110000011001100101111101111
111110000000001111001110100000000000000000100001111100100000000000010000000000011000100000000110110000011010000011110111110000000001101101111100000000011000111001101010011010000011010011100000000000000000111010111100000000100011110111000100111000110000111000011000101111000000000110101000000011010000111110000011001100101111101111
111111111011101110111110000000011010001100100001111001100000000010000100000100111100100001101110110000011000000011110111110000000101100101111100000000011010111001101010011010100011010011100000000000000000111010111100110000100011110111000110111000010000111000011100111111011010100111111110110011010000111110000011111111001111111111
111110000000001110111110000000011010001100100011111001100000000010011000000000011100000000000110110000011010000011110111110000000001100101111100000000011010111001101010011011100011010011100000000000000011111010111100000000100011111111000100111000110000111000011000111111000000100110101000000011010000111110000011111111001111111111
111110000000001110111110000000011010001100100011111001101111011111010100000000111101000000000110110000011010000011110111110000000001111101111100000000011010111001101010011010000011001011101110011101110000111110111100010000100011100111000100111000010000111100011100111111011010100111101110110011010000111100000011111110101111111111
111110000000001111001110100000000000000000100001111100100000000000010000000000011000100000000110110000011010000011110111110000000001101101111100000000011000111001101010011010000011010011100000000000000000111010111100000000100011110111000100111000110000111000011000101111000000000110101000000011010000111110000011001100101111101111
111111111011101110111111001111011010101100110011111001111111111111101101000101111101100001111110111000011010000011110111100011111111111111111111101110111110111001101010011010100111011111101111011101110000111110111100110000110011110111000110111000110100111100011100111111011111100111101111110011010000111110000011111111001111111111
111110000000001110111110000000011010001100100011111001100000000010011000000000011100000000000110100000011010000011110111110000000001101101011100000000011000111001111000011010100011010011100000000000000000111010111100000000100011110111000100111000110000111000011000111111000000100110101000000011010000111110000011001110101111101111
111110000000001111111110000000011010001100100011111001100000000010011000000000011100000000000110100000011010000011110111110000000001100101011100000000011000111001111000011010100011010011100000000000000000111010111100000000100011100111000100111000110000111000010000111111000000000110101110110011010000111000000011111110111111111111
111111111011101110111111001111011010001100100011111001111011011111000100000100111100100001101110110000011100000011110111110000000001100101111100000000011010111001101010011010100011010011100000000000000011111010111100000000100011111111000100111000110000111000011000111111000000100110101000000011010000111110000011111111001111111111
111110000000001110111110000000011010001100100011111001100000000011000100000100111100100001111110110000011000000011110111100011110111111111111111101110111110111001100010011010000011010011101110011101110000111010111100110000100011110111000110111000010000111000011100111111011010100111101110110011010000111110000011111111001111111111
111110000000001110111110100000011010001100100001111001100000000010011000000000011000100000000110110000011110000011110111110000000001101101111100000000011010111001101010011010000011001011101110011101110000111010111100010000000011100111000100111000010000111100011100111111011110100111101110110011010000111100000011111110101111111111
111111111011101110111111001111011010001100100011111001111011011111000100000100111100100001101110110000011000000011110111110000000001100101111100000000011010111001101010011010100011010011101110011100110000111010111100110000100011110111000110111000010000111000011100111111011010100111111110110011010000111110000011111111001111111111
111110000000001110111110000000011010001100100011111001100000000010011000000000011100000000000110110000011010000011110111110000000001100101111100000000011010111001101010011011100011010011100000000000000011111010111100000000100011111111000100111000110000111000011000111111000000100110101000000011010000111110000011111111001111111111
111110000000001110111110000000011010001100100011111001101111011111010100000000111101000000000110110000011010000011110111110000000001111101111100000000011010111001101010011010000011001011101110011101110000111110111100010000100011100111000100111000010000111100011100111111011010100111101110110011010000111100000011111110101111111111
111110000000001110111110000000011010001100100001111001100000000010000100000100111100100001101110110000011000000011110111110000000101100001111100000000011010111001101010011010100011010011100000000000000011111010111100000000100011111111000100111000110000111000011000111111000000000110101000000011010000111110000011111111101111111111
111111111011101110111111001111011010001100100011111001111011011111000100000100111100100001101110110000011100000011110111110000000001100101111100000000011010111001101010011010100011010011100000000000000011111010111100000000100011111111000100111000110000111000011000111111000000100110101000000011010000111110000011111111001111111111
111111111011101110111111001111011010001100100011111001111011011111000100000100111100100001111110100000011000000011110111100011110111111111111111101110111110111001100010011010000011010011101110011101110000111010111100110000100011110111000110111000010000111000011100111111011010100111101110110011010000111110000011111110101111111111
111110000000001110111110000000011010001100100011111001100000000010011000000000011100000000000110100000011010000011110111110000000001101101011100000000011000111001111000011010100011010011100000000000000000111010111100000000100011110111000100111000110000111000011000111111000000100110101000000011010000111110000011001110101111101111
111111111011111111011111111111100010011111111111111101111011111111111011001101111101011110001110101011111101100111110111101111111111111111111111101111111110111001101010111010101011011111111111011101110000111110111100110000100011110111000110111100110100111000011100111111011110100111101111110011110000111110000011111111011111111111
111110000000001110111110100000011010001100100011111001100000000010011000000000011100100000000110110100011010000011110111110000000001101101111100000000011010111001101010011010000011001011101110011101110000111100111100010000110011100111000100111000010000111100011100111111011110100111101110110011010000111100000011111110101111111111
111110000000001111111110000000011010001100100011111001100000000010011000000000011100000000000110100000011010000011110111110000000001100101011100000000011000111001111000011010100011010011100000000000000000111010111100000000100011100111000100111000110000111000010000111111000000000110101110110011010000111000000011111110111111111111
111110000000001110111110000000011010001100100001111001100000000010000100000100111100100001101110110000011000000011110111110000000101100001111100000000011010111001101010011010100011010011100000000000000011111010111100000000100011111111000100111000110000111000011000111111000000000110101000000011010000111110000011111111101111111111
111111111011101110111111001111011011101100110011111001111111111110001101000101111101100001101110111000011010000011110111100011111111111111111111101111111110111001101010011010100011011111101111011101110000111110111100110000100011110111000110111000110000111000011100111111011010100111101110110011110000111110000011111111001111111111
111110000000001110111110100000011010001100100011111001101111011111010100000000111100100001111110100000011000000011110111100011110011111111111111101110111110111001100010011010000011010011101110011100110000111010111100110000100011110110000110111000010000111000011100111111011010100111111110110011010000111110000011111111001111111111
111110000000001110111110000000011010001100100011111001101111011111010100000000111101000000000110110000011010000011110111110000000001111101111100000000011010111001101010011010000011001011101110011101110000111110111100010000100011100111000100111000010000111100011100111111011010100111101110110011010000111100000011111110101111111111
111110000000001111111110000000011010001100110001111001101111011111010100000000111100100001111110110000011000000011110111100011110111111111111111001110111110111001100010011010000011010011101110011101110000111010111100110000100011110111000110111000010000111000011100111111011010100111101110110011010000111110000011111111001111111111
111111111011101110111111001111011010001100100011111001111011011111000100000100111100100001101110110000011000000011110111110000000001100101111100000000011010111001101010011010100011010011100000000000000011111010111100000000100011111111000100111000110000111000011000111111000000100110101000000011010000111110000011111111001111111111
111110000000001110111110000000011010001100100011111001100000000010011000000000011100000000000110100000011010000011110111110000000001101101011100000000011000111001111000011010100011010011100000000000000000111010111100000000100011110111000100111000110000111000011000111111000000100110101000000011010000111110000011001110101111101111
111110000000001110111110000000011010001100100011111001101111011111010100000000111101000000000110110000011010000011110111110000000001111101111100000000011010111001101010011010000011001011101110011101110000111110111100010000100111100111000100111000010000111100011100111111011010100111101110110011010000111100000011111110101111111111
111111111011101110111111001111011010101100110011111001111111111111001101000101111111100001101110011000011010000011110111100011101011111101111111100100011010111001101010011010100011011111101110011100100000111010111100110000100011111111000110111000010000111000011100111111011010100110101110110011010001111100000011111110101111111111
111110000000001110111110000000011010001100100011111001100000000010011000000000011100000000000110110000011010000011110111110000000001100101111100000000011010111001101010011011100011010011100000000000000011111010111100000000100011111111000100111000110000111000011000111111000000100110101000000011010000111110000011111111001111111111
111111111011101110111111001111011010101100110011111001111111111111101101000101111101100001111110111000011010000011110111100011111111111111111111101110111110111001101010011010100111011111101111011101110000111110111100110000110011110111000110111000110100111100011100111111011111100111101111110011010000111110000011111111001111111111
111111111011101110111111001111011010001100100011111001111011011111000100000100111100100001101110110000011000000011110111110000000001100101111100000000011010111001101010011010100011010011101110011100110000111010111100110000100011110111000110111000010000111000011100111111011010100111111110110011010000111110000011111111001111111111
111110000000001110111110000000011010001100100011111001101111011111010100000000111101000000000110110000011010000011110111110000000001111101111100000000011010111001101010011010000011001011101110011101110000111110111100010000100011100111000100111000010000111100011100111111011010100111101110110011010000111100000011111110101111111111
111110000000001110111110000000011010001100100011111001100000000010011000000000011100000000000110110000011010000011110111110000000001100101111100000000011010111001101010011011100011010011100000000000000011111010111100000000100011111111000100111000110000111000011000111111000000100110101000000011010000111110000011111111001111111111
111110000000001110111110000000011010001100101011111001100000000010011000000000011100000001111110101000011000000011110111100011110111111111111111101110111110111001100010011010000011010011101110011100110000111010111100110000100011110111000110111000010000111000011100111111011010100111111110110011010000111110000011111111001111111111
111110000000001110111110100000011010001100100001111001100000000010010000000000011100100000000110100000011010000011110111110000000001101101111100000000011010111001101010011010000011010111110000000000000110111010111100000000100011110111000110111000010000111000011100111111011010100110101110110011010001111100000011111110101111101111
111110000000001110111110000000011010001100100011111001100000000010011000000000011000000000000110110000011010000011110111110000000001101101011100000000011000111001101000011010100011010011100000000000000000111010111100000000100011100111000100111000110000111000010000111111000000000110101000000011010000111110000011001100101111101111
111110000000001110111110000000011010001100100011111001101111011111010100000000111101000000000110110000011010000011110111110000000001111101111100000000011010111001101010011010000011001011101110011101110000111110111100010000100011100111000100111000010000111100011100111111011010100111101110110011010000111100000011111110101111111111
111110000000001110111110000000011010001100100001111001100000000010000100000100111100100001101110110000011000000011110111110000000101100101111100000000011010111001101010011010100011010011100000000000000011111010111100000000100011111111000100111000111000111000011100111111011010100111111110110011011001111110000011111111101111111111
111111111011111111011111111111100010011111111111111101111011111111111011001101111101011110001110101011111101100111110111101111111111111111111111101111111110111001101010111010101011011111111111011101110000111110111100110000100011110111000110111100110100111000011100111111011110100111101111110011110000111110000011111111011111111111
111110000000001110111110100000011010001100100001111001100000000010010000000000011100100000000110100000011010000011110111110000000001101101111100000000011010111001101010011010000011010111110000000000000110111010111100000000100011110111000110111000010000111000011100111111011010100110101110110011010001111100000011111110101111101111
111110000000001110111110100000011010001100100001111001100000000010011000000000011000100000000110110000011010000011110111110000000001101101111100000000011010111001101010011010000011001011101110011101110000111010111100010000000011100111000100111000010000111100011100111111011110100111101110110011010000111100000011111110101111111111
111111111011111111011111111111100010011111111111111101111011111111111011001101111101011110001110101011111101100111110111101111111111111111111111101111111110111001101010111010101011011111111111011101110000111110111100110000100011110111000110111100110100111000011100111111011110100111101111110011110000111110000011111111011111111111
111111111011101110111111001111011010101100110011111001111111111110001101000101111101100001111110110000011010000011110111100011111111111111111111001110111110111001100010011010000011010011101110011100110000111010111100110000100011110111000110111000110100111000011100111111011010100111111110110011010000111110000011111111001111111111
111110000000001111111110000000011010001100100011111001100000000010011000000000011100000000000110100000011010000011110111110000000001100101011100000000011000111001111000011010100011010011100000000000000000111010111100000000100011100111000100111000110000111000010000111111000000000110101110110011010000111000000011111110111111111111
111110000000001110111111101111011010011100110011111001111111111111001100100101111101100001101110111000011110000011110111100011100111111111111111101110111110111001100010011010000011010011101110011100110000111010111100110000100011110111000110111000010000111000011100111111011010100111111110110011010000111110000011111111001111111111
111110000000001110111110000000011011001100100001111001100000000010000100010000111111100000000110100000011010000011110111110000000001101101111100000000011000111101100010011010100011010011100000000000000001111010111100000000100011110111000100111000110000111000011000111111000000000110101000000011010000111110000001001110101111101111
111110000000001110111110100000011010001100100001111001100000000010011000000000011000100000000110110000011010000011110111110000000001101101111100000000011010111001101010011010000011001011101110011101110000111010111100010000000011100111000100111000010000111100011100111111011110100111101110110011010000111100000011111110101111111111
111110000000001110111110100000011010001100110011111001101111011111010100000000111100100001111110100000011000000011110111100011110111111111111111101110111110111001100010011010000011010011101110011100110000111010111100110000100011110111000110111000010000111000011100111111011010100111111110110011010000111110000011111111001111111111
111110000000001110111110000000011010001100100011111001101111011111010100000000111101000000000110110000011010000011110111110000000001111101111100000000011010111001101010011010000011001011101110011101110000111110111100010000100011100111000100111000010000111100011100111111011010100111101110110011010000111100000011111110101111111111
111111111011101110111111001111011010101100110011111001111111111110001101000101111101100001111110110000011010000011110111100011111111111111111111001110111110111001100010011010000011010011101110011100110000111010111100110000100011110111000110111000010100111000011100111111011010100111111110110011010000111100000011111111001111111111
111110000000001110111110000000011010001100100011111001100000000010011000000000011100000000000110110000011010000011110111110000000001100101111100000000011010111001101010011011100011010011100000000000000011111010111100000000100011111111000100111000110000111000011000111111000000100110101000000011010000111110000011111111001111111111
111111111011101110111111001111011010101100110011111001111111111111101101000101111101100001111110111000011010000011110111100011111111111111111111101110111110111001101010011010100111011111101111011101110000111110111100110000110011110111000110111000110100111100011100111111011111100111101111110011010000111110000011111111001111111111
111110000000001110111110000000011010001100100011111001101111011111010100000000111101000000000110110000011010000011110111110000000001111101111100000000011010111001101010011010000011001011101110011101110000111110111100010000100011100111000100111000010000111100011100111111011010100111101110110011010000111100000011111110101111111111
111110000000001110111111001111011010011100110011111001111111111111001100100101111101100001101110101000011110000011110111100011100111111111111111101110111110111001100010011010000011010011101111011101110000111010111100110000100011110111000110111000010000111000011100111111011010100111111110110011010000111110000011111111001111111111
111110000000001110111110000000011010001100100011111001100000000010011000000000011100000000000110110000011010000011110111110000000001100101111100000000011010111001101010011011100011010011100000000000000011111010111100000000100011111111000100111000110000111000011000111111000000100110101000000011010000111110000011111111001111111111
111110000000001110111110100000011010001100100001111001100000000010011000000000011000100000000110110000011010000011110111110000000001101101111100000000011010111001101010011010000011001011101110011101110000111010111100010000000011100111000100111000010000111100011100111111011110100111101110110011010000111100000011111110101111111111
111110000000001110111110100000011010001100100001111001100000000010010000000000011100100000000110100000011010000011110111110000000001101101111100000000011010111001101010011010000011010111110000000000000110111010111100000000100011110111000110111000010000111000011100111111011010100110101110110011010001111100000011111110101111101111
111111111011101110111111001111011010001100100011111001111011011111000100000100111100100001101110110000011000000011110111110000000001100101111100000000011010111001101010011011100011010011110000000000000011111010111100000000100011111111000100111000110000111000011000111111000000100110101000000011010000111110000011111111001111111111
111110000000001111111110000000011010001100100011111001100000000010011000000000011100000000000110100000011010000011110111110000000001100101011100000000011000111001111000011010100011010011100000000000000000111010111100000000100011100111000100111000110000111000010000111111000000000110101110110011010000111000000011111110111111111111
111110000000001110111110100000011010001100100001111001100000000010011000000000011000100000000110110000011010000011110111110000000001101101111100000000011010111001101010011010000011001011101110011101110000111010111100010000000011100111000100111000010000111100011100111111011110100111101110110011010000111100000011111110101111111111
111111111011111111011111111111100010011111111111111101111011111111111011001101111101011110001110101011111101100111110111101111111111111111111111101111111110111001101010111010101011011111111111011101110000111110111100110000100011110111000110111100110100111000011100111111011110100111101111110011110000111110000011111111011111111111
111110000000001110111110000000011010001100100011111001111111111111001100100101111101100001101110111000011110000011110111100011100111111111111111101110111110111001100010011010000011010011101111011101110000111010111100110000100011110111000110111000010000111000011100111111011010100111111110110011010000111110000011111111001111111111
111110000000001110111111001111011010011100110011111001111111111111001100100101111101100001111110111000011110000011110111100011100111111111111111101110111110111001100010011010000011010011101111011101110000111010111100110000100011110111000110111000010000111000011100111111011010100111111110110011010000111110000011111111001111111111
111110000000001110111010100000011010001100100001111001100000000010010000000000011100100000000110100000011010000011110111110000000001101101111100000000011010111001101010011010100011000111100000000000000110111010111100000000100011110111000100111000010000111000011100011111011010100110101110110011010001111100000011111110101111111111
111110000000001110111110000000011010001100100001111001100000000010000100000100111100100001101110110000011000000011110111110000000101100101111100000000011010111001101010011010100011010011100000000000000011111010111100000000100011111111000100111000110000111000011100111111011010100111111110110011011001111110000011111111101111111111
111110000000001110111110100000011010001100100001111001100000000010010000000000011100100000000110100000011010000011110111110000000001101101111100000000011010111001101010011010000011010111110000000000000110111010111100000000100011110111000110111000010000111000011100111111011010100110101110110011010001111100000011111110101111101111
111110000000001111001110100000000000000000100001111100100000000000010000000000011000100000000110110000011010000011110111110000000001101101111100000000011000111001101010011010000011010011100000000000000000111010111100000000100011110111000100111000110000111000011000101111000000000110101000000011010000111110000011001100101111101111
111110000000001110111010100000011010001100100001111001100000000010010000000000011100100000000110100000011010000011110111110000000001101101111100000000011010111001101010011010100011000111100000000000000110111010111100000000100011110111000100111000010000111000011100011111011010100110101110110011010001111100000011111110101111111111
111110000000001110111110000000011010001100100011111001111111111111001100100101111101100001101110111000011110000011110111100011100111111111111111101110111110111001100010011010000011010011101111011101110000111010111100110000100011110111000110111000010000111000011100111111011010100111111110110011010000111110000011111111001111111111
111111111011101110111111001111011010001100100011111001111011011111000100000100111100100001101110110000011100000011110111110000000001100101111100000000011010111001101010011010100011010011100000000000000011111010111100000000100011111111000100111000110000111000011000111111000000100110101000000011010000111110000011111111001111111111
111111111011111111011111111111100010011111111111111101111011111111111011001101111101011110001110101011111101100111110111101111111111111111111111101111111110111001101010111010101011011111111111011101110000111110111100110000100011110111000110111100110100111000011100111111011110100111101111110011110000111110000011111111011111111111
111110000000001110111110000000011010001100100001111001100000000010000100000100111100100001101110110000011000000011110111110000000101100101111100000000011010111001101010011010100011010011100000000000000011111010111100000000100011111111000100111000110000111000011100111111011010100111111110110011011001111110000011111111101111111111
111110000000001110111110000000011010001100100001111001100000000010000100000100111100100001101110110000011000000011110111110000000101100101111100000000011010111001101010011010100011010011100000000000000011111010111100000000100011111111000100111000110000111000011100111111011010100111111110110011011001111110000011111111101111111111
111110000000001110111110000000011010001100100011111001100000000010011000000000011100000000000110110000011010000011110111110000000001100101111100000000011010111001101010011011100011010011100000000000000011111010111100000000100011111111000100111000110000111000011000111111000000100110101000000011010000111110000011111111001111111111
111110000000001110111110000000011010001100100001111001100000000010000100000100111100100001101110110000011000000011110111110000000101100001111100000000011010111001101010011010100011010011100000000000000011111010111100000000100011111111000100111000110000111000011000111111000000000110101000000011010000111110000011111111101111111111
111111111011101110111111001111011010001100100011111001111011011111000100000100111100100001101110110000011000000011110111110000000001100101111100000000011010111001101010011010100011010011101110011100110000111010111100110000100011110111000110111000010000111000011100111111011010100111111110110011010000111110000011111111001111111111
111111111011101110111111001111011010001100100011111001111011011111000100000100111100100001111110100000011000000011110111100011110111111111111111101110111110111001100010011010000011010011101110011101110000111010111100110000100011110111000110111000010000111000011100111111011010100111101110110011010000111110000011111110101111111111
111110000000001110111010100000011010001100100001111001100000000010010000000000011100100000000110100000011010000011110111110000000001101101111100000000011010111001101010011010100011000111100000000000000110111010111100000000100011110111000100111000010000111000011100011111011010100110101110110011010001111100000011111110101111111111
111110000000001111111110000000011010001100110001111001101111011111010100000000111100100001111110100000011000000011110111100011111111111111111111001110111110111001100010011010000011010011101110011100110000111010111100110000100011110111000110111000010100111000011100111111011010100111111110110011010000111110000011111111001111111111
111111111011101110111111001111011010001100100011111001111011011111000100000100111100100001111110100000011000000011111111100011110111111111111111101110111110111001100010011010000011010011101110011101110000111010111100110000100011110111000110111000010000111000011100111111011010100111101110110011010000111110000011111111001111111111
111111111011101110111111001111011010001100100011111001111011011111000100000100111100100001101110110000011100000011110111110000000001100101111100000000011010111001101010011010100011010011100000000000000011111010111100000000100011111111000100111000110000111000011000111111000000100110101000000011010000111110000011111111001111111111
111111111011101110111111001111011010001100100011111001111011011111000100000100111100100001101110110000011000000011110111110000000001100101111100000000011010111001101010011011100011010011110000000000000011111010111100000000100011111111000100111000110000111000011000111111000000100110101000000011010000111110000011111111001111111111
111110000000001110111010100000011010001100100001111001100000000010010000000000011100100000000110100000011010000011110111110000000001101101111100000000011010111001101010011010100011000111100000000000000110111010111100000000100011110111000100111000010000111000011100011111011010100110101110110011010001111100000011111110101111111111
111111111011101110111111001111011010101100110011111001111111111111001101000101111111100001101110011000011010000011110111100011101011111101111111100100011010111001101010011010100011011111101110011100100000111010111100110000100011111111000110111000010000111000011100111111011010100110101110110011010001111100000011111110101111111111
111110000000001110111110100000011010001100100011111001100000000010011000000000011100100000000110110000011010000011110111110000000001101101111100000000011010111001101010011010000011001011101110011101110000111100111100010000110011100111000100111000010000111100011100111111011110100111101110110011010000111100000011111110101111111111
111110000000001110111110000000011010001100100011111001100000000010011000000000011100000001111110101000011000000011110111100011110111111111111111101110111110111001100010011010000011010011101110011100110000111010111100110000100011110111000110111000010000111000011100111111011010100111111110110011010000111110000011111111001111111111
111110000000001110111110000000011010001100100011111001100000000010011000000000011000000000000110110000011010000011110111110000000001101101011100000000011000111001101000011010100011010011100000000000000000111010111100000000100011100111000100111000110000111000010000111111000000000110101000000011010000111110000011001110101111101111
111111111011101110111111001111011010001100100011111001111011011111000100000100111100100001101110110000011000000011110111110000000001100101111100000000011010111001101010011010100011010011101110011100110000111010111100110000100011110111000110111000010000111000011100111111011010100111111110110011010000111110000011111111001111111111
111111111011101110111111001111011010101100110011111001111111111111001101000101111111100001101110011000011010000011110111100011101011111101111111100100011010111001101010011010100011011111101110011100100000111010111100110000100011111111000110111000010000111000011100111111011010100110101110110011010001111100000011111110101111111111
111110000000001110111110000000011010001100100011111001101111011111010100000000111101000000000110110000011010000011110111110000000001111101111100000000011010111001101010011010000011001011101110011101110000111110111100010000100011100111000100111000010000111100011100111111011010100111101110110011010000111100000011111110101111111111
111111111011111111011111111111100010011111111111111101111011111111111011001101111101011110001110101011111101100111110111101111111111111111111111101111111110111001101010111010101011011111111111011101110000111110111100110000100011110111000110111100110100111000011100111111011110100111101111110011110000111110000011111111011111111111
111110000000001110111110100000011010001100100011111001100000000010011000000000011000100000000110010000011010000011110111110000000001101101111100000000011010111001101010011010000011001011101110011101110000111010111100010000000011100111000100111000010000111100011100111111011110100111101110110011010000111100000011111110101111111111
111110000000001110111110000000011010001100100011111001100000000010011000000000011100000001111110101000011000000011110111100011110111111111111111101110111110111001100010011010000011010011101110011100110000111010111100110000100011110111000110111000010000111000011100111111011010100111111110110011010000111110000011111111001111111111
111110000000001111111110000000011010001100110001111001101111011111010100000000111100100001111110100000011000000011110111100011111111111111111111001110111110111001101010011010100011011011101110011100110000111010111100110000100011110111000110111000010000111000011100111111011010100110101110110011010000111100000011111110101111111111
111110000000001110111111001111011010011100110011111001111111111111001100100101111101100001111110111000011110000011110111100011100111111111111111101110111110111001100010011010000011010011101111011101110000111010111100110000100011110111000110111000010000111000011100111111011010100111111110110011010000111110000011111111001111111111
111110000000001110111111001111011010011100110011111001111111111111001100100101111101100001101110101000011110000011110111100011100111111111111111101110111110111001100010011010000011010011101111011101110000111010111100110000100011110111000110111000010000111000011100111111011010100111111110110011010000111110000011111111001111111111
111110000000001110111010100000011010001100100001111001100000000010010000000000011100100000000110100000011010000011110111110000000001101101111100000000011010111001101010011010100011000111100000000000000110111010111100000000100011110111000100111000010000111000011100011111011010100110101110110011010001111100000011111110101111111111
111110000000001110111110000000011010001100100001111001100000000010000100000100111100100001101110110000011000000011110111110000000101100101111100000000011010111001101010011010100011010011100000000000000011111010111100000000100011111111000100111000110000111000011100111111011010100111111110110011011001111110000011111111101111111111
111110000000001110111110000000011010001100110001111001101111011111010100000000111100100001111110100000011000000011110111110000000001111101111100000000011010111001101010011010000011001011101110011101100000111110111100010000100011100111000100111000010000111100011100111111011110100111101110110011010000111100000011111110101111111111
111111111011101110111111001111011010001100100011111001111011011111000100000100111100100001101110110000011100000011110111110000000001100101111100000000011010111001101010011010100011010011100000000000000011111010111100000000100011111111000100111000110000111000011000111111000000100110101000000011010000111110000011111111001111111111
111110000000001110111110000000011010001100100011111001100000000010011000000000011000000000000110110000011010000011110111110000000001101101011100000000011000111001101000011010100011010011100000000000000000111010111100000000100011100111000100111000110000111000010000111111000000000110101000000011010000111110000011001110101111101111
111110000000001111111110000000011010001100100011111001100000000010011000000000011100000000000110100000011010000011110111110000000001100101011100000000011000111001111000011010100011010011100000000000000000111010111100000000100011100111000100111000110000111000010000111111000000000110101110110011010000111000000011111110111111111111
111110000000001110111010100000011010001100100001111001100000000010010000000000011100100000000110100000011010000011110111110000000001101101111100000000011010111001101010011010100011000111100000000000000110111010111100000000100011110111000100111000010000111000011100011111011010100110101110110011010001111100000011111110101111111111
111110000000001110111110100000011010001100100011111001101111011111010100000000111100100001111110100000011000000011110111100011110111111111111111101110111110111001100010011010000011010011101110011100110000111010111100110000100011110111000110111000010000111000011100111111011010100111111110110011010000111110000011111111001111111111
111110000000001110111010100000011010001100100001111001100000000010010000000000011100100000000110100000011010000011110111110000000001101101111100000000011010111001101010011010100011000111100000000000000110111010111100000000100011110111000100111000010000111000011100011111011010100110101110110011010001111100000011111110101111111111
111110000000001110111010100000011010001100100001111001100000000010010000000000011100100000000110100000011010000011110111110000000001101101111100000000011010111001101010011010100011000111100000000000000110111010111100000000100011110111000100111000010000111000011100011111011010100110101110110011010001111100000011111110101111111111
111110000000001110111110000000011010001100100011111001100000000010011000000000011100000001111110101000011000000011110111100011110111111111111111101110111110111001100010011010000011010011101110011100110000111010111100110000100011110111000110111000010000111000011100111111011010100111111110110011010000111110000011111111001111111111
111110000000001110111110000000011010001100100011111001100000000010011000000000011100000000000110100000011010000011110111110000000001101101011100000000011000111001111000011010100011010011100000000000000000111010111100000000100011110111000100111000110000111000011000111111000000100110101000000011010000111110000011001110101111101111
111110000000001110111110000000011010001100100011111001100000000010011000000000011100000001111110101000011000000011110111100011110111111111111111101110111110111001100010011010000011010011101110011100110000111010111100110000100011110111000110111000010000111000011100111111011010100111111110110011010000111110000011111111001111111111
111110000000001110111110000000011010001100100011111001100000000010011000000000011100000001111110101000011000000011110111100011110111111111111111101110111110111001100010011010000011010011101110011100110000111010111100110000100011110111000110111000010000111000011100111111011010100111111110110011010000111110000011111111001111111111
111110000000001110111110000000011011001100100001111001100000000010000100010000111111100000000110100000011010000011110111110000000001101101111100000000011000111001100010011010100011010011100000000000000001111010111100000000100011110111000100111000110000111000011000111111000000000110101000000011010000111110000001001110101111101111
111110000000001110111110000000011010001100100011111001100000000010011000000000011100000001111110101000011000000011110111100011110111111111111111101110111110111001100010011010000011010011101110011100110000111010111100110000100011110111000110111000010000111000011100111111011010100111111110110011010000111110000011111111001111111111
111111111011101110111111001111011010101100110011111001111111111110001101000101111101100001111110110000011010000011110111100011111111111111111111001110111110111001100010011010000011010011101110011100110000111010111100110000100011110111000110111000110100111000011100111111011010100111111110110011010000111110000011111111001111111111
111110000000001110111110000000011010001100100011111001111111111111001100100101111101100001101110111000011110000011110111100011100111111111111111101110111110111001100010011010000011010011101111011101110000111010111100110000100011110111000110111000010000111000011100111111011010100111111110110011010000111110000011111111001111111111
111110000000001111111110000000011010001100110001111001101111011111010000000000111100100001111110100000011000000011110111100011111111111111111111001110111110111001100010011010000011010011101110011100110000111010111100110000100011110111000110111000010100111000011100111111011010100111111110110011010000111110000011111111001111111111
111110000000001110111110000000011010001100100001111001100000000010000100000100111100100001101110110000011000000011110111110000000101100101111100000000011010111001101010011010100011010011100000000000000011111010111100000000100011111111000100111000110000111000011100111111011010100111111110110011011001111110000011111111101111111111
111110000000001110111110100000011010001100100011111001101111011111010100000000111100100001111110100000011000000011110111100011110011111111111111101110111110111001100010011010000011010011101110011100110000111010111100110000100011110110000110111000010000111000011100111111011010100111111110110011010000111110000011111111001111111111
111110000000001110111110000000011010001100100011111001100000000010011000000000011100000001111110101000011000000011110111100011110111111111111111101110111110111001100010011010000011010011101110011100110000111010111100110000100011110111000110111000010000111000011100111111011010100111111110110011010000111110000011111111001111111111
111110000000001110111110000000011010001100100011111001100000000010011000000000011100000000000110100000011010000011110111110000000001101101011100000000011000111001111000011010100011010011100000000000000000111010111100000000100011110111000100111000110000111000011000111111000000100110101000000011010000111110000011001110101111101111
111111111011101110111111001111011010101100110011111001111111111111001101000101111111100001101110011000011010000011110111100011101111111101111111100100011010111001101010011010100011011111101110011100100000111010111100110000100011111111000110111000110000111000011000111111000000100110101000000011010000111110000011001110101111101111
111110000000001110111110100000011010001100100011111001101111011111010100000000111100100001111110100000011000000011110111100011110011111111111111101110111110111001100010011010000011010011101110011100110000111010111100110000100011110110000110111000010000111000011100111111011010100111111110110011010000111110000011111111001111111111
111110000000001110111110100000011010001100100011111001100000000010011000000000011100100000000110110000011010000011110111110000000001101101111100000000011010111001101010011010000011001011101110011101110000111100111100010000110011100111000100111000010000111100011100111111011110100111101110110011010000111100000011111110101111111111
111110000000001110111110000000011010001100100011111001100000000010011000000000011100000001111110101000011000000011110111100011110111111111111111101110111110111001100010011010000011010011101110011100110000111010111100110000100011110111000110111000010000111000011100111111011010100111111110110011010000111110000011111111001111111111
111110000000001110111110000000011010001100100011111001100000000010011000000000011100000001111110101000011000000011110111100011110111111111111111101110111110111001100010011010000011010011101110011100110000111010111100110000100011110111000110111000010000111000011100111111011010100111111110110011010000111110000011111111001111111111
111110000000001110111110100000011010001100100001111001100000000010010000000000011100100000000110100000011010000011110111110000000001101101111100000000011010111001101010011010000011010111110000000000000110111010111100000000100011110111000110111000010000111000011100111111011010100110101110110011010001111100000011111110101111101111
111110000000001111111110000000011010001100110001111001101111011111010100000000111100100001111110110000011000000011110111100011110111111111111111101110111110111001100010011010000011010011101111011101110000111010111100110000100011110111000110111000010000111000011100111111011010100111111110110011011001111110000011111111101111111111
111110000000001111111110000000011010001100110001111001101111011111010100000000111100100001111110110000011000000011110111100011110111111111111111001110111110111001100010011010000011010011101110011101110000111010111100110000100011110111000110111000010000111000011100111111011010100111101110110011010000111110000011111111001111111111
111110000000001111111110000000011010001100110001111001101111011111010100000000111100100001111110110000011000000011110111100011110111111111111111001110111110111001100010011010000011010011101110011101110000111010111100110000100011110111000110111000010000111000011100111111011010100111101110110011010000111110000011111111001111111111
111111111011101110111111001111011010001100100011111001111011011111000100000100111100100001101110110000011000000011110111110000000001100101111100000000011010111001101010011010100011010011100000000000000011111010111100000000100011111111000100111000110000111000011000111111000000100110101000000011010000111110000011111111001111111111
111111111011101110111111001111011010101100110011111001111111111111011101010101111101100001101110111000011010000011110111100011111111111111111111101110111110111001101010011010101011011111101111011101110000111110111100110000110011110111000110111000110000111100011100111111011110100111101110110011010000111110000011111110101111111111
111110000000001110111110000000011010001100110001111001101111011111010100000000111100100001111110100000011000000011110111100011110111111111111111101110111110111001100010011010000011010011101110011100110000111010111100110000100011110111000110111000010000111000011100111111011010100111111110110011010000111110000011111111001111111111
111110000000001110111110000000011010001100100011111001100000000010011000000000011100000001111110101000011000000011110111100011110111111111111111101110111110111001100010011010000011010011101110011100110000111010111100110000100011110111000110111000010000111000011100111111011010100111111110110011010000111110000011111111001111111111
111110000000001111111110000000011010001100110001111001101111011111010100000000111100100001111110110000011000000011110111100011110111111111111111001110111110111001100010011010000011010011101110011101110000111010111100110000100011110111000110111000010000111000011100111111011010100111101110110011010000111110000011111111001111111111
111110000000001110111110100000011010001100100011111001101111011111010100000000111100100001111110100000011000000011110111100011110011111111111111101110111110111001100010011010000011010011101110011100110000111010111100110000100011110110000110111000010000111000011100111111011010100111111110110011010000111110000011111111001111111111
111111111011101110111111001111011010101100110011111001111111111111001101000101111111100001101110011000011010000011110111100011101011111101111111100100011010111001101010011010100011011111101110011100100000111010111100110000100011111111000110111000010000111000011100111111011010100110101110110011010001111100000011111110101111111111
111111111011101110111111001111011010001100100011111001111011011111000100000100111100100001101110110000011000000011110111110000000001100101111100000000011010111001101010011010100011010011100000000000000011111010111100000000100011111111000100111000100000111000011000101111000000000110101000000011010000111110000001001110101111101111
111110000000001110111110100000011010001100100011111001100000000010011000000000011000100000000110010000011010000011110111110000000001101101111100000000011010111001101010011010000011001011101110011101110000111010111100010000000011100111000100111000010000111100011100111111011110100111101110110011010000111100000011111110101111111111
111110000000001110111110100000011010001100110011111001101111011111010100000000111100100001111110100000011000000011110111100011110111111111111111101110111110111001100010011010000011010011101110011100110000111010111100110000100011110111000110111000010000111000011100111111011010100111111110110011010000111110000011111111001111111111
111110000000001110111110100000011010001100100011111001100000000010011000000000011000100000000110010000011010000011110111110000000001101101111100000000011010111001101010011010000011001011101110011101110000111010111100010000000011100111000100111000010000111100011100111111011110100111101110110011010000111100000011111110101111111111
111110000000001110111110100000011010001100100011111001101111011111010100000000111100100001111110100000011000000011110111100011110111111111111111101110111110111001100010011010000011010011101110011100110000111010111100110000100011110111000110111000010000111000011100111111011010100111111110110011010000111110000011111111001111111111
111110000000001110111110100000011010001100100011111001100000000010011000000000011000100000000110010000011010000011110111110000000001101101111100000000011010111001101010011010000011001011101110011101110000111010111100010000000011100111000100111000010000111100011100111111011110100111101110110011010000111100000011111110101111111111
~~~
4.0 145.0 101.0 293.0 1861.0 
6.0 174.0 76.0 283.0 1556.0 
17.0 206.0 66.0 192.0 1211.0 
3.0 113.0 116.0 372.0 2160.0 
10.0 187.0 73.0 230.0 1424.0 
13.0 200.0 68.0 200.0 1308.0 
8.0 162.0 97.0 228.0 1691.0 
3.0 141.0 91.0 359.0 1880.0 
12.0 193.0 73.0 201.0 1356.0 
9.0 177.0 81.0 235.0 1538.0 
4.0 159.0 83.0 314.0 1711.0 
5.0 162.0 80.0 316.0 1667.0 
3.0 111.0 117.0 380.0 2183.0 
11.0 192.0 70.0 240.0 1343.0 
13.0 200.0 68.0 200.0 1308.0 
5.0 156.0 91.0 284.0 1729.0 
6.0 174.0 74.0 298.0 1558.0 
4.0 159.0 83.0 314.0 1711.0 
4.0 147.0 101.0 288.0 1850.0 
6.0 157.0 91.0 280.0 1717.0 
6.0 172.0 76.0 292.0 1575.0 
8.0 186.0 74.0 241.0 1441.0 
3.0 132.0 104.0 339.0 1968.0 
10.0 171.0 94.0 210.0 1586.0 
3.0 134.0 96.0 373.0 1952.0 
8.0 186.0 74.0 241.0 1441.0 
3.0 132.0 104.0 339.0 1968.0 
4.0 132.0 111.0 313.0 1970.0 
3.0 132.0 104.0 339.0 1968.0 
3.0 104.0 118.0 410.0 2275.0 
3.0 105.0 118.0 405.0 2262.0 
6.0 174.0 74.0 298.0 1558.0 
11.0 192.0 70.0 240.0 1343.0 
16.0 207.0 67.0 190.0 1197.0 
5.0 156.0 91.0 284.0 1729.0 
7.0 181.0 75.0 259.0 1478.0 
3.0 123.0 107.0 357.0 2081.0 
5.0 156.0 91.0 284.0 1729.0 
6.0 168.0 75.0 321.0 1615.0 
8.0 178.0 77.0 253.0 1510.0 
5.0 156.0 91.0 284.0 1729.0 
5.0 154.0 97.0 280.0 1755.0 
8.0 185.0 75.0 241.0 1451.0 
5.0 151.0 93.0 298.0 1772.0 
13.0 200.0 68.0 200.0 1308.0 
8.0 88.0 124.0 470.0 2423.0 
7.0 181.0 74.0 267.0 1482.0 
5.0 156.0 91.0 284.0 1729.0 
9.0 177.0 81.0 235.0 1538.0 
3.0 105.0 118.0 405.0 2262.0 
11.0 193.0 68.0 234.0 1383.0 
7.0 181.0 73.0 268.0 1487.0 
16.0 207.0 67.0 190.0 1197.0 
3.0 110.0 117.0 383.0 2189.0 
11.0 184.0 80.0 206.0 1456.0 
13.0 200.0 68.0 200.0 1308.0 
3.0 126.0 101.0 385.0 2038.0 
8.0 186.0 74.0 241.0 1441.0 
16.0 207.0 67.0 190.0 1197.0 
8.0 162.0 97.0 228.0 1691.0 
3.0 146.0 89.0 353.0 1827.0 
4.0 146.0 101.0 290.0 1855.0 
3.0 132.0 104.0 339.0 1968.0 
9.0 177.0 81.0 235.0 1538.0 
5.0 151.0 93.0 298.0 1772.0 
7.0 181.0 74.0 267.0 1482.0 
7.0 181.0 73.0 268.0 1487.0 
11.0 192.0 70.0 240.0 1343.0 
13.0 200.0 67.0 201.0 1309.0 
3.0 146.0 89.0 353.0 1827.0 
4.0 152.0 84.0 344.0 1769.0 
6.0 157.0 91.0 280.0 1717.0 
4.0 146.0 101.0 290.0 1855.0 
6.0 168.0 75.0 321.0 1615.0 
13.0 200.0 68.0 200.0 1308.0 
3.0 122.0 108.0 357.0 2091.0 
4.0 159.0 83.0 314.0 1711.0 
8.0 186.0 74.0 241.0 1441.0 
4.0 123.0 114.0 323.0 2066.0 
4.0 126.0 113.0 319.0 2036.0 
8.0 170.0 86.0 243.0 1584.0 
16.0 205.0 67.0 192.0 1218.0 
12.0 192.0 73.0 205.0 1362.0 
12.0 191.0 74.0 205.0 1368.0 
3.0 113.0 116.0 372.0 2160.0 
3.0 123.0 107.0 357.0 2081.0 
3.0 105.0 118.0 405.0 2262.0 
9.0 165.0 96.0 223.0 1653.0 
4.0 152.0 84.0 344.0 1769.0 
5.0 160.0 81.0 320.0 1687.0 
11.0 192.0 68.0 236.0 1395.0 
3.0 141.0 91.0 359.0 1880.0 
16.0 205.0 67.0 192.0 1218.0 
6.0 172.0 76.0 292.0 1575.0 
4.0 147.0 101.0 288.0 1850.0 
4.0 146.0 101.0 290.0 1855.0 
3.0 105.0 119.0 401.0 2260.0 
7.0 180.0 75.0 267.0 1490.0 
3.0 105.0 119.0 401.0 2260.0 
4.0 146.0 101.0 290.0 1855.0 
4.0 145.0 102.0 290.0 1866.0 
3.0 106.0 118.0 401.0 2242.0 
6.0 173.0 76.0 291.0 1565.0 
6.0 174.0 74.0 298.0 1558.0 
3.0 134.0 96.0 373.0 1952.0 
3.0 143.0 93.0 339.0 1875.0 
8.0 183.0 73.0 257.0 1466.0 
5.0 156.0 91.0 284.0 1729.0 
16.0 207.0 67.0 190.0 1197.0 
8.0 87.0 125.0 470.0 2437.0 
10.0 171.0 94.0 210.0 1586.0 
3.0 108.0 116.0 403.0 2216.0 
3.0 144.0 90.0 355.0 1849.0 
13.0 200.0 68.0 200.0 1308.0 
5.0 154.0 97.0 280.0 1755.0 
13.0 200.0 68.0 200.0 1308.0 
6.0 173.0 76.0 291.0 1565.0 
8.0 87.0 125.0 470.0 2437.0 
5.0 161.0 81.0 316.0 1678.0 
11.0 192.0 68.0 236.0 1395.0 
3.0 121.0 109.0 357.0 2100.0 
5.0 161.0 81.0 316.0 1678.0 
3.0 121.0 109.0 357.0 2100.0 
16.0 205.0 67.0 192.0 1218.0 
5.0 161.0 81.0 316.0 1678.0 
4.0 150.0 90.0 323.0 1784.0 
4.0 150.0 90.0 323.0 1784.0 
10.0 186.0 76.0 220.0 1445.0 
8.0 163.0 97.0 227.0 1681.0 
11.0 192.0 68.0 236.0 1395.0 
16.0 205.0 67.0 192.0 1218.0 
8.0 87.0 125.0 470.0 2437.0 
8.0 87.0 125.0 470.0 2437.0 
16.0 205.0 67.0 192.0 1218.0 
16.0 205.0 67.0 192.0 1218.0 
6.0 167.0 87.0 249.0 1638.0 
10.0 186.0 76.0 220.0 1445.0 
5.0 161.0 81.0 316.0 1678.0 
16.0 205.0 67.0 192.0 1218.0 
3.0 105.0 119.0 401.0 2260.0 
12.0 195.0 70.0 211.0 1360.0 
11.0 192.0 68.0 236.0 1395.0 
8.0 162.0 97.0 228.0 1691.0 
4.0 150.0 90.0 323.0 1784.0 
6.0 172.0 76.0 292.0 1575.0 
4.0 146.0 101.0 290.0 1855.0 
10.0 186.0 76.0 220.0 1445.0 
5.0 161.0 81.0 316.0 1678.0 
11.0 184.0 80.0 206.0 1456.0 
8.0 162.0 97.0 228.0 1691.0 
3.0 132.0 104.0 339.0 1968.0 
12.0 195.0 70.0 211.0 1360.0 
8.0 87.0 125.0 470.0 2437.0 
6.0 168.0 75.0 321.0 1615.0 
11.0 192.0 68.0 236.0 1395.0 
11.0 184.0 80.0 206.0 1456.0 
3.0 112.0 115.0 384.0 2169.0 
3.0 145.0 90.0 353.0 1837.0 
5.0 161.0 81.0 316.0 1678.0 
3.0 143.0 93.0 339.0 1875.0 
8.0 163.0 97.0 227.0 1681.0 
12.0 195.0 70.0 211.0 1360.0 
5.0 160.0 81.0 320.0 1687.0 
4.0 126.0 113.0 319.0 2036.0 
10.0 186.0 76.0 220.0 1445.0 
3.0 105.0 119.0 401.0 2260.0 
4.0 146.0 101.0 290.0 1855.0 
5.0 161.0 81.0 316.0 1678.0 
10.0 186.0 76.0 220.0 1445.0 
4.0 152.0 84.0 344.0 1769.0 
7.0 180.0 75.0 267.0 1490.0 
13.0 200.0 68.0 200.0 1308.0 
5.0 161.0 81.0 316.0 1678.0 
8.0 169.0 86.0 245.0 1596.0 
8.0 87.0 125.0 470.0 2437.0 
7.0 180.0 75.0 267.0 1490.0 
6.0 173.0 76.0 291.0 1565.0 
8.0 87.0 125.0 470.0 2437.0 
3.0 121.0 109.0 357.0 2100.0 
11.0 192.0 68.0 236.0 1395.0 
3.0 128.0 100.0 381.0 2018.0 
12.0 191.0 73.0 209.0 1368.0 
6.0 173.0 76.0 291.0 1565.0 
3.0 142.0 90.0 364.0 1878.0 
5.0 161.0 81.0 316.0 1678.0 
3.0 123.0 107.0 357.0 2081.0 
10.0 186.0 76.0 220.0 1445.0 
3.0 105.0 119.0 401.0 2260.0 
5.0 161.0 81.0 316.0 1678.0 
3.0 128.0 100.0 383.0 2012.0 
10.0 186.0 76.0 220.0 1445.0 
6.0 173.0 76.0 291.0 1565.0 
7.0 180.0 75.0 267.0 1490.0 
8.0 161.0 99.0 227.0 1705.0 
11.0 192.0 68.0 236.0 1395.0 
6.0 173.0 76.0 291.0 1565.0 
8.0 87.0 125.0 470.0 2437.0 
3.0 134.0 96.0 373.0 1952.0 
3.0 126.0 101.0 385.0 2038.0 
8.0 183.0 73.0 257.0 1466.0 
8.0 170.0 85.0 245.0 1590.0 
7.0 180.0 75.0 267.0 1490.0 
16.0 205.0 67.0 192.0 1218.0 
8.0 183.0 73.0 257.0 1466.0 
3.0 134.0 96.0 373.0 1952.0 
8.0 162.0 97.0 228.0 1691.0 
8.0 87.0 125.0 470.0 2437.0 
8.0 170.0 85.0 245.0 1590.0 
8.0 170.0 85.0 245.0 1590.0 
10.0 186.0 76.0 220.0 1445.0 
11.0 184.0 80.0 206.0 1456.0 
4.0 146.0 101.0 290.0 1855.0 
3.0 132.0 104.0 339.0 1968.0 
8.0 183.0 73.0 257.0 1466.0 
3.0 142.0 92.0 346.0 1892.0 
3.0 131.0 105.0 339.0 1989.0 
8.0 162.0 97.0 228.0 1691.0 
8.0 161.0 99.0 227.0 1705.0 
8.0 183.0 73.0 257.0 1466.0 
4.0 126.0 113.0 319.0 2036.0 
6.0 169.0 75.0 316.0 1602.0 
4.0 153.0 84.0 341.0 1760.0 
13.0 199.0 68.0 201.0 1318.0 
4.0 146.0 101.0 290.0 1855.0 
4.0 126.0 113.0 319.0 2036.0 
5.0 161.0 81.0 316.0 1678.0 
8.0 87.0 125.0 470.0 2437.0 
6.0 173.0 75.0 298.0 1563.0 
4.0 153.0 84.0 341.0 1760.0 
3.0 143.0 94.0 337.0 1875.0 
3.0 126.0 101.0 385.0 2038.0 
3.0 128.0 100.0 383.0 2012.0 
8.0 183.0 73.0 257.0 1466.0 
8.0 170.0 85.0 245.0 1590.0 
4.0 159.0 83.0 314.0 1711.0 
8.0 162.0 97.0 228.0 1691.0 
13.0 199.0 68.0 201.0 1318.0 
11.0 192.0 68.0 236.0 1395.0 
8.0 183.0 73.0 257.0 1466.0 
3.0 143.0 90.0 357.0 1863.0 
8.0 183.0 73.0 257.0 1466.0 
8.0 183.0 73.0 257.0 1466.0 
4.0 153.0 84.0 341.0 1760.0 
12.0 195.0 70.0 211.0 1360.0 
4.0 153.0 84.0 341.0 1760.0 
4.0 153.0 84.0 341.0 1760.0 
12.0 192.0 73.0 205.0 1362.0 
4.0 153.0 84.0 341.0 1760.0 
3.0 121.0 109.0 357.0 2100.0 
3.0 134.0 96.0 373.0 1952.0 
3.0 143.0 91.0 346.0 1885.0 
8.0 170.0 85.0 245.0 1590.0 
3.0 145.0 90.0 353.0 1837.0 
4.0 153.0 84.0 341.0 1760.0 
12.0 195.0 70.0 211.0 1360.0 
8.0 135.0 113.0 274.0 1950.0 
3.0 145.0 90.0 353.0 1837.0 
6.0 169.0 75.0 316.0 1602.0 
4.0 153.0 84.0 341.0 1760.0 
4.0 153.0 84.0 341.0 1760.0 
7.0 180.0 75.0 267.0 1490.0 
3.0 137.0 95.0 360.0 1929.0 
3.0 143.0 93.0 339.0 1875.0 
3.0 143.0 93.0 339.0 1875.0 
8.0 163.0 97.0 227.0 1681.0 
3.0 108.0 116.0 403.0 2216.0 
3.0 144.0 90.0 350.0 1865.0 
4.0 153.0 84.0 341.0 1760.0 
3.0 143.0 93.0 339.0 1875.0 
3.0 145.0 90.0 353.0 1837.0 
4.0 126.0 113.0 319.0 2036.0 
10.0 170.0 94.0 213.0 1599.0 
6.0 173.0 75.0 298.0 1563.0 
3.0 142.0 90.0 364.0 1878.0 
6.0 173.0 75.0 298.0 1563.0 
3.0 143.0 90.0 357.0 1863.0 
6.0 173.0 75.0 298.0 1563.0 
~~~
59.097
