1111010111110110110000110111111001000001100111001
1111110110000000010000000001111011000000000000000
1111010000000000010000110101100000000000000000000
1111111110111111010000000001111111011101100100000
1111010000000000010000110101100000000000000000000
1111010000000000010000110101100000000000000000000
1111011000000000010000000001100000000000000000000
1111010000000000010000110101100000000000000000000
1111111111000000010000110111111011000001100100000
1111010000000000010000110101100000000000000000000
1111111000000000010000000001111011000001100100000
1111111000000000010000000001111111000001100100000
1111111111000000010000110101111011000000000011001
1111110000000000010000110101111001000000000000000
1111110110000000010000000001111011000000000000000
1111111111000000010000000001111011000001110100000
1111000000000000010000110111100000000000000011001
1111111111000000010000110111111011000001100100000
1111111111000000010000000001111011000000000000000
1111011111110110110000110111111011000000000011001
1111010000000000010000110101100000000000000011001
1111111111110110110000110111111001000001110111001
1111110110000000010000000001111001000000000000000
1111010111110110110000110111111001000001100111001
1111111000000000010000000001111011000001100100000
1111110000000000010000000001100000000000000000000
1111111111111110110000110111111011000001100100000
1111111000000000010000000001111111011101100100000
1111111000000000010000000001111111000001100100000
1111010000000000010000110101111001000000000000000
1111111111110110110000110111111001000001110111001
1111010000000000010000110101100000000000000011001
1111110000000000010000110111100000000000000000000
1111111111000000010000000001111011000000000000000
1111010000000000010000110101111001000000000000000
1111111000000000010000000001111011000001100100000
1111111000000000010000000001111011000001100100000
1111110111000000010000110111111011000001100100000
1111110000000000010000000001100000000000000000000
1111110111000000010000110101111011000000000011001
1111010111110110110000110111111001000001100111001
1111111000000000010000000001111011000000000000000
1111110000000000010000000001100000000000000000000
1111110111000000010000110111111011000000000011001
1111111000000000010000000001111111000001100100000
1111111000000000010000000001111011000001100100000
1111110111000000010000110111111011000001100100000
1111111111111111010000111111111011111101100100000
1111111111111110110000110111111001000001111111001
1111010000000000010000000001111011000000000000000
1111110111000000010000110111111011000000000011001
1111111111111110110000110111111001000001111111001
1111010000000000010000000001100000000000000000000
1111010000000000010000000001100000000000000000000
1111010000000000010000000001100000000000000000000
1111111110000000010000000001111111111101100100000
1111111111111110110000110111111011000001110100000
1111111110111111010000000001111111011101100100000
1111111000000000010000000001111111000000000000000
1111111110111111010000000001111011100001100100000
1111111111110110110000110111111001000001110111001
1111111111110110110000110111111001000001110111001
1111111111110110110000110111111001000001110111001
1111111000000000010000000001111011000001100100000
1111110111000000010000000001111011000000000000000
1111111111111111010000111111111111111101100100000
1111010000000000010000110111100000000000000000000
1111011000000000010000000001100000000000000000000
1111010000000000010000110111100000000000000000000
1111111111111111010000111111111111111101100100000
1111010000000000010000000001100000000000000000000
1111010110000000010000000001100000000000000000000
1111100000000000010000000001100000000000000000000
1111111110111111010000000001111111011101100100000
1111100000000000010000000001100000000000000000000
1111010000000000010000000001100000000000000000000
1111010000000000010000000001100000000000000000000
1111010110000000010000000001100000000000000000000
1111111110111111010000000001111011100001100100000
1111110111000000010000000001111011000000000000000
1111010000000000010000000001111011000000000000000
1111010000000000010000000001111011000000000000000
1111010000000000010000000001100000000000000000000
1111111110111111010000000001111011100001100100000
1111010000000000010000000001100000000000000000000
1111010110000000010000000001100000000000000000000
1111111110111111010000000001111111011101100100000
1111111000000000010000000001100000000000000000000
1111010000000000010000000001111001000000000000000
1111010000000000010000000001100000000000000000000
1111010000000000010000000001100000000000000000000
1111010000000000010000000001100000000000000000000
1111111000000000010000000001111111000000000000000
1111010000000000010000110101100000000000000000000
1111111000000000010000000001100000000000000000000
1111111110111111010000000001111011000001100100000
1111111111111111010000110111111011000001100111001
1111011111110110110000110111111011000000000011001
1111111000000000010000000001100000000000000000000
1111111111111111010000111111111111111101100100000
1111111000000000010000000001111111000000000000000
1111110110000000010000110101111011000001100100000
1111010000000000010000000001100000000000000000000
1111010000000000010000000001100000000000000000000
1111010000000000010000110101100000000000000011001
1111010000000000010000000001100000000000000000000
1111010000000000010000110111100000000000000000000
1111010000000000010000110101100000000000000000000
1111111000000000010000000001111011011101100100000
1111111110111111010000000001111011000001100100000
1111010111000000010000110111111001000000000000000
1111111110111111010000000001111011011101100100000
1111010000000000010000110111100000000000000000000
1111010000000000010000110101100000000000000000000
1111111110111111010000000001111011000001100100000
1111111110000000010000000001111011011101100100000
1111010000000000010000000001100000000000000000000
1111011000000000010000000001111011000001100100000
1111111111110110110000110111111011000001100100000
1111111110000000010000000001111011000001100100000
1111111000000000010000000001100000000000000000000
1111010110000000010000110111111001000000000011001
1111111111110110110000110111111011000001100100000
1111111000000000010000000001100000000000000000000
1111111110111111010000000001111011011101100100000
1111010000000000010000000001111001000000000000000
1111111110111111010000110111111011000001100100000
1111110000000000010000000001111011000000000000000
1111111111111110110000110111111011011101100100000
1111110111000000010000110111111001000001100111001
1111111111111110110000110111111001000001111111001
1111111111111110110000110111111001000001111111001
1111011000000000010000000001100000000000000000000
1111111111111110110000110111111001000001111111001
1111010111000000010000110111111001000000000011001
1111110111000000010000110111111001000001100111001
1111110111000000010000110111111001000000000011001
1111111111000000010000110101111011000000000000000
1111110111000000010000110111111001000000000011001
1111111000000000010000000001111011000000000000000
1111111111111111010000110101111111011101100100000
1110010000000000010000000001100000000000000000000
1111110111000000010000110111111011000001100100000
1110010000000000010000000001100000000000000000000
1111110111000000010000110111111001000001100111001
1111111000000000010000000001111111011101100100000
1111110000000000010000110111100000000000000000000
1110010000000000010000000001100000000000000000000
1111010000000000010000110111100000000000000011001
1111110111000000010000110111111001000001100111001
1111010111000000010000110111111001000000000011001
1111011000000000010000000001100000000000000000000
1111111111111110110000110111111001000001111111001
1111111111111111010000111111111011111101100100000
1111110000000000010000000001111011000000000000000
1111111000000000010000000001111111011101100100000
1110010000000000010000000001100000000000000000000
1111010000000000010000000001111011000000000000000
1111110111000000010000110111111001000001100111001
1111111000000000010000000001111111011101100100000
1111111000000000010000000001111111011101100100000
1111111000000000010000000001111011000000000000000
1111110000000000010000000001111011000000000000000
1111111111111110110000110111111001000001111111001
1110010000000000010000000001100000000000000000000
1111111110000000010000000001111011000001100100000
1111010000000000010000000001111011000000000000000
1111111000000000010000000001111111011101100100000
1111110110000000010000000001111011000000000000000
1111111110000000010000000001111011000001100100000
1111111000000000010000000001111011000000000000000
1111010000000000010000110111100000000000000011001
1111111111111110110000000001111011011101100100000
1110010000000000010000000001100000000000000000000
1111111110000000010000000001111011000001100100000
1111011000000000010000000001100000000000000000000
1111110111000000010000110101111001000000000000000
1111010000000000010000110101100000000000000011001
1111111111110110110000110111111011000001100100000
1111010000000000010000110111100000000000000011001
1111110111000000010000110111111011000000000000000
1110010000000000010000000001100000000000000000000
1111111110000000010000000001111011000001100100000
1111011111110110110000110111111001000000000011001
1111111111110110110000110111111011000001100100000
1111010000000000010000110111100000000000000011001
1111100000000000010000000001100000000000000000000
1111110111000000010000000001111011000000000000000
1111111110111111010000000001111011011101100100000
1111111000000000010000000001111111111101100100000
1111010000000000010000000001111001000000000000000
1111010000000000010000000001111001000000000000000
1111111111111110110000000001111011011101100100000
1111110000000000010000000001111011000001100100000
1111110111000000010000000001111011000000000000000
1111111111111111010000000001111111111101100100000
1111111110000000010000000001111111111101100100000
1111110111000000010000110111111011000000000000000
1111111111000000010000110101111011000001100111001
1111010110000000010000110111111001000000000011001
1111111111111110110000000001111011011101100100000
1111111000000000010000000001111111111101100100000
1111110110000000010000110101111001000000000000000
1111111111111110110000000001111011000001100100000
1111111111111110110000000001111011000001100100000
1111111110000000010000000001111111111101100100000
1111111111000000010000110101111011000001100111001
1111111110000000010000000001111111111101100100000
1111111110000000010000000001111111111101100100000
1111111110111111010000000001111111111101100100000
1111111111000000010000000001111011000001100100000
1111110111000000010000110111111001000000000000000
1111110110000000010000000001111011000001100100000
1111111111111110110000110111111011000001110100000
1111111110111111010000000001111011000001100100000
1111111111111110010000000001111011000001100100000
1111111111111110110000110111111011000001110100000
1111111111111111010000110101111111111101100100000
1111110110000000010000110101111001000000000000000
1111110110000000010000110101111001000000000000000
1111110110000000010000000001111011000001100100000
1111110000000000010000110111100000000000000011001
1111110000000000010000110111100000000000000011001
1111010000000000010000000001111011000000000000000
1111010000000000010000000001111011000000000000000
1111111000000000010000000001111011011101100100000
1111111110111111010000000001111111111101100100000
1111111000000000010000000001111111000001100100000
1111100000000000010000000001100000000000000000000
1111010111000000010000110111111001000000000011001
1111110000000000010000110111100000000000000011001
1111111111111110010000000001111011000001100100000
1111111111111110010000000001111011000001100100000
1111010000000000010000000001111011000000000000000
1111111000000000010000000001111111000001100100000
1111111111000000010000000001111011000001110100000
1111111111000000010000000001111011000001110100000
1111111111111111010000110111111011000001100100000
1111111111000000010000110101111011000001100100000
1111111111000000010000110101111011000001100100000
1111111111000000010000000001111011000001110100000
1111111111000000010000110101111011000001100100000
1111111111111110110000110111111001000001111111001
1111010000000000010000110101100000000000000011001
1111111111000000010000110101111011000001100100000
1111110111000000010000110111111011000000000011001
1111111111000000010000000001111011011101100100000
1111111111111110010000000001111011000001100100000
1111111000000000010000000001111111000001100100000
1111110111000000010000110101111001000000000000000
1111110111000000010000110101111001000000000000000
1111110111000000010000110101111001000000000000000
1111111111111111010000110101111111011101100100000
1111011000000000010000000001111011000001100100000
1111011111110110110000110111111001000000000011001
1111011000000000010000000001111011000001100100000
1111010111000000010000110111111001000000000000000
1111010111000000010000110111111001000000000000000
1111111111000000010000110101111011000000000000000
1111111111000000010000000001111011000001100100000
1111111111000000010000000001111011000001100100000
1111111111000000010000000001111011000001100100000
1111111111000000010000110101111011000000000000000
1111111111000000010000000001111011000001100100000
1111011111110110110000110111111001000000000011001
1111111000000000010000000001111011011101100100000
1111111111111111010000110111111011000001100100000
1111111111111110110000000001111011000001100100000
1111111111111111010000110111111011100001100111001
1111111111111110110000110111111011000001110100000
1111111111111110110000000001111011000001100100000
1111010111000000010000110111111001000000000011001
1111011000000000010000000001111011000001100100000
1111010111000000010000110111111001000000000011001
1111010111000000010000110111111001000000000011001
1111111000000000010000000001111111111101100100000
1111111000000000010000000001111011000000000000000
1111111000000000010000000001111011000000000000000
1111111000000000010000000001111011000000000000000
1111111000000000010000000001111011000000000000000
1111111111000000010000000001111011011101100100000
1111111000000000010000000001111011000000000000000
1111111111111111010000000001111111111101100100000
1111011000000000010000000001111011000001100100000
1111111110000000010000000001111011011101100100000
1111110000000000010000110111100000000000000000000
1111111110000000010000000001111011011101100100000
1111111110000000010000000001111011011101100100000
1111111111111111010000110111111011000001100111001
1111111111111110110000110111111011000001100100000
1111111111111110110000110111111011000001100100000
1111111110111111010000000001111111111101100100000
1111111110111111010000000001111111111101100100000
1111110000000000010000000001111011000000000000000
1111110000000000010000000001111011000000000000000
1111110000000000010000000001111011000000000000000
1111110000000000010000110111100000000000000011001
1111110000000000010000110101111001000000000000000
1111011111110110110000110111111001000000000011001
1111111111111111010000000001111111111101100100000
~~~
0.0 20.0 18.0 36.0 261.0 
0.0 34.0 5.0 28.0 145.0 
0.0 38.0 7.0 15.0 99.0 
0.0 20.0 10.0 77.0 251.0 
0.0 38.0 7.0 15.0 99.0 
0.0 38.0 7.0 15.0 99.0 
0.0 40.0 4.0 19.0 79.0 
0.0 38.0 7.0 15.0 99.0 
0.0 25.0 11.0 39.0 213.0 
0.0 38.0 7.0 15.0 99.0 
0.0 32.0 5.0 38.0 147.0 
0.0 31.0 5.0 47.0 152.0 
0.0 26.0 12.0 32.0 210.0 
0.0 34.0 7.0 24.0 139.0 
0.0 34.0 5.0 28.0 145.0 
0.0 28.0 8.0 39.0 188.0 
0.0 35.0 11.0 12.0 133.0 
0.0 25.0 11.0 39.0 213.0 
0.0 32.0 6.0 32.0 156.0 
0.0 21.0 17.0 36.0 250.0 
0.0 35.0 10.0 15.0 128.0 
0.0 17.0 19.0 42.0 287.0 
0.0 35.0 5.0 25.0 139.0 
0.0 20.0 18.0 36.0 261.0 
0.0 32.0 5.0 38.0 147.0 
0.0 40.0 4.0 17.0 85.0 
0.0 19.0 15.0 48.0 263.0 
0.0 28.0 6.0 62.0 171.0 
0.0 31.0 5.0 47.0 152.0 
0.0 35.0 7.0 22.0 128.0 
0.0 17.0 19.0 42.0 287.0 
0.0 35.0 10.0 15.0 128.0 
0.0 36.0 8.0 17.0 120.0 
0.0 32.0 6.0 32.0 156.0 
0.0 35.0 7.0 22.0 128.0 
0.0 32.0 5.0 38.0 147.0 
0.0 32.0 5.0 38.0 147.0 
0.0 26.0 11.0 35.0 208.0 
0.0 40.0 4.0 17.0 85.0 
0.0 27.0 12.0 28.0 205.0 
0.0 20.0 18.0 36.0 261.0 
0.0 35.0 4.0 31.0 125.0 
0.0 40.0 4.0 17.0 85.0 
0.0 26.0 13.0 28.0 215.0 
0.0 31.0 5.0 47.0 152.0 
0.0 32.0 5.0 38.0 147.0 
0.0 26.0 11.0 35.0 208.0 
0.0 14.0 16.0 75.0 313.0 
0.0 15.0 20.0 45.0 307.0 
0.0 37.0 4.0 25.0 109.0 
0.0 26.0 13.0 28.0 215.0 
0.0 15.0 20.0 45.0 307.0 
0.0 41.0 4.0 15.0 74.0 
0.0 41.0 4.0 15.0 74.0 
0.0 41.0 4.0 15.0 74.0 
0.0 25.0 7.0 70.0 210.0 
0.0 18.0 16.0 48.0 273.0 
0.0 20.0 10.0 77.0 251.0 
0.0 34.0 4.0 40.0 130.0 
0.0 23.0 9.0 60.0 241.0 
0.0 17.0 19.0 42.0 287.0 
0.0 17.0 19.0 42.0 287.0 
0.0 17.0 19.0 42.0 287.0 
0.0 32.0 5.0 38.0 147.0 
0.0 33.0 6.0 28.0 151.0 
0.0 13.0 16.0 84.0 318.0 
0.0 37.0 8.0 15.0 109.0 
0.0 40.0 4.0 19.0 79.0 
0.0 37.0 8.0 15.0 109.0 
0.0 13.0 16.0 84.0 318.0 
0.0 41.0 4.0 15.0 74.0 
0.0 39.0 5.0 16.0 99.0 
0.0 41.0 4.0 14.0 80.0 
0.0 20.0 10.0 77.0 251.0 
0.0 41.0 4.0 14.0 80.0 
0.0 41.0 4.0 15.0 74.0 
0.0 41.0 4.0 15.0 74.0 
0.0 39.0 5.0 16.0 99.0 
0.0 23.0 9.0 60.0 241.0 
0.0 33.0 6.0 28.0 151.0 
0.0 37.0 4.0 25.0 109.0 
0.0 37.0 4.0 25.0 109.0 
0.0 41.0 4.0 15.0 74.0 
0.0 23.0 9.0 60.0 241.0 
0.0 41.0 4.0 15.0 74.0 
0.0 39.0 5.0 16.0 99.0 
0.0 20.0 10.0 77.0 251.0 
0.0 39.0 4.0 21.0 90.0 
0.0 38.0 4.0 22.0 103.0 
0.0 41.0 4.0 15.0 74.0 
0.0 41.0 4.0 15.0 74.0 
0.0 41.0 4.0 15.0 74.0 
0.0 34.0 4.0 40.0 130.0 
0.0 38.0 7.0 15.0 99.0 
0.0 39.0 4.0 21.0 90.0 
0.0 24.0 9.0 53.0 227.0 
0.0 16.0 17.0 53.0 297.0 
0.0 21.0 17.0 36.0 250.0 
0.0 39.0 4.0 21.0 90.0 
0.0 13.0 16.0 84.0 318.0 
0.0 34.0 4.0 40.0 130.0 
0.0 28.0 9.0 35.0 192.0 
0.0 41.0 4.0 15.0 74.0 
0.0 41.0 4.0 15.0 74.0 
0.0 35.0 10.0 15.0 128.0 
0.0 41.0 4.0 15.0 74.0 
0.0 37.0 8.0 15.0 109.0 
0.0 38.0 7.0 15.0 99.0 
0.0 29.0 6.0 53.0 166.0 
0.0 24.0 9.0 53.0 227.0 
0.0 31.0 10.0 23.0 169.0 
0.0 21.0 10.0 68.0 246.0 
0.0 37.0 8.0 15.0 109.0 
0.0 38.0 7.0 15.0 99.0 
0.0 24.0 9.0 53.0 227.0 
0.0 27.0 7.0 54.0 191.0 
0.0 41.0 4.0 15.0 74.0 
0.0 33.0 5.0 36.0 136.0 
0.0 20.0 15.0 45.0 254.0 
0.0 30.0 6.0 39.0 172.0 
0.0 39.0 4.0 21.0 90.0 
0.0 29.0 12.0 23.0 192.0 
0.0 20.0 15.0 45.0 254.0 
0.0 39.0 4.0 21.0 90.0 
0.0 21.0 10.0 68.0 246.0 
0.0 38.0 4.0 22.0 103.0 
0.0 20.0 13.0 53.0 262.0 
0.0 36.0 4.0 27.0 120.0 
0.0 16.0 16.0 63.0 282.0 
0.0 24.0 14.0 32.0 231.0 
0.0 15.0 20.0 45.0 307.0 
0.0 15.0 20.0 45.0 307.0 
0.0 40.0 4.0 19.0 79.0 
0.0 15.0 20.0 45.0 307.0 
0.0 28.0 13.0 23.0 198.0 
0.0 24.0 14.0 32.0 231.0 
0.0 27.0 13.0 25.0 209.0 
0.0 29.0 9.0 32.0 181.0 
0.0 27.0 13.0 25.0 209.0 
0.0 35.0 4.0 31.0 125.0 
0.0 16.0 14.0 77.0 282.0 
1.0 42.0 3.0 15.0 67.0 
0.0 26.0 11.0 35.0 208.0 
1.0 42.0 3.0 15.0 67.0 
0.0 24.0 14.0 32.0 231.0 
0.0 28.0 6.0 62.0 171.0 
0.0 36.0 8.0 17.0 120.0 
1.0 42.0 3.0 15.0 67.0 
0.0 34.0 11.0 15.0 138.0 
0.0 24.0 14.0 32.0 231.0 
0.0 28.0 13.0 23.0 198.0 
0.0 40.0 4.0 19.0 79.0 
0.0 15.0 20.0 45.0 307.0 
0.0 14.0 16.0 75.0 313.0 
0.0 36.0 4.0 27.0 120.0 
0.0 28.0 6.0 62.0 171.0 
1.0 42.0 3.0 15.0 67.0 
0.0 37.0 4.0 25.0 109.0 
0.0 24.0 14.0 32.0 231.0 
0.0 28.0 6.0 62.0 171.0 
0.0 28.0 6.0 62.0 171.0 
0.0 35.0 4.0 31.0 125.0 
0.0 36.0 4.0 27.0 120.0 
0.0 15.0 20.0 45.0 307.0 
1.0 42.0 3.0 15.0 67.0 
0.0 30.0 6.0 39.0 172.0 
0.0 37.0 4.0 25.0 109.0 
0.0 28.0 6.0 62.0 171.0 
0.0 34.0 5.0 28.0 145.0 
0.0 30.0 6.0 39.0 172.0 
0.0 35.0 4.0 31.0 125.0 
0.0 34.0 11.0 15.0 138.0 
0.0 20.0 12.0 63.0 247.0 
1.0 42.0 3.0 15.0 67.0 
0.0 30.0 6.0 39.0 172.0 
0.0 40.0 4.0 19.0 79.0 
0.0 31.0 9.0 25.0 170.0 
0.0 35.0 10.0 15.0 128.0 
0.0 20.0 15.0 45.0 254.0 
0.0 34.0 11.0 15.0 138.0 
0.0 29.0 10.0 28.0 186.0 
1.0 42.0 3.0 15.0 67.0 
0.0 30.0 6.0 39.0 172.0 
0.0 22.0 17.0 33.0 244.0 
0.0 20.0 15.0 45.0 254.0 
0.0 34.0 11.0 15.0 138.0 
0.0 41.0 4.0 14.0 80.0 
0.0 33.0 6.0 28.0 151.0 
0.0 21.0 10.0 68.0 246.0 
0.0 27.0 6.0 69.0 185.0 
0.0 38.0 4.0 22.0 103.0 
0.0 38.0 4.0 22.0 103.0 
0.0 20.0 12.0 63.0 247.0 
0.0 33.0 5.0 34.0 142.0 
0.0 33.0 6.0 28.0 151.0 
0.0 18.0 11.0 84.0 271.0 
0.0 25.0 7.0 70.0 210.0 
0.0 29.0 10.0 28.0 186.0 
0.0 23.0 13.0 39.0 232.0 
0.0 29.0 12.0 23.0 192.0 
0.0 20.0 12.0 63.0 247.0 
0.0 27.0 6.0 69.0 185.0 
0.0 32.0 8.0 25.0 164.0 
0.0 23.0 11.0 48.0 228.0 
0.0 23.0 11.0 48.0 228.0 
0.0 25.0 7.0 70.0 210.0 
0.0 23.0 13.0 39.0 232.0 
0.0 25.0 7.0 70.0 210.0 
0.0 25.0 7.0 70.0 210.0 
0.0 19.0 10.0 84.0 265.0 
0.0 29.0 7.0 39.0 178.0 
0.0 30.0 10.0 25.0 180.0 
0.0 31.0 6.0 35.0 167.0 
0.0 18.0 16.0 48.0 273.0 
0.0 24.0 9.0 53.0 227.0 
0.0 24.0 10.0 48.0 222.0 
0.0 18.0 16.0 48.0 273.0 
0.0 15.0 14.0 84.0 296.0 
0.0 32.0 8.0 25.0 164.0 
0.0 32.0 8.0 25.0 164.0 
0.0 31.0 6.0 35.0 167.0 
0.0 33.0 11.0 17.0 149.0 
0.0 33.0 11.0 17.0 149.0 
0.0 37.0 4.0 25.0 109.0 
0.0 37.0 4.0 25.0 109.0 
0.0 29.0 6.0 53.0 166.0 
0.0 19.0 10.0 84.0 265.0 
0.0 31.0 5.0 47.0 152.0 
0.0 41.0 4.0 14.0 80.0 
0.0 28.0 13.0 23.0 198.0 
0.0 33.0 11.0 17.0 149.0 
0.0 24.0 10.0 48.0 222.0 
0.0 24.0 10.0 48.0 222.0 
0.0 37.0 4.0 25.0 109.0 
0.0 31.0 5.0 47.0 152.0 
0.0 28.0 8.0 39.0 188.0 
0.0 28.0 8.0 39.0 188.0 
0.0 19.0 14.0 53.0 268.0 
0.0 26.0 10.0 39.0 203.0 
0.0 26.0 10.0 39.0 203.0 
0.0 28.0 8.0 39.0 188.0 
0.0 26.0 10.0 39.0 203.0 
0.0 15.0 20.0 45.0 307.0 
0.0 35.0 10.0 15.0 128.0 
0.0 26.0 10.0 39.0 203.0 
0.0 26.0 13.0 28.0 215.0 
0.0 26.0 8.0 54.0 197.0 
0.0 24.0 10.0 48.0 222.0 
0.0 31.0 5.0 47.0 152.0 
0.0 31.0 9.0 25.0 170.0 
0.0 31.0 9.0 25.0 170.0 
0.0 31.0 9.0 25.0 170.0 
0.0 16.0 14.0 77.0 282.0 
0.0 33.0 5.0 36.0 136.0 
0.0 22.0 17.0 33.0 244.0 
0.0 33.0 5.0 36.0 136.0 
0.0 31.0 10.0 23.0 169.0 
0.0 31.0 10.0 23.0 169.0 
0.0 29.0 9.0 32.0 181.0 
0.0 29.0 7.0 39.0 178.0 
0.0 29.0 7.0 39.0 178.0 
0.0 29.0 7.0 39.0 178.0 
0.0 29.0 9.0 32.0 181.0 
0.0 29.0 7.0 39.0 178.0 
0.0 22.0 17.0 33.0 244.0 
0.0 29.0 6.0 53.0 166.0 
0.0 19.0 14.0 53.0 268.0 
0.0 23.0 11.0 48.0 228.0 
0.0 15.0 17.0 60.0 311.0 
0.0 18.0 16.0 48.0 273.0 
0.0 23.0 11.0 48.0 228.0 
0.0 28.0 13.0 23.0 198.0 
0.0 33.0 5.0 36.0 136.0 
0.0 28.0 13.0 23.0 198.0 
0.0 28.0 13.0 23.0 198.0 
0.0 27.0 6.0 69.0 185.0 
0.0 35.0 4.0 31.0 125.0 
0.0 35.0 4.0 31.0 125.0 
0.0 35.0 4.0 31.0 125.0 
0.0 35.0 4.0 31.0 125.0 
0.0 26.0 8.0 54.0 197.0 
0.0 35.0 4.0 31.0 125.0 
0.0 18.0 11.0 84.0 271.0 
0.0 33.0 5.0 36.0 136.0 
0.0 27.0 7.0 54.0 191.0 
0.0 36.0 8.0 17.0 120.0 
0.0 27.0 7.0 54.0 191.0 
0.0 27.0 7.0 54.0 191.0 
0.0 16.0 17.0 53.0 297.0 
0.0 19.0 15.0 48.0 263.0 
0.0 19.0 15.0 48.0 263.0 
0.0 19.0 10.0 84.0 265.0 
0.0 19.0 10.0 84.0 265.0 
0.0 36.0 4.0 27.0 120.0 
0.0 36.0 4.0 27.0 120.0 
0.0 36.0 4.0 27.0 120.0 
0.0 33.0 11.0 17.0 149.0 
0.0 34.0 7.0 24.0 139.0 
0.0 22.0 17.0 33.0 244.0 
0.0 18.0 11.0 84.0 271.0 
~~~
33.685
