1111110111000000010000000001111011000001100100000
1111111110000000010000000001111111000001100100000
1111111111000000010000000001111011000001100100000
1111110000000000010000000001111011000000000000000
1111111111111111111110111111111011000011111111010
1111111111111110111110111011111011011010000011010
1111111111110111111110111111111011000001111111010
1111111111111111111110000001111111111010000000000
1111111111111110010000000001111111011010000000000
1111111111111110111110111011111011011010000011010
1111111110000000010000000001111111000001100100000
1111110110000000010000110111100000000000000000000
1111111111000000010000000001111011000001100100000
1111111111111111111110111111111011000011111111010
1111111110000000010000000001111111000001100100000
1111111111111111111110000001111111111010000000000
1111111110000000010000111111100000000000000011010
1111110110111110111110111001111011011011100100000
1111110110000000010000000001111011000000000000000
1000000000000000010000110101111001000000000000000
1111111111000000010000000001111011000001100100000
1000000000000000010000111111100000000000000011010
1111111110000000010000111111100000000000000011010
1000000000000000010000110101100000000000000011010
1000000000000000010000110101100000000000000011010
1111111111000000010000000001111111011010000000000
1111111110000000010000000001111111000001100100000
1000000000000000010000111111100000000000000011010
1000000000000000010000111111100000000000000011010
1111110111111110111110111011111011011010000011010
1111010111111110010000110011111011000001111111010
1111111111111111111110000001111111111010000000000
1111111110000000010000000001111011000001100100000
1000000000000000010000110111111001000000000000000
1000000000000000010000110111111001000000000000000
1100000000000000010000111111100000000001111111010
1111110110111110111110111001111011011011100100000
1111110110000000010000000001111011000000000000000
1111000000000000010000111111100000000000000000000
1111010111111110010000110011111011000001111111010
1000000000000000010000000001111111011010000000000
1111111110000000010000000001111011000001100100000
1111110111000000010000000001111011000001100100000
1000000000000000010000111111100000000000000011010
1111110000000000010000000001111011000000000000000
1111110111111110111110111011111011011010000011010
1000000000000000010000000001111111011010000000000
1111110110000000010000110111111011000001111100000
1111110111111110111110111011111011011010000011010
1100000000000000010000111111100000000001111111010
1000000000000000010000111111100000000000000011010
1000000000000000010000111111100000000000000011010
1111110000000000010000000001111011000001100100000
1111110111111110111110111011111011011010000011010
1000000000000000010000111111100000000000000011010
1100000000000000010000111111100000000001111111010
1111110111111110111110111001111011011011100100000
1111110000000000010000000001111001000000000000000
1000000000000000010000000001111111011010000000000
1100000000000000010000111111100000000001111111010
1111110110000000010000110111100000000000000000000
1111000000000000010000110111100000000000000000000
1111110110000000010000110111100000000000000000000
1111110000000000010000000001111011000000000000000
1111110110000000010000110011100000000000000011010
1111010111000000010000110111111011000001100100000
1111110111000000010000110111111011000000000000000
1111111111111111111110000001111011011010000000000
1111111111111110010000000001111111011010000000000
1111110000000000010000000001111011000000000000000
1111110000000000010000000001111011000000000000000
1111110000000000010000000001111011000000000000000
1111110110000000010000110111100000000000000000000
1111111111111110010000000001111111011010000000000
1111110111111110010000110011111011000001111111010
1111000000000000010000110111100000000000000000000
1111110111000000010000110111111011000000000000000
1000000000000000010000110111111011000000000000000
1111111111111111111110111001111011011011100100000
1111111111111110010000000001111111011010000000000
1111110110000000010000110011100000000000000011010
1000000000000000010000110111111011000000000000000
1111110110000000010000000001111001000000000000000
1111110000000000010000000001111011000001100100000
1111100000000000010000111111100000000001111111010
1000000000000000010000000001100000000000000000000
1000000000000000010000000001100000000000000000000
1000000000000000010000000001100000000000000000000
1000000000000000010000000001111011000001100100000
1000000000000000010000110111111011000000000000000
1000000000000000010000000001100000000000000000000
1111110110000000010000110011100000000000000011010
1111100000000000010000111111100000000001111111010
1000000000000000010000000001100000000000000000000
1111110110000000010000000001111011000001100100000
1000000000000000010000000001100000000000000000000
1111000000000000010000110111100000000000000000000
1000000000000000010000000001111011000001100100000
1111111111111111111110000001111011011010000000000
1000000000000000010000000001100000000000000000000
1111110111000000010000110111111011000000000000000
1000000000000000010000000001100000000000000000000
1111110111000000010000110111111011000000000000000
1000000000000000010000000001100000000000000000000
1111000000000000010000111111100000000000000011010
1000000000000000010000000001100000000000000000000
1000000000000000010000000001100000000000000000000
1000000000000000010000000001111011000001100100000
1000000000000000010000000001100000000000000000000
1000000000000000010000000001111011000001100100000
1111111111111111111110000001111011011010000000000
1000000000000000010000000001100000000000000000000
1111110110000000010000000001111011000000000000000
1111110111000000010000110111111011000001100100000
1111110110111110111110111001111011011011100100000
1111110111000000010000110111111011000000000000000
1111010111111110111110111011111011011010000011010
1000000000000000010000000001100000000000000000000
1000000000000000010000000001100000000000000000000
1000000000000000010000000001111011000001100100000
1111110111000000010000110111111011000000000000000
1111111110000000010000000001111011000001100100000
1111110110000000010000000001111011000001100100000
1111110000000000010000000001111011000001100100000
1000000000000000010000000001100000000000000000000
1000000000000000010000000001100000000000000000000
1111110110000000010000110111111001000000000000000
1111111111111110010000000001111111011010000000000
1111110111000000010000000001111011000001100100000
1111111111111111111110111111111011000011111111010
1111111111111111111110000001111111011010000000000
1111110110000000010000110111111001000000000000000
1111100000000000010000111111100000000000000000000
1111111000000000010000000001111011000001100100000
1111111110111110010000110011111011000001100100000
1111111111000000010000110011111011000001111111010
1111110111111110010000110011111011000001100100000
1111100000000000010000111111100000000000000000000
1111100000000000010000111111100000000000000000000
1111111000000000010000000001111011000001100100000
1111111111000000010000000001111011000000000000000
1111110111111110010000110011111011000001100100000
1111111111111111111110000001111111111010000000000
1111111000000000010000000001111011000001100100000
1100000000000000010000000001100000000000000000000
1111000000000000010000111111100000000001111111010
1111111110111110010000110011111011000001100100000
1111000000000000010000111111100000000001111111010
1111111110111110010000110011111011000001100100000
1111111000000000010000000001111011000001100100000
1111111110000000010000000001111011100001100100000
1100000000000000010000000001100000000000000000000
1000000000000000010000110101100000000000000000000
1111111000000000010000000001111011000001100100000
1100000000000000010000000001100000000000000000000
1111000000000000010000111111100000000001111111010
1111111111111110010000000001111001000001100100000
1111111111111110010000000001111111011010000000000
1000000000000000010000000001111011000000000000000
1111010111111110111110111011111011011010000011010
1111111111111110010000000001111001000001100100000
1100000000000000010000000001100000000000000000000
1111010110000000010000110111111001000000000000000
1111111111111110010000000001111001000001100100000
1111010111111110010000110011111011000001101111010
1111111111111111111110000001111011011010000000000
1111111111111110011110000001111111011010000000000
1111111111111110011110000001111111011010000000000
1100000000000000010000000001100000000000000000000
1111111111111111111110000001111011011010000000000
1111010000000000010000000001111011000001100100000
1111110110000000010000110111100000000001110011010
1111010110000000010000110111111001000000000000000
1111111111000000010000000001111011100001110100000
1111111111000000010000110111111011000000000000000
1000000000000000010000111111100000000001111111010
1111111110000000010000111111100000000000000011010
1111111111111111111110111111111011000011111111010
1111111111111110110000110011111011000001100100000
1111111111111111111110111111111011000011111111010
1000000000000000010000000001111111000000000000000
1111111111111111111110111111111011000011111111010
1000000000000000010000000001111001000001100100000
1000000000000000010000110101100000000000000000000
1111100000000000010000000001111001000000000000000
1111110111111110010000110111111011000000000000000
1111111111000000010000000001111011100001110100000
1000000000000000010000000001111001000000000000000
1000000000000000010000000001111001000001100100000
1111110110000000011110000001111111011010000000000
1100000000000000010000000001100000000000000000000
1000000000000000010000000001111001000001100100000
1000000000000000010000000001111001000000000000000
1000000000000000010000000001111001000001100100000
1000000000000000010000000001111001000000000000000
1111110111000000010000110111111011000001100100000
1111100000000000010000110101111001000000000000000
1000000000000000010000000001111111000000000000000
1111110110000000010000110101111001000000000000000
1000000000000000010000111111100000000000000000000
1000000000000000010000111111100000000000000000000
1111010000000000010000000001111011000001100100000
1111110111111110111110111001111011011011100100000
1000000000000000010000110101111001000000000000000
1000000000000000010000111111100000000000000000000
1000000000000000010000110111100000000000000000000
1000000000000000010000110101111001000000000000000
1111110111111110111110111001111011011011100100000
1111110110000000010000110111111011000001111111010
1000000000000000010000110111100000000000000000000
1000000000000000010000110101111001000000000000000
1000000000000000010000110111100000000000000000000
1111111110111110010000110011111011000001100100000
1000000000000000010000110101111001000000000000000
1111100000000000010000000001111001000000000000000
1111110110000000010000110101111001000000000000000
1000000000000000010000110111100000000000000000000
1111111111000000010000110111111011000000000000000
1111111111111110111110111011111011011010000011010
1111110110000000010000110101111001000000000000000
1111110110000000010000110011100000000001111111010
1000000000000000010000000001111111000000000000000
1111110111111110010000110011111011000001111111010
1111110111111110010000110011111011000001111111010
1111110110000000010000110111111011000001111100000
1111110110000000010000110101111001000000000000000
1111111110000000010000110111111011000001110111010
1111110111000000010000110111111011000001100100000
1111111110000000010000110011111011000001100100000
1111010000000000010000111111100000000000000011010
1111110111000000010000110111111011000001100100000
1111110111000000010000110111111011000001100100000
1000000000000000010000000001111001000001100100000
1111110000000000010000000001111001000000000000000
1111110000000000010000000001111001000000000000000
1111111111111110110000110011111011000001100100000
1111110110000000010000110111111011000001111100000
1111100000000000010000110101111001000000000000000
1111111111111110110000110011111011000001100100000
1111100000000000010000110101111001000000000000000
1111111110000000010000110111111011000001110100000
1000000000000000010000110101100000000000000000000
1111110110000000010000111111100000000001111111010
1000000000000000010000110101100000000000000000000
1111110110000000010000000001111011000000000000000
1111110110000000010000111111100000000001111111010
1000000000000000010000110101100000000000000000000
1111110110000000010000111111100000000001111111010
1111110110000000010000111111100000000001111111010
1111110110000000010000111111100000000001111111010
1111110110000000010000110111111011000001111111010
1000000000000000010000000001111011000000000000000
1111110110000000010000110011100000000000000000000
1111110110000000010000110011100000000000000000000
1111110110000000010000110111111011000001111111010
1111111110000000010000000001111011000000000000000
1000000000000000010000000001111011000000000000000
1111111110000000010000000001111011000000000000000
1111111110000000010000110011111011000001100100000
1111100000000000010000110111100000000000000000000
1111111110000000010000110011111011000001100100000
1111111111000000010000000001111011000000000000000
1000000000000000010000000001111011000000000000000
1111111111000000010000000001111011000000000000000
1000000000000000010000000001111011000000000000000
1111010111111110010000110011111011000001111111010
1111010111111110010000110011111011000001111111010
1000000000000000010000000001111011000000000000000
1000000000000000010000000001111011000000000000000
1000000000000000010000110101100000000000000000000
1111010110000000010000110111111011000001111111010
1111110111111110010000110011111011000001101111010
1111010110000000010000110111111011000001111111010
1000000000000000010000110101100000000000000000000
1000000000000000010000110101100000000000000000000
1000000000000000010000000001111011000000000000000
1111111111110111111110111111111011000001111111010
1111010110000000010000110111111011000001111111010
1111110110000000010000111111100000000001111111010
1000000000000000010000000001111011000000000000000
1111110110000000010000000001111001000000000000000
1111110110000000010000111111100000000001111111010
1111111111000000010000110011111011000001111111010
1000000000000000010000111111100000000000000000000
1000000000000000010000000001111011000001100100000
1000000000000000010000000001111001000000000000000
1000000000000000010000000001111001000000000000000
1111000000000000010000111111100000000000000011010
1111000000000000010000111111100000000000000011010
1111000000000000010000111111100000000000000011010
1000000000000000010000000001111001000000000000000
1000000000000000010000000001111001000000000000000
1111000000000000010000111111100000000000000011010
1000000000000000010000000001111001000000000000000
1000000000000000010000000001111001000000000000000
1111110110000000010000000001111001000000000000000
1111000000000000010000111111100000000000000011010
1111000000000000010000111111100000000000000011010
1000000000000000010000111111100000000000000000000
1000000000000000010000111111100000000000000000000
~~~
0.0 30.0 7.0 35.0 173.0 
0.0 29.0 6.0 48.0 177.0 
0.0 29.0 7.0 39.0 178.0 
0.0 36.0 4.0 27.0 120.0 
1.0 8.0 23.0 58.0 374.0 
0.0 13.0 20.0 53.0 327.0 
1.0 10.0 23.0 50.0 359.0 
0.0 17.0 13.0 74.0 280.0 
0.0 23.0 10.0 62.0 225.0 
0.0 13.0 20.0 53.0 327.0 
0.0 29.0 6.0 48.0 177.0 
0.0 34.0 9.0 18.0 145.0 
0.0 29.0 7.0 39.0 178.0 
1.0 8.0 23.0 58.0 374.0 
0.0 29.0 6.0 48.0 177.0 
0.0 17.0 13.0 74.0 280.0 
0.0 29.0 13.0 22.0 199.0 
0.0 16.0 16.0 56.0 291.0 
0.0 34.0 5.0 28.0 145.0 
0.0 39.0 5.0 16.0 94.0 
0.0 29.0 7.0 39.0 178.0 
0.0 37.0 10.0 9.0 124.0 
0.0 29.0 13.0 22.0 199.0 
0.0 39.0 8.0 9.0 102.0 
0.0 39.0 8.0 9.0 102.0 
0.0 28.0 7.0 53.0 181.0 
0.0 29.0 6.0 48.0 177.0 
0.0 37.0 10.0 9.0 124.0 
0.0 37.0 10.0 9.0 124.0 
0.0 14.0 20.0 49.0 322.0 
0.0 18.0 18.0 42.0 292.0 
0.0 17.0 13.0 74.0 280.0 
0.0 30.0 6.0 39.0 172.0 
0.0 38.0 6.0 16.0 104.0 
0.0 38.0 6.0 16.0 104.0 
0.0 31.0 14.0 16.0 182.0 
0.0 16.0 16.0 56.0 291.0 
0.0 34.0 5.0 28.0 145.0 
0.0 37.0 9.0 12.0 116.0 
0.0 18.0 18.0 42.0 292.0 
0.0 37.0 3.0 40.0 100.0 
0.0 30.0 6.0 39.0 172.0 
0.0 30.0 7.0 35.0 173.0 
0.0 37.0 10.0 9.0 124.0 
0.0 36.0 4.0 27.0 120.0 
0.0 14.0 20.0 49.0 322.0 
0.0 37.0 3.0 40.0 100.0 
0.0 25.0 12.0 35.0 223.0 
0.0 14.0 20.0 49.0 322.0 
0.0 31.0 14.0 16.0 182.0 
0.0 37.0 10.0 9.0 124.0 
0.0 37.0 10.0 9.0 124.0 
0.0 33.0 5.0 34.0 142.0 
0.0 14.0 20.0 49.0 322.0 
0.0 37.0 10.0 9.0 124.0 
0.0 31.0 14.0 16.0 182.0 
0.0 15.0 17.0 56.0 297.0 
0.0 37.0 4.0 24.0 114.0 
0.0 37.0 3.0 40.0 100.0 
0.0 31.0 14.0 16.0 182.0 
0.0 34.0 9.0 18.0 145.0 
0.0 38.0 8.0 12.0 104.0 
0.0 34.0 9.0 18.0 145.0 
0.0 36.0 4.0 27.0 120.0 
0.0 32.0 11.0 18.0 175.0 
0.0 27.0 11.0 33.0 197.0 
0.0 29.0 10.0 28.0 186.0 
0.0 19.0 13.0 58.0 261.0 
0.0 23.0 10.0 62.0 225.0 
0.0 36.0 4.0 27.0 120.0 
0.0 36.0 4.0 27.0 120.0 
0.0 36.0 4.0 27.0 120.0 
0.0 34.0 9.0 18.0 145.0 
0.0 23.0 10.0 62.0 225.0 
0.0 17.0 18.0 44.0 303.0 
0.0 38.0 8.0 12.0 104.0 
0.0 29.0 10.0 28.0 186.0 
0.0 37.0 6.0 19.0 110.0 
0.0 13.0 17.0 65.0 313.0 
0.0 23.0 10.0 62.0 225.0 
0.0 32.0 11.0 18.0 175.0 
0.0 37.0 6.0 19.0 110.0 
0.0 35.0 5.0 25.0 139.0 
0.0 33.0 5.0 34.0 142.0 
0.0 28.0 15.0 21.0 207.0 
0.0 45.0 2.0 9.0 40.0 
0.0 45.0 2.0 9.0 40.0 
0.0 45.0 2.0 9.0 40.0 
0.0 38.0 3.0 26.0 97.0 
0.0 37.0 6.0 19.0 110.0 
0.0 45.0 2.0 9.0 40.0 
0.0 32.0 11.0 18.0 175.0 
0.0 28.0 15.0 21.0 207.0 
0.0 45.0 2.0 9.0 40.0 
0.0 31.0 6.0 35.0 167.0 
0.0 45.0 2.0 9.0 40.0 
0.0 38.0 8.0 12.0 104.0 
0.0 38.0 3.0 26.0 97.0 
0.0 19.0 13.0 58.0 261.0 
0.0 45.0 2.0 9.0 40.0 
0.0 29.0 10.0 28.0 186.0 
0.0 45.0 2.0 9.0 40.0 
0.0 29.0 10.0 28.0 186.0 
0.0 45.0 2.0 9.0 40.0 
0.0 34.0 12.0 12.0 153.0 
0.0 45.0 2.0 9.0 40.0 
0.0 45.0 2.0 9.0 40.0 
0.0 38.0 3.0 26.0 97.0 
0.0 45.0 2.0 9.0 40.0 
0.0 38.0 3.0 26.0 97.0 
0.0 19.0 13.0 58.0 261.0 
0.0 45.0 2.0 9.0 40.0 
0.0 34.0 5.0 28.0 145.0 
0.0 26.0 11.0 35.0 208.0 
0.0 16.0 16.0 56.0 291.0 
0.0 29.0 10.0 28.0 186.0 
0.0 15.0 20.0 47.0 311.0 
0.0 45.0 2.0 9.0 40.0 
0.0 45.0 2.0 9.0 40.0 
0.0 38.0 3.0 26.0 97.0 
0.0 29.0 10.0 28.0 186.0 
0.0 30.0 6.0 39.0 172.0 
0.0 31.0 6.0 35.0 167.0 
0.0 33.0 5.0 34.0 142.0 
0.0 45.0 2.0 9.0 40.0 
0.0 45.0 2.0 9.0 40.0 
0.0 31.0 9.0 25.0 174.0 
0.0 23.0 10.0 62.0 225.0 
0.0 30.0 7.0 35.0 173.0 
1.0 8.0 23.0 58.0 374.0 
0.0 18.0 13.0 67.0 266.0 
0.0 31.0 9.0 25.0 174.0 
0.0 36.0 9.0 14.0 127.0 
0.0 32.0 5.0 38.0 147.0 
0.0 22.0 12.0 48.0 244.0 
0.0 21.0 15.0 39.0 264.0 
0.0 22.0 13.0 44.0 245.0 
0.0 36.0 9.0 14.0 127.0 
0.0 36.0 9.0 14.0 127.0 
0.0 32.0 5.0 38.0 147.0 
0.0 32.0 6.0 32.0 156.0 
0.0 22.0 13.0 44.0 245.0 
0.0 17.0 13.0 74.0 280.0 
0.0 32.0 5.0 38.0 147.0 
0.0 44.0 3.0 9.0 55.0 
0.0 29.0 15.0 19.0 196.0 
0.0 22.0 12.0 48.0 244.0 
0.0 29.0 15.0 19.0 196.0 
0.0 22.0 12.0 48.0 244.0 
0.0 32.0 5.0 38.0 147.0 
0.0 29.0 6.0 46.0 186.0 
0.0 44.0 3.0 9.0 55.0 
0.0 42.0 5.0 9.0 65.0 
0.0 32.0 5.0 38.0 147.0 
0.0 44.0 3.0 9.0 55.0 
0.0 29.0 15.0 19.0 196.0 
0.0 25.0 10.0 45.0 216.0 
0.0 23.0 10.0 62.0 225.0 
0.0 41.0 2.0 19.0 75.0 
0.0 15.0 20.0 47.0 311.0 
0.0 25.0 10.0 45.0 216.0 
0.0 44.0 3.0 9.0 55.0 
0.0 32.0 9.0 23.0 163.0 
0.0 25.0 10.0 45.0 216.0 
0.0 19.0 17.0 42.0 282.0 
0.0 19.0 13.0 58.0 261.0 
0.0 20.0 12.0 62.0 249.0 
0.0 20.0 12.0 62.0 249.0 
0.0 44.0 3.0 9.0 55.0 
0.0 19.0 13.0 58.0 261.0 
0.0 34.0 5.0 32.0 131.0 
0.0 28.0 14.0 23.0 204.0 
0.0 32.0 9.0 23.0 163.0 
0.0 27.0 8.0 46.0 202.0 
0.0 28.0 10.0 32.0 191.0 
0.0 32.0 13.0 16.0 167.0 
0.0 29.0 13.0 22.0 199.0 
1.0 8.0 23.0 58.0 374.0 
0.0 20.0 14.0 48.0 256.0 
1.0 8.0 23.0 58.0 374.0 
0.0 40.0 2.0 28.0 80.0 
1.0 8.0 23.0 58.0 374.0 
0.0 39.0 3.0 23.0 91.0 
0.0 42.0 5.0 9.0 65.0 
0.0 38.0 4.0 21.0 109.0 
0.0 24.0 13.0 37.0 230.0 
0.0 27.0 8.0 46.0 202.0 
0.0 42.0 2.0 16.0 69.0 
0.0 39.0 3.0 23.0 91.0 
0.0 27.0 8.0 49.0 194.0 
0.0 44.0 3.0 9.0 55.0 
0.0 39.0 3.0 23.0 91.0 
0.0 42.0 2.0 16.0 69.0 
0.0 39.0 3.0 23.0 91.0 
0.0 42.0 2.0 16.0 69.0 
0.0 26.0 11.0 35.0 208.0 
0.0 35.0 7.0 21.0 134.0 
0.0 40.0 2.0 28.0 80.0 
0.0 32.0 8.0 25.0 164.0 
0.0 40.0 7.0 9.0 87.0 
0.0 40.0 7.0 9.0 87.0 
0.0 34.0 5.0 32.0 131.0 
0.0 15.0 17.0 56.0 297.0 
0.0 39.0 5.0 16.0 94.0 
0.0 40.0 7.0 9.0 87.0 
0.0 41.0 6.0 9.0 75.0 
0.0 39.0 5.0 16.0 94.0 
0.0 15.0 17.0 56.0 297.0 
0.0 22.0 15.0 35.0 260.0 
0.0 41.0 6.0 9.0 75.0 
0.0 39.0 5.0 16.0 94.0 
0.0 41.0 6.0 9.0 75.0 
0.0 22.0 12.0 48.0 244.0 
0.0 39.0 5.0 16.0 94.0 
0.0 38.0 4.0 21.0 109.0 
0.0 32.0 8.0 25.0 164.0 
0.0 41.0 6.0 9.0 75.0 
0.0 28.0 10.0 32.0 191.0 
0.0 13.0 20.0 53.0 327.0 
0.0 32.0 8.0 25.0 164.0 
0.0 27.0 14.0 25.0 218.0 
0.0 40.0 2.0 28.0 80.0 
0.0 17.0 18.0 44.0 303.0 
0.0 17.0 18.0 44.0 303.0 
0.0 25.0 12.0 35.0 223.0 
0.0 32.0 8.0 25.0 164.0 
0.0 22.0 14.0 39.0 254.0 
0.0 26.0 11.0 35.0 208.0 
0.0 27.0 9.0 39.0 200.0 
0.0 33.0 12.0 15.0 158.0 
0.0 26.0 11.0 35.0 208.0 
0.0 26.0 11.0 35.0 208.0 
0.0 39.0 3.0 23.0 91.0 
0.0 37.0 4.0 24.0 114.0 
0.0 37.0 4.0 24.0 114.0 
0.0 20.0 14.0 48.0 256.0 
0.0 25.0 12.0 35.0 223.0 
0.0 35.0 7.0 21.0 134.0 
0.0 20.0 14.0 48.0 256.0 
0.0 35.0 7.0 21.0 134.0 
0.0 25.0 11.0 39.0 217.0 
0.0 42.0 5.0 9.0 65.0 
0.0 25.0 16.0 25.0 237.0 
0.0 42.0 5.0 9.0 65.0 
0.0 34.0 5.0 28.0 145.0 
0.0 25.0 16.0 25.0 237.0 
0.0 42.0 5.0 9.0 65.0 
0.0 25.0 16.0 25.0 237.0 
0.0 25.0 16.0 25.0 237.0 
0.0 25.0 16.0 25.0 237.0 
0.0 22.0 15.0 35.0 260.0 
0.0 41.0 2.0 19.0 75.0 
0.0 35.0 8.0 18.0 138.0 
0.0 35.0 8.0 18.0 138.0 
0.0 22.0 15.0 35.0 260.0 
0.0 33.0 5.0 32.0 150.0 
0.0 41.0 2.0 19.0 75.0 
0.0 33.0 5.0 32.0 150.0 
0.0 27.0 9.0 39.0 200.0 
0.0 37.0 8.0 14.0 115.0 
0.0 27.0 9.0 39.0 200.0 
0.0 32.0 6.0 32.0 156.0 
0.0 41.0 2.0 19.0 75.0 
0.0 32.0 6.0 32.0 156.0 
0.0 41.0 2.0 19.0 75.0 
0.0 18.0 18.0 42.0 292.0 
0.0 18.0 18.0 42.0 292.0 
0.0 41.0 2.0 19.0 75.0 
0.0 41.0 2.0 19.0 75.0 
0.0 42.0 5.0 9.0 65.0 
0.0 23.0 15.0 33.0 249.0 
0.0 18.0 17.0 44.0 293.0 
0.0 23.0 15.0 33.0 249.0 
0.0 42.0 5.0 9.0 65.0 
0.0 42.0 5.0 9.0 65.0 
0.0 41.0 2.0 19.0 75.0 
1.0 10.0 23.0 50.0 359.0 
0.0 23.0 15.0 33.0 249.0 
0.0 25.0 16.0 25.0 237.0 
0.0 41.0 2.0 19.0 75.0 
0.0 35.0 5.0 25.0 139.0 
0.0 25.0 16.0 25.0 237.0 
0.0 21.0 15.0 39.0 264.0 
0.0 40.0 7.0 9.0 87.0 
0.0 38.0 3.0 26.0 97.0 
0.0 42.0 2.0 16.0 69.0 
0.0 42.0 2.0 16.0 69.0 
0.0 34.0 12.0 12.0 153.0 
0.0 34.0 12.0 12.0 153.0 
0.0 34.0 12.0 12.0 153.0 
0.0 42.0 2.0 16.0 69.0 
0.0 42.0 2.0 16.0 69.0 
0.0 34.0 12.0 12.0 153.0 
0.0 42.0 2.0 16.0 69.0 
0.0 42.0 2.0 16.0 69.0 
0.0 35.0 5.0 25.0 139.0 
0.0 34.0 12.0 12.0 153.0 
0.0 34.0 12.0 12.0 153.0 
0.0 40.0 7.0 9.0 87.0 
0.0 40.0 7.0 9.0 87.0 
~~~
32.342
