1111110110000000010000000001111011000000000000000
1111110111000000010000000001111011000000000000000
1111110111000000010000110111111001000001111000000
1111111111111110110000111111111011011101111100000
1000000000000000010000000001111111000000000000000
1111111111111110110000111111111011011101111100000
1111111111111110110000111111111011011101111100000
1111111111111110010000110111111011000001100100000
1111111000000000010000000001111011011101110100000
1111111000000000010000000001111011000000000000000
1111111000000000010000000001111011000000000000000
1111111111111110110000111111111011011101111100000
1111111000000000010000000001111011011101110100000
1111110111000000010000110111111001000001111000000
1000000000000000010000110011111001000000000000000
1111111110111110010000000001111111000001100100000
1111111111000000010000000001111011000001110100000
1000000000000000010000110011111001000000000000000
1111111111111110110000111111111011011101111100000
1111111111111110110000111111111011000001111100000
1111111111111111110000111111111111011101111100000
1111110110000000010000000001111001000000000000000
1111111111111111110000111111111111011101111100000
1111011000000000010000000001111011000000000000000
1111011000000000010000000001111011000000000000000
1111111111111111110000111111111111011101111100000
1111111111111111110000111111111111011101111100000
1111111111111111110000111111111111011101111100000
1111110110000000010000000001111011000000000000000
1111110110000000010000000001111001000000000000000
1111110111000000010000000001111011000001100100000
1111110110000000010000000001111001000000000000000
1111111111000000010000000001111011000001100100000
1111110111000000010000111111111011000000000000000
1111110111000000010000000001111011000001100100000
1000000000000000010000000001111011000000000000000
1111111111000000010000000001111011000000000000000
1111111111000000010000000001111011000001100100000
1111111111111110110000111111111011000001111100000
1111110111000000010000000001111011000001100100000
1111111111111111110000111111111111011101111100000
1100010111000000010000111111111001000000000000000
1111111111000000010000000001111011000001100100000
1000000000000000010000000001111011000000000000000
1100010000000000010000000001111011000000000000000
1111111110111111110000111111111011011101100100000
1100010111000000010000111111111001000000000000000
1111110110110110110000110111111001000001111100000
1111111000000000010000000001111011000000000000000
1111100000000000010000000001100000000000000000000
1111111111111111010000000001111011000001100100000
1111110110000000010000110111111001000000000000000
1000000000000000010000000001111011000000000000000
1111111110111111010000111111111011011101100100000
1000000000000000010000000001111001000001100100000
1111111110111111110000111111111011011101100100000
1111110110000000010000110111111001000000000000000
1100010110000000010000111111111001000000000000000
1000000000000000010000000001111011000000000000000
1000000000000000010000110011111001000000000000000
1111111110111111010000000001111011000001100100000
1111111000000000010000000001111011000000000000000
1111110111000000010000000001111011000001110100000
1000000000000000010000000001111111000001100100000
1111011000000000010000000001111011000001100100000
1100010111000000010000111111111001000000000000000
1111110111000000010000111111111011000001100100000
1111111000000000010000000001111011000000000000000
1111111110111111010000000001111011000001100100000
1111110110110110110000110111111001000001111100000
1111111110111111010000111111111011011101100100000
1100010111000000010000111111111001000000000000000
1111111111111110110000111111111011000001111100000
1111111111111110110000111111111001000001111100000
1111111110000000010000000001111111000001100100000
1100010110000000010000000001111011000000000000000
1111111110111111010000111111111011011101100100000
1111110110110110110000111111111011000001110100000
1111111110000000010000000001111111000001100100000
1111111111000000010000000001111011000001110100000
1111111111111110010000110111111011000001100100000
1111010000000000010000110101111001000000000000000
1111111111000000010000000001111011000001100100000
1111011000000000010000000001111011000001100100000
1111111110111111010000000001111011000001100100000
1111110000000000010000000001111011000000000000000
1000000000000000010000110011111001000000000000000
1111110110110110110000110111111001000001111100000
1111110000000000010000000001111011000000000000000
1000000000000000010000110011111001000000000000000
1000000000000000010000110111111011000000000000000
1111111000000000010000000001111011000000000000000
1111111111111110110000111111111001000001111100000
1111111000000000010000000001111011000000000000000
1111100000000000010000000001100000000000000000000
1000000000000000010000000001111111000001100100000
1111111000000000010000000001111011000000000000000
1000000000000000010000000001111011000001100100000
1111111110111110010000000001111111000001100100000
1111110111000000010000111111111011000000000000000
1111111111000000010000000001111011000001110100000
1111111110111110010000000001111011000001100100000
1000000000000000010000000001111001000000000000000
1000000000000000010000000001111001000000000000000
1111110111000000010000110011111011000001100100000
1000000000000000010000000001111011000001100100000
1000000000000000010000000001111001000000000000000
1000000000000000010000000001111001000000000000000
1000000000000000010000000001111001000000000000000
1100010111000000010000111111111001000000000000000
1100010111000000010000111111111001000000000000000
1111111000000000010000000001111111000001100100000
1111111000000000010000000001111111000001100100000
1000000000000000010000000001111011000001100100000
1000000000000000010000000001111011000001100100000
1111111000000000010000000001111111000001100100000
1000000000000000010000000001111011000001100100000
1000000000000000010000000001111011000001100100000
1111110111000000010000110111111001000000000000000
1111111000000000010000000001111111000001100100000
1111110000000000010000000001111011000000000000000
1000000000000000010000000001111011000001100100000
1111111111000000010000000001111111000001100100000
1111111000000000010000000001111011000001100100000
1100010111000000010000111111111001000000000000000
1000000000000000010000000001111011000001100100000
1111110110000000010000000001111011000001100100000
1100000000000000010000111111111001000000000000000
1111111000000000010000000001111011000001100100000
1111111111111110110000111111111011000001111100000
1111111110111110010000000001111011000001100100000
1111110000000000010000000001111011000001100100000
1111110110000000010000000001111011000001100100000
1111111000000000010000000001111011000001100100000
1111111111111111110000000001111111000001100100000
1100011000000000010000000001111111000001100100000
1111110000000000010000000001111001000000000000000
1100000000000000010000111111111001000000000000000
1100000000000000010000111111111001000000000000000
1111111000000000010000000001111011000001100100000
1111111111111111010000000001111011000001100100000
1111111111000000010000110011111011000001100100000
1000000000000000010000110111111001000000000000000
1111111111111111110000000001111011000001100100000
1111110111000000010000111111111001000001111100000
1111110111000000010000110111111001000001111100000
1111110111000000010000110111111001000001111000000
1111111111000000010000110011111011000001100100000
1000000000000000010000110111111001000000000000000
1000000000000000010000110111111001000000000000000
1111110111000000010000110111111001000001111000000
1000000000000000010000110111111001000000000000000
1111110111000000010000110111111011000001100100000
1000000000000000010000110111111001000000000000000
1111010000000000010000110101111001000000000000000
1111111110000000010000000001111011000001100100000
1111111111000000010000110111111011000000000000000
1000000000000000010000000001100000000000000000000
1111111110000000010000000001111011000001100100000
1111110111000000010000000001111011000001110100000
1100010110000000010000110111111011000000000000000
1111111111111111110000000001111111000001100100000
1111111111111111110000000001111011000001100100000
1100010110000000010000110111111011000000000000000
1111100000000000010000000001100000000000000000000
1100000000000000010000111111111001000000000000000
1000000000000000010000000001100000000000000000000
1111110111000000010000110111111011000001100100000
1000000000000000010000110111111001000000000000000
1100010110000000010000111111111001000000000000000
1111111111111110110000111111111001000001111100000
1100000000000000010000111111111001000000000000000
1111111111111111110000000001111111000001100100000
1111111111111111110000000001111111000001100100000
1000000000000000010000110111111011000000000000000
1000000000000000010000110111111011000000000000000
1111111110111111010000111111111111011101111100000
1000000000000000010000000001111011000000000000000
1111010111000000010000111111111001000001111100000
1000000000000000010000000001111011000000000000000
1111111111111110010000110111111011000001100100000
1111100000000000010000000001100000000000000000000
1100010000000000010000000001111011000000000000000
1000000000000000010000000001111011000000000000000
1000000000000000010000000001111111000000000000000
1111110111000000010000000001111011000000000000000
1000000000000000010000000001111111000000000000000
1000000000000000010000000001111011000000000000000
1111110110111110010000000001111011000001100100000
1000000000000000010000000001111011000000000000000
1111110111000000010000111111111001000001111100000
1000000000000000010000000001111011000000000000000
1111110111000000010000000001111011000000000000000
1000000000000000010000000001111111000000000000000
1000000000000000010000000001111011000000000000000
1111111110111111010000111111111011011101100100000
1111100000000000010000000001100000000000000000000
1000000000000000010000000001100000000000000000000
1111110111000000010000111111111001000001111100000
1111011000000000010000000001111011000001100100000
1111110111000000010000000001111011000000000000000
1111110111000000010000111111111001000001111100000
1111100000000000010000000001100000000000000000000
1111111111111111110000000001111111000001100100000
1111111111000000010000110111111011000001111100000
1111110110000000010000000001111011000000000000000
1111110111000000010000111111111011000001100100000
1111110111000000010000111111111011000001100100000
1100010110000000010000000001111011000000000000000
1111111111111110110000111111111011000000000000000
1111111111000000010000110111111011000001111100000
1111110110110110110000111111111011000001111100000
1111111111111110110000110111111011000001100100000
1111111111111110110000110111111011000001100100000
1111111111000000010000000001111011000000000000000
1100010111000000010000000001111011000000000000000
1111110110110110110000111111111011000001111100000
1111111111111110110000110111111011000001100100000
1111111111111111110000000001111111000001100100000
1111111111000000010000000001111011000000000000000
1111110110110110110000111111111011000001111100000
1111111111111110110000110111111011000001100100000
1000000000000000010000000001111111000001100100000
1000000000000000010000000001111111000001100100000
1111000000000000010000111111111001000000000000000
1111110110110110110000111111111011000001111100000
1111110111000000010000111111111011000000000000000
1000000000000000010000000001111001000000000000000
1111000000000000010000111111111001000000000000000
1000000000000000010000000001111001000000000000000
1000000000000000010000000001111001000000000000000
1111111000000000010000000001111011000001100100000
1111111110111110010000000001111011000001100100000
1000000000000000010000000001111001000000000000000
1100010000000000010000000001111011000000000000000
1000000000000000010000000001111001000000000000000
1000000000000000010000000001111001000000000000000
1111111111111111110000000001111111000001100100000
1000000000000000010000000001111001000000000000000
1111111110111110010000000001111011000001100100000
1100000000000000010000000001100000000000000000000
1111110111000000010000111111111011000000000000000
1111110111000000010000110111111001000000000000000
1111110111000000010000110111111001000000000000000
1111111000000000010000000001111011000001100100000
1111111110111110010000000001111011000001100100000
1111110110111110110000111111111011000001111100000
1111110110111110110000111111111011000001111100000
1000000000000000010000111111111001000000000000000
1111111110111111010000111111111111011101111100000
1000000000000000010000111111111001000000000000000
1111111000000000010000000001111111000001100100000
1111111110111110010000000001111011000001100100000
1111111110111111010000000001111011000001100100000
1100000000000000010000000001100000000000000000000
1100000000000000010000000001100000000000000000000
1100000000000000010000000001100000000000000000000
1100000000000000010000000001100000000000000000000
1111111110111111010000000001111011000001100100000
1100000000000000010000000001100000000000000000000
1100000000000000010000000001100000000000000000000
1100000000000000010000000001100000000000000000000
1111111111000000010000110111111011000001111100000
1000000000000000010000000001100000000000000000000
1000000000000000010000000001100000000000000000000
1000000000000000010000000001100000000000000000000
1000000000000000010000000001100000000000000000000
1000000000000000010000000001100000000000000000000
1000000000000000010000000001100000000000000000000
1000000000000000010000000001100000000000000000000
1000000000000000010000000001100000000000000000000
1000000000000000010000000001100000000000000000000
1000000000000000010000000001100000000000000000000
1000000000000000010000000001100000000000000000000
1111010111000000010000111111111001000001111100000
1000000000000000010000000001100000000000000000000
1111110110000000010000110111111001000000000000000
1111010111000000010000111111111001000001111100000
1000000000000000010000000001100000000000000000000
1000000000000000010000000001100000000000000000000
1000000000000000010000000001100000000000000000000
1000000000000000010000000001100000000000000000000
1000000000000000010000000001100000000000000000000
1111000000000000010000111111111001000000000000000
1000000000000000010000000001100000000000000000000
1111000000000000010000111111111001000000000000000
1000000000000000010000000001111001000001100100000
1000000000000000010000111111111001000000000000000
1000000000000000010000111111111001000000000000000
1000000000000000010000000001111001000001100100000
1111110111000000010000111111111001000000000000000
1111110111000000010000111111111001000000000000000
1111110111000000010000111111111001000000000000000
1111110111000000010000111111111001000000000000000
1111111110000000010000000001111011000001100100000
1111111110000000010000000001111011000001100100000
1000000000000000010000000001111001000001100100000
1100011000000000010000000001111111000001100100000
1100000000000000010000000001100000000000000000000
1100011000000000010000000001111111000001100100000
~~~
0.0 34.0 5.0 28.0 145.0 
0.0 33.0 6.0 28.0 151.0 
0.0 26.0 13.0 30.0 213.0 
0.0 13.0 19.0 63.0 315.0 
0.0 40.0 2.0 28.0 80.0 
0.0 13.0 19.0 63.0 315.0 
0.0 13.0 19.0 63.0 315.0 
0.0 20.0 14.0 48.0 257.0 
0.0 28.0 7.0 53.0 176.0 
0.0 35.0 4.0 31.0 125.0 
0.0 35.0 4.0 31.0 125.0 
0.0 13.0 19.0 63.0 315.0 
0.0 28.0 7.0 53.0 176.0 
0.0 26.0 13.0 30.0 213.0 
0.0 39.0 5.0 16.0 97.0 
0.0 24.0 9.0 57.0 221.0 
0.0 28.0 8.0 39.0 188.0 
0.0 39.0 5.0 16.0 97.0 
0.0 13.0 19.0 63.0 315.0 
0.0 16.0 18.0 48.0 296.0 
0.0 11.0 19.0 77.0 331.0 
0.0 35.0 5.0 25.0 139.0 
0.0 11.0 19.0 77.0 331.0 
0.0 36.0 4.0 29.0 114.0 
0.0 36.0 4.0 29.0 114.0 
0.0 11.0 19.0 77.0 331.0 
0.0 11.0 19.0 77.0 331.0 
0.0 11.0 19.0 77.0 331.0 
0.0 34.0 5.0 28.0 145.0 
0.0 35.0 5.0 25.0 139.0 
0.0 30.0 7.0 35.0 173.0 
0.0 35.0 5.0 25.0 139.0 
0.0 29.0 7.0 39.0 178.0 
0.0 28.0 11.0 28.0 198.0 
0.0 30.0 7.0 35.0 173.0 
0.0 41.0 2.0 19.0 75.0 
0.0 32.0 6.0 32.0 156.0 
0.0 29.0 7.0 39.0 178.0 
0.0 16.0 18.0 48.0 296.0 
0.0 30.0 7.0 35.0 173.0 
0.0 11.0 19.0 77.0 331.0 
0.0 32.0 10.0 20.0 167.0 
0.0 29.0 7.0 39.0 178.0 
0.0 41.0 2.0 19.0 75.0 
0.0 39.0 3.0 22.0 95.0 
0.0 15.0 16.0 68.0 299.0 
0.0 32.0 10.0 20.0 167.0 
0.0 21.0 16.0 38.0 258.0 
0.0 35.0 4.0 31.0 125.0 
0.0 41.0 4.0 14.0 80.0 
0.0 23.0 10.0 53.0 233.0 
0.0 31.0 9.0 25.0 174.0 
0.0 41.0 2.0 19.0 75.0 
0.0 16.0 15.0 68.0 293.0 
0.0 39.0 3.0 23.0 91.0 
0.0 15.0 16.0 68.0 299.0 
0.0 31.0 9.0 25.0 174.0 
0.0 33.0 9.0 20.0 161.0 
0.0 41.0 2.0 19.0 75.0 
0.0 39.0 5.0 16.0 97.0 
0.0 24.0 9.0 53.0 227.0 
0.0 35.0 4.0 31.0 125.0 
0.0 29.0 8.0 35.0 183.0 
0.0 37.0 3.0 35.0 102.0 
0.0 33.0 5.0 36.0 136.0 
0.0 32.0 10.0 20.0 167.0 
0.0 25.0 12.0 35.0 220.0 
0.0 35.0 4.0 31.0 125.0 
0.0 24.0 9.0 53.0 227.0 
0.0 21.0 16.0 38.0 258.0 
0.0 16.0 15.0 68.0 293.0 
0.0 32.0 10.0 20.0 167.0 
0.0 16.0 18.0 48.0 296.0 
0.0 17.0 18.0 45.0 290.0 
0.0 29.0 6.0 48.0 177.0 
0.0 37.0 4.0 23.0 120.0 
0.0 16.0 15.0 68.0 293.0 
0.0 20.0 16.0 41.0 265.0 
0.0 29.0 6.0 48.0 177.0 
0.0 28.0 8.0 39.0 188.0 
0.0 20.0 14.0 48.0 257.0 
0.0 35.0 7.0 22.0 128.0 
0.0 29.0 7.0 39.0 178.0 
0.0 33.0 5.0 36.0 136.0 
0.0 24.0 9.0 53.0 227.0 
0.0 36.0 4.0 27.0 120.0 
0.0 39.0 5.0 16.0 97.0 
0.0 21.0 16.0 38.0 258.0 
0.0 36.0 4.0 27.0 120.0 
0.0 39.0 5.0 16.0 97.0 
0.0 37.0 6.0 19.0 110.0 
0.0 35.0 4.0 31.0 125.0 
0.0 17.0 18.0 45.0 290.0 
0.0 35.0 4.0 31.0 125.0 
0.0 41.0 4.0 14.0 80.0 
0.0 37.0 3.0 35.0 102.0 
0.0 35.0 4.0 31.0 125.0 
0.0 38.0 3.0 26.0 97.0 
0.0 24.0 9.0 57.0 221.0 
0.0 28.0 11.0 28.0 198.0 
0.0 28.0 8.0 39.0 188.0 
0.0 25.0 9.0 48.0 216.0 
0.0 42.0 2.0 16.0 69.0 
0.0 42.0 2.0 16.0 69.0 
0.0 27.0 10.0 35.0 201.0 
0.0 38.0 3.0 26.0 97.0 
0.0 42.0 2.0 16.0 69.0 
0.0 42.0 2.0 16.0 69.0 
0.0 42.0 2.0 16.0 69.0 
0.0 32.0 10.0 20.0 167.0 
0.0 32.0 10.0 20.0 167.0 
0.0 31.0 5.0 47.0 152.0 
0.0 31.0 5.0 47.0 152.0 
0.0 38.0 3.0 26.0 97.0 
0.0 38.0 3.0 26.0 97.0 
0.0 31.0 5.0 47.0 152.0 
0.0 38.0 3.0 26.0 97.0 
0.0 38.0 3.0 26.0 97.0 
0.0 30.0 10.0 25.0 180.0 
0.0 31.0 5.0 47.0 152.0 
0.0 36.0 4.0 27.0 120.0 
0.0 38.0 3.0 26.0 97.0 
0.0 28.0 7.0 48.0 183.0 
0.0 32.0 5.0 38.0 147.0 
0.0 32.0 10.0 20.0 167.0 
0.0 38.0 3.0 26.0 97.0 
0.0 31.0 6.0 35.0 167.0 
0.0 36.0 8.0 16.0 131.0 
0.0 32.0 5.0 38.0 147.0 
0.0 16.0 18.0 48.0 296.0 
0.0 25.0 9.0 48.0 216.0 
0.0 33.0 5.0 34.0 142.0 
0.0 31.0 6.0 35.0 167.0 
0.0 32.0 5.0 38.0 147.0 
0.0 21.0 11.0 62.0 244.0 
0.0 34.0 4.0 42.0 127.0 
0.0 37.0 4.0 24.0 114.0 
0.0 36.0 8.0 16.0 131.0 
0.0 36.0 8.0 16.0 131.0 
0.0 32.0 5.0 38.0 147.0 
0.0 23.0 10.0 53.0 233.0 
0.0 26.0 10.0 39.0 206.0 
0.0 38.0 6.0 16.0 104.0 
0.0 22.0 11.0 53.0 239.0 
0.0 24.0 14.0 32.0 235.0 
0.0 25.0 13.0 32.0 223.0 
0.0 26.0 13.0 30.0 213.0 
0.0 26.0 10.0 39.0 206.0 
0.0 38.0 6.0 16.0 104.0 
0.0 38.0 6.0 16.0 104.0 
0.0 26.0 13.0 30.0 213.0 
0.0 38.0 6.0 16.0 104.0 
0.0 26.0 11.0 35.0 208.0 
0.0 38.0 6.0 16.0 104.0 
0.0 35.0 7.0 22.0 128.0 
0.0 30.0 6.0 39.0 172.0 
0.0 28.0 10.0 32.0 191.0 
0.0 45.0 2.0 9.0 40.0 
0.0 30.0 6.0 39.0 172.0 
0.0 29.0 8.0 35.0 183.0 
0.0 33.0 8.0 23.0 155.0 
0.0 21.0 11.0 62.0 244.0 
0.0 22.0 11.0 53.0 239.0 
0.0 33.0 8.0 23.0 155.0 
0.0 41.0 4.0 14.0 80.0 
0.0 36.0 8.0 16.0 131.0 
0.0 45.0 2.0 9.0 40.0 
0.0 26.0 11.0 35.0 208.0 
0.0 38.0 6.0 16.0 104.0 
0.0 33.0 9.0 20.0 161.0 
0.0 17.0 18.0 45.0 290.0 
0.0 36.0 8.0 16.0 131.0 
0.0 21.0 11.0 62.0 244.0 
0.0 21.0 11.0 62.0 244.0 
0.0 37.0 6.0 19.0 110.0 
0.0 37.0 6.0 19.0 110.0 
0.0 13.0 17.0 77.0 319.0 
0.0 41.0 2.0 19.0 75.0 
0.0 25.0 14.0 30.0 224.0 
0.0 41.0 2.0 19.0 75.0 
0.0 20.0 14.0 48.0 257.0 
0.0 41.0 4.0 14.0 80.0 
0.0 39.0 3.0 22.0 95.0 
0.0 41.0 2.0 19.0 75.0 
0.0 40.0 2.0 28.0 80.0 
0.0 33.0 6.0 28.0 151.0 
0.0 40.0 2.0 28.0 80.0 
0.0 41.0 2.0 19.0 75.0 
0.0 26.0 9.0 44.0 211.0 
0.0 41.0 2.0 19.0 75.0 
0.0 24.0 14.0 32.0 235.0 
0.0 41.0 2.0 19.0 75.0 
0.0 33.0 6.0 28.0 151.0 
0.0 40.0 2.0 28.0 80.0 
0.0 41.0 2.0 19.0 75.0 
0.0 16.0 15.0 68.0 293.0 
0.0 41.0 4.0 14.0 80.0 
0.0 45.0 2.0 9.0 40.0 
0.0 24.0 14.0 32.0 235.0 
0.0 33.0 5.0 36.0 136.0 
0.0 33.0 6.0 28.0 151.0 
0.0 24.0 14.0 32.0 235.0 
0.0 41.0 4.0 14.0 80.0 
0.0 21.0 11.0 62.0 244.0 
0.0 23.0 13.0 39.0 234.0 
0.0 34.0 5.0 28.0 145.0 
0.0 25.0 12.0 35.0 220.0 
0.0 25.0 12.0 35.0 220.0 
0.0 37.0 4.0 23.0 120.0 
0.0 21.0 15.0 41.0 253.0 
0.0 23.0 13.0 39.0 234.0 
0.0 19.0 17.0 41.0 276.0 
0.0 19.0 15.0 48.0 263.0 
0.0 19.0 15.0 48.0 263.0 
0.0 32.0 6.0 32.0 156.0 
0.0 36.0 5.0 23.0 126.0 
0.0 19.0 17.0 41.0 276.0 
0.0 19.0 15.0 48.0 263.0 
0.0 21.0 11.0 62.0 244.0 
0.0 32.0 6.0 32.0 156.0 
0.0 19.0 17.0 41.0 276.0 
0.0 19.0 15.0 48.0 263.0 
0.0 37.0 3.0 35.0 102.0 
0.0 37.0 3.0 35.0 102.0 
0.0 34.0 9.0 19.0 145.0 
0.0 19.0 17.0 41.0 276.0 
0.0 28.0 11.0 28.0 198.0 
0.0 42.0 2.0 16.0 69.0 
0.0 34.0 9.0 19.0 145.0 
0.0 42.0 2.0 16.0 69.0 
0.0 42.0 2.0 16.0 69.0 
0.0 32.0 5.0 38.0 147.0 
0.0 25.0 9.0 48.0 216.0 
0.0 42.0 2.0 16.0 69.0 
0.0 39.0 3.0 22.0 95.0 
0.0 42.0 2.0 16.0 69.0 
0.0 42.0 2.0 16.0 69.0 
0.0 21.0 11.0 62.0 244.0 
0.0 42.0 2.0 16.0 69.0 
0.0 25.0 9.0 48.0 216.0 
0.0 44.0 3.0 9.0 55.0 
0.0 28.0 11.0 28.0 198.0 
0.0 30.0 10.0 25.0 180.0 
0.0 30.0 10.0 25.0 180.0 
0.0 32.0 5.0 38.0 147.0 
0.0 25.0 9.0 48.0 216.0 
0.0 18.0 17.0 44.0 285.0 
0.0 18.0 17.0 44.0 285.0 
0.0 37.0 7.0 16.0 116.0 
0.0 13.0 17.0 77.0 319.0 
0.0 37.0 7.0 16.0 116.0 
0.0 31.0 5.0 47.0 152.0 
0.0 25.0 9.0 48.0 216.0 
0.0 24.0 9.0 53.0 227.0 
0.0 44.0 3.0 9.0 55.0 
0.0 44.0 3.0 9.0 55.0 
0.0 44.0 3.0 9.0 55.0 
0.0 44.0 3.0 9.0 55.0 
0.0 24.0 9.0 53.0 227.0 
0.0 44.0 3.0 9.0 55.0 
0.0 44.0 3.0 9.0 55.0 
0.0 44.0 3.0 9.0 55.0 
0.0 23.0 13.0 39.0 234.0 
0.0 45.0 2.0 9.0 40.0 
0.0 45.0 2.0 9.0 40.0 
0.0 45.0 2.0 9.0 40.0 
0.0 45.0 2.0 9.0 40.0 
0.0 45.0 2.0 9.0 40.0 
0.0 45.0 2.0 9.0 40.0 
0.0 45.0 2.0 9.0 40.0 
0.0 45.0 2.0 9.0 40.0 
0.0 45.0 2.0 9.0 40.0 
0.0 45.0 2.0 9.0 40.0 
0.0 45.0 2.0 9.0 40.0 
0.0 25.0 14.0 30.0 224.0 
0.0 45.0 2.0 9.0 40.0 
0.0 31.0 9.0 25.0 174.0 
0.0 25.0 14.0 30.0 224.0 
0.0 45.0 2.0 9.0 40.0 
0.0 45.0 2.0 9.0 40.0 
0.0 45.0 2.0 9.0 40.0 
0.0 45.0 2.0 9.0 40.0 
0.0 45.0 2.0 9.0 40.0 
0.0 34.0 9.0 19.0 145.0 
0.0 45.0 2.0 9.0 40.0 
0.0 34.0 9.0 19.0 145.0 
0.0 39.0 3.0 23.0 91.0 
0.0 37.0 7.0 16.0 116.0 
0.0 37.0 7.0 16.0 116.0 
0.0 39.0 3.0 23.0 91.0 
0.0 29.0 11.0 25.0 192.0 
0.0 29.0 11.0 25.0 192.0 
0.0 29.0 11.0 25.0 192.0 
0.0 29.0 11.0 25.0 192.0 
0.0 30.0 6.0 39.0 172.0 
0.0 30.0 6.0 39.0 172.0 
0.0 39.0 3.0 23.0 91.0 
0.0 34.0 4.0 42.0 127.0 
0.0 44.0 3.0 9.0 55.0 
0.0 34.0 4.0 42.0 127.0 
~~~
108.758
