1111111000000000010000000001111011000001100111001
1111110110000000010000000001111011000001100111001
1000000000000000011101110101111001000000000011001
1111110110000000011101110111111001000000000011001
1111111000000000010000000001111011011101100111001
1111110110000000011101110111111001000000000011001
1000000000000000011101110111111001000001100111001
1111110111000000011101110111111011000001110111001
1111110111000000011101110111111011000001110011001
1111110110000000011101110111111001000000000011001
1111111110000000010000000001111011000001100111001
1111110110000000011101110111111001000000000011001
1111110110000000011101110111111001000000000011001
1111100000000000011101110111100000000000000011001
1000000000000000011101110101111001000000000011001
1111111110111111111101110101111011000001100111001
1111111110110110111101110111111011000001100111001
1111111110000000010000000001111011000001100111001
1000000000000000011101110111111001000001100111001
1111110110000000010000000001111011000001100111001
1111111110111111111101110101111011000001100111001
1111110110000000011101110111111001000000000011001
1111111111111111010000000001111111011101100111001
1100000000000000010000000001100000000000000011001
1100000000000000010000000001100000000000000011001
1111111110111110010000000001111011000001100111001
1111111111111111010000000001111111011101100111001
1111111000000000010000000001111111000001100111001
1111111110111110010000000001111011000001100111001
1111111000000000010000000001111111000001100111001
1111111110000000011101110111111011000001100111001
1111111111000000010000000001111011000000000011001
1111111111111111010000000001111111011101100111001
1111110110000000011101110101111011000001100111001
1111111110111110010000000001111011000001100111001
1111111111110111111101111111111111100001111111001
1111111110111111111101110101111011000001100111001
1111111111110111111101111111111111000001111111001
1111110110000000011101110111111001000001111111001
1111111000000000011101110101111011000000000011001
1111110111000000011101111111111011000001111111001
1000000000000000010000000001111011000000000011001
1111110111000000011101110111111011000001100111001
1111111111110111111101111111111111111101111111001
1000000000000000010000000001100000000000000011001
1000000000000000010000000001100000000000000011001
1111111110111111111101110101111011000001100111001
1111111110111110010000000001111011000001100111001
1000000000000000010000000001111011000000000011001
1111111110000000011101110111111011000001100111001
1111110111000000011101110111111011000000000011001
1111111000000000010000000001111011000001100111001
1111111000000000010000000001111011000000000011001
1111111000000000010000000001111111011101100111001
1111110110000000011101110111111001000000000011001
1000000000000000010000000001100000000000000011001
1111111111000000011101110111111011000001111111001
1111111000000000010000000001111111011101100111001
1111111110111111010000000001111011011101100111001
1000000000000000011101110111100000000000000011001
1111011000000000010000000001111011000001100111001
1000000000000000010000000001100000000000000011001
1111010111000000011101111111111011000001111111001
1111111110111111111101110101111111011101100111001
1111000000000000010000000001100000000000000011001
1000000000000000010000000001100000000000000011001
1000000000000000010000000001100000000000000011001
1000000000000000011101110111100000000000000011001
1000000000000000010000000001100000000000000011001
1111111111000000010000000001111111011101100111001
1000000000000000010000000001111111000001100111001
1111100000000000011101110111111001000000000011001
1111111111111110011101110111111011000001110111001
1111110111111110011101110111111011000001111111001
1111111111000000010000000001111011000001100111001
1000000000000000010000000001100000000000000011001
1111100000000000011101110111111001000000000011001
1111111110000000010000000001111011000001100111001
1000000000000000010000000001100000000000000011001
1000000000000000010000000001111001000000000001001
1000000000000000011101110111111001000000000011001
1111110000000000011101110101111011000000000011001
1111110000000000011101110101111011000000000011001
1111111111111111010000000001111111111101100111001
1000000000000000010000000001100000000000000011001
1000000000000000011101110101111001000000000011001
1000000000000000011101110111111001000000000011001
1111111111000000010000000001111111011101100111001
1000000000000000011101110111111001000000000011001
1111111000000000010000000001111111011101100111001
1000000000000000010000000001100000000000000011001
1000000000000000010000000001100000000000000011001
1000000000000000010000000001100000000000000011001
1000000000000000010000000001100000000000000011001
1000000000000000010000000001100000000000000011001
1000000000000000010000000001100000000000000011001
1000000000000000010000000001100000000000000011001
1000000000000000010000000001100000000000000011001
1111111000000000010000000001111111011101100111001
1000000000000000010000000001111111000001100111001
1111100000000000011101110111111001000000000011001
1111111111000000010000000001111111011101100111001
1111111000000000010000000001111111011101100111001
1111111110000000010000000001111111100001100111001
1111111111000000010000000001111111011101100111001
1111110111111110111101110111111011000001111111001
1000000000000000011101110111100000000000000011001
1000000000000000010000000001111011000001100111001
1111111111110111111101111111111111111101111111001
1111011000000000010000000001111011000001100111001
1111111110000000010000000001111111100001100111001
1000000000000000011101110111100000000000000011001
1111111110111111010000000001111011100001100111001
1111010111000000011101111111111011000001111111001
1111110111111110011101110111111011000001111111001
1111111110000000010000000001111011000001100111001
1111000000000000010000000001100000000000000011001
1111000000000000010000000001100000000000000011001
1000000000000000011101110111100000000000000011001
1111111111000000010000000001111011000001100111001
1111110000000000010000000001111011000001100111001
1000000000000000010000000001111111000000000011001
1000000000000000010000000001111111000000000011001
1111111111000000010000000001111011000001100111001
1111110111000000011101110111111011000000000011001
1111111111111111010000000001111111111101100111001
1111010111000000011101111111111011000001111111001
1111100000000000011101110111100000000000000011001
1111100000000000011101110111100000000000000011001
1111100000000000011101110111100000000000000011001
1111110111000000011101111111111011000001111111001
1111111111111110011101110111111011000001110111001
1111010111000000011101111111111011000001111111001
1111110111000000011101111111111011000001111111001
1111111111111110011101110111111011000001110111001
1111110111000000011101110111111011000001110111001
1111100000000000011101110111100000000000000011001
1111100000000000011101110111100000000000000011001
1111111110111110010000000001111011000001100111001
1111100000000000011101110111100000000000000011001
1111100000000000011101110111100000000000000011001
1000000000000000010000000001111001000001100111001
1111111111111111010000000001111111111101100111001
1111100000000000011101110111100000000000000011001
1111110000000000011101110101111011000001100111001
1111111111000000010000000001111011000001110111001
1111111111111111010000000001111111111101100111001
1000000000000000010000110101111001000000000011001
1111111000000000010000000001111011000001100111001
1111111111000000011101110111111011000001111111001
1111111111000000010000000001111011000001110111001
1111111110000000010000000001111011000000000011001
1111110111111110011101110111111011000001111111001
1111110000000000010000000001111001000000000011001
1111111000000000010000000001111011000001100111001
1000000000000000010000000001111001000000000011001
1111111110111111010000000001111011000001100111001
1111110110000000011101110101111011000001100111001
1111111111000000011101110111111011000001111111001
1111111000000000010000000001111011000001100111001
1000000000000000010000000001111001000000000011001
1111111000000000010000000001111011000001100111001
1111111111111110011101110111111011000001110111001
1111111111110111111101111111111111000001111111001
1111111111110111111101111111111111000001111111001
1000000000000000010000000001111001000000000011001
1111110111000000011101110111111011000001100111001
1111111110111111111101110101111111111101100111001
1000000000000000011101110101100000000000000011001
1111111111000000010000000001111011000001100111001
1000000000000000011101110101100000000000000011001
1111011000000000010000000001111011000000000011001
1111111110111111010000000001111011000001100111001
1111110111000000011101110111111011000001110111001
1111111111110111111101111111111111000001111111001
1111110111000000011101110111111011000001100111001
1000000000000000011101110101100000000000000011001
1111110111000000011101110111111011000001110111001
1111110111000000011101110111111011000000000011001
1111110111000000011101110111111011000001100111001
1000000000000000011101110101100000000000000011001
1111110111000000011101110111111011000000000011001
1000000000000000011101110101100000000000000011001
1000000000000000010000110101111011000000000011001
1111110111000000011101110111111011000000000011001
1000000000000000011101110111100000000000000011001
1000000000000000011101110101100000000000000011001
1111111110111111010000000001111011000001100111001
1000000000000000011101110101100000000000000011001
1000000000000000010000000001111001000000000011001
1000000000000000011101110101100000000000000011001
1111111111110111111101111111111111000001111111001
1111111110111111111101110101111011000001100111001
1000000000000000011101110101100000000000000011001
1111110111000000011101110111111011000000000011001
1000000000000000011101110101100000000000000011001
1111111110111111111101110101111111111101100111001
1000000000000000011101110101100000000000000011001
1111111111111110011101110111111011000001111111001
1000000000000000010000000001111011000001100111001
1000000000000000011101110111100000000000000011001
1111000000000000010000000001100000000000000011001
1111110111000000011101110111111011000000000011001
1000000000000000010000000001111001000000000011001
1000000000000000011101110111100000000000000011001
1000000000000000010000000001100000000000000011001
1111111110111111111101110101111111111101100111001
1000000000000000010000000001100000000000000011001
1111111111110111111101111111111111111101111111001
1111111110111111111101110101111011000001100111001
1111110111000000011101110111111011000000000011001
1000000000000000010000000001100000000000000011001
1000000000000000010000000001100000000000000011001
1000000000000000010000000001100000000000000011001
1111110000000000011101110101111011000000000011001
1111110000000000011101110101111011000000000011001
1111111000000000010000000001111011000000000011001
1111110000000000011101110101111011000000000011001
1111111110000000011101110111111011000001100111001
1111110110000000010000000001111011000000000011001
1000000000000000010000000001111011000000000011001
1111110110000000010000000001111011000000000011001
1111111000000000010000000001111011000000000011001
1111111000000000010000000001111011011101100111001
1111110110000000010000000001111011000000000011001
1000000000000000010000000001111011000000000011001
1111111000000000010000000001111011000000000011001
1111111111111111010000000001111111111101100111001
1000000000000000010000000001111011000001100111001
1111111111000000011101110111111011000001111111001
1111111111110111111101111111111111111101111111001
1111111111110111111101111111111111111101111111001
1111111110111111010000000001111011011101100111001
1000000000000000011101110101100000000000000011001
1111111110111111010000000001111011000001100111001
1000000000000000010000000001111111000001100111001
1100000000000000010000000001100000000000000011001
1100000000000000010000000001100000000000000011001
1111111111110111111101111111111111111101111111001
1111111111110111111101111111111111111101111111001
1000000000000000010000000001111111000001100111001
1000000000000000011101110101111011000000000011001
1000000000000000011101110101111011000000000011001
1111111111110111111101111111111111111101111111001
1000000000000000011101110101111011000000000011001
1100000000000000010000000001100000000000000011001
1000000000000000011101110101111011000000000011001
1100000000000000010000000001100000000000000011001
1000000000000000011101110101111011000000000011001
1000000000000000010000000001111011000000000011001
1000000000000000010000000001111011000001100111001
1000000000000000010000000001111011000000000011001
1111111110111111010000000001111011011101100111001
1000000000000000010000000001111011000000000011001
1000000000000000010000000001111011000000000011001
1111110000000000010000000001111011000000000011001
1111111110111111010000000001111011011101100111001
1111111110111111010000000001111011011101100111001
1000000000000000010000000001111011000001100111001
1111111111111111010000000001111011111101100111001
1111110000000000010000000001111011000000000011001
1000000000000000010000000001111001000001100111001
1111111110111111010000000001111011011101100111001
1000000000000000010000000001111011000001100111001
1111111000000000010000000001111111000001100111001
1111111000000000010000000001111111000001100111001
1000000000000000010000000001111011000001100111001
1000000000000000010000000001111011000001100111001
1111111000000000010000000001111111000001100111001
1000000000000000010000000001111001000000000011001
1111110000000000010000000001111011000000000011001
1111111110111111111101110101111111011101110111001
1111111000000000010000000001111111000000000011001
1111110111000000010000000001111011000000000011001
1111110111000000010000000001111011000000000011001
1111111000000000010000000001111011000000000011001
1111111000000000010000000001111011000000000011001
1111111000000000011101110101111011000000000011001
1000000000000000010000000001111111011101100111001
1000000000000000010000000001111011000000000011001
1100010000000000010000000001111011000000000011001
1000000000000000010000000001111011000000000011001
1000000000000000010000000001111011000000000011001
1000000000000000010000000001111001000000000011001
1000000000000000010000000001111001000000000011001
1000000000000000010000000001111001000000000011001
1000000000000000010000000001111011000000000011001
1111110000000000011101110101111011000001100111001
1111110000000000010000000001111001000000000011001
1111110000000000011101110101111011000001100111001
1111100000000000011101110111111001000000000011001
1111100000000000011101110111111001000000000011001
1111111000000000010000000001111011000000000011001
1000000000000000010000000001111001000001100111001
1111110000000000010000000001111001000000000011001
~~~
0.0 29.0 8.0 38.0 176.0 
0.0 28.0 9.0 35.0 196.0 
0.0 33.0 10.0 16.0 150.0 
0.0 25.0 14.0 25.0 230.0 
0.0 26.0 9.0 53.0 195.0 
0.0 25.0 14.0 25.0 230.0 
0.0 29.0 12.0 23.0 182.0 
0.0 19.0 17.0 35.0 274.0 
0.0 20.0 17.0 33.0 264.0 
0.0 25.0 14.0 25.0 230.0 
0.0 27.0 9.0 39.0 201.0 
0.0 25.0 14.0 25.0 230.0 
0.0 25.0 14.0 25.0 230.0 
0.0 31.0 13.0 14.0 171.0 
0.0 33.0 10.0 16.0 150.0 
0.0 14.0 18.0 53.0 314.0 
0.0 15.0 19.0 45.0 304.0 
0.0 27.0 9.0 39.0 201.0 
0.0 29.0 12.0 23.0 182.0 
0.0 28.0 9.0 35.0 196.0 
0.0 14.0 18.0 53.0 314.0 
0.0 25.0 14.0 25.0 230.0 
0.0 16.0 14.0 77.0 286.0 
0.0 41.0 6.0 9.0 84.0 
0.0 41.0 6.0 9.0 84.0 
0.0 22.0 12.0 48.0 245.0 
0.0 16.0 14.0 77.0 286.0 
0.0 28.0 8.0 47.0 181.0 
0.0 22.0 12.0 48.0 245.0 
0.0 28.0 8.0 47.0 181.0 
0.0 20.0 15.0 39.0 263.0 
0.0 29.0 9.0 32.0 185.0 
0.0 16.0 14.0 77.0 286.0 
0.0 22.0 14.0 35.0 248.0 
0.0 22.0 12.0 48.0 245.0 
0.0 8.0 23.0 66.0 373.0 
0.0 14.0 18.0 53.0 314.0 
0.0 9.0 23.0 59.0 359.0 
0.0 20.0 17.0 32.0 273.0 
0.0 26.0 12.0 31.0 206.0 
0.0 17.0 19.0 35.0 297.0 
0.0 38.0 5.0 19.0 104.0 
0.0 20.0 16.0 35.0 264.0 
0.0 5.0 24.0 81.0 392.0 
0.0 42.0 5.0 9.0 69.0 
0.0 42.0 5.0 9.0 69.0 
0.0 14.0 18.0 53.0 314.0 
0.0 22.0 12.0 48.0 245.0 
0.0 38.0 5.0 19.0 104.0 
0.0 20.0 15.0 39.0 263.0 
0.0 23.0 15.0 28.0 242.0 
0.0 29.0 8.0 38.0 176.0 
0.0 32.0 7.0 31.0 154.0 
0.0 25.0 9.0 62.0 200.0 
0.0 25.0 14.0 25.0 230.0 
0.0 42.0 5.0 9.0 69.0 
0.0 17.0 18.0 39.0 290.0 
0.0 25.0 9.0 62.0 200.0 
0.0 18.0 13.0 68.0 275.0 
0.0 35.0 11.0 9.0 131.0 
0.0 30.0 8.0 36.0 165.0 
0.0 42.0 5.0 9.0 69.0 
0.0 18.0 19.0 33.0 286.0 
0.0 10.0 19.0 77.0 338.0 
0.0 39.0 7.0 12.0 98.0 
0.0 42.0 5.0 9.0 69.0 
0.0 42.0 5.0 9.0 69.0 
0.0 35.0 11.0 9.0 131.0 
0.0 42.0 5.0 9.0 69.0 
0.0 22.0 11.0 63.0 231.0 
0.0 34.0 6.0 35.0 131.0 
0.0 28.0 13.0 21.0 200.0 
0.0 13.0 20.0 48.0 323.0 
0.0 13.0 21.0 44.0 329.0 
0.0 26.0 10.0 39.0 207.0 
0.0 42.0 5.0 9.0 69.0 
0.0 28.0 13.0 21.0 200.0 
0.0 27.0 9.0 39.0 201.0 
0.0 42.0 5.0 9.0 69.0 
1.0 40.0 4.0 16.0 88.0 
0.0 32.0 11.0 16.0 160.0 
0.0 27.0 12.0 27.0 201.0 
0.0 27.0 12.0 27.0 201.0 
0.0 15.0 14.0 84.0 300.0 
0.0 42.0 5.0 9.0 69.0 
0.0 33.0 10.0 16.0 150.0 
0.0 32.0 11.0 16.0 160.0 
0.0 22.0 11.0 63.0 231.0 
0.0 32.0 11.0 16.0 160.0 
0.0 25.0 9.0 62.0 200.0 
0.0 42.0 5.0 9.0 69.0 
0.0 42.0 5.0 9.0 69.0 
0.0 42.0 5.0 9.0 69.0 
0.0 42.0 5.0 9.0 69.0 
0.0 42.0 5.0 9.0 69.0 
0.0 42.0 5.0 9.0 69.0 
0.0 42.0 5.0 9.0 69.0 
0.0 42.0 5.0 9.0 69.0 
0.0 25.0 9.0 62.0 200.0 
0.0 34.0 6.0 35.0 131.0 
0.0 28.0 13.0 21.0 200.0 
0.0 22.0 11.0 63.0 231.0 
0.0 25.0 9.0 62.0 200.0 
0.0 25.0 9.0 55.0 220.0 
0.0 22.0 11.0 63.0 231.0 
0.0 12.0 22.0 44.0 335.0 
0.0 35.0 11.0 9.0 131.0 
0.0 35.0 6.0 26.0 126.0 
0.0 5.0 24.0 81.0 392.0 
0.0 30.0 8.0 36.0 165.0 
0.0 25.0 9.0 55.0 220.0 
0.0 35.0 11.0 9.0 131.0 
0.0 20.0 12.0 60.0 270.0 
0.0 18.0 19.0 33.0 286.0 
0.0 13.0 21.0 44.0 329.0 
0.0 27.0 9.0 39.0 201.0 
0.0 39.0 7.0 12.0 98.0 
0.0 39.0 7.0 12.0 98.0 
0.0 35.0 11.0 9.0 131.0 
0.0 26.0 10.0 39.0 207.0 
0.0 30.0 8.0 34.0 171.0 
0.0 37.0 5.0 28.0 109.0 
0.0 37.0 5.0 28.0 109.0 
0.0 26.0 10.0 39.0 207.0 
0.0 23.0 15.0 28.0 242.0 
0.0 15.0 14.0 84.0 300.0 
0.0 18.0 19.0 33.0 286.0 
0.0 31.0 13.0 14.0 171.0 
0.0 31.0 13.0 14.0 171.0 
0.0 31.0 13.0 14.0 171.0 
0.0 17.0 19.0 35.0 297.0 
0.0 13.0 20.0 48.0 323.0 
0.0 18.0 19.0 33.0 286.0 
0.0 17.0 19.0 35.0 297.0 
0.0 13.0 20.0 48.0 323.0 
0.0 19.0 17.0 35.0 274.0 
0.0 31.0 13.0 14.0 171.0 
0.0 31.0 13.0 14.0 171.0 
0.0 22.0 12.0 48.0 245.0 
0.0 31.0 13.0 14.0 171.0 
0.0 31.0 13.0 14.0 171.0 
0.0 36.0 6.0 23.0 120.0 
0.0 15.0 14.0 84.0 300.0 
0.0 31.0 13.0 14.0 171.0 
0.0 24.0 13.0 34.0 223.0 
0.0 25.0 11.0 39.0 217.0 
0.0 15.0 14.0 84.0 300.0 
0.0 36.0 8.0 16.0 123.0 
0.0 29.0 8.0 38.0 176.0 
0.0 17.0 18.0 39.0 290.0 
0.0 25.0 11.0 39.0 217.0 
0.0 30.0 8.0 32.0 179.0 
0.0 13.0 21.0 44.0 329.0 
0.0 34.0 7.0 24.0 143.0 
0.0 29.0 8.0 38.0 176.0 
0.0 39.0 5.0 16.0 98.0 
0.0 21.0 12.0 53.0 256.0 
0.0 22.0 14.0 35.0 248.0 
0.0 17.0 18.0 39.0 290.0 
0.0 29.0 8.0 38.0 176.0 
0.0 39.0 5.0 16.0 98.0 
0.0 29.0 8.0 38.0 176.0 
0.0 13.0 20.0 48.0 323.0 
0.0 9.0 23.0 59.0 359.0 
0.0 9.0 23.0 59.0 359.0 
0.0 39.0 5.0 16.0 98.0 
0.0 20.0 16.0 35.0 264.0 
0.0 9.0 19.0 84.0 352.0 
0.0 36.0 10.0 9.0 121.0 
0.0 26.0 10.0 39.0 207.0 
0.0 36.0 10.0 9.0 121.0 
0.0 33.0 7.0 29.0 143.0 
0.0 21.0 12.0 53.0 256.0 
0.0 19.0 17.0 35.0 274.0 
0.0 9.0 23.0 59.0 359.0 
0.0 20.0 16.0 35.0 264.0 
0.0 36.0 10.0 9.0 121.0 
0.0 19.0 17.0 35.0 274.0 
0.0 23.0 15.0 28.0 242.0 
0.0 20.0 16.0 35.0 264.0 
0.0 36.0 10.0 9.0 121.0 
0.0 23.0 15.0 28.0 242.0 
0.0 36.0 10.0 9.0 121.0 
0.0 35.0 8.0 19.0 129.0 
0.0 23.0 15.0 28.0 242.0 
0.0 35.0 11.0 9.0 131.0 
0.0 36.0 10.0 9.0 121.0 
0.0 21.0 12.0 53.0 256.0 
0.0 36.0 10.0 9.0 121.0 
0.0 39.0 5.0 16.0 98.0 
0.0 36.0 10.0 9.0 121.0 
0.0 9.0 23.0 59.0 359.0 
0.0 14.0 18.0 53.0 314.0 
0.0 36.0 10.0 9.0 121.0 
0.0 23.0 15.0 28.0 242.0 
0.0 36.0 10.0 9.0 121.0 
0.0 9.0 19.0 84.0 352.0 
0.0 36.0 10.0 9.0 121.0 
0.0 12.0 21.0 48.0 334.0 
0.0 35.0 6.0 26.0 126.0 
0.0 35.0 11.0 9.0 131.0 
0.0 39.0 7.0 12.0 98.0 
0.0 23.0 15.0 28.0 242.0 
0.0 39.0 5.0 16.0 98.0 
0.0 35.0 11.0 9.0 131.0 
0.0 42.0 5.0 9.0 69.0 
0.0 9.0 19.0 84.0 352.0 
0.0 42.0 5.0 9.0 69.0 
0.0 5.0 24.0 81.0 392.0 
0.0 14.0 18.0 53.0 314.0 
0.0 23.0 15.0 28.0 242.0 
0.0 42.0 5.0 9.0 69.0 
0.0 42.0 5.0 9.0 69.0 
0.0 42.0 5.0 9.0 69.0 
0.0 27.0 12.0 27.0 201.0 
0.0 27.0 12.0 27.0 201.0 
0.0 32.0 7.0 31.0 154.0 
0.0 27.0 12.0 27.0 201.0 
0.0 20.0 15.0 39.0 263.0 
0.0 31.0 8.0 28.0 174.0 
0.0 38.0 5.0 19.0 104.0 
0.0 31.0 8.0 28.0 174.0 
0.0 32.0 7.0 31.0 154.0 
0.0 26.0 9.0 53.0 195.0 
0.0 31.0 8.0 28.0 174.0 
0.0 38.0 5.0 19.0 104.0 
0.0 32.0 7.0 31.0 154.0 
0.0 15.0 14.0 84.0 300.0 
0.0 35.0 6.0 26.0 126.0 
0.0 17.0 18.0 39.0 290.0 
0.0 5.0 24.0 81.0 392.0 
0.0 5.0 24.0 81.0 392.0 
0.0 18.0 13.0 68.0 275.0 
0.0 36.0 10.0 9.0 121.0 
0.0 21.0 12.0 53.0 256.0 
0.0 34.0 6.0 35.0 131.0 
0.0 41.0 6.0 9.0 84.0 
0.0 41.0 6.0 9.0 84.0 
0.0 5.0 24.0 81.0 392.0 
0.0 5.0 24.0 81.0 392.0 
0.0 34.0 6.0 35.0 131.0 
0.0 32.0 10.0 19.0 156.0 
0.0 32.0 10.0 19.0 156.0 
0.0 5.0 24.0 81.0 392.0 
0.0 32.0 10.0 19.0 156.0 
0.0 41.0 6.0 9.0 84.0 
0.0 32.0 10.0 19.0 156.0 
0.0 41.0 6.0 9.0 84.0 
0.0 32.0 10.0 19.0 156.0 
0.0 38.0 5.0 19.0 104.0 
0.0 35.0 6.0 26.0 126.0 
0.0 38.0 5.0 19.0 104.0 
0.0 18.0 13.0 68.0 275.0 
0.0 38.0 5.0 19.0 104.0 
0.0 38.0 5.0 19.0 104.0 
0.0 33.0 7.0 27.0 149.0 
0.0 18.0 13.0 68.0 275.0 
0.0 18.0 13.0 68.0 275.0 
0.0 35.0 6.0 26.0 126.0 
0.0 16.0 14.0 75.0 295.0 
0.0 33.0 7.0 27.0 149.0 
0.0 36.0 6.0 23.0 120.0 
0.0 18.0 13.0 68.0 275.0 
0.0 35.0 6.0 26.0 126.0 
0.0 28.0 8.0 47.0 181.0 
0.0 28.0 8.0 47.0 181.0 
0.0 35.0 6.0 26.0 126.0 
0.0 35.0 6.0 26.0 126.0 
0.0 28.0 8.0 47.0 181.0 
0.0 39.0 5.0 16.0 98.0 
0.0 33.0 7.0 27.0 149.0 
0.0 9.0 20.0 77.0 348.0 
0.0 31.0 7.0 40.0 159.0 
0.0 30.0 9.0 28.0 180.0 
0.0 30.0 9.0 28.0 180.0 
0.0 32.0 7.0 31.0 154.0 
0.0 32.0 7.0 31.0 154.0 
0.0 26.0 12.0 31.0 206.0 
0.0 31.0 7.0 50.0 150.0 
0.0 38.0 5.0 19.0 104.0 
0.0 36.0 6.0 22.0 124.0 
0.0 38.0 5.0 19.0 104.0 
0.0 38.0 5.0 19.0 104.0 
0.0 39.0 5.0 16.0 98.0 
0.0 39.0 5.0 16.0 98.0 
0.0 39.0 5.0 16.0 98.0 
0.0 38.0 5.0 19.0 104.0 
0.0 24.0 13.0 34.0 223.0 
0.0 34.0 7.0 24.0 143.0 
0.0 24.0 13.0 34.0 223.0 
0.0 28.0 13.0 21.0 200.0 
0.0 28.0 13.0 21.0 200.0 
0.0 32.0 7.0 31.0 154.0 
0.0 36.0 6.0 23.0 120.0 
0.0 34.0 7.0 24.0 143.0 
~~~
36.952
