1111111111111111111101110111111011011101111111001
1111111000000000010000000001111011000001100100000
1100010111000000011101111111111001000000000011001
1000000000000000010000000001111011000000000000000
1100010111000000011101111111111001000000000011001
1111111110111110011101110101111011000001100100000
1111110111111110111101111101111011000001100111001
1000000000000000010000000001111011000000000000000
1111111111000000011101111111111001000000000011001
1000000000000000010000000001111011000000000000000
1111111111000000010000000001111011000000000000000
1111110111000000011101111111111001000001111011001
1111111111000000011101111111111001000000000011001
1000000000000000010000000001111111000000000000000
1000000000000000010000000001111011000000000000000
1111110111000000011101110101111001000000000000000
1100010111000000011101111111111001000000000011001
1100010111000000011101111111111001000000000011001
1100010111000000011101111101111001000000000000000
1000000000000000010000000001111001000001100100000
1111111111000000011101111111111011000001111111001
1000000000000000010000000001111011000000000000000
1111011000000000010000000001111011000000000000000
1111111111000000010000000001111011000000000000000
1111111000000000010000000001111011000001100100000
1100010111000000011101111101111001000000000000000
1000000000000000010000000001111011000000000000000
1000000000000000010000000001111011000000000000000
1111111111111111111101110101111011000001110100000
1111111110111110011101110101111011000001100100000
1111111000000000010000000001111111000000000000000
1100010111000000011101111101111001000000000000000
1000000000000000010000000001111001000001100100000
1111110111000000011101110101111001000000000000000
1100010111000000011101111101111001000000000000000
1000000000000000011101110101111001000000000011001
1111111110111111010000000001111011011101100100000
1111111000000000010000000001111011000001100100000
1111110111110110111101110111111011000001111111001
1000000000000000010000000001111011000001100100000
1100000000000000010000000001100000000000000000000
1000000000000000010000000001111011000001100100000
1000000000000000011101110101111001000000000011001
1000000000000000010000000001111011000001100100000
1111111111000000011101111111111001000000000011001
1111111000000000010000000001111011000001100100000
1111111110000000011101110101111011000001100100000
1111010111000000011101110101111001000000000000000
1100010000000000010000000001100000000000000000000
1111111110111111110000000001111111011101100100000
1111111000000000010000000001111011000001100100000
1100000000000000010000000001100000000000000000000
1111110110000000010000000001111011000000000000000
1111111110000000011101110101111011000000000000000
1000000000000000010000000001111011000000000000000
1111111110111110011101110101111011000001100100000
1111111111111111110000000001111111111101100100000
1000000000000000010000000001111001000001100100000
1111111110111111010000000001111111000001100100000
1000000000000000011101110111111001000000000000000
1111111111111111011101110101111011000001100100000
1100000000000000010000000001100000000000000000000
1000000000000000011101110101111001000000000011001
1000000000000000010000000001111011000000000000000
1111100000000000011101110101111001000000000000000
1111111111111111111101110101111011011101100100000
1111010000000000011101110101111011000000000000000
1000000000000000010000000001111111000000000000000
1000000000000000010000000001100000000000000000000
1111111110000000010000000001111011000001100100000
1000000000000000011101110101111001000000000011001
1111111110000000010000000001111011000001100100000
1111111111000000010000000001111011000001100100000
1000000000000000010000000001111111111101100100000
1000000000000000011101110101111001000000000011001
1100010111000000011101111101111001000000000011001
1000000000000000010000000001111001000001100100000
1000000000000000011101110101111001000000000011001
1000000000000000011101110101111001000000000011001
1111111111111110111101110101111011000001100100000
1111111110111111011101110101111011000001100100000
1000000000000000011101110101111011000000000000000
1100010111000000011101111101111001000000000011001
1100010111000000011101111101111001000000000011001
1111110000000000010000000001100000000000000000000
1111111111111110111101111101111011000001100111001
1100010111000000011101111101111001000000000011001
1111111111000000011101110111111011000001111111001
1111110111000000011101110111111011000001100100000
1111111111111110111101111101111011000001100111001
1000000000000000010000000001111111000001100100000
1000000000000000011101110101111001000000000000000
1111111111111110111101110101111011000001100100000
1000000000000000010000000001111001000001100100000
1111111110000000010000000001111011000001100100000
1000000000000000011101110101111001000000000000000
1111111111000000011101111111111011000001100100000
1111111111111110111101110111111011011101111111001
1111110111000000011101110101111011000000000000000
1111111110111111011101110101111011000001100100000
1000000000000000010000110111111001000000000000000
1000000000000000010000000001111111000001100100000
1000000000000000010000110111111001000000000000000
1000000000000000011101110101111011000000000000000
1000000000000000010000110011111001000000000000000
1000000000000000010000000001111011000001100100000
1111110110000000010000000001111011000000000000000
1111111000000000011101110101111011000000000000000
1111110110000000011101110101111001000000000000000
1111110111000000011101110101111011000000000000000
1111110111000000011101110111111011000001100100000
1111110111000000011101110111111011000001110111001
1000000000000000011101110101111001000000000000000
1000000000000000011101110101111001000000000000000
1111110111000000011101110111111011000000000000000
1000000000000000010000110111111001000000000000000
1111111111111110111101110111111011011101111111001
1100010111000000011101111101111001000000000011001
1111111111000000011101111111111011000001100100000
1111111111111111111101110111111011011101100100000
1111111110111111010000000001111111011101100100000
1111111111000000011101111111111011000001100100000
1000000000000000010000110111111001000000000000000
1000000000000000010000000001111111000001100100000
1111110111000000011101110111111011000000000000000
1111111000000000011101110101111011000001100100000
1111110110000000010000000001111011000000000000000
1111011000000000010000000001111011000000000000000
1111110111000000011101111101111001000001110111001
1111110111000000011101110111111011000000000000000
1111111111000000010000000001111011100001100100000
1111110111000000011101111111111001000001111111001
1111011000000000010000000001111011000001100100000
1111110111000000011101111111111001000001111111001
1111110111000000011101111101111001000000000011001
1000000000000000011101110111111011000000000000000
1111111111000000011101110101111011000001100100000
1111111111000000011101110101111011000001100100000
1111010111000000011101110101111001000000000000000
1111110111000000011101111101111001000000000011001
1111111111111111111101110111111011011101111111001
1111111111000000010000000001111011000000000000000
1111110111000000011101111101111001000000000011001
1111111111111111111101110111111011011101111111001
1111110111000000011101111111111001000001111011001
1111111000000000010000000001111111011101100100000
1111111000000000010000000001111111011101100100000
1111111000000000010000000001111111011101100100000
1111110111000000011101110101111011000001100100000
1111111111111111111101110101111011000001100100000
1000000000000000010000000001100000000000000011001
1000000000000000010000000001100000000000000011001
1111111110111110011101110101111011000001100100000
1111110111000000011101111101111001000000000011001
1000000000000000011101110101111001000000000000000
1111110111110110111101111111111011000001111111001
1111111110111111010000000001111011011101100100000
1000000000000000010000000001100000000000000011001
1000000000000000011101110101111001000000000000000
1000000000000000011101110111111011000000000000000
1111111111111110111101110111111011011101111111001
1000000000000000010000000001100000000000000011001
1000000000000000011101110111111011000000000000000
1000000000000000010000000001100000000000000011001
1111111110111111010000000001111011000001100100000
1111111110111111010000000001111011000001100100000
1111110111000000011101110111111011000001100111001
1000000000000000010000000001100000000000000011001
1111111000000000010000000001111111011101100100000
1111111110111111010000000001111011011101100100000
1111111110111111010000000001111111011101100100000
1111111111111111110000000001111111111101100100000
1111111000000000010000000001111011011101100100000
1000000000000000010000000001100000000000000011001
1111111110111111010000000001111011000001100100000
1111111110111111010000000001111011011101100100000
1111111110111111010000000001111111011101100100000
1111111000000000010000000001111011011101100100000
1111111000000000011101110101111011000001100100000
1111111000000000010000000001111011011101100100000
1000000000000000010000110011111001000000000000000
1000000000000000011101110101111011000001100100000
1111111000000000010000000001111011011101100100000
1111110110000000010000000001111011000001100100000
1111110000000000011101110101111001000000000000000
1111110000000000010000000001111011000000000000000
1111110111000000011101110111111011000001100111001
1111111110111111010000000001111011011101100100000
1111110000000000011101110101111011000000000000000
1111110000000000010000000001111011000000000000000
1111111111110111111101111111111011000001111111001
1111111000000000011101110101111011000001100100000
1000000000000000011101110101111011000000000000000
1000000000000000011101110101111001000000000000000
1000000000000000010000000001100000000000000000000
1000000000000000010000000001100000000000000000000
1111110000000000010000000001100000000000000000000
1000000000000000010000000001100000000000000000000
1000000000000000010000000001100000000000000000000
1000000000000000010000000001100000000000000000000
1111111110000000010000000001111011000001100100000
1000000000000000010000000001100000000000000000000
1111111110000000011101110101111011000000000000000
1000000000000000010000000001100000000000000000000
1111111110000000011101110101111011000000000000000
1000000000000000010000000001100000000000000000000
1000000000000000011101110101111001000000000000000
1000000000000000010000000001100000000000000000000
1000000000000000010000000001100000000000000000000
1000000000000000010000000001100000000000000000000
1000000000000000010000110011111001000000000000000
1000000000000000010000000001111111111101100100000
1111111110111111010000000001111111000001100100000
1111111110000000010000000001111011100001100100000
1111111111000000010000000001111011100001100100000
1111110111110110111101110111111011000001101111001
1111111111111111111101110101111011000001110100000
1111111110111111111101110101111011011101100100000
1000000000000000011101110111111001000000000000000
1111111110111110010000000001111011000001100100000
1111111000000000010000000001111111000000000000000
1111111110111111010000000001111111000001100100000
1111111111110110111101111111111011000001111111001
1111111000000000010000000001111111111101100100000
1111111000000000010000000001111111111101100100000
1111111000000000010000000001111111111101100100000
1111111110111110010000000001111011000001100100000
1111111000000000010000000001111111111101100100000
1111110111110110111101110111111011000001101111001
1111110000000000011101110101111011000000000000000
1111111110111110010000000001111011000001100100000
1111110111110110111101111111111011000001111111001
1000000000000000010000000001111001000000000000000
1111111000000000010000000001111011000000000000000
1111110111110110111101111111111011000001111111001
1111110111000000011101110111111011000001100100000
1111111000000000010000000001111011000000000000000
1111111000000000010000000001111011000000000000000
1111111000000000010000000001111011000000000000000
1111111000000000010000000001111011000000000000000
1111110111000000011101111111111001000001111011001
1111111000000000010000000001111011000000000000000
1111110111000000011101111111111001000001111011001
1111110111110110111101110111111011000001111111001
1111111110111111111101110101111011011101100100000
1111111110000000011101110101111011000001100100000
1000000000000000010000000001111001000000000000000
1111110110000000010000000001111011000000000000000
1000000000000000010000000001111001000000000000000
1000000000000000011101111111111001000000000000000
1111011000000000010000000001111011000001100100000
1000000000000000010000000001111001000000000000000
1111010000000000010000000001111011000000000000000
1111111110111111010000000001111111111101100100000
1111111111110110111101111111111011000001111111001
1000000000000000011101110111111001000000000000000
1111111110000000011101110101111011000001100100000
1111111111110110111101111111111011000001111111001
1111111111000000010000000001111011000001100100000
1111111111111111110000000001111111111101100100000
1111111110111111010000000001111111111101100100000
1111111110111111010000000001111111111101100100000
1111111111000000010000000001111011000001100100000
1111111111111111011101110101111011000001100100000
1111010000000000010000000001111011000000000000000
1111010000000000010000000001111011000000000000000
1111110000000000010000000001111011000001100100000
1111110110000000010000000001111011000001100100000
1111110111000000011101111101111001000001110111001
1111111111000000010000000001111011000001100100000
1111110111000000011101111101111001000001110111001
1111111000000000011101110101111011000000000000000
1111100000000000011101110101111001000000000000000
1111110000000000011101110101111001000000000000000
1111110110000000011101110101111001000000000000000
1111110111000000011101110111111011000001111111001
1111110000000000011101110101111001000000000000000
1111110111000000011101110101111011000001100100000
1111110111111110111101110111111011000001101111001
1000000000000000010000000001111001000000000000000
1000000000000000010000000001111001000000000000000
1000000000000000010000000001111001000000000000000
1000000000000000010000000001100000000000000011001
1100010111000000011101111101111001000000000011001
1111111111111111111101110111111011011101100100000
1100010000000000010000000001100000000000000000000
1000000000000000010000000001100000000000000000000
1100010000000000010000000001100000000000000000000
1000000000000000010000000001100000000000000000000
1000000000000000010000000001100000000000000000000
1000000000000000010000000001100000000000000000000
1000000000000000010000000001100000000000000000000
1000000000000000010000000001100000000000000000000
1100010000000000010000000001100000000000000000000
1100010000000000010000000001100000000000000000000
1111111110111110010000000001111011000001100100000
1111110111110110111101110111111011000001111111001
1000000000000000010000000001111011000001100100000
1000000000000000010000000001111011000001100100000
1000000000000000010000000001111011000001100100000
~~~
0.0 7.0 23.0 68.0 370.0 
0.0 32.0 5.0 38.0 147.0 
0.0 26.0 15.0 20.0 223.0 
0.0 41.0 2.0 19.0 75.0 
0.0 26.0 15.0 20.0 223.0 
0.0 19.0 14.0 48.0 268.0 
0.0 14.0 20.0 44.0 316.0 
0.0 41.0 2.0 19.0 75.0 
0.0 22.0 16.0 29.0 253.0 
0.0 41.0 2.0 19.0 75.0 
0.0 32.0 6.0 32.0 156.0 
0.0 19.0 19.0 30.0 281.0 
0.0 22.0 16.0 29.0 253.0 
0.0 40.0 2.0 28.0 80.0 
0.0 41.0 2.0 19.0 75.0 
0.0 28.0 11.0 25.0 197.0 
0.0 26.0 15.0 20.0 223.0 
0.0 26.0 15.0 20.0 223.0 
0.0 30.0 11.0 20.0 184.0 
0.0 39.0 3.0 23.0 91.0 
0.0 16.0 19.0 39.0 302.0 
0.0 41.0 2.0 19.0 75.0 
0.0 36.0 4.0 29.0 114.0 
0.0 32.0 6.0 32.0 156.0 
0.0 32.0 5.0 38.0 147.0 
0.0 30.0 11.0 20.0 184.0 
0.0 41.0 2.0 19.0 75.0 
0.0 41.0 2.0 19.0 75.0 
0.0 15.0 17.0 53.0 301.0 
0.0 19.0 14.0 48.0 268.0 
0.0 34.0 4.0 40.0 130.0 
0.0 30.0 11.0 20.0 184.0 
0.0 39.0 3.0 23.0 91.0 
0.0 28.0 11.0 25.0 197.0 
0.0 30.0 11.0 20.0 184.0 
0.0 33.0 10.0 16.0 150.0 
0.0 21.0 10.0 68.0 246.0 
0.0 32.0 5.0 38.0 147.0 
0.0 13.0 22.0 41.0 326.0 
0.0 38.0 3.0 26.0 97.0 
0.0 44.0 3.0 9.0 55.0 
0.0 38.0 3.0 26.0 97.0 
0.0 33.0 10.0 16.0 150.0 
0.0 38.0 3.0 26.0 97.0 
0.0 22.0 16.0 29.0 253.0 
0.0 32.0 5.0 38.0 147.0 
0.0 24.0 11.0 39.0 224.0 
0.0 29.0 11.0 23.0 186.0 
0.0 43.0 3.0 12.0 60.0 
0.0 19.0 11.0 77.0 257.0 
0.0 32.0 5.0 38.0 147.0 
0.0 44.0 3.0 9.0 55.0 
0.0 34.0 5.0 28.0 145.0 
0.0 27.0 10.0 32.0 202.0 
0.0 41.0 2.0 19.0 75.0 
0.0 19.0 14.0 48.0 268.0 
0.0 17.0 12.0 84.0 277.0 
0.0 39.0 3.0 23.0 91.0 
0.0 23.0 9.0 62.0 232.0 
0.0 35.0 8.0 16.0 131.0 
0.0 17.0 15.0 53.0 285.0 
0.0 44.0 3.0 9.0 55.0 
0.0 33.0 10.0 16.0 150.0 
0.0 41.0 2.0 19.0 75.0 
0.0 32.0 9.0 21.0 161.0 
0.0 13.0 17.0 68.0 310.0 
0.0 31.0 9.0 25.0 161.0 
0.0 40.0 2.0 28.0 80.0 
0.0 45.0 2.0 9.0 40.0 
0.0 30.0 6.0 39.0 172.0 
0.0 33.0 10.0 16.0 150.0 
0.0 30.0 6.0 39.0 172.0 
0.0 29.0 7.0 39.0 178.0 
0.0 33.0 4.0 57.0 135.0 
0.0 33.0 10.0 16.0 150.0 
0.0 27.0 14.0 20.0 213.0 
0.0 39.0 3.0 23.0 91.0 
0.0 33.0 10.0 16.0 150.0 
0.0 33.0 10.0 16.0 150.0 
0.0 17.0 16.0 48.0 280.0 
0.0 18.0 14.0 53.0 279.0 
0.0 35.0 7.0 19.0 127.0 
0.0 27.0 14.0 20.0 213.0 
0.0 27.0 14.0 20.0 213.0 
0.0 40.0 4.0 17.0 85.0 
0.0 13.0 20.0 48.0 321.0 
0.0 27.0 14.0 20.0 213.0 
0.0 17.0 18.0 39.0 290.0 
0.0 23.0 13.0 35.0 235.0 
0.0 13.0 20.0 48.0 321.0 
0.0 37.0 3.0 35.0 102.0 
0.0 36.0 7.0 16.0 121.0 
0.0 17.0 16.0 48.0 280.0 
0.0 39.0 3.0 23.0 91.0 
0.0 30.0 6.0 39.0 172.0 
0.0 36.0 7.0 16.0 121.0 
0.0 21.0 14.0 39.0 252.0 
0.0 8.0 23.0 63.0 359.0 
0.0 27.0 11.0 28.0 203.0 
0.0 18.0 14.0 53.0 279.0 
0.0 38.0 6.0 16.0 104.0 
0.0 37.0 3.0 35.0 102.0 
0.0 38.0 6.0 16.0 104.0 
0.0 35.0 7.0 19.0 127.0 
0.0 39.0 5.0 16.0 97.0 
0.0 38.0 3.0 26.0 97.0 
0.0 34.0 5.0 28.0 145.0 
0.0 29.0 9.0 31.0 177.0 
0.0 29.0 10.0 25.0 191.0 
0.0 27.0 11.0 28.0 203.0 
0.0 23.0 13.0 35.0 235.0 
0.0 19.0 17.0 35.0 274.0 
0.0 36.0 7.0 16.0 121.0 
0.0 36.0 7.0 16.0 121.0 
0.0 26.0 12.0 28.0 213.0 
0.0 38.0 6.0 16.0 104.0 
0.0 8.0 23.0 63.0 359.0 
0.0 27.0 14.0 20.0 213.0 
0.0 21.0 14.0 39.0 252.0 
0.0 12.0 18.0 68.0 320.0 
0.0 20.0 10.0 77.0 251.0 
0.0 21.0 14.0 39.0 252.0 
0.0 38.0 6.0 16.0 104.0 
0.0 37.0 3.0 35.0 102.0 
0.0 26.0 12.0 28.0 213.0 
0.0 26.0 10.0 38.0 199.0 
0.0 34.0 5.0 28.0 145.0 
0.0 36.0 4.0 29.0 114.0 
0.0 20.0 17.0 32.0 270.0 
0.0 26.0 12.0 28.0 213.0 
0.0 28.0 7.0 46.0 192.0 
0.0 18.0 19.0 32.0 291.0 
0.0 33.0 5.0 36.0 136.0 
0.0 18.0 19.0 32.0 291.0 
0.0 24.0 15.0 25.0 238.0 
0.0 34.0 8.0 19.0 137.0 
0.0 23.0 12.0 39.0 230.0 
0.0 23.0 12.0 39.0 230.0 
0.0 29.0 11.0 23.0 186.0 
0.0 24.0 15.0 25.0 238.0 
0.0 7.0 23.0 68.0 370.0 
0.0 32.0 6.0 32.0 156.0 
0.0 24.0 15.0 25.0 238.0 
0.0 7.0 23.0 68.0 370.0 
0.0 19.0 19.0 30.0 281.0 
0.0 28.0 6.0 62.0 171.0 
0.0 28.0 6.0 62.0 171.0 
0.0 28.0 6.0 62.0 171.0 
0.0 24.0 12.0 35.0 225.0 
0.0 16.0 16.0 53.0 291.0 
0.0 42.0 5.0 9.0 69.0 
0.0 42.0 5.0 9.0 69.0 
0.0 19.0 14.0 48.0 268.0 
0.0 24.0 15.0 25.0 238.0 
0.0 36.0 7.0 16.0 121.0 
0.0 12.0 23.0 41.0 338.0 
0.0 21.0 10.0 68.0 246.0 
0.0 42.0 5.0 9.0 69.0 
0.0 36.0 7.0 16.0 121.0 
0.0 34.0 8.0 19.0 137.0 
0.0 8.0 23.0 63.0 359.0 
0.0 42.0 5.0 9.0 69.0 
0.0 34.0 8.0 19.0 137.0 
0.0 42.0 5.0 9.0 69.0 
0.0 24.0 9.0 53.0 227.0 
0.0 24.0 9.0 53.0 227.0 
0.0 20.0 16.0 35.0 264.0 
0.0 42.0 5.0 9.0 69.0 
0.0 28.0 6.0 62.0 171.0 
0.0 21.0 10.0 68.0 246.0 
0.0 20.0 10.0 77.0 251.0 
0.0 17.0 12.0 84.0 277.0 
0.0 29.0 6.0 53.0 166.0 
0.0 42.0 5.0 9.0 69.0 
0.0 24.0 9.0 53.0 227.0 
0.0 21.0 10.0 68.0 246.0 
0.0 20.0 10.0 77.0 251.0 
0.0 29.0 6.0 53.0 166.0 
0.0 26.0 10.0 38.0 199.0 
0.0 29.0 6.0 53.0 166.0 
0.0 39.0 5.0 16.0 97.0 
0.0 32.0 8.0 26.0 149.0 
0.0 29.0 6.0 53.0 166.0 
0.0 31.0 6.0 35.0 167.0 
0.0 31.0 9.0 24.0 166.0 
0.0 36.0 4.0 27.0 120.0 
0.0 20.0 16.0 35.0 264.0 
0.0 21.0 10.0 68.0 246.0 
0.0 30.0 9.0 27.0 172.0 
0.0 36.0 4.0 27.0 120.0 
0.0 10.0 23.0 50.0 354.0 
0.0 26.0 10.0 38.0 199.0 
0.0 35.0 7.0 19.0 127.0 
0.0 36.0 7.0 16.0 121.0 
0.0 45.0 2.0 9.0 40.0 
0.0 45.0 2.0 9.0 40.0 
0.0 40.0 4.0 17.0 85.0 
0.0 45.0 2.0 9.0 40.0 
0.0 45.0 2.0 9.0 40.0 
0.0 45.0 2.0 9.0 40.0 
0.0 30.0 6.0 39.0 172.0 
0.0 45.0 2.0 9.0 40.0 
0.0 27.0 10.0 32.0 202.0 
0.0 45.0 2.0 9.0 40.0 
0.0 27.0 10.0 32.0 202.0 
0.0 45.0 2.0 9.0 40.0 
0.0 36.0 7.0 16.0 121.0 
0.0 45.0 2.0 9.0 40.0 
0.0 45.0 2.0 9.0 40.0 
0.0 45.0 2.0 9.0 40.0 
0.0 39.0 5.0 16.0 97.0 
0.0 33.0 4.0 57.0 135.0 
0.0 23.0 9.0 62.0 232.0 
0.0 29.0 6.0 46.0 186.0 
0.0 28.0 7.0 46.0 192.0 
0.0 14.0 21.0 41.0 316.0 
0.0 15.0 17.0 53.0 301.0 
0.0 14.0 16.0 68.0 304.0 
0.0 35.0 8.0 16.0 131.0 
0.0 25.0 9.0 48.0 216.0 
0.0 34.0 4.0 40.0 130.0 
0.0 23.0 9.0 62.0 232.0 
0.0 11.0 23.0 45.0 343.0 
0.0 27.0 6.0 69.0 185.0 
0.0 27.0 6.0 69.0 185.0 
0.0 27.0 6.0 69.0 185.0 
0.0 25.0 9.0 48.0 216.0 
0.0 27.0 6.0 69.0 185.0 
0.0 14.0 21.0 41.0 316.0 
0.0 30.0 9.0 27.0 172.0 
0.0 25.0 9.0 48.0 216.0 
0.0 12.0 23.0 41.0 338.0 
0.0 42.0 2.0 16.0 69.0 
0.0 35.0 4.0 31.0 125.0 
0.0 12.0 23.0 41.0 338.0 
0.0 23.0 13.0 35.0 235.0 
0.0 35.0 4.0 31.0 125.0 
0.0 35.0 4.0 31.0 125.0 
0.0 35.0 4.0 31.0 125.0 
0.0 35.0 4.0 31.0 125.0 
0.0 19.0 19.0 30.0 281.0 
0.0 35.0 4.0 31.0 125.0 
0.0 19.0 19.0 30.0 281.0 
0.0 13.0 22.0 41.0 326.0 
0.0 14.0 16.0 68.0 304.0 
0.0 24.0 11.0 39.0 224.0 
0.0 42.0 2.0 16.0 69.0 
0.0 34.0 5.0 28.0 145.0 
0.0 42.0 2.0 16.0 69.0 
0.0 34.0 9.0 16.0 143.0 
0.0 33.0 5.0 36.0 136.0 
0.0 42.0 2.0 16.0 69.0 
0.0 37.0 4.0 25.0 109.0 
0.0 19.0 10.0 84.0 265.0 
0.0 11.0 23.0 45.0 343.0 
0.0 35.0 8.0 16.0 131.0 
0.0 24.0 11.0 39.0 224.0 
0.0 11.0 23.0 45.0 343.0 
0.0 29.0 7.0 39.0 178.0 
0.0 17.0 12.0 84.0 277.0 
0.0 19.0 10.0 84.0 265.0 
0.0 19.0 10.0 84.0 265.0 
0.0 29.0 7.0 39.0 178.0 
0.0 17.0 15.0 53.0 285.0 
0.0 37.0 4.0 25.0 109.0 
0.0 37.0 4.0 25.0 109.0 
0.0 33.0 5.0 34.0 142.0 
0.0 31.0 6.0 35.0 167.0 
0.0 20.0 17.0 32.0 270.0 
0.0 29.0 7.0 39.0 178.0 
0.0 20.0 17.0 32.0 270.0 
0.0 29.0 9.0 31.0 177.0 
0.0 32.0 9.0 21.0 161.0 
0.0 31.0 9.0 24.0 166.0 
0.0 29.0 10.0 25.0 191.0 
0.0 18.0 18.0 35.0 285.0 
0.0 31.0 9.0 24.0 166.0 
0.0 24.0 12.0 35.0 225.0 
0.0 13.0 21.0 44.0 325.0 
0.0 42.0 2.0 16.0 69.0 
0.0 42.0 2.0 16.0 69.0 
0.0 42.0 2.0 16.0 69.0 
0.0 42.0 5.0 9.0 69.0 
0.0 27.0 14.0 20.0 213.0 
0.0 12.0 18.0 68.0 320.0 
0.0 43.0 3.0 12.0 60.0 
0.0 45.0 2.0 9.0 40.0 
0.0 43.0 3.0 12.0 60.0 
0.0 45.0 2.0 9.0 40.0 
0.0 45.0 2.0 9.0 40.0 
0.0 45.0 2.0 9.0 40.0 
0.0 45.0 2.0 9.0 40.0 
0.0 45.0 2.0 9.0 40.0 
0.0 43.0 3.0 12.0 60.0 
0.0 43.0 3.0 12.0 60.0 
0.0 25.0 9.0 48.0 216.0 
0.0 13.0 22.0 41.0 326.0 
0.0 38.0 3.0 26.0 97.0 
0.0 38.0 3.0 26.0 97.0 
0.0 38.0 3.0 26.0 97.0 
~~~
32.992
