1111010110000000010000110111100000000000000011001
1111100000000000010000110011100000000000000000000
1111110111000000010000111111111001000000000000000
1111110111000000010000111111111001011011111111001
1111100000000000010000110011100000000000000000000
1111010111000000010000111111111001000000000011001
1000000000000000010000110111111011000000000000000
1100010000000000010000000001111011000000000000000
1111111111000000010000000001111011000001110111001
1111110111000000010000000001111011000001110111001
1100010000000000010000000001111011000000000000000
1111111111000000010000000001111011000001110111001
1000000000000000010000110111111011000000000000000
1111010110000000010000110111100000000000000011001
1000000000000000010000110011100000000000000011001
1100010000000000010000000001111011000000000000000
1100000000000000010000000001100000000000000000000
1000000000000000010000110011100000000000000011001
1111100000000000010000111111100000000000000011001
1111111111000000010000000001111011000001110111001
1000000000000000010000110011100000000000000011001
1000000000000000010000110011100000000000000011001
1100010000000000010000000001111011000000000000000
1111010111000000010000111111111001000000000000000
1111110110000000010000110101111011000000000000000
1000000000000000010000110011100000000000000000000
1000000000000000010000110011100000000000000000000
1100010000000000010000000001111011000000000000000
1111111111000000010000111101111011000001110111001
1100010000000000010000000001111011000000000000000
1000000000000000010000000001100000000000000000000
1111010111000000010000111111111001000000000011001
1111110000000000010000000001100000000000000000000
1111111111000000010000111101111011000001110111001
1111110000000000010000000001100000000000000000000
1000000000000000010000000001100000000000000000000
1100010000000000010000000001111011000000000000000
1111010111000000010000111101111001000000000011001
1000000000000000010000110011100000000000000000000
1100010111000000010000000001111011000000000000000
1000000000000000010000110111111011000000000000000
1100010000000000010000000001111011000000000000000
1000000000000000010000110011100000000000000000000
1000000000000000010000110011100000000000000011001
1000000000000000010000110011100000000000000000000
1111110110000000010000110101111011000000000000000
1000000000000000010000000001100000000000000000000
1111110000000000010000000001100000000000000000000
1000000000000000010000110011100000000000000011001
1100010000000000010000000001111111000000000000000
1100000000000000010000000001100000000000000000000
1111111111000000010000000001111011011011110111001
1111010111000000010000111101111001000000000011001
1111111111000000010000000001111011011011110111001
1000000000000000010000110011100000000000000000000
1000000000000000010000110011100000000000000000000
1100010000000000010000000001111011000000000000000
1111010111000000010000111111111001000000000011001
1111111111000000010000111101111011000001110111001
1000000000000000010000110111111011000000000000000
1111100000000000010000111111100000000000000011001
1111110111000000010000111111111001011011111111001
1111010111000000010000111111111001000000000000000
1000000000000000010000110101111001000000000000000
1111110110000000010000110101111001000000000000000
1111110111000000010000111111111001000001110111001
1100000000000000010000110111100000000000000011001
1000000000000000010000110101111001000000000000000
1000000000000000010000110101111001000000000000000
1111110111000000010000111111111011011011110111001
1111110000000000010000000001100000000000000000000
1111010111000000010000110111111001000001110111001
1111111110000000010000000001111011011011110111001
1111110000000000010000000001111001000000000000000
1100000000000000010000110111100000000000000011001
1000000000000000010000110011100000000000000011001
1000000000000000010000110101111001000000000000000
1111110110000000010000110101111001000000000000000
1111010111000000010000111101111001000000000011001
1111100000000000010000110101111001000000000000000
1111100000000000010000110101111001000000000000000
1111010111000000010000111111111001000000000000000
1111100000000000010000110101111001000000000000000
1111010110000000010000110111100000000000000000000
1111111111000000010000000001111111000000000000000
1000000000000000010000110101111001000000000000000
1111100000000000010000110101111001000000000000000
1111110110000000010000110111100000000000000000000
1111111111000000010000110111111011000000000000000
1000000000000000010000110011100000000000000000000
1000000000000000010000110111111011000000000000000
1111110111000000010000110111111011000000000011001
1000000000000000010000110011100000000000000000000
1111010111000000010000111101111001000000000011001
1111010111000000010000111101111001000000000011001
1100000000000000010000110111100000000000000011001
1111111000000000010000000001111011000001110000000
1111110111000000010000111101111011000001110111001
1100000000000000010000000001100000000000000000000
1000000000000000010000110101111001000000000000000
1111111000000000010000000001111011000000000000000
1111111111000000010000110111111011000000000000000
1111110111000000010000111111111011011011111111001
1111010110000000010000110111100000000000000000000
1111111000000000010000000001111011000000000000000
1111110111000000010000110101111011000000000000000
1111111111000000010000000001111011111011110111001
1111110111000000010000111111111011011011111111001
1111111111000000010000000001111011011011110111001
1111111111000000010000000001111011011011110111001
1100010111000000010000000001111011000000000000000
1100000000000000010000110111100000000000000011001
1111100000000000010000111111100000000000000011001
1000000000000000010000110111100000000000000000000
1111111111000000010000000001111111000000000000000
1000000000000000010000110111100000000000000000000
1111110111000000010000111101111011000001110111001
1100000000000000010000110111100000000000000011001
1111110111000000010000110101111011000000000000000
1111100000000000010000110011100000000000000000000
1111110111000000010000110101111011000000000000000
1111010000000000010000000001111011000000000000000
1111111110000000010000000001111111011011110111001
1000000000000000010000000001100000000000000000000
1111010000000000010000000001111011000000000000000
1000000000000000010000110111100000000000000000000
1111110110000000010000110111100000000000000000000
1000000000000000010000000001100000000000000000000
1111110110000000010000110111100000000000000000000
1000000000000000010000000001100000000000000000000
1111010000000000010000000001111011000000000000000
1111111111000000010000110111111011000000000000000
1000000000000000010000000001100000000000000000000
1111010111000000010000111111111001000000000011001
1111100000000000010000110111100000000000000000000
1111010000000000010000000001111011000000000000000
1100010111000000010000000001111011000000000000000
1111111111000000010000111111111011011011111111001
1100000000000000010000110111100000000000000011001
1000000000000000010000110111100000000000000011001
1000000000000000010000110111100000000000000011001
1111110111000000010000111111111001000000000011001
1111111111000000010000000001111111000001110000000
1111111111000000010000000001111111000001110000000
1000000000000000010000000001111011000000000000000
1000000000000000010000000001111011000000000000000
1111100000000000010000111111100000000000000011001
1111111111000000010000000001111111000001110000000
1000000000000000010000000001111011000000000000000
1100010000000000010000000001111111000000000000000
1111111110000000010000000001111111000000000000000
1111111110000000010000000001111111000000000000000
1111111110000000010000000001111111000000000000000
1000000000000000010000000001111011000000000000000
1111111110000000010000000001111111000000000000000
1111111000000000010000000001111011000001110000000
1000000000000000010000000001111011000000000000000
1111010111000000010000110101111001000000000000000
1000000000000000010000000001111011000000000000000
1000000000000000010000000001111011000000000000000
1111010111000000010000110101111001000000000000000
1100010111000000010000111111111001000000000000000
1111111110000000010000000001111011011011110111001
1111110000000000010000000001111001000000000000000
1000000000000000010000000001111011000000000000000
1111111110000000010000000001111011011011110111001
1000000000000000010000000001111011000000000000000
1111111111000000010000111111111011011011111111001
1100010000000000010000000001100000000000000000000
1111010111000000010000000001111011000000000000000
1000000000000000010000000001100000000000000000000
1000000000000000010000000001100000000000000000000
1000000000000000010000000001100000000000000000000
1000000000000000010000000001100000000000000000000
1100000000000000010000000001100000000000000000000
1111100000000000010000110111100000000000000011001
1111111111000000010000111111111001000001110111001
1111010111000000010000000001111011000000000000000
1100010111000000010000000001111011000000000000000
1000000000000000010000000001100000000000000000000
1000000000000000010000000001100000000000000000000
1111110111000000010000110111111001000001110111001
1000000000000000010000000001100000000000000000000
1111010111000000010000000001111011000000000000000
1111010111000000010000000001111011000000000000000
1111100000000000010000110111100000000000000011001
1111111111000000010000111111111011011011111111001
1111100000000000010000110111100000000000000011001
1111100000000000010000110111100000000000000011001
1100000000000000010000000001100000000000000000000
1000000000000000010000000001111011000000000000000
1111111110000000010000000001111111011011110111001
1000000000000000010000110111100000000000000000000
1000000000000000010000110111100000000000000000000
1111110000000000010000000001111001000000000000000
1111110111000000010000111111111001011011111111001
1111111111000000010000110111111011011011110111001
1111111110000000010000000001111011000001110111001
1111111110000000010000000001111011000001110111001
1111110111000000010000111111111001000000000000000
1111110000000000010000000001111011000000000000000
1111100000000000010000110111100000000000000011001
1111110111000000010000110111111001000001110111001
1111111111000000010000000001111011111011100111001
1111110111000000010000000001111011000001110111001
1111111111000000010000000001111011111011100111001
1111111111000000010000110111111011011011110111001
1111110111000000010000110111111001000001110111001
1111111110000000010000000001111011000001110111001
1111110111000000010000111111111001000000000011001
1111110111000000010000111111111001000000000011001
1111110000000000010000000001111011000000000000000
1111110111000000010000111111111001000001110111001
1111110111000000010000111111111001000001110111001
1111110111000000010000000001111011000001110111001
1111110000000000010000000001111011000000000000000
1000000000000000010000110111100000000000000000000
1111111110000000010000000001111011000000000000000
1111110000000000010000000001111011000000000000000
1111111110000000010000000001111011000000000000000
1111111111000000010000000001111011000001110000000
1111110111000000010000111111111001000001110111001
1111110111000000010000000001111011000000000000000
1111110111000000010000110111111011000000000011001
1111111111000000010000110111111011000000000000000
1000000000000000010000000001100000000000000000000
1000000000000000010000110111100000000000000000000
1111010110000000010000110111100000000000000011001
1000000000000000010000000001100000000000000000000
1111010110000000010000110111100000000000000011001
1111110000000000010000000001111011000000000000000
1000000000000000010000000001100000000000000000000
1000000000000000010000000001100000000000000000000
1111110111000000010000110111111011000000000011001
1000000000000000010000000001100000000000000000000
1000000000000000010000000001111011000000000000000
1111110110000000010000110101111001000000000000000
1111111111000000010000000001111011011011110000000
1111111000000000010000000001111011000000000000000
1111111000000000010000000001111011000000000000000
1111111110000000010000000001111011000000000000000
1111111110000000010000000001111011000000000000000
1111111110000000010000000001111011000000000000000
1111111111000000010000000001111011111011110111001
1111111110000000010000000001111011000000000000000
1111110111000000010000111111111011011011110111001
1111110110000000010000110101111001000000000000000
1111110111000000010000110111111011000000000000000
1000000000000000010000110111100000000000000000000
1000000000000000010000110111100000000000000011001
1000000000000000010000110111100000000000000011001
1111110111000000010000000001111011000000000000000
1111110111000000010000110111111011000000000000000
1111110111000000010000000001111011000000000000000
1111100000000000010000110011100000000000000011001
1111110111000000010000110101111001000000000000000
1111111000000000010000000001111011000000000000000
1111111000000000010000000001111011000000000000000
1111100000000000010000110111100000000000000000000
1111111111000000010000000001111011000001110000000
1100010000000000010000000001100000000000000000000
1000000000000000010000110111100000000000000011001
1000000000000000010000110111100000000000000011001
1100010000000000010000000001100000000000000000000
1111011000000000010000000001111011000000000000000
1100010000000000010000000001100000000000000000000
1111111000000000010000000001111011000000000000000
1111111111000000010000000001111011000001110000000
1100010000000000010000000001100000000000000000000
1111110110000000010000110101111011000000000000000
1100010000000000010000000001100000000000000000000
1100010000000000010000000001100000000000000000000
1111011000000000010000000001111011000000000000000
1111111111000000010000000001111011011011110000000
1000000000000000010000110111100000000000000011001
1111110111000000010000111111111011011011111111001
1111010111000000010000110111111001000001110111001
1111010111000000010000110111111001000001110111001
1111111111000000010000000001111011000000000000000
1111111111000000010000000001111011000000000000000
1100010111000000010000111111111001000000000000000
1111110000000000010000000001100000000000000000000
1111111111000000010000000001111011011011110000000
1100010000000000010000000001100000000000000000000
1111111111000000010000000001111011011011110000000
1100010000000000010000000001100000000000000000000
1100010000000000010000000001100000000000000000000
1111111111000000010000000001111011011011110000000
1111111111000000010000000001111011011011110000000
1111111111000000010000000001111011000001110000000
1000000000000000010000000001111011000000000000000
1000000000000000010000000001111011000000000000000
1000000000000000010000000001111011000000000000000
1111111111000000010000000001111011000001110000000
1111111111000000010000000001111011000001110000000
1111111111000000010000000001111011000001110000000
1000000000000000010000000001111011000000000000000
1111010110000000010000110111100000000000000000000
1111010110000000010000110111100000000000000000000
1111110111000000010000000001111011000000000000000
~~~
0.0 32.0 12.0 16.0 163.0 
0.0 38.0 7.0 14.0 108.0 
0.0 29.0 11.0 25.0 192.0 
0.0 18.0 18.0 44.0 284.0 
0.0 38.0 7.0 14.0 108.0 
0.0 27.0 14.0 23.0 210.0 
0.0 37.0 6.0 19.0 110.0 
0.0 39.0 3.0 22.0 95.0 
0.0 25.0 11.0 39.0 217.0 
0.0 26.0 11.0 35.0 212.0 
0.0 39.0 3.0 22.0 95.0 
0.0 25.0 11.0 39.0 217.0 
0.0 37.0 6.0 19.0 110.0 
0.0 32.0 12.0 16.0 163.0 
0.0 39.0 8.0 9.0 97.0 
0.0 39.0 3.0 22.0 95.0 
0.0 44.0 3.0 9.0 55.0 
0.0 39.0 8.0 9.0 97.0 
0.0 33.0 12.0 14.0 156.0 
0.0 25.0 11.0 39.0 217.0 
0.0 39.0 8.0 9.0 97.0 
0.0 39.0 8.0 9.0 97.0 
0.0 39.0 3.0 22.0 95.0 
0.0 30.0 11.0 23.0 181.0 
0.0 31.0 8.0 28.0 170.0 
0.0 42.0 5.0 9.0 68.0 
0.0 42.0 5.0 9.0 68.0 
0.0 39.0 3.0 22.0 95.0 
0.0 21.0 15.0 39.0 254.0 
0.0 39.0 3.0 22.0 95.0 
0.0 45.0 2.0 9.0 40.0 
0.0 27.0 14.0 23.0 210.0 
0.0 40.0 4.0 17.0 85.0 
0.0 21.0 15.0 39.0 254.0 
0.0 40.0 4.0 17.0 85.0 
0.0 45.0 2.0 9.0 40.0 
0.0 39.0 3.0 22.0 95.0 
0.0 28.0 13.0 23.0 200.0 
0.0 42.0 5.0 9.0 68.0 
0.0 36.0 5.0 23.0 126.0 
0.0 37.0 6.0 19.0 110.0 
0.0 39.0 3.0 22.0 95.0 
0.0 42.0 5.0 9.0 68.0 
0.0 39.0 8.0 9.0 97.0 
0.0 42.0 5.0 9.0 68.0 
0.0 31.0 8.0 28.0 170.0 
0.0 45.0 2.0 9.0 40.0 
0.0 40.0 4.0 17.0 85.0 
0.0 39.0 8.0 9.0 97.0 
0.0 38.0 3.0 31.0 100.0 
0.0 44.0 3.0 9.0 55.0 
0.0 22.0 12.0 51.0 237.0 
0.0 28.0 13.0 23.0 200.0 
0.0 22.0 12.0 51.0 237.0 
0.0 42.0 5.0 9.0 68.0 
0.0 42.0 5.0 9.0 68.0 
0.0 39.0 3.0 22.0 95.0 
0.0 27.0 14.0 23.0 210.0 
0.0 21.0 15.0 39.0 254.0 
0.0 37.0 6.0 19.0 110.0 
0.0 33.0 12.0 14.0 156.0 
0.0 18.0 18.0 44.0 284.0 
0.0 30.0 11.0 23.0 181.0 
0.0 39.0 5.0 16.0 94.0 
0.0 32.0 8.0 25.0 164.0 
0.0 22.0 16.0 32.0 253.0 
0.0 37.0 10.0 9.0 119.0 
0.0 39.0 5.0 16.0 94.0 
0.0 39.0 5.0 16.0 94.0 
0.0 18.0 17.0 47.0 279.0 
0.0 40.0 4.0 17.0 85.0 
0.0 24.0 15.0 30.0 230.0 
0.0 23.0 11.0 51.0 231.0 
0.0 37.0 4.0 24.0 114.0 
0.0 37.0 10.0 9.0 119.0 
0.0 39.0 8.0 9.0 97.0 
0.0 39.0 5.0 16.0 94.0 
0.0 32.0 8.0 25.0 164.0 
0.0 28.0 13.0 23.0 200.0 
0.0 35.0 7.0 21.0 134.0 
0.0 35.0 7.0 21.0 134.0 
0.0 30.0 11.0 23.0 181.0 
0.0 35.0 7.0 21.0 134.0 
0.0 35.0 9.0 16.0 134.0 
0.0 31.0 6.0 41.0 161.0 
0.0 39.0 5.0 16.0 94.0 
0.0 35.0 7.0 21.0 134.0 
0.0 34.0 9.0 18.0 145.0 
0.0 28.0 10.0 32.0 191.0 
0.0 42.0 5.0 9.0 68.0 
0.0 37.0 6.0 19.0 110.0 
0.0 26.0 13.0 28.0 215.0 
0.0 42.0 5.0 9.0 68.0 
0.0 28.0 13.0 23.0 200.0 
0.0 28.0 13.0 23.0 200.0 
0.0 37.0 10.0 9.0 119.0 
0.0 32.0 6.0 36.0 147.0 
0.0 22.0 15.0 35.0 249.0 
0.0 44.0 3.0 9.0 55.0 
0.0 39.0 5.0 16.0 94.0 
0.0 35.0 4.0 31.0 125.0 
0.0 28.0 10.0 32.0 191.0 
0.0 17.0 18.0 47.0 290.0 
0.0 35.0 9.0 16.0 134.0 
0.0 35.0 4.0 31.0 125.0 
0.0 30.0 9.0 28.0 176.0 
0.0 21.0 12.0 58.0 251.0 
0.0 17.0 18.0 47.0 290.0 
0.0 22.0 12.0 51.0 237.0 
0.0 22.0 12.0 51.0 237.0 
0.0 36.0 5.0 23.0 126.0 
0.0 37.0 10.0 9.0 119.0 
0.0 33.0 12.0 14.0 156.0 
0.0 41.0 6.0 9.0 75.0 
0.0 31.0 6.0 41.0 161.0 
0.0 41.0 6.0 9.0 75.0 
0.0 22.0 15.0 35.0 249.0 
0.0 37.0 10.0 9.0 119.0 
0.0 30.0 9.0 28.0 176.0 
0.0 38.0 7.0 14.0 108.0 
0.0 30.0 9.0 28.0 176.0 
0.0 37.0 4.0 25.0 109.0 
0.0 22.0 11.0 60.0 236.0 
0.0 45.0 2.0 9.0 40.0 
0.0 37.0 4.0 25.0 109.0 
0.0 41.0 6.0 9.0 75.0 
0.0 34.0 9.0 18.0 145.0 
0.0 45.0 2.0 9.0 40.0 
0.0 34.0 9.0 18.0 145.0 
0.0 45.0 2.0 9.0 40.0 
0.0 37.0 4.0 25.0 109.0 
0.0 28.0 10.0 32.0 191.0 
0.0 45.0 2.0 9.0 40.0 
0.0 27.0 14.0 23.0 210.0 
0.0 37.0 8.0 14.0 115.0 
0.0 37.0 4.0 25.0 109.0 
0.0 36.0 5.0 23.0 126.0 
0.0 16.0 18.0 51.0 295.0 
0.0 37.0 10.0 9.0 119.0 
0.0 38.0 9.0 9.0 104.0 
0.0 38.0 9.0 9.0 104.0 
0.0 26.0 14.0 25.0 221.0 
0.0 28.0 8.0 46.0 183.0 
0.0 28.0 8.0 46.0 183.0 
0.0 41.0 2.0 19.0 75.0 
0.0 41.0 2.0 19.0 75.0 
0.0 33.0 12.0 14.0 156.0 
0.0 28.0 8.0 46.0 183.0 
0.0 41.0 2.0 19.0 75.0 
0.0 38.0 3.0 31.0 100.0 
0.0 32.0 5.0 41.0 155.0 
0.0 32.0 5.0 41.0 155.0 
0.0 32.0 5.0 41.0 155.0 
0.0 41.0 2.0 19.0 75.0 
0.0 32.0 5.0 41.0 155.0 
0.0 32.0 6.0 36.0 147.0 
0.0 41.0 2.0 19.0 75.0 
0.0 32.0 9.0 23.0 159.0 
0.0 41.0 2.0 19.0 75.0 
0.0 41.0 2.0 19.0 75.0 
0.0 32.0 9.0 23.0 159.0 
0.0 32.0 10.0 20.0 167.0 
0.0 23.0 11.0 51.0 231.0 
0.0 37.0 4.0 24.0 114.0 
0.0 41.0 2.0 19.0 75.0 
0.0 23.0 11.0 51.0 231.0 
0.0 41.0 2.0 19.0 75.0 
0.0 16.0 18.0 51.0 295.0 
0.0 43.0 3.0 12.0 60.0 
0.0 34.0 6.0 26.0 140.0 
0.0 45.0 2.0 9.0 40.0 
0.0 45.0 2.0 9.0 40.0 
0.0 45.0 2.0 9.0 40.0 
0.0 45.0 2.0 9.0 40.0 
0.0 44.0 3.0 9.0 55.0 
0.0 34.0 11.0 14.0 144.0 
0.0 21.0 16.0 36.0 258.0 
0.0 34.0 6.0 26.0 140.0 
0.0 36.0 5.0 23.0 126.0 
0.0 45.0 2.0 9.0 40.0 
0.0 45.0 2.0 9.0 40.0 
0.0 23.0 15.0 32.0 241.0 
0.0 45.0 2.0 9.0 40.0 
0.0 34.0 6.0 26.0 140.0 
0.0 34.0 6.0 26.0 140.0 
0.0 34.0 11.0 14.0 144.0 
0.0 16.0 18.0 51.0 295.0 
0.0 34.0 11.0 14.0 144.0 
0.0 34.0 11.0 14.0 144.0 
0.0 44.0 3.0 9.0 55.0 
0.0 41.0 2.0 19.0 75.0 
0.0 22.0 11.0 60.0 236.0 
0.0 41.0 6.0 9.0 75.0 
0.0 41.0 6.0 9.0 75.0 
0.0 37.0 4.0 24.0 114.0 
0.0 18.0 18.0 44.0 284.0 
0.0 18.0 16.0 51.0 272.0 
0.0 26.0 10.0 39.0 211.0 
0.0 26.0 10.0 39.0 211.0 
0.0 29.0 11.0 25.0 192.0 
0.0 36.0 4.0 27.0 120.0 
0.0 34.0 11.0 14.0 144.0 
0.0 23.0 15.0 32.0 241.0 
0.0 22.0 11.0 58.0 241.0 
0.0 26.0 11.0 35.0 212.0 
0.0 22.0 11.0 58.0 241.0 
0.0 18.0 16.0 51.0 272.0 
0.0 23.0 15.0 32.0 241.0 
0.0 26.0 10.0 39.0 211.0 
0.0 26.0 14.0 25.0 221.0 
0.0 26.0 14.0 25.0 221.0 
0.0 36.0 4.0 27.0 120.0 
0.0 22.0 16.0 32.0 253.0 
0.0 22.0 16.0 32.0 253.0 
0.0 26.0 11.0 35.0 212.0 
0.0 36.0 4.0 27.0 120.0 
0.0 41.0 6.0 9.0 75.0 
0.0 33.0 5.0 32.0 150.0 
0.0 36.0 4.0 27.0 120.0 
0.0 33.0 5.0 32.0 150.0 
0.0 29.0 8.0 37.0 178.0 
0.0 22.0 16.0 32.0 253.0 
0.0 33.0 6.0 28.0 151.0 
0.0 26.0 13.0 28.0 215.0 
0.0 28.0 10.0 32.0 191.0 
0.0 45.0 2.0 9.0 40.0 
0.0 41.0 6.0 9.0 75.0 
0.0 32.0 12.0 16.0 163.0 
0.0 45.0 2.0 9.0 40.0 
0.0 32.0 12.0 16.0 163.0 
0.0 36.0 4.0 27.0 120.0 
0.0 45.0 2.0 9.0 40.0 
0.0 45.0 2.0 9.0 40.0 
0.0 26.0 13.0 28.0 215.0 
0.0 45.0 2.0 9.0 40.0 
0.0 41.0 2.0 19.0 75.0 
0.0 32.0 8.0 25.0 164.0 
0.0 26.0 9.0 49.0 198.0 
0.0 35.0 4.0 31.0 125.0 
0.0 35.0 4.0 31.0 125.0 
0.0 33.0 5.0 32.0 150.0 
0.0 33.0 5.0 32.0 150.0 
0.0 33.0 5.0 32.0 150.0 
0.0 21.0 12.0 58.0 251.0 
0.0 33.0 5.0 32.0 150.0 
0.0 18.0 17.0 47.0 279.0 
0.0 32.0 8.0 25.0 164.0 
0.0 29.0 10.0 28.0 186.0 
0.0 41.0 6.0 9.0 75.0 
0.0 38.0 9.0 9.0 104.0 
0.0 38.0 9.0 9.0 104.0 
0.0 33.0 6.0 28.0 151.0 
0.0 29.0 10.0 28.0 186.0 
0.0 33.0 6.0 28.0 151.0 
0.0 35.0 10.0 14.0 137.0 
0.0 31.0 9.0 25.0 170.0 
0.0 35.0 4.0 31.0 125.0 
0.0 35.0 4.0 31.0 125.0 
0.0 37.0 8.0 14.0 115.0 
0.0 29.0 8.0 37.0 178.0 
0.0 43.0 3.0 12.0 60.0 
0.0 38.0 9.0 9.0 104.0 
0.0 38.0 9.0 9.0 104.0 
0.0 43.0 3.0 12.0 60.0 
0.0 36.0 4.0 29.0 114.0 
0.0 43.0 3.0 12.0 60.0 
0.0 35.0 4.0 31.0 125.0 
0.0 29.0 8.0 37.0 178.0 
0.0 43.0 3.0 12.0 60.0 
0.0 31.0 8.0 28.0 170.0 
0.0 43.0 3.0 12.0 60.0 
0.0 43.0 3.0 12.0 60.0 
0.0 36.0 4.0 29.0 114.0 
0.0 26.0 9.0 49.0 198.0 
0.0 38.0 9.0 9.0 104.0 
0.0 17.0 18.0 47.0 290.0 
0.0 24.0 15.0 30.0 230.0 
0.0 24.0 15.0 30.0 230.0 
0.0 32.0 6.0 32.0 156.0 
0.0 32.0 6.0 32.0 156.0 
0.0 32.0 10.0 20.0 167.0 
0.0 40.0 4.0 17.0 85.0 
0.0 26.0 9.0 49.0 198.0 
0.0 43.0 3.0 12.0 60.0 
0.0 26.0 9.0 49.0 198.0 
0.0 43.0 3.0 12.0 60.0 
0.0 43.0 3.0 12.0 60.0 
0.0 26.0 9.0 49.0 198.0 
0.0 26.0 9.0 49.0 198.0 
0.0 29.0 8.0 37.0 178.0 
0.0 41.0 2.0 19.0 75.0 
0.0 41.0 2.0 19.0 75.0 
0.0 41.0 2.0 19.0 75.0 
0.0 29.0 8.0 37.0 178.0 
0.0 29.0 8.0 37.0 178.0 
0.0 29.0 8.0 37.0 178.0 
0.0 41.0 2.0 19.0 75.0 
0.0 35.0 9.0 16.0 134.0 
0.0 35.0 9.0 16.0 134.0 
0.0 33.0 6.0 28.0 151.0 
~~~
60.688
