1111111000000000010000000001111011000001100100000
1000000000000000010000000001111111000001100100000
1000000000000000010000000001100000000000000011001
1000000000000000011101110111111011000000000011001
1111110000000000010000000001111011000000000000000
1000000000000000010000000001100000000000000011001
1000000000000000010000110101111011000000000000000
1111111110000000011101110101111011000000000000000
1000000000000000010000000001111111000001100100000
1111111000000000010000000001111011000000000000000
1111111110000000010000000001111011011101100100000
1111111000000000010000000001111011000001100100000
1111111110000000011101110101111011100001100100000
1000000000000000011101110111100000000000000011001
1000000000000000010000000001100000000000000011001
1000000000000000010000000001100000000000000011001
1111011000000000010000000001111011000001100100000
1000000000000000010000000001100000000000000011001
1111111000000000010000000001111011000000000000000
1111110110000000010000000001111001000000000000000
1111011000000000010000000001111011000001100100000
1000000000000000011101110111100000000000000000000
1000000000000000010000110101111001000000000000000
1000000000000000010000000001100000000000000000000
1111110000000000010000000001111011000000000000000
1111111111000000010000000001111011011101100100000
1000000000000000010000000001100000000000000000000
1000000000000000011101110101111001000001100100000
1111010110000000011101110101100000000000000011001
1000000000000000010000000001100000000000000011001
1000000000000000010000000001100000000000000000000
1111110000000000010000000001111011000000000000000
1111111000000000010000000001111011000000000000000
1111110000000000011101110101111011000000000000000
1000000000000000011101110111111011000000000011001
1000000000000000010000000001100000000000000000000
1000000000000000010000000001100000000001100100000
1111111110000000010000000001111111000001100100000
1000000000000000010000000001100000000000000000000
1111011000000000010000000001111011000001100100000
1000000000000000010000000001100000000000000000000
1111111111000000010000000001111011000001100100000
1000000000000000010000000001100000000000000000000
1111110000000000010000000001100000000000000000000
1000000000000000011101110111100000000000000000000
1000000000000000010000000001100000000000000000000
1111111000000000011101110101111011000000000000000
1111111110000000011101110101111011111101100100000
1000000000000000011101110101100000000001100100000
1000000000000000010000000001100000000000000011001
1000000000000000011101110111100000000000000011001
1111111110000000011101110101111011000000000000000
1000000000000000010000000001100000000000000000000
1000000000000000011101110101111011000001100100000
1111110000000000011101110101111011000000000000000
1000000000000000010000000001100000000000000000000
1000000000000000010000000001100000000000000000000
1111010110000000011101110101100000000000000000000
1000000000000000010000000001100000000000000000000
1111111000000000010000000001111011000001100100000
1111111111000000010000000001111011000001100100000
1000000000000000011101110111100000000000000011001
1000000000000000010000000001100000000000000000000
1111010110000000011101110101100000000000000011001
1111111000000000010000000001111011000000000000000
1000000000000000011101110111100000000000000000000
1111110111000000010000000001111001000000000000000
1111111000000000010000000001111011111101100100000
1000000000000000010000000001100000000000000000000
1000000000000000010000000001100000000000000000000
1111110111000000010000000001111001000000000000000
1000000000000000010000000001100000000000000000000
1111111110000000011101110101111011100001100100000
1111111000000000010000000001111011000000000000000
1111110111000000011101110101111011000000000011001
1000000000000000010000000001111111000001100100000
1111000000000000011101110101100000000000000000000
1111010000000000011101110101111011000000000000000
1111111000000000010000000001111111000000000000000
1000000000000000010000000001111001000001100100000
1000000000000000011101110111100000000000000011001
1000000000000000011101110111100000000000000000000
1000000000000000011101110111100000000000000000000
1111010000000000010000000001111011000000000000000
1000000000000000010000000001111111000001100100000
1000000000000000010000000001111111100001100100000
1000000000000000010000000001111111111101100100000
1111111111000000011101110111111011000000000011001
1000000000000000010000000001111111111101100100000
1111111000000000010000000001111111000001100100000
1111110000000000011101110101111011000000000000000
1111111110000000011101110101111011000001100100000
1111110110000000010000000001111001000000000000000
1111111000000000010000000001111111000001100100000
1111111111000000011101110111111011000000000011001
1000000000000000010000110101111011000000000000000
1111110000000000010000000001111011000001100100000
1111111111000000010000000001111111011101100100000
1111111000000000010000000001111111000001100100000
1111111111000000011101110101111011000001100100000
1111011000000000010000000001111011000000000000000
1111111111000000011101110101111011111101100100000
1111110110000000011101110101100000000000000000000
1100000000000000011101111111100000000000000011001
1111111000000000010000000001111111000000000000000
1100000000000000011101111111100000000000000011001
1111110110000000011101110101111011000000000000000
1111111110000000010000000001111011011101100100000
1000000000000000010000000001111011000001100100000
1000000000000000010000000001111111100001100100000
1000000000000000011101110111100000000000000011001
1111111000000000010000000001111111000001100100000
1111111000000000010000000001111111000000000000000
1000000000000000011101110101100000000000000000000
1111111000000000010000000001111111000001100100000
1111110111000000011101111111111011000000000011001
1111111111000000011101111111111011000001100100000
1111111000000000010000000001111111111101100100000
1111111111000000011101110101111011000001100100000
1111110111000000011101110101111011000000000000000
1111110111000000011101110101111011000000000000000
1000000000000000011101110101100000000001100100000
1000000000000000010000000001111011000001100100000
1000000000000000011101110101100000000000000000000
1000000000000000010000000001111011000001100100000
1100000000000000011101111111100000000000000011001
1000000000000000010000110101111011000000000000000
1111111000000000010000000001111011111101100100000
1000000000000000011101110101100000000001100100000
1111111111000000011101111111111111100001100100000
1111110111000000011101111111111011000000000011001
1000000000000000010000110101111011000000000000000
1100010110000000010000000001111011000000000000000
1111111111000000010000000001111011000001110100000
1111110111000000011101111111111011000000000011001
1111111111000000011101110101111011111101100100000
1111110000000000011101110101100000000000000000000
1000000000000000010000000001111001000000000000000
1111110110000000011101110101100000000000000000000
1111110110000000011101110101100000000000000000000
1111110111000000011101111111111011000000000011001
1100010110000000010000000001111011000000000000000
1111110111000000011101111111111011000000000011001
1000000000000000011101110101100000000000000000000
1000000000000000011101110101100000000000000000000
1111110111000000011101111111111011000000000011001
1000000000000000011101110101100000000000000000000
1000000000000000011101110101100000000000000000000
1000000000000000011101110101100000000000000000000
1111111110000000010000000001111111100001100100000
1000000000000000011101110101100000000000000000000
1000000000000000011101110101100000000000000000000
1000000000000000011101110101100000000000000000000
1111110111000000011101110101111011000000000000000
1111110111000000010000000001111011000000000000000
1000000000000000011101110111100000000000000011001
1000000000000000010000000001111001000001100100000
1000000000000000011101110101111011000000000000000
1111110110000000011101110101111011000000000000000
1111111110000000010000000001111011111101100100000
1111010110000000011101111101100000000000000011001
1111010110000000011101111101100000000000000011001
1100010110000000010000000001111011000000000000000
1000000000000000010000000001111001000000000000000
1000000000000000010000000001111011000000000000000
1000000000000000011101110101111011000000000000000
1111111111000000010000000001111111011101100100000
1111110000000000010000000001100000000000000000000
1000000000000000010000000001111011000000000000000
1000000000000000010000000001111011000001100100000
1111110110000000011101110101111011000000000000000
1111111000000000010000000001111111111101100100000
1111111111000000011101111111111011000001100100000
1111010110000000011101111101100000000000000011001
1111111110000000010000000001111011000000000000000
1000000000000000010000000001100000000000000011001
1111111110000000010000000001111111000001100100000
1111010110000000011101110101100000000000000011001
1000000000000000010000000001111011000000000000000
1000000000000000010000110101111001000000000000000
1111110110000000010000000001111011000000000000000
1111000000000000011101111101100000000000000011001
1111110110000000010000000001111011000000000000000
1000000000000000011101110101111011000000000000000
1111111000000000011101110101111011000000000000000
1000000000000000011101110101111001000001100100000
1111110000000000011101110101100000000000000011001
1111111000000000011101110101111011000001100100000
1111000000000000011101110101100000000000000000000
1111110110000000010000000001111011000001100100000
1000000000000000011101110101111011000000000000000
1000000000000000011101110101111011000000000000000
1111110111000000011101111111111001000000000000000
1000000000000000011101110101111011000001100100000
1111110110000000010000000001111011000000000000000
1111111111000000011101110101111011000000000000000
1111100000000000011101110101111011000000000000000
1000000000000000011101110101111011000000000000000
1111111000000000011101110101111011000001100100000
1000000000000000010000000001111011000001100100000
1000000000000000010000000001111011000001100100000
1000000000000000010000000001111011000001100100000
1111000000000000011101110101100000000000000000000
1111111110000000010000000001111011111101100100000
1111111111000000010000000001111111111101100100000
1111010000000000010000000001111011000000000000000
1111111111000000011101110111111011000001100100000
1000000000000000010000000001111001000000000000000
1000000000000000010000000001100000000001100100000
1111111111000000010000000001111011000001110100000
1111111000000000010000000001111011000001100100000
1111111111000000011101111111111111000001100100000
1111111111000000011101110111111011000001100100000
1000000000000000010000000001111001000000000000000
1000000000000000010000000001111001000000000000000
1000000000000000010000000001111001000000000000000
1111110111000000010000000001111011000000000000000
1111010000000000010000000001111011000000000000000
1000000000000000010000000001111001000000000000000
1000000000000000010000000001111001000000000000000
1111110110000000010000000001111011000001100100000
1111110000000000011101110101100000000000000000000
1111111111000000011101110101111011000000000000000
1111111110000000011101110101111011100001100100000
1000000000000000010000110101111001000000000000000
1111111111000000011101110111111011000000000000000
1111011000000000010000000001111011000000000000000
1000000000000000010000000001111001000000000000000
1100000000000000010000000001100000000000000000000
1100000000000000010000000001100000000000000000000
1111110111000000011101111111111001000000000000000
1111110111000000011101111111111001000000000000000
1100000000000000010000000001100000000000000000000
1111110110000000011101110101111011000001100100000
1100000000000000010000000001100000000000000000000
1100000000000000010000000001100000000000000000000
1100000000000000010000000001100000000000000000000
1111110111000000011101110101111011000000000011001
1111110110000000011101110101111011000000000000000
1111010110000000011101110101100000000000000000000
1111111111000000010000000001111011000001100100000
1000000000000000010000000001111001000001100100000
1000000000000000010000000001111111000000000000000
1000000000000000010000000001111111000000000000000
1000000000000000010000000001111111000000000000000
1111010110000000011101110101100000000000000000000
1111111000000000010000000001111111111101100100000
1000000000000000010000000001111111000000000000000
1000000000000000010000000001111111000000000000000
1100000000000000010000000001100000000000000000000
1111111110000000011101110101111011111101100100000
1111110000000000010000000001100000000000000000000
1111110000000000010000000001100000000000000000000
1100000000000000011101111101100000000000000011001
1111111110000000011101110101111011000001100100000
1111111111000000010000000001111111111101100100000
1000000000000000010000000001111001000001100100000
1111111110000000010000000001111111100001100100000
1000000000000000010000000001111001000001100100000
1111111111000000010000000001111111111101100100000
1100000000000000011101111101100000000000000011001
1000000000000000010000000001111001000001100100000
1111111000000000010000000001111011000000000000000
1000000000000000010000000001111011000000000000000
1000000000000000011101110101111011000000000000000
1000000000000000011101110101111011000000000000000
1111110111000000011101110101111011000001100100000
1000000000000000011101111111100000000000000000000
1111111111000000010000000001111011000001100100000
1111111111000000010000000001111011000001100100000
1111111110000000010000000001111011100001100100000
1000000000000000011101111111100000000000000000000
1111111000000000010000000001111011000001100100000
1000000000000000010000000001111011000000000000000
1000000000000000010000000001111011000000000000000
1111110110000000010000000001111011000001100100000
1000000000000000010000000001111011000000000000000
1000000000000000010000000001111011000000000000000
1000000000000000010000000001111011000000000000000
1000000000000000011101111111100000000000000000000
1111110110000000010000000001111011000001100100000
1111110111000000010000000001111011000001100100000
1000000000000000010000000001111011000000000000000
1111111000000000010000000001111111111101100100000
1111111111000000010000000001111011000000000000000
1111110110000000011101111101100000000000000011001
1111111111000000010000000001111011000000000000000
1111110110000000011101111101100000000000000011001
1111111111000000010000000001111011011101100100000
1111010000000000011101110101111011000000000000000
1111111110000000011101110101111011000001100100000
1000000000000000011101111111100000000000000000000
1111111111000000010000000001111011011101100100000
1111111111000000010000000001111011000001100100000
1000000000000000011101110101111011000001100100000
1000000000000000010000000001111111000001100100000
1111111110000000011101110101111011111101100100000
1111111110000000011101110101111011111101100100000
1111110111000000011101110101111011000001100100000
1111010110000000011101110101111011000000000000000
~~~
0.0 32.0 5.0 38.0 147.0 
0.0 37.0 3.0 35.0 102.0 
0.0 42.0 5.0 9.0 69.0 
0.0 31.0 11.0 19.0 166.0 
0.0 36.0 4.0 27.0 120.0 
0.0 42.0 5.0 9.0 69.0 
0.0 38.0 5.0 19.0 100.0 
0.0 27.0 10.0 32.0 202.0 
0.0 37.0 3.0 35.0 102.0 
0.0 35.0 4.0 31.0 125.0 
0.0 27.0 7.0 54.0 191.0 
0.0 32.0 5.0 38.0 147.0 
0.0 23.0 11.0 46.0 238.0 
0.0 35.0 11.0 9.0 131.0 
0.0 42.0 5.0 9.0 69.0 
0.0 42.0 5.0 9.0 69.0 
0.0 33.0 5.0 36.0 136.0 
0.0 42.0 5.0 9.0 69.0 
0.0 35.0 4.0 31.0 125.0 
0.0 35.0 5.0 25.0 139.0 
0.0 33.0 5.0 36.0 136.0 
0.0 38.0 8.0 9.0 102.0 
0.0 39.0 5.0 16.0 94.0 
0.0 45.0 2.0 9.0 40.0 
0.0 36.0 4.0 27.0 120.0 
0.0 26.0 8.0 54.0 197.0 
0.0 45.0 2.0 9.0 40.0 
0.0 33.0 8.0 23.0 143.0 
0.0 30.0 13.0 16.0 180.0 
0.0 42.0 5.0 9.0 69.0 
0.0 45.0 2.0 9.0 40.0 
0.0 36.0 4.0 27.0 120.0 
0.0 35.0 4.0 31.0 125.0 
0.0 30.0 9.0 27.0 172.0 
0.0 31.0 11.0 19.0 166.0 
0.0 45.0 2.0 9.0 40.0 
0.0 42.0 3.0 16.0 62.0 
0.0 29.0 6.0 48.0 177.0 
0.0 45.0 2.0 9.0 40.0 
0.0 33.0 5.0 36.0 136.0 
0.0 45.0 2.0 9.0 40.0 
0.0 29.0 7.0 39.0 178.0 
0.0 45.0 2.0 9.0 40.0 
0.0 40.0 4.0 17.0 85.0 
0.0 38.0 8.0 9.0 102.0 
0.0 45.0 2.0 9.0 40.0 
0.0 29.0 9.0 31.0 177.0 
0.0 20.0 12.0 61.0 257.0 
0.0 36.0 8.0 16.0 114.0 
0.0 42.0 5.0 9.0 69.0 
0.0 35.0 11.0 9.0 131.0 
0.0 27.0 10.0 32.0 202.0 
0.0 45.0 2.0 9.0 40.0 
0.0 32.0 8.0 26.0 149.0 
0.0 30.0 9.0 27.0 172.0 
0.0 45.0 2.0 9.0 40.0 
0.0 45.0 2.0 9.0 40.0 
0.0 33.0 10.0 16.0 151.0 
0.0 45.0 2.0 9.0 40.0 
0.0 32.0 5.0 38.0 147.0 
0.0 29.0 7.0 39.0 178.0 
0.0 35.0 11.0 9.0 131.0 
0.0 45.0 2.0 9.0 40.0 
0.0 30.0 13.0 16.0 180.0 
0.0 35.0 4.0 31.0 125.0 
0.0 38.0 8.0 9.0 102.0 
0.0 34.0 6.0 25.0 145.0 
0.0 28.0 6.0 60.0 180.0 
0.0 45.0 2.0 9.0 40.0 
0.0 45.0 2.0 9.0 40.0 
0.0 34.0 6.0 25.0 145.0 
0.0 45.0 2.0 9.0 40.0 
0.0 23.0 11.0 46.0 238.0 
0.0 35.0 4.0 31.0 125.0 
0.0 24.0 14.0 28.0 232.0 
0.0 37.0 3.0 35.0 102.0 
0.0 36.0 9.0 12.0 121.0 
0.0 31.0 9.0 25.0 161.0 
0.0 34.0 4.0 40.0 130.0 
0.0 39.0 3.0 23.0 91.0 
0.0 35.0 11.0 9.0 131.0 
0.0 38.0 8.0 9.0 102.0 
0.0 38.0 8.0 9.0 102.0 
0.0 37.0 4.0 25.0 109.0 
0.0 37.0 3.0 35.0 102.0 
0.0 36.0 3.0 42.0 116.0 
0.0 33.0 4.0 57.0 135.0 
0.0 22.0 15.0 32.0 247.0 
0.0 33.0 4.0 57.0 135.0 
0.0 31.0 5.0 47.0 152.0 
0.0 30.0 9.0 27.0 172.0 
0.0 24.0 11.0 39.0 224.0 
0.0 35.0 5.0 25.0 139.0 
0.0 31.0 5.0 47.0 152.0 
0.0 22.0 15.0 32.0 247.0 
0.0 38.0 5.0 19.0 100.0 
0.0 33.0 5.0 34.0 142.0 
0.0 25.0 8.0 63.0 202.0 
0.0 31.0 5.0 47.0 152.0 
0.0 23.0 12.0 39.0 230.0 
0.0 36.0 4.0 29.0 114.0 
0.0 19.0 13.0 61.0 263.0 
0.0 32.0 10.0 18.0 162.0 
0.0 33.0 13.0 9.0 158.0 
0.0 34.0 4.0 40.0 130.0 
0.0 33.0 13.0 9.0 158.0 
0.0 28.0 10.0 28.0 197.0 
0.0 27.0 7.0 54.0 191.0 
0.0 38.0 3.0 26.0 97.0 
0.0 36.0 3.0 42.0 116.0 
0.0 35.0 11.0 9.0 131.0 
0.0 31.0 5.0 47.0 152.0 
0.0 34.0 4.0 40.0 130.0 
0.0 39.0 7.0 9.0 92.0 
0.0 31.0 5.0 47.0 152.0 
0.0 22.0 16.0 28.0 254.0 
0.0 21.0 14.0 39.0 252.0 
0.0 27.0 6.0 69.0 185.0 
0.0 23.0 12.0 39.0 230.0 
0.0 27.0 11.0 28.0 203.0 
0.0 27.0 11.0 28.0 203.0 
0.0 36.0 8.0 16.0 114.0 
0.0 38.0 3.0 26.0 97.0 
0.0 39.0 7.0 9.0 92.0 
0.0 38.0 3.0 26.0 97.0 
0.0 33.0 13.0 9.0 158.0 
0.0 38.0 5.0 19.0 100.0 
0.0 28.0 6.0 60.0 180.0 
0.0 36.0 8.0 16.0 114.0 
0.0 19.0 14.0 55.0 271.0 
0.0 22.0 16.0 28.0 254.0 
0.0 38.0 5.0 19.0 100.0 
0.0 37.0 4.0 23.0 120.0 
0.0 28.0 8.0 39.0 188.0 
0.0 22.0 16.0 28.0 254.0 
0.0 19.0 13.0 61.0 263.0 
0.0 34.0 9.0 17.0 137.0 
0.0 42.0 2.0 16.0 69.0 
0.0 32.0 10.0 18.0 162.0 
0.0 32.0 10.0 18.0 162.0 
0.0 22.0 16.0 28.0 254.0 
0.0 37.0 4.0 23.0 120.0 
0.0 22.0 16.0 28.0 254.0 
0.0 39.0 7.0 9.0 92.0 
0.0 39.0 7.0 9.0 92.0 
0.0 22.0 16.0 28.0 254.0 
0.0 39.0 7.0 9.0 92.0 
0.0 39.0 7.0 9.0 92.0 
0.0 39.0 7.0 9.0 92.0 
0.0 28.0 6.0 55.0 191.0 
0.0 39.0 7.0 9.0 92.0 
0.0 39.0 7.0 9.0 92.0 
0.0 39.0 7.0 9.0 92.0 
0.0 27.0 11.0 28.0 203.0 
0.0 33.0 6.0 28.0 151.0 
0.0 35.0 11.0 9.0 131.0 
0.0 39.0 3.0 23.0 91.0 
0.0 35.0 7.0 19.0 127.0 
0.0 28.0 10.0 28.0 197.0 
0.0 26.0 7.0 61.0 205.0 
0.0 29.0 14.0 16.0 192.0 
0.0 29.0 14.0 16.0 192.0 
0.0 37.0 4.0 23.0 120.0 
0.0 42.0 2.0 16.0 69.0 
0.0 41.0 2.0 19.0 75.0 
0.0 35.0 7.0 19.0 127.0 
0.0 25.0 8.0 63.0 202.0 
0.0 40.0 4.0 17.0 85.0 
0.0 41.0 2.0 19.0 75.0 
0.0 38.0 3.0 26.0 97.0 
0.0 28.0 10.0 28.0 197.0 
0.0 27.0 6.0 69.0 185.0 
0.0 21.0 14.0 39.0 252.0 
0.0 29.0 14.0 16.0 192.0 
0.0 33.0 5.0 32.0 150.0 
0.0 42.0 5.0 9.0 69.0 
0.0 29.0 6.0 48.0 177.0 
0.0 30.0 13.0 16.0 180.0 
0.0 41.0 2.0 19.0 75.0 
0.0 39.0 5.0 16.0 94.0 
0.0 34.0 5.0 28.0 145.0 
0.0 32.0 13.0 12.0 162.0 
0.0 34.0 5.0 28.0 145.0 
0.0 35.0 7.0 19.0 127.0 
0.0 29.0 9.0 31.0 177.0 
0.0 33.0 8.0 23.0 143.0 
0.0 31.0 12.0 17.0 166.0 
0.0 26.0 10.0 38.0 199.0 
0.0 36.0 9.0 12.0 121.0 
0.0 31.0 6.0 35.0 167.0 
0.0 35.0 7.0 19.0 127.0 
0.0 35.0 7.0 19.0 127.0 
0.0 26.0 13.0 25.0 219.0 
0.0 32.0 8.0 26.0 149.0 
0.0 34.0 5.0 28.0 145.0 
0.0 26.0 11.0 32.0 208.0 
0.0 31.0 9.0 24.0 167.0 
0.0 35.0 7.0 19.0 127.0 
0.0 26.0 10.0 38.0 199.0 
0.0 38.0 3.0 26.0 97.0 
0.0 38.0 3.0 26.0 97.0 
0.0 38.0 3.0 26.0 97.0 
0.0 36.0 9.0 12.0 121.0 
0.0 26.0 7.0 61.0 205.0 
0.0 24.0 8.0 70.0 216.0 
0.0 37.0 4.0 25.0 109.0 
0.0 22.0 13.0 39.0 240.0 
0.0 42.0 2.0 16.0 69.0 
0.0 42.0 3.0 16.0 62.0 
0.0 28.0 8.0 39.0 188.0 
0.0 32.0 5.0 38.0 147.0 
0.0 20.0 14.0 48.0 257.0 
0.0 22.0 13.0 39.0 240.0 
0.0 42.0 2.0 16.0 69.0 
0.0 42.0 2.0 16.0 69.0 
0.0 42.0 2.0 16.0 69.0 
0.0 33.0 6.0 28.0 151.0 
0.0 37.0 4.0 25.0 109.0 
0.0 42.0 2.0 16.0 69.0 
0.0 42.0 2.0 16.0 69.0 
0.0 31.0 6.0 35.0 167.0 
0.0 34.0 9.0 17.0 137.0 
0.0 26.0 11.0 32.0 208.0 
0.0 23.0 11.0 46.0 238.0 
0.0 39.0 5.0 16.0 94.0 
0.0 25.0 12.0 32.0 218.0 
0.0 36.0 4.0 29.0 114.0 
0.0 42.0 2.0 16.0 69.0 
0.0 44.0 3.0 9.0 55.0 
0.0 44.0 3.0 9.0 55.0 
0.0 26.0 13.0 25.0 219.0 
0.0 26.0 13.0 25.0 219.0 
0.0 44.0 3.0 9.0 55.0 
0.0 25.0 11.0 35.0 219.0 
0.0 44.0 3.0 9.0 55.0 
0.0 44.0 3.0 9.0 55.0 
0.0 44.0 3.0 9.0 55.0 
0.0 24.0 14.0 28.0 232.0 
0.0 28.0 10.0 28.0 197.0 
0.0 33.0 10.0 16.0 151.0 
0.0 29.0 7.0 39.0 178.0 
0.0 39.0 3.0 23.0 91.0 
0.0 40.0 2.0 28.0 80.0 
0.0 40.0 2.0 28.0 80.0 
0.0 40.0 2.0 28.0 80.0 
0.0 33.0 10.0 16.0 151.0 
0.0 27.0 6.0 69.0 185.0 
0.0 40.0 2.0 28.0 80.0 
0.0 40.0 2.0 28.0 80.0 
0.0 44.0 3.0 9.0 55.0 
0.0 20.0 12.0 61.0 257.0 
0.0 40.0 4.0 17.0 85.0 
0.0 40.0 4.0 17.0 85.0 
0.0 34.0 12.0 9.0 148.0 
0.0 24.0 11.0 39.0 224.0 
0.0 24.0 8.0 70.0 216.0 
0.0 39.0 3.0 23.0 91.0 
0.0 28.0 6.0 55.0 191.0 
0.0 39.0 3.0 23.0 91.0 
0.0 24.0 8.0 70.0 216.0 
0.0 34.0 12.0 9.0 148.0 
0.0 39.0 3.0 23.0 91.0 
0.0 35.0 4.0 31.0 125.0 
0.0 41.0 2.0 19.0 75.0 
0.0 35.0 7.0 19.0 127.0 
0.0 35.0 7.0 19.0 127.0 
0.0 24.0 12.0 35.0 225.0 
0.0 37.0 9.0 9.0 114.0 
0.0 29.0 7.0 39.0 178.0 
0.0 29.0 7.0 39.0 178.0 
0.0 29.0 6.0 46.0 186.0 
0.0 37.0 9.0 9.0 114.0 
0.0 32.0 5.0 38.0 147.0 
0.0 41.0 2.0 19.0 75.0 
0.0 41.0 2.0 19.0 75.0 
0.0 31.0 6.0 35.0 167.0 
0.0 41.0 2.0 19.0 75.0 
0.0 41.0 2.0 19.0 75.0 
0.0 41.0 2.0 19.0 75.0 
0.0 37.0 9.0 9.0 114.0 
0.0 31.0 6.0 35.0 167.0 
0.0 30.0 7.0 35.0 173.0 
0.0 41.0 2.0 19.0 75.0 
0.0 27.0 6.0 69.0 185.0 
0.0 32.0 6.0 32.0 156.0 
0.0 28.0 14.0 18.0 203.0 
0.0 32.0 6.0 32.0 156.0 
0.0 28.0 14.0 18.0 203.0 
0.0 26.0 8.0 54.0 197.0 
0.0 31.0 9.0 25.0 161.0 
0.0 24.0 11.0 39.0 224.0 
0.0 37.0 9.0 9.0 114.0 
0.0 26.0 8.0 54.0 197.0 
0.0 29.0 7.0 39.0 178.0 
0.0 32.0 8.0 26.0 149.0 
0.0 37.0 3.0 35.0 102.0 
0.0 20.0 12.0 61.0 257.0 
0.0 20.0 12.0 61.0 257.0 
0.0 24.0 12.0 35.0 225.0 
0.0 29.0 10.0 26.0 186.0 
~~~
33.642
