1000000000000000010000000001111011000000000000000
1111110000000000011101110101111001000000000000000
1111000000000000011101110111100000000000000000000
1111000000000000011101110111100000000000000000000
1100000000000000010000110111100000000000000011001
1111000000000000011101111111111011000000000000000
1100000000000000010000000001100000000000000000000
1111100000000000011101110101111001000000000000000
1111110000000000011101111111111011000000000000000
1000000000000000011101110101111001000001110111001
1000000000000000011101111111111011000001111111001
1111110000000000011101110101111001000000000000000
1000000000000000011101110101111011000000000000000
1100000000000000010000000001100000000000000000000
1111000000000000011101111111111011000000000011001
1111000000000000011101111111111011000000000011001
1111110000000000011101111101111011000001110100000
1111000000000000011101111111111011000000000011001
1111110000000000011101111101111011000001110100000
1000000000000000010000000001100000000000000000000
1000000000000000010000110111100000000000000000000
1111000000000000011101111111111011000000000011001
1111010000000000010000000001111011000000000000000
1111111000000000010000000001111111000001100100000
1100000000000000011101111111111001000001110011001
1000000000000000010000000001111111000000000000000
1111000000000000011101111111111011000000000011001
1111110000000000011101111111111011000000000000000
1111000000000000011101111111111011000000000011001
1111100000000000011101110111111001000000000000000
1100000000000000010000000001100000000000000000000
1000000000000000010000000001111011000000000000000
1000000000000000010000000001100000000000000000000
1000000000000000011101110101111001000000000000000
1000000000000000010000000001111001000000000000000
1111100000000000011101110111111001000000000000000
1000000000000000010000110111100000000000000000000
1000000000000000010000000001100000000000000000000
1100000000000000010000000001100000000000000000000
1000000000000000011101110101111001000001110111001
1111000000000000011101111111111011000000000011001
1111000000000000011101110111100000000000000000000
1000000000000000010000000001100000000000000000000
1111000000000000011101110111100000000000000000000
1111110000000000011101111111111011000001111111001
1111000000000000011101111111111011000001110111001
1000000000000000010000000001100000000000000000000
1000000000000000011101110101111001000000000000000
1111111000000000010000000001111111100001100100000
1111111000000000010000000001111111100001100100000
1000000000000000010000000001111011000001100100000
1000000000000000010000110111100000000000000000000
1111111000000000011101110101111111100001100100000
1100000000000000010000000001100000000000000000000
1111000000000000011101111111111011000000000000000
1111100000000000011101110111111001000001110111001
1111000000000000011101111111111011000000000011001
1100000000000000010000000001100000000000000000000
1111110000000000011101111111111011000001111111001
1111100000000000011101111111111011000001111111001
1000000000000000011101110101111001000001110111001
1111110000000000011101110101111011000001100100000
1000000000000000011101111101111001000001110111001
1000000000000000011101110101111001000001110111001
1000000000000000010000000001111111000000000000000
1111111000000000011101110101111011000001100111001
1111111000000000010000000001111111100001100100000
1000000000000000010000000001100000000000000000000
1111111000000000010000000001111111100001100100000
1000000000000000011101110111111001000000000000000
1111000000000000011101110111100000000000000000000
1111111000000000010000000001111011000000000000000
1111111000000000010000000001111011000001100100000
1000000000000000011101110101111011000000000000000
1111111000000000011101110101111111100001100100000
1000000000000000010000000001111011000000000000000
1000000000000000011101110101111001000000000000000
1000000000000000011101110111111011000000000000000
1000000000000000011101110111111011000000000000000
1000000000000000010000000001111011000000000000000
1111111000000000011101110101111111100001100100000
1111000000000000011101110111100000000000000000000
1111111000000000010000000001111111100001110100000
1111110000000000011101111111111011000001111111001
1000000000000000010000000001111011000000000000000
1111110000000000011101111111111011000001111111001
1000000000000000010000000001111011000000000000000
1000000000000000010000000001100000000000000000000
1111100000000000011101110111111001000001110111001
1111111000000000011101110101111011000001110100000
1111111000000000010000000001111111100001110100000
1111110000000000011101111111111011000001111111001
1000000000000000010000000001100000000000000000000
1000000000000000010000110101100000000000000000000
1000000000000000010000000001100000000000000000000
1000000000000000010000000001111011000000000000000
1000000000000000010000110101111001000000000000000
1000000000000000010000000001111011000000000000000
1000000000000000010000000001100000000000000000000
1000000000000000010000110101111011000000000000000
1000000000000000010000000001111011000000000000000
1000000000000000010000110101111001000000000000000
1000000000000000010000110111100000000000000000000
1000000000000000010000110101111001000000000000000
1000000000000000011101111101111001000001110111001
1000000000000000010000110101111001000000000000000
1111111000000000010000000001111111100001110100000
1111111000000000011101110101111011000000000000000
1111111000000000011101110101111111100001100100000
1000000000000000010000000001100000000000000000000
1000000000000000010000110101100000000000000000000
1000000000000000010000000001100000000000000000000
1000000000000000011101110101111011000001100100000
1111111000000000011101110101111011000001110100000
1000000000000000010000110101111001000000000000000
1000000000000000010000000001100000000000000000000
1000000000000000010000000001100000000000000000000
1000000000000000010000000001100000000000000000000
1000000000000000010000110101100000000000000000000
1000000000000000010000000001100000000000000000000
1000000000000000010000000001111011000001100100000
1000000000000000010000000001111111000000000000000
1100010000000000010000000001111011000000000000000
1111000000000000011101110111100000000000000000000
1000000000000000010000000001100000000000000000000
1111111000000000011101111101111011100001100111001
1000000000000000010000000001111011000001100100000
1000000000000000010000000001111011000001100100000
1111110000000000011101110101111011000001100100000
1100000000000000010000000001100000000000000000000
1111000000000000011101110111100000000000000000000
1100010000000000010000000001111011000000000000000
1000000000000000011101110101111011000001100100000
1111110000000000011101110101111011000001100100000
1111100000000000011101110111111011000001111111001
1111110000000000010000000001111011000000000000000
1111100000000000011101110111111011000001111111001
1111110000000000010000000001111011000000000000000
1000000000000000010000110111100000000000000000000
1111110000000000011101110101111011000001100100000
1000000000000000010000000001111011000001100100000
1000000000000000011101110111111011000000000000000
1111110000000000010000000001111011000000000000000
1111011000000000010000000001111011000000000000000
1000000000000000010000110111111001000000000000000
1000000000000000010000000001100000000000000000000
1000000000000000010000110111111001000000000000000
1111110000000000010000000001111011000000000000000
1000000000000000011101110101111001000000000000000
1000000000000000010000000001100000000000000000000
1000000000000000010000000001100000000000000000000
1111110000000000010000000001111011000000000000000
1000000000000000010000000001111001000000000000000
1000000000000000011101110101111001000000000000000
1111000000000000011101110111100000000000000000000
1000000000000000010000000001100000000000000000000
1000000000000000010000110101100000000000000000000
1111110000000000011101111111111011000001111111001
1111000000000000011101111111111011000001110111001
1111100000000000010000110111100000000000000000000
1111100000000000010000110111100000000000000000000
1100000000000000010000110111100000000000000000000
1000000000000000010000110101100000000000000000000
1000000000000000010000000001100000000000000000000
1111111000000000011101111111111011000001111111001
1111111000000000010000000001111111000001100100000
1111110000000000011101111111111001000000000000000
1111111000000000011101110101111011000001100111001
1111111000000000011101110101111011000001100111001
1100000000000000010000110111100000000000000000000
1100000000000000010000110111100000000000000000000
1111111000000000010000000001111111000001100100000
1111110000000000011101110101111001000000000000000
1000000000000000010000000001111001000001100100000
1000000000000000010000110111100000000000000000000
1111111000000000011101111101111011100001100111001
1111111000000000011101110101111011000001100111001
1111111000000000011101111101111011100001100111001
1111111000000000011101110101111011000000000000000
1111111000000000010000000001111111000001100100000
1111100000000000010000000001100000000000000000000
1000000000000000010000000001111011000001100100000
1111111000000000010000000001111011000001110100000
1111111000000000011101111111111011000001111111001
1111111000000000011101111111111011000001111111001
1111111000000000011101111111111011000001111111001
1111110000000000011101110101111011000000000000000
1111111000000000010000000001111111000000000000000
1111000000000000011101110111111001000000000000000
1111100000000000011101110111111001000001110111001
1111111000000000011101110111111111000001100100000
1111110000000000011101110111111011000001110111001
1000000000000000011101111111111001000000000000000
1111111000000000011101110111111011000001110100000
1111111000000000011101110111111111000001100100000
1111000000000000011101110111111001000000000000000
1111000000000000011101110111111001000000000000000
1100010000000000010000000001111011000000000000000
1000000000000000011101111111111001000000000000000
1111110000000000011101111111111001000000000000000
1100000000000000010000110111100000000000000000000
1000000000000000010000110101100000000000000000000
1000000000000000010000000001111111000001100100000
1000000000000000011101111111111001000000000000000
1000000000000000011101111111111001000000000000000
1100000000000000010000110111100000000000000000000
1000000000000000010000110101100000000000000000000
1000000000000000010000110101100000000000000000000
1100000000000000010000110111100000000000000000000
1100000000000000010000110111100000000000000000000
1000000000000000010000110101100000000000000000000
1000000000000000010000110101100000000000000000000
1111111000000000010000000001111011000000000000000
1111111000000000010000000001111011000001110100000
1111111000000000010000000001111011000000000000000
1111111000000000010000000001111011000001110100000
1111111000000000010000000001111011000000000000000
1111111000000000010000000001111011000001110100000
1111111000000000010000000001111011000000000000000
1000000000000000010000110101100000000000000000000
1000000000000000011101111111111011000001111111001
1111111000000000010000000001111011000000000000000
1111111000000000010000000001111011000000000000000
1111111000000000010000000001111011000000000000000
1111111000000000011101110101111011000000000000000
1000000000000000010000000001111111000001100100000
1000000000000000010000000001111111000001100100000
1111111000000000011101110101111011000000000000000
1111110000000000010000000001111011000001100100000
1111111000000000011101110101111011000000000000000
1000000000000000010000000001111011000001100100000
1111110000000000010000000001111011000001100100000
1111110000000000010000000001111011000001100100000
1111110000000000010000000001111011000001100100000
1111110000000000010000000001111011000001100100000
1111110000000000010000000001111011000001100100000
1111110000000000010000000001111011000001100100000
1000000000000000010000000001111011000000000000000
1000000000000000010000000001111011000000000000000
1111110000000000010000000001111011000001100100000
1000000000000000010000000001111011000000000000000
1111111000000000010000000001111011000001100100000
1100000000000000010000110111100000000000000000000
1100010000000000010000000001111011000000000000000
1000000000000000010000000001111001000001100100000
1100010000000000010000000001111011000000000000000
1111111000000000010000000001111011000001100100000
1111111000000000010000000001111011000001100100000
1000000000000000010000000001111001000001100100000
1000000000000000011101110111111011000000000000000
1111100000000000011101110101111001000000000000000
1100000000000000010000000001100000000000000000000
1111111000000000010000000001111111000001110100000
1111100000000000011101110111111011000001111111001
1111110000000000010000000001111001000000000000000
1111100000000000011101110111111011000001111111001
1000000000000000010000110101111011000000000000000
1111110000000000010000000001111001000000000000000
1111100000000000011101110101111001000000000000000
1111110000000000010000000001111001000000000000000
1111111000000000010000000001111011000001100100000
1111111000000000011101110101111011000001100100000
1111111000000000011101110101111011000001100100000
1111110000000000010000000001111001000000000000000
1111111000000000011101110101111011000001100100000
1111111000000000011101110101111011000001100100000
1111111000000000011101110101111011000001100100000
1000000000000000010000110101111011000000000000000
1111110000000000011101110101111011000000000000000
1111110000000000011101110101111011000000000000000
1111111000000000010000000001111011000001100100000
1000000000000000010000000001111001000000000000000
1000000000000000011101110101111011000001100100000
1000000000000000010000000001100000000000000000000
1000000000000000010000000001111001000000000000000
1000000000000000010000000001111001000000000000000
1000000000000000010000000001111001000000000000000
1000000000000000010000000001111001000000000000000
1111110000000000011101110101111011000001110100000
1000000000000000010000000001111001000000000000000
1000000000000000010000000001111001000000000000000
1000000000000000010000000001111001000000000000000
1111111000000000010000000001111111000001100100000
1000000000000000011101110101111011000001100100000
1000000000000000010000000001111011000001100100000
1111110000000000010000000001100000000000000000000
1111110000000000010000000001100000000000000000000
1111111000000000010000000001111011000001100100000
1000000000000000011101110101111001000001100100000
1000000000000000011101110101111001000000000000000
1000000000000000011101110101111001000000000000000
1000000000000000011101110101111001000000000000000
1000000000000000011101110101111001000000000000000
1000000000000000011101110101111001000000000000000
1000000000000000011101110101111001000000000000000
1000000000000000011101110101111011000000000000000
1000000000000000011101110101111011000000000000000
1000000000000000010000000001111001000000000000000
1000000000000000010000000001111001000000000000000
1111110000000000011101110101111011000000000000000
~~~
0.0 41.0 2.0 19.0 75.0 
0.0 31.0 9.0 24.0 166.0 
0.0 35.0 10.0 12.0 131.0 
0.0 35.0 10.0 12.0 131.0 
0.0 37.0 10.0 9.0 119.0 
0.0 30.0 11.0 22.0 178.0 
0.0 44.0 3.0 9.0 55.0 
0.0 32.0 9.0 21.0 161.0 
0.0 28.0 11.0 27.0 194.0 
0.0 29.0 12.0 23.0 182.0 
0.0 25.0 15.0 26.0 221.0 
0.0 31.0 9.0 24.0 166.0 
0.0 35.0 7.0 19.0 127.0 
0.0 44.0 3.0 9.0 55.0 
0.0 27.0 14.0 22.0 207.0 
0.0 27.0 14.0 22.0 207.0 
0.0 25.0 12.0 34.0 216.0 
0.0 27.0 14.0 22.0 207.0 
0.0 25.0 12.0 34.0 216.0 
0.0 45.0 2.0 9.0 40.0 
0.0 41.0 6.0 9.0 75.0 
0.0 27.0 14.0 22.0 207.0 
0.0 37.0 4.0 25.0 109.0 
0.0 31.0 5.0 47.0 152.0 
0.0 27.0 15.0 21.0 209.0 
0.0 40.0 2.0 28.0 80.0 
0.0 27.0 14.0 22.0 207.0 
0.0 28.0 11.0 27.0 194.0 
0.0 27.0 14.0 22.0 207.0 
0.0 31.0 10.0 21.0 171.0 
0.0 44.0 3.0 9.0 55.0 
0.0 41.0 2.0 19.0 75.0 
0.0 45.0 2.0 9.0 40.0 
0.0 36.0 7.0 16.0 121.0 
0.0 42.0 2.0 16.0 69.0 
0.0 31.0 10.0 21.0 171.0 
0.0 41.0 6.0 9.0 75.0 
0.0 45.0 2.0 9.0 40.0 
0.0 44.0 3.0 9.0 55.0 
0.0 29.0 12.0 23.0 182.0 
0.0 27.0 14.0 22.0 207.0 
0.0 35.0 10.0 12.0 131.0 
0.0 45.0 2.0 9.0 40.0 
0.0 35.0 10.0 12.0 131.0 
0.0 20.0 17.0 34.0 266.0 
0.0 23.0 16.0 29.0 239.0 
0.0 45.0 2.0 9.0 40.0 
0.0 36.0 7.0 16.0 121.0 
0.0 30.0 5.0 54.0 166.0 
0.0 30.0 5.0 54.0 166.0 
0.0 38.0 3.0 26.0 97.0 
0.0 41.0 6.0 9.0 75.0 
0.0 24.0 10.0 54.0 218.0 
0.0 44.0 3.0 9.0 55.0 
0.0 30.0 11.0 22.0 178.0 
0.0 24.0 15.0 28.0 232.0 
0.0 27.0 14.0 22.0 207.0 
0.0 44.0 3.0 9.0 55.0 
0.0 20.0 17.0 34.0 266.0 
0.0 21.0 17.0 31.0 261.0 
0.0 29.0 12.0 23.0 182.0 
0.0 27.0 10.0 34.0 194.0 
0.0 28.0 13.0 23.0 194.0 
0.0 29.0 12.0 23.0 182.0 
0.0 40.0 2.0 28.0 80.0 
0.0 23.0 13.0 38.0 228.0 
0.0 30.0 5.0 54.0 166.0 
0.0 45.0 2.0 9.0 40.0 
0.0 30.0 5.0 54.0 166.0 
0.0 35.0 8.0 16.0 131.0 
0.0 35.0 10.0 12.0 131.0 
0.0 35.0 4.0 31.0 125.0 
0.0 32.0 5.0 38.0 147.0 
0.0 35.0 7.0 19.0 127.0 
0.0 24.0 10.0 54.0 218.0 
0.0 41.0 2.0 19.0 75.0 
0.0 36.0 7.0 16.0 121.0 
0.0 34.0 8.0 19.0 137.0 
0.0 34.0 8.0 19.0 137.0 
0.0 41.0 2.0 19.0 75.0 
0.0 24.0 10.0 54.0 218.0 
0.0 35.0 10.0 12.0 131.0 
0.0 29.0 6.0 54.0 176.0 
0.0 20.0 17.0 34.0 266.0 
0.0 41.0 2.0 19.0 75.0 
0.0 20.0 17.0 34.0 266.0 
0.0 41.0 2.0 19.0 75.0 
0.0 45.0 2.0 9.0 40.0 
0.0 24.0 15.0 28.0 232.0 
0.0 25.0 11.0 38.0 209.0 
0.0 29.0 6.0 54.0 176.0 
0.0 20.0 17.0 34.0 266.0 
0.0 45.0 2.0 9.0 40.0 
0.0 42.0 5.0 9.0 65.0 
0.0 45.0 2.0 9.0 40.0 
0.0 41.0 2.0 19.0 75.0 
0.0 39.0 5.0 16.0 94.0 
0.0 41.0 2.0 19.0 75.0 
0.0 45.0 2.0 9.0 40.0 
0.0 38.0 5.0 19.0 100.0 
0.0 41.0 2.0 19.0 75.0 
0.0 39.0 5.0 16.0 94.0 
0.0 41.0 6.0 9.0 75.0 
0.0 39.0 5.0 16.0 94.0 
0.0 28.0 13.0 23.0 194.0 
0.0 39.0 5.0 16.0 94.0 
0.0 29.0 6.0 54.0 176.0 
0.0 29.0 9.0 31.0 177.0 
0.0 24.0 10.0 54.0 218.0 
0.0 45.0 2.0 9.0 40.0 
0.0 42.0 5.0 9.0 65.0 
0.0 45.0 2.0 9.0 40.0 
0.0 32.0 8.0 26.0 149.0 
0.0 25.0 11.0 38.0 209.0 
0.0 39.0 5.0 16.0 94.0 
0.0 45.0 2.0 9.0 40.0 
0.0 45.0 2.0 9.0 40.0 
0.0 45.0 2.0 9.0 40.0 
0.0 42.0 5.0 9.0 65.0 
0.0 45.0 2.0 9.0 40.0 
0.0 38.0 3.0 26.0 97.0 
0.0 40.0 2.0 28.0 80.0 
0.0 39.0 3.0 22.0 95.0 
0.0 35.0 10.0 12.0 131.0 
0.0 45.0 2.0 9.0 40.0 
0.0 21.0 14.0 45.0 254.0 
0.0 38.0 3.0 26.0 97.0 
0.0 38.0 3.0 26.0 97.0 
0.0 27.0 10.0 34.0 194.0 
0.0 44.0 3.0 9.0 55.0 
0.0 35.0 10.0 12.0 131.0 
0.0 39.0 3.0 22.0 95.0 
0.0 32.0 8.0 26.0 149.0 
0.0 27.0 10.0 34.0 194.0 
0.0 22.0 16.0 31.0 249.0 
0.0 36.0 4.0 27.0 120.0 
0.0 22.0 16.0 31.0 249.0 
0.0 36.0 4.0 27.0 120.0 
0.0 41.0 6.0 9.0 75.0 
0.0 27.0 10.0 34.0 194.0 
0.0 38.0 3.0 26.0 97.0 
0.0 34.0 8.0 19.0 137.0 
0.0 36.0 4.0 27.0 120.0 
0.0 36.0 4.0 29.0 114.0 
0.0 38.0 6.0 16.0 104.0 
0.0 45.0 2.0 9.0 40.0 
0.0 38.0 6.0 16.0 104.0 
0.0 36.0 4.0 27.0 120.0 
0.0 36.0 7.0 16.0 121.0 
0.0 45.0 2.0 9.0 40.0 
0.0 45.0 2.0 9.0 40.0 
0.0 36.0 4.0 27.0 120.0 
0.0 42.0 2.0 16.0 69.0 
0.0 36.0 7.0 16.0 121.0 
0.0 35.0 10.0 12.0 131.0 
0.0 45.0 2.0 9.0 40.0 
0.0 42.0 5.0 9.0 65.0 
0.0 20.0 17.0 34.0 266.0 
0.0 23.0 16.0 29.0 239.0 
0.0 37.0 8.0 14.0 115.0 
0.0 37.0 8.0 14.0 115.0 
0.0 40.0 7.0 9.0 90.0 
0.0 42.0 5.0 9.0 65.0 
0.0 45.0 2.0 9.0 40.0 
0.0 19.0 17.0 38.0 271.0 
0.0 31.0 5.0 47.0 152.0 
0.0 29.0 11.0 24.0 188.0 
0.0 23.0 13.0 38.0 228.0 
0.0 23.0 13.0 38.0 228.0 
0.0 40.0 7.0 9.0 90.0 
0.0 40.0 7.0 9.0 90.0 
0.0 31.0 5.0 47.0 152.0 
0.0 31.0 9.0 24.0 166.0 
0.0 39.0 3.0 23.0 91.0 
0.0 41.0 6.0 9.0 75.0 
0.0 21.0 14.0 45.0 254.0 
0.0 23.0 13.0 38.0 228.0 
0.0 21.0 14.0 45.0 254.0 
0.0 29.0 9.0 31.0 177.0 
0.0 31.0 5.0 47.0 152.0 
0.0 41.0 4.0 14.0 80.0 
0.0 38.0 3.0 26.0 97.0 
0.0 31.0 6.0 38.0 157.0 
0.0 19.0 17.0 38.0 271.0 
0.0 19.0 17.0 38.0 271.0 
0.0 19.0 17.0 38.0 271.0 
0.0 30.0 9.0 27.0 172.0 
0.0 34.0 4.0 40.0 130.0 
0.0 32.0 10.0 19.0 160.0 
0.0 24.0 15.0 28.0 232.0 
0.0 24.0 11.0 47.0 214.0 
0.0 22.0 15.0 34.0 243.0 
0.0 34.0 9.0 16.0 143.0 
0.0 24.0 12.0 38.0 219.0 
0.0 24.0 11.0 47.0 214.0 
0.0 32.0 10.0 19.0 160.0 
0.0 32.0 10.0 19.0 160.0 
0.0 39.0 3.0 22.0 95.0 
0.0 34.0 9.0 16.0 143.0 
0.0 29.0 11.0 24.0 188.0 
0.0 40.0 7.0 9.0 90.0 
0.0 42.0 5.0 9.0 65.0 
0.0 37.0 3.0 35.0 102.0 
0.0 34.0 9.0 16.0 143.0 
0.0 34.0 9.0 16.0 143.0 
0.0 40.0 7.0 9.0 90.0 
0.0 42.0 5.0 9.0 65.0 
0.0 42.0 5.0 9.0 65.0 
0.0 40.0 7.0 9.0 90.0 
0.0 40.0 7.0 9.0 90.0 
0.0 42.0 5.0 9.0 65.0 
0.0 42.0 5.0 9.0 65.0 
0.0 35.0 4.0 31.0 125.0 
0.0 31.0 6.0 38.0 157.0 
0.0 35.0 4.0 31.0 125.0 
0.0 31.0 6.0 38.0 157.0 
0.0 35.0 4.0 31.0 125.0 
0.0 31.0 6.0 38.0 157.0 
0.0 35.0 4.0 31.0 125.0 
0.0 42.0 5.0 9.0 65.0 
0.0 25.0 15.0 26.0 221.0 
0.0 35.0 4.0 31.0 125.0 
0.0 35.0 4.0 31.0 125.0 
0.0 35.0 4.0 31.0 125.0 
0.0 29.0 9.0 31.0 177.0 
0.0 37.0 3.0 35.0 102.0 
0.0 37.0 3.0 35.0 102.0 
0.0 29.0 9.0 31.0 177.0 
0.0 33.0 5.0 34.0 142.0 
0.0 29.0 9.0 31.0 177.0 
0.0 38.0 3.0 26.0 97.0 
0.0 33.0 5.0 34.0 142.0 
0.0 33.0 5.0 34.0 142.0 
0.0 33.0 5.0 34.0 142.0 
0.0 33.0 5.0 34.0 142.0 
0.0 33.0 5.0 34.0 142.0 
0.0 33.0 5.0 34.0 142.0 
0.0 41.0 2.0 19.0 75.0 
0.0 41.0 2.0 19.0 75.0 
0.0 33.0 5.0 34.0 142.0 
0.0 41.0 2.0 19.0 75.0 
0.0 32.0 5.0 38.0 147.0 
0.0 40.0 7.0 9.0 90.0 
0.0 39.0 3.0 22.0 95.0 
0.0 39.0 3.0 23.0 91.0 
0.0 39.0 3.0 22.0 95.0 
0.0 32.0 5.0 38.0 147.0 
0.0 32.0 5.0 38.0 147.0 
0.0 39.0 3.0 23.0 91.0 
0.0 34.0 8.0 19.0 137.0 
0.0 32.0 9.0 21.0 161.0 
0.0 44.0 3.0 9.0 55.0 
0.0 30.0 6.0 47.0 162.0 
0.0 22.0 16.0 31.0 249.0 
0.0 37.0 4.0 24.0 114.0 
0.0 22.0 16.0 31.0 249.0 
0.0 38.0 5.0 19.0 100.0 
0.0 37.0 4.0 24.0 114.0 
0.0 32.0 9.0 21.0 161.0 
0.0 37.0 4.0 24.0 114.0 
0.0 32.0 5.0 38.0 147.0 
0.0 26.0 10.0 38.0 199.0 
0.0 26.0 10.0 38.0 199.0 
0.0 37.0 4.0 24.0 114.0 
0.0 26.0 10.0 38.0 199.0 
0.0 26.0 10.0 38.0 199.0 
0.0 26.0 10.0 38.0 199.0 
0.0 38.0 5.0 19.0 100.0 
0.0 30.0 9.0 27.0 172.0 
0.0 30.0 9.0 27.0 172.0 
0.0 32.0 5.0 38.0 147.0 
0.0 42.0 2.0 16.0 69.0 
0.0 32.0 8.0 26.0 149.0 
0.0 45.0 2.0 9.0 40.0 
0.0 42.0 2.0 16.0 69.0 
0.0 42.0 2.0 16.0 69.0 
0.0 42.0 2.0 16.0 69.0 
0.0 42.0 2.0 16.0 69.0 
0.0 26.0 11.0 34.0 204.0 
0.0 42.0 2.0 16.0 69.0 
0.0 42.0 2.0 16.0 69.0 
0.0 42.0 2.0 16.0 69.0 
0.0 31.0 5.0 47.0 152.0 
0.0 32.0 8.0 26.0 149.0 
0.0 38.0 3.0 26.0 97.0 
0.0 40.0 4.0 17.0 85.0 
0.0 40.0 4.0 17.0 85.0 
0.0 32.0 5.0 38.0 147.0 
0.0 33.0 8.0 23.0 143.0 
0.0 36.0 7.0 16.0 121.0 
0.0 36.0 7.0 16.0 121.0 
0.0 36.0 7.0 16.0 121.0 
0.0 36.0 7.0 16.0 121.0 
0.0 36.0 7.0 16.0 121.0 
0.0 36.0 7.0 16.0 121.0 
0.0 35.0 7.0 19.0 127.0 
0.0 35.0 7.0 19.0 127.0 
0.0 42.0 2.0 16.0 69.0 
0.0 42.0 2.0 16.0 69.0 
0.0 30.0 9.0 27.0 172.0 
~~~
34.571
