1000000000000000010000000001111011000000000000000
1000000000000000011101110111111001000000000000000
1100010000000000010000000001111011000000000000000
1111111000000000010000000001111111000000000000000
1111111110111110011110000001111011011011100100000
1000000000000000010000000001111011000000000000000
1111111000000000010000000001111011011011100100000
1100010110000000011101110101111001000000000000000
1000000000000000010000110011111011000000000000000
1111111110000000010000000001111011000000000000000
1111111110000000010000000001111011000000000000000
1100011000000000011110000001111011011011110100000
1100000000000000010000000001100000000000000000000
1100010111110110111101110101111001000000000011010
1000000000000000010000000001100000000000000000000
1100010000000000010000000001111011000000000000000
1111111000000000010000000001111111000000000000000
1000000000000000010000110011111011000000000000000
1111111111111110111101111111111001000001111100000
1000000000000000011101110111111001000000000000000
1111111110000000010000000001111011011010000000000
1111110000000000011101110101111011000000000000000
1100011000000000011110000001111011011011110100000
1111110000000000010000000001111011000000000000000
1111110111000000011101110111111011000000000000000
1111111000000000010000000001111111000000000000000
1111111110111111011110000001111011011011110100000
1100010000000000010000000001111011000000000000000
1000000000000000010000000001100000000000000000000
1111111110111111011110000001111011011011110100000
1000000000000000011110000001111111011011100100000
1111111110000000010000000001111011011010000000000
1111111111111111111110000001111011011011110100000
1100010111110110111101110101111001000000000011010
1111111110111111011101110101111111111011110100000
1100010000000000010000000001111011000000000000000
1111111000000000010000000001111111011011100100000
1100000000000000011101110111111001000000000000000
1111111000000000010000000001111011011011100100000
1100000000000000011101110111111001000000000000000
1111111110000000010000000001111011011011110100000
1111111000000000010000000001111011011011100100000
1111111000000000010000000001111011011011100100000
1111110110000000011101110101111001000000000000000
1111110000000000010000000001111011000000000000000
1111111110000000011101110101111011000000000000000
1111111111111110111101110111111011011011110100000
1100010111110110111101110101111001000000000011010
1111111000000000010000000001111111011011100100000
1111111111111111111101110111111011011011111111010
1111111110111110011110000001111011011011100100000
1111111110111110011110000001111011011011100100000
1111110110000000011101110101111001000000000000000
1100010111000000011101111111111001000001111100000
1100010110000000010000000001100000000000000000000
1000000000000000011101111111111011000000000000000
1111110110000000011101110101111011011011110100000
1000000000000000011101111111111011000000000000000
1111111110000000010000000001111011011010000000000
1100010110000000010000000001100000000000000000000
1111110110000000011101110101111001000000000000000
1111111111000000011101110111111011000000000000000
1111111000000000010000000001111111011011100100000
1100010110000000010000000001100000000000000000000
1111110111000000011101110111111001000000000000000
1111111110111111011101110101111111111011110100000
1100010000000000010000000001111011000000000000000
1000000000000000011101110111111001000000000000000
1000000000000000010000000001111111000000000000000
1111111110111111011101110101111111111011110100000
1111111111111111011110000001111111011011100100000
1000000000000000010000000001111011000000000000000
1100010110000000010000000001100000000000000000000
1111111110000000010000000001111011011011110100000
1111110111111110111101110111111001000001111100000
1111111000000000010000000001111011011011100100000
1111111111111111111101110111111011011011111111010
1111110111111110111101110111111001000001111100000
1111111110111110011110000001111011011011100100000
1111111110111110011110000001111011011011100100000
1111111110111110011110000001111011011011100100000
1111111111111110111101111111111011011011110100000
1111110111111110111101110111111001000001111100000
1111111000000000010000000001111111011011100100000
1111111110000000010000000001111011011011110100000
1111111111111111111110000001111011011011110100000
1000000000000000011101110101111001000000000000000
1111110110000000011101110101111011011011110100000
1111111111000000010000000001111011000000000000000
1111110111000000011101110111111011000001111011010
1111111111000000011101110101111011000000000000000
1111111000000000010000000001111011011011100100000
1111111111000000011101111111111011000000000000000
1111110111000000011101110111111011000001111011010
1111111000000000010000000001111011011011100100000
1111110111000000011101110111111011000001111011010
1111010000000000010000000001111011000000000000000
1111111111111111111101110111111011011011111111010
1000000000000000010000000001111011000000000000000
1111110110110110111101110111111001000001111111010
1000000000000000010000000001111001000000000000000
1111111111111110111101110111111011011011110100000
1000000000000000010000000001111001000000000000000
1100010111000000011101111111111001000001111100000
1111111111000000011101111111111001000001111100000
1000000000000000010000000001111011000000000000000
1000000000000000010000000001111011000000000000000
1111110110000000010000000001111011000000000000000
1111111110000000010000000001111011011011110100000
1000000000000000010000000001111001000000000000000
1000000000000000010000000001111001000000000000000
1000000000000000010000000001111111000000000000000
1111111111111111111101110111111011011011111111010
1000000000000000010000000001111001000000000000000
1000000000000000011101110111111001000000000000000
1000000000000000010000000001111001000000000000000
1111010111000000011101110111111001000000000000000
1111010111000000011101110111111001000000000000000
1000000000000000011101110111111001000000000000000
1000000000000000010000000001111001000000000000000
1000000000000000010000000001111001000000000000000
1000000000000000010000000001111111011011100100000
1111111111111111111101110111111011011011111111010
1100010111000000011101111111111001000001111100000
1111010111000000011101110111111001000000000000000
1111110000000000011101110101111001000000000000000
1111111110111110011110000001111011011011100100000
1111111111111110111101111111111001000001111100000
1111111111111110111101110111111001000001111100000
1111110000000000011101110101111011000000000000000
1100010111000000011101110101111001000000000000000
1100010111000000011101110101111001000000000000000
1111010111000000011101110111111001000000000000000
1100011000000000010000000001111011000000000000000
1100011000000000011110000001111011011011110100000
1100011000000000010000000001111011000000000000000
1000000000000000010000000001111111011011100100000
1111110111000000011101110111111011000001111100000
1100010111000000011101110101111001000000000000000
1111110111000000011101110111111011000001111100000
1111111110111111111101110101111111111011110100000
1111111110111111111101110101111111111011110100000
1111111110111111011110000001111011011011110100000
1111110111000000011101110111111011000001111100000
1100010111000000011101110111111001000000000000000
1111111000000000011101110101111011000000000000000
1100011000000000010000000001111011000000000000000
1111110111000000011101111111111001000001111100000
1100010111000000011101110111111001000000000000000
1111111111000000011101111111111001000001111111010
1111110111000000011101110111111011000001111100000
1111110111000000011101110111111011000001111100000
1100010111000000011101110111111001000000000000000
1111111000000000011110000001111111011011100100000
1111111000000000011110000001111111011011100100000
1100010111000000011101111111111001000001111100000
1111110111000000011101110101111011000000000000000
1100011000000000010000000001111111000000000000000
1111111000000000011110000001111111011011100100000
1111110110110110111101110111111011000001111111010
1111110111000000011101110111111011000001111100000
1111111111000000010000000001111011000000000000000
1100010111000000011101110111111001000000000000000
1111110111000000011101110111111001000001110100000
1111111000000000011110000001111111011011100100000
1111110111111111111101111111111001000001111111010
1111110110000000010000000001111011000000000000000
1111110111000000011101110111111001000001110100000
1111110111000000011101110101111011000000000000000
1111110111111111111101111111111001000001111111010
1111111110111111111101110101111111111011110100000
1111111000000000011110000001111111011011100100000
1111111000000000011110000001111111011011100100000
1111110111111111111101111111111001000001111111010
1000000000000000010000000001111011000000000000000
1111011000000000010000000001111011000000000000000
1111111111000000010000000001111011000000000000000
1111111111111110111101111111111001000001111100000
1111111111000000010000000001111011000000000000000
1111110110000000010000000001111011000000000000000
1111111111111110111101110111111001000001111100000
1111111111111111011110000001111111011011100100000
1111111111000000011101110101111011000000000000000
1111111111000000011101111111111011000000000000000
1111110111000000011101110101111011000000000000000
1100011000000000010000000001111111000000000000000
1111110110000000011101110101111011011011110100000
1111111000000000011101110101111011000000000000000
1111111000000000011101110101111011000000000000000
1000000000000000010000110011111001000000000000000
1100010110000000010000000001100000000000000000000
1100000000000000010000000001100000000000000000000
1111111111111111011110000001111111011011100100000
1111110110110110111101110111111001000001111111010
1100000000000000010000000001100000000000000000000
1111010000000000010000000001111011000000000000000
1100000000000000010000000001100000000000000000000
1100010111000000011101110111111001000000000000000
1100010000000000010000000001100000000000000000000
1111111111111111011110000001111111011011100100000
1111111111111111011110000001111111011011100100000
1100000000000000010000000001100000000000000000000
1000000000000000010000110011111001000000000000000
1000000000000000010000110011111001000000000000000
1000000000000000010000110011111001000000000000000
1111010000000000010000000001111011000000000000000
1111110110110110111101110111111001000001111111010
1000000000000000010000110011111001000000000000000
1000000000000000010000000001111011000000000000000
1000000000000000010000000001111011000000000000000
1111111111111111111101111111111001000001111111010
1111111111111111111101111111111001000001111111010
1111110111111111111101110111111001000001111111010
1111010000000000011101110101111001000000000000000
1111110111000000011101110111111011000001111111010
1111110111000000011101110111111011000001111111010
1111010000000000010000000001111011000000000000000
1111110111000000011101110111111011000001111111010
1111110111000000011101110111111011000001111111010
1111111110000000010000000001111011011010000000000
1111110111000000011101110111111001000001110100000
1000000000000000011101110101111001000000000000000
1000000000000000011101110101111001000000000000000
1111111000000000010000000001111011000000000000000
1000000000000000011101110101111001000000000000000
1111111000000000010000000001111011000000000000000
1000000000000000011101110101111001000000000000000
1111110110110110111101110111111011000001111111010
1000000000000000011101110101111001000000000000000
1000000000000000011101110101111001000000000000000
1000000000000000011101110101111001000000000000000
1000000000000000011101110111111011000000000000000
1000000000000000011101110101111001000000000000000
1111110000000000011101110101111001000000000000000
1000000000000000011101110101111001000000000000000
1111111000000000010000000001111011000000000000000
1111111111000000010000000001111011000000000000000
1111111111000000010000000001111011000000000000000
1000000000000000011101110111111011000000000000000
1111111000000000010000000001111011000000000000000
1111111000000000010000000001111011000000000000000
1111111111000000011101111111111001000000000000000
1000000000000000011101110111111011000000000000000
1111111111000000011101111111111001000000000000000
1111111110111110011110000001111011011011110100000
1100011000000000010000000001111011000000000000000
1100011000000000010000000001111011000000000000000
1111110000000000010000000001111011000000000000000
1000000000000000010000000001100000000000000000000
1111111110000000011110000001111011011011110100000
1111111110000000011101110101111011000000000000000
1111111110000000011101110101111011000000000000000
1111110111000000011101110111111001000000000000000
1000000000000000010000000001100000000000000000000
1111111110000000011110000001111011011011110100000
1000000000000000010000000001100000000000000000000
1000000000000000010000000001100000000000000000000
1000000000000000010000000001100000000000000000000
1111111110000000011110000001111011011011110100000
1111111110000000011110000001111011011011110100000
1111111110000000011110000001111011011011110100000
1111111111000000011101111111111001000001111100000
1000000000000000010000000001100000000000000000000
1111111110000000011110000001111011011011110100000
1000000000000000010000000001100000000000000000000
1111111111111111111101111111111001000001111111010
1000000000000000010000000001100000000000000000000
1111111110000000011110000001111011011011110100000
1000000000000000011101110111111011000000000000000
1000000000000000010000000001100000000000000000000
1111111110000000011110000001111011011011110100000
1111111111111111111101111111111001000001111111010
1100010110000000011101110101111001000000000000000
1100010000000000010000000001100000000000000000000
1100010000000000010000000001100000000000000000000
1100010000000000010000000001100000000000000000000
1111111111000000011101111111111001000001111100000
1111111111000000011101110111111011000000000000000
1111111111111111111110000001111011011011110100000
1111111111111111111110000001111011011011110100000
1111111000000000010000000001111111000000000000000
1100010000000000010000000001100000000000000000000
1100010000000000010000000001100000000000000000000
1111111110000000010000000001111011000000000000000
1111111110000000010000000001111011000000000000000
1000000000000000010000000001100000000000000000000
1000000000000000010000000001100000000000000000000
1000000000000000010000000001100000000000000000000
1000000000000000010000110011111011000000000000000
1100010111000000011101110101111001000000000000000
1100010111000000011101110101111001000000000000000
1000000000000000010000000001111111000000000000000
1000000000000000010000000001111111000000000000000
1100010111110110111101110101111001000000000011010
1111110110000000010000000001111011000000000000000
1111111000000000010000000001111011000000000000000
1000000000000000010000000001100000000000000000000
1000000000000000010000000001100000000000000000000
1000000000000000010000000001100000000000000000000
1000000000000000010000000001100000000000000000000
~~~
0.0 41.0 2.0 19.0 75.0 
0.0 35.0 8.0 16.0 131.0 
0.0 39.0 3.0 22.0 95.0 
0.0 34.0 4.0 40.0 130.0 
0.0 19.0 12.0 60.0 260.0 
0.0 41.0 2.0 19.0 75.0 
0.0 29.0 6.0 50.0 167.0 
0.0 32.0 9.0 20.0 166.0 
0.0 38.0 5.0 19.0 103.0 
0.0 33.0 5.0 32.0 150.0 
0.0 33.0 5.0 32.0 150.0 
0.0 28.0 8.0 45.0 176.0 
0.0 44.0 3.0 9.0 55.0 
0.0 23.0 17.0 26.0 250.0 
0.0 45.0 2.0 9.0 40.0 
0.0 39.0 3.0 22.0 95.0 
0.0 34.0 4.0 40.0 130.0 
0.0 38.0 5.0 19.0 103.0 
0.0 14.0 20.0 45.0 317.0 
0.0 35.0 8.0 16.0 131.0 
0.0 30.0 6.0 44.0 170.0 
0.0 30.0 9.0 27.0 172.0 
0.0 28.0 8.0 45.0 176.0 
0.0 36.0 4.0 27.0 120.0 
0.0 26.0 12.0 28.0 213.0 
0.0 34.0 4.0 40.0 130.0 
0.0 17.0 13.0 65.0 281.0 
0.0 39.0 3.0 22.0 95.0 
0.0 45.0 2.0 9.0 40.0 
0.0 17.0 13.0 65.0 281.0 
0.0 31.0 6.0 47.0 146.0 
0.0 30.0 6.0 44.0 170.0 
0.0 15.0 15.0 65.0 293.0 
0.0 23.0 17.0 26.0 250.0 
0.0 12.0 16.0 81.0 328.0 
0.0 39.0 3.0 22.0 95.0 
0.0 28.0 6.0 59.0 172.0 
0.0 34.0 9.0 16.0 146.0 
0.0 29.0 6.0 50.0 167.0 
0.0 34.0 9.0 16.0 146.0 
0.0 26.0 8.0 51.0 202.0 
0.0 29.0 6.0 50.0 167.0 
0.0 29.0 6.0 50.0 167.0 
0.0 29.0 10.0 25.0 191.0 
0.0 36.0 4.0 27.0 120.0 
0.0 27.0 10.0 32.0 202.0 
0.0 12.0 19.0 60.0 320.0 
0.0 23.0 17.0 26.0 250.0 
0.0 28.0 6.0 59.0 172.0 
0.0 7.0 23.0 65.0 379.0 
0.0 19.0 12.0 60.0 260.0 
0.0 19.0 12.0 60.0 260.0 
0.0 29.0 10.0 25.0 191.0 
0.0 24.0 15.0 27.0 237.0 
0.0 41.0 4.0 13.0 85.0 
0.0 33.0 9.0 19.0 149.0 
0.0 21.0 13.0 47.0 249.0 
0.0 33.0 9.0 19.0 149.0 
0.0 30.0 6.0 44.0 170.0 
0.0 41.0 4.0 13.0 85.0 
0.0 29.0 10.0 25.0 191.0 
0.0 25.0 12.0 32.0 218.0 
0.0 28.0 6.0 59.0 172.0 
0.0 41.0 4.0 13.0 85.0 
0.0 27.0 12.0 25.0 207.0 
0.0 12.0 16.0 81.0 328.0 
0.0 39.0 3.0 22.0 95.0 
0.0 35.0 8.0 16.0 131.0 
0.0 40.0 2.0 28.0 80.0 
0.0 12.0 16.0 81.0 328.0 
0.0 16.0 13.0 74.0 282.0 
0.0 41.0 2.0 19.0 75.0 
0.0 41.0 4.0 13.0 85.0 
0.0 26.0 8.0 51.0 202.0 
0.0 16.0 19.0 41.0 300.0 
0.0 29.0 6.0 50.0 167.0 
0.0 7.0 23.0 65.0 379.0 
0.0 16.0 19.0 41.0 300.0 
0.0 19.0 12.0 60.0 260.0 
0.0 19.0 12.0 60.0 260.0 
0.0 19.0 12.0 60.0 260.0 
0.0 11.0 20.0 60.0 332.0 
0.0 16.0 19.0 41.0 300.0 
0.0 28.0 6.0 59.0 172.0 
0.0 26.0 8.0 51.0 202.0 
0.0 15.0 15.0 65.0 293.0 
0.0 36.0 7.0 16.0 121.0 
0.0 21.0 13.0 47.0 249.0 
0.0 32.0 6.0 32.0 156.0 
0.0 19.0 18.0 33.0 283.0 
0.0 26.0 11.0 32.0 208.0 
0.0 29.0 6.0 50.0 167.0 
0.0 24.0 13.0 32.0 230.0 
0.0 19.0 18.0 33.0 283.0 
0.0 29.0 6.0 50.0 167.0 
0.0 19.0 18.0 33.0 283.0 
0.0 37.0 4.0 25.0 109.0 
0.0 7.0 23.0 65.0 379.0 
0.0 41.0 2.0 19.0 75.0 
0.0 15.0 21.0 38.0 322.0 
0.0 42.0 2.0 16.0 69.0 
0.0 12.0 19.0 60.0 320.0 
0.0 42.0 2.0 16.0 69.0 
0.0 24.0 15.0 27.0 237.0 
0.0 20.0 16.0 36.0 267.0 
0.0 41.0 2.0 19.0 75.0 
0.0 41.0 2.0 19.0 75.0 
0.0 34.0 5.0 28.0 145.0 
0.0 26.0 8.0 51.0 202.0 
0.0 42.0 2.0 16.0 69.0 
0.0 42.0 2.0 16.0 69.0 
0.0 40.0 2.0 28.0 80.0 
0.0 7.0 23.0 65.0 379.0 
0.0 42.0 2.0 16.0 69.0 
0.0 35.0 8.0 16.0 131.0 
0.0 42.0 2.0 16.0 69.0 
0.0 28.0 12.0 23.0 196.0 
0.0 28.0 12.0 23.0 196.0 
0.0 35.0 8.0 16.0 131.0 
0.0 42.0 2.0 16.0 69.0 
0.0 42.0 2.0 16.0 69.0 
0.0 34.0 4.0 47.0 122.0 
0.0 7.0 23.0 65.0 379.0 
0.0 24.0 15.0 27.0 237.0 
0.0 28.0 12.0 23.0 196.0 
0.0 31.0 9.0 24.0 166.0 
0.0 19.0 12.0 60.0 260.0 
0.0 14.0 20.0 45.0 317.0 
0.0 15.0 19.0 45.0 305.0 
0.0 30.0 9.0 27.0 172.0 
0.0 31.0 10.0 20.0 172.0 
0.0 31.0 10.0 20.0 172.0 
0.0 28.0 12.0 23.0 196.0 
0.0 38.0 3.0 26.0 100.0 
0.0 28.0 8.0 45.0 176.0 
0.0 38.0 3.0 26.0 100.0 
0.0 34.0 4.0 47.0 122.0 
0.0 21.0 15.0 35.0 256.0 
0.0 31.0 10.0 20.0 172.0 
0.0 21.0 15.0 35.0 256.0 
0.0 11.0 17.0 81.0 334.0 
0.0 11.0 17.0 81.0 334.0 
0.0 17.0 13.0 65.0 281.0 
0.0 21.0 15.0 35.0 256.0 
0.0 30.0 11.0 20.0 182.0 
0.0 29.0 9.0 31.0 177.0 
0.0 38.0 3.0 26.0 100.0 
0.0 21.0 16.0 32.0 262.0 
0.0 30.0 11.0 20.0 182.0 
0.0 17.0 19.0 36.0 304.0 
0.0 21.0 15.0 35.0 256.0 
0.0 21.0 15.0 35.0 256.0 
0.0 30.0 11.0 20.0 182.0 
0.0 25.0 8.0 59.0 196.0 
0.0 25.0 8.0 59.0 196.0 
0.0 24.0 15.0 27.0 237.0 
0.0 27.0 11.0 28.0 203.0 
0.0 37.0 3.0 35.0 105.0 
0.0 25.0 8.0 59.0 196.0 
0.0 14.0 21.0 41.0 328.0 
0.0 21.0 15.0 35.0 256.0 
0.0 32.0 6.0 32.0 156.0 
0.0 30.0 11.0 20.0 182.0 
0.0 23.0 14.0 32.0 239.0 
0.0 25.0 8.0 59.0 196.0 
0.0 11.0 23.0 46.0 360.0 
0.0 34.0 5.0 28.0 145.0 
0.0 23.0 14.0 32.0 239.0 
0.0 27.0 11.0 28.0 203.0 
0.0 11.0 23.0 46.0 360.0 
0.0 11.0 17.0 81.0 334.0 
0.0 25.0 8.0 59.0 196.0 
0.0 25.0 8.0 59.0 196.0 
0.0 11.0 23.0 46.0 360.0 
0.0 41.0 2.0 19.0 75.0 
0.0 36.0 4.0 29.0 114.0 
0.0 32.0 6.0 32.0 156.0 
0.0 14.0 20.0 45.0 317.0 
0.0 32.0 6.0 32.0 156.0 
0.0 34.0 5.0 28.0 145.0 
0.0 15.0 19.0 45.0 305.0 
0.0 16.0 13.0 74.0 282.0 
0.0 26.0 11.0 32.0 208.0 
0.0 24.0 13.0 32.0 230.0 
0.0 27.0 11.0 28.0 203.0 
0.0 37.0 3.0 35.0 105.0 
0.0 21.0 13.0 47.0 249.0 
0.0 29.0 9.0 31.0 177.0 
0.0 29.0 9.0 31.0 177.0 
0.0 39.0 5.0 16.0 97.0 
0.0 41.0 4.0 13.0 85.0 
0.0 44.0 3.0 9.0 55.0 
0.0 16.0 13.0 74.0 282.0 
0.0 15.0 21.0 38.0 322.0 
0.0 44.0 3.0 9.0 55.0 
0.0 37.0 4.0 25.0 109.0 
0.0 44.0 3.0 9.0 55.0 
0.0 30.0 11.0 20.0 182.0 
0.0 43.0 3.0 12.0 60.0 
0.0 16.0 13.0 74.0 282.0 
0.0 16.0 13.0 74.0 282.0 
0.0 44.0 3.0 9.0 55.0 
0.0 39.0 5.0 16.0 97.0 
0.0 39.0 5.0 16.0 97.0 
0.0 39.0 5.0 16.0 97.0 
0.0 37.0 4.0 25.0 109.0 
0.0 15.0 21.0 38.0 322.0 
0.0 39.0 5.0 16.0 97.0 
0.0 41.0 2.0 19.0 75.0 
0.0 41.0 2.0 19.0 75.0 
0.0 10.0 23.0 50.0 365.0 
0.0 10.0 23.0 50.0 365.0 
0.0 12.0 22.0 46.0 348.0 
0.0 32.0 9.0 22.0 155.0 
0.0 18.0 18.0 35.0 293.0 
0.0 18.0 18.0 35.0 293.0 
0.0 37.0 4.0 25.0 109.0 
0.0 18.0 18.0 35.0 293.0 
0.0 18.0 18.0 35.0 293.0 
0.0 30.0 6.0 44.0 170.0 
0.0 23.0 14.0 32.0 239.0 
0.0 36.0 7.0 16.0 121.0 
0.0 36.0 7.0 16.0 121.0 
0.0 35.0 4.0 31.0 125.0 
0.0 36.0 7.0 16.0 121.0 
0.0 35.0 4.0 31.0 125.0 
0.0 36.0 7.0 16.0 121.0 
0.0 14.0 21.0 41.0 328.0 
0.0 36.0 7.0 16.0 121.0 
0.0 36.0 7.0 16.0 121.0 
0.0 36.0 7.0 16.0 121.0 
0.0 34.0 8.0 19.0 137.0 
0.0 36.0 7.0 16.0 121.0 
0.0 31.0 9.0 24.0 166.0 
0.0 36.0 7.0 16.0 121.0 
0.0 35.0 4.0 31.0 125.0 
0.0 32.0 6.0 32.0 156.0 
0.0 32.0 6.0 32.0 156.0 
0.0 34.0 8.0 19.0 137.0 
0.0 35.0 4.0 31.0 125.0 
0.0 35.0 4.0 31.0 125.0 
0.0 25.0 13.0 29.0 224.0 
0.0 34.0 8.0 19.0 137.0 
0.0 25.0 13.0 29.0 224.0 
0.0 18.0 13.0 60.0 270.0 
0.0 38.0 3.0 26.0 100.0 
0.0 38.0 3.0 26.0 100.0 
0.0 36.0 4.0 27.0 120.0 
0.0 45.0 2.0 9.0 40.0 
0.0 23.0 10.0 51.0 226.0 
0.0 27.0 10.0 32.0 202.0 
0.0 27.0 10.0 32.0 202.0 
0.0 27.0 12.0 25.0 207.0 
0.0 45.0 2.0 9.0 40.0 
0.0 23.0 10.0 51.0 226.0 
0.0 45.0 2.0 9.0 40.0 
0.0 45.0 2.0 9.0 40.0 
0.0 45.0 2.0 9.0 40.0 
0.0 23.0 10.0 51.0 226.0 
0.0 23.0 10.0 51.0 226.0 
0.0 23.0 10.0 51.0 226.0 
0.0 20.0 16.0 36.0 267.0 
0.0 45.0 2.0 9.0 40.0 
0.0 23.0 10.0 51.0 226.0 
0.0 45.0 2.0 9.0 40.0 
0.0 10.0 23.0 50.0 365.0 
0.0 45.0 2.0 9.0 40.0 
0.0 23.0 10.0 51.0 226.0 
0.0 34.0 8.0 19.0 137.0 
0.0 45.0 2.0 9.0 40.0 
0.0 23.0 10.0 51.0 226.0 
0.0 10.0 23.0 50.0 365.0 
0.0 32.0 9.0 20.0 166.0 
0.0 43.0 3.0 12.0 60.0 
0.0 43.0 3.0 12.0 60.0 
0.0 43.0 3.0 12.0 60.0 
0.0 20.0 16.0 36.0 267.0 
0.0 25.0 12.0 32.0 218.0 
0.0 15.0 15.0 65.0 293.0 
0.0 15.0 15.0 65.0 293.0 
0.0 34.0 4.0 40.0 130.0 
0.0 43.0 3.0 12.0 60.0 
0.0 43.0 3.0 12.0 60.0 
0.0 33.0 5.0 32.0 150.0 
0.0 33.0 5.0 32.0 150.0 
0.0 45.0 2.0 9.0 40.0 
0.0 45.0 2.0 9.0 40.0 
0.0 45.0 2.0 9.0 40.0 
0.0 38.0 5.0 19.0 103.0 
0.0 31.0 10.0 20.0 172.0 
0.0 31.0 10.0 20.0 172.0 
0.0 40.0 2.0 28.0 80.0 
0.0 40.0 2.0 28.0 80.0 
0.0 23.0 17.0 26.0 250.0 
0.0 34.0 5.0 28.0 145.0 
0.0 35.0 4.0 31.0 125.0 
0.0 45.0 2.0 9.0 40.0 
0.0 45.0 2.0 9.0 40.0 
0.0 45.0 2.0 9.0 40.0 
0.0 45.0 2.0 9.0 40.0 
~~~
32.498
