1000000000000000010000110111100000000001111111001
1111110111110110110000110111111001000001110111001
1000000000000000010000000001100000000001100100000
1111110111110110110000111111111001000001110111001
1000000000000000010000110111100000000001110011001
1111111110000000010000000001111111100001100100000
1100010110000000010000110101100000000001100100000
1000000000000000010000000001100000000000000000000
1000000000000000010000110101111011000001100100000
1111111111000000010000110111111011000001111100000
1111010110000000010000111111100000000001110011001
1000000000000000010000110111100000000001110011001
1000000000000000010000000001100000000000000000000
1111010110000000010000110111100000000001100100000
1111000000000000010000110111100000000001111011001
1000000000000000010000000001100000000000000000000
1111110111000000010000000001111011000001110100000
1000000000000000010000000001100000000000000000000
1111110111000000010000110111111011000001100100000
1111110111000000010000111111111011000001111111001
1100010110000000010000110101100000000001100100000
1111111110000000010000000001111111100001100100000
1100010000000000010000000001111011000001100100000
1000000000000000010000110111100000000001110011001
1000000000000000010000000001100000000000000000000
1100010111000000010000110111111001000001111100000
1111110111000000010000111111111001000001111111001
1000000000000000010000000001100000000000000000000
1100000000000000010000110111100000000001111011001
1000000000000000010000110111100000000001111111001
1000000000000000010000000001100000000000000000000
1000000000000000010000000001100000000000000000000
1000000000000000010000000001100000000000000000000
1000000000000000010000000001100000000000000000000
1000000000000000010000110101100000000001110000000
1000000000000000010000000001100000000000000000000
1000000000000000010000110111111011000001100100000
1000000000000000010000000001100000000000000000000
1111110110111110010000000001111011000001100100000
1000000000000000010000000001111001000001100100000
1111000000000000010000110111100000000001111011001
1000000000000000010000000001100000000000000000000
1000000000000000010000000001100000000000000000000
1100010000000000010000000001100000000001100100000
1000000000000000010000000001100000000000000000000
1000000000000000010000000001111001000001100100000
1000000000000000010000000001100000000000000000000
1100010000000000010000000001100000000001100100000
1100010110000000010000110101100000000001100100000
1000000000000000010000000001100000000000000000000
1111110111110110110000111111111001000001110111001
1111111110000000010000000001111111100001100100000
1111000000000000010000110111100000000000000000000
1111110111110110110000111111111001000001110111001
1000000000000000010000000001111001000001100100000
1100010111000000010000110111111001000001111011001
1111111111111111110000111111111011000001100100000
1000000000000000010000000001100000000000000000000
1000000000000000010000000001100000000000000000000
1100010111000000010000110101111001000001110100000
1000000000000000010000000001100000000000000000000
1111111110000000010000000001111111100001100100000
1000000000000000010000110111111001000001110100000
1000000000000000010000000001100000000000000000000
1000000000000000010000000001100000000000000000000
1000000000000000010000000001100000000001110100000
1000000000000000010000110111100000000001110011001
1000000000000000010000000001100000000000000100000
1111110111110110110000110111111001000001110111001
1111111111110110110000111111111001000001111111001
1111111111111111010000000001111011000001100100000
1000000000000000010000110101100000000001110011001
1000000000000000010000000001111001000001100100000
1000000000000000010000000001100000000001110000000
1000000000000000010000000001100000000001110000000
1100011000000000010000000001111111000001100100000
1000000000000000010000000001111001000001100100000
1100010111000000010000110111111001000001110100000
1111110111000000010000111111111001000001111111001
1111010110000000010000111111100000000001110011001
1100010111000000010000111111111001000001111011001
1111111000000000010000000001111011000001100100000
1111010110000000010000110101100000000001100100000
1111010111000000010000000001111001000001100100000
1000000000000000010000000001111001000001100100000
1111010110000000010000110101100000000001100100000
1000000000000000010000000001111001000001100100000
1000000000000000010000000001111001000001100100000
1100010111000000010000110111111001000001110100000
1100010111000000010000111111111001000001111011001
1111110111000000010000111111111001000001111111001
1111111111111111110000000001111011000001110100000
1111110111000000010000111111111011000001111111001
1111110110000000010000000001111001000001100100000
1000000000000000010000000001111001000001100100000
1100000000000000010000110111100000000001111011001
1111000000000000010000111111100000000001111011001
1000000000000000010000000001100000000001100100000
1111111111111111110000000001111011000001110100000
1100010111000000010000110101111001000001100100000
1000000000000000010000000001100000000000000100000
1111110111110110110000110111111001000001110111001
1000000000000000010000110101100000000001110000000
1100000000000000010000110111100000000001111011001
1111000000000000010000111111100000000001111011001
1000000000000000010000000001100000000000000100000
1000000000000000010000000001100000000001100100000
1100000000000000010000110111100000000001111011001
1000000000000000010000110101100000000001110000000
1100010111000000010000111111111001000001111111001
1100011000000000010000000001111111000001100100000
1000000000000000010000110101100000000001110000000
1111111110000000010000000001111011000001100100000
1000000000000000010000000001100000000001100100000
1100010111000000010000111111111001000001111011001
1111010110000000010000110101100000000001100100000
1000000000000000010000110101100000000001110000000
1111111111111110110000111111111011000001111111001
1100010111000000010000000001111011000001100100000
1111110111110110110000111111111001000001110111001
1111110111110110110000111111111001000001110111001
1000000000000000010000110101100000000001110011001
1111111111111111010000000001111011000001100100000
1111010110000000010000110111100000000001110011001
1111111111111111110000000001111011000001100100000
1111111111111111110000111111111011000001111111001
1000000000000000010000110111100000000001111011001
1000000000000000010000110101100000000001110000000
1111111111111111110000000001111011000001100100000
1111111111111111010000000001111011000001100100000
1111111111111111010000000001111011000001100100000
1111111111111110010000000001111011000001100100000
1000000000000000010000110101100000000001110000000
1111010111000000010000111111111001000001111111001
1111010111000000010000111111111001000001111111001
1000000000000000010000110101100000000001110011001
1000000000000000010000110101100000000001110000000
1000000000000000010000110101100000000001110011001
1111010111000000010000111111111001000001111111001
1111110111111110110000111111111011000001111111001
1000000000000000010000110101100000000001110011001
1000000000000000010000110101100000000001110011001
1000000000000000010000110101100000000001110011001
1000000000000000010000110101100000000001110011001
1111111111111110110000111001111111100001100100000
1111110000000000010000000001111011000001100100000
1111110000000000010000000001111011000001100100000
1111110000000000010000000001111011000001100100000
1100010110000000010000000001111011000001100100000
1111010111000000010000111111111001000001111111001
1000000000000000010000000001100000000001110000000
1111110111111110110000111111111011000001111111001
1111111111000000010000000001111011000001110100000
1111111111111110010000000001111011000001100100000
1100010110000000010000000001100000000001100100000
1111110111000000010000110111111011000001111111001
1000000000000000010000000001100000000001100100000
1111111111000000010000000001111011000001110100000
1000000000000000010000000001100000000001100100000
1111000000000000010000111111100000000001111011001
1000000000000000010000000001100000000001100100000
1000000000000000010000000001100000000001100100000
1111110111111110110000111111111011000001111111001
1111111111000000010000000001111011000001110100000
1000000000000000010000000001111011000001100100000
1111110111000000010000110111111011000001110100000
1111010110000000010000110111100000000001110011001
1000000000000000010000000001111011000001100100000
1111111111111110110000111111111011000001111111001
1000000000000000010000000001111011000001100100000
1111110111000000010000110111111011000001111111001
1111110111111110110000111111111011000001111111001
1111110111000000010000000001111011000001100100000
1100010111000000010000110101111001000001100100000
1111110111000000010000110111111011000001110100000
1111110111000000010000110111111001000001100100000
1111111111000000010000110111111011000001111100000
1000000000000000010000110111100000000001111011001
1000000000000000010000000001100000000001100100000
1111111111000000010000110111111011000001111100000
1111111110111110010000000001111011000001100100000
1000000000000000010000000001100000000001100100000
1111110111111110110000110101111011000001110100000
1000000000000000010000110111100000000001111011001
1111110111111110110000110101111011000001110100000
1000000000000000010000000001100000000001100100000
1000000000000000010000000001100000000001100100000
1111111110111110010000000001111011000001100100000
1000000000000000010000110111100000000001111011001
1111110111111110110000110101111011000001110100000
1111111111111110110000111001111111100001100100000
1111111111111111110000111111111011000001111111001
1100011000000000010000000001111011000001100100000
1111110111000000010000110111111001000001100100000
1111111111111110110000000001111011000001110100000
1111110111000000010000110111111001000001100100000
1111111111111110110000111001111111100001100100000
1000000000000000010000110111100000000001110100000
1111111111111110110000111001111111100001100100000
1100010111000000010000110101111001000001100100000
1000000000000000010000110101100000000001100100000
1000000000000000010000110111100000000001110100000
1111000000000000010000110111100000000001111011001
1000000000000000010000110111100000000001110100000
1000000000000000010000110111100000000001110100000
1000000000000000010000110111100000000001110100000
1111111111111110110000111001111111100001100100000
1000000000000000010000000001100000000001110100000
1111111111111111110000111111111011000001111111001
1100011000000000010000000001111011000001100100000
1111111111111111110000111111111011000001111111001
1100010111000000010000110111111001000001110011001
1100010111000000010000110111111001000001111011001
1000000000000000010000110101100000000001100100000
1100010110000000010000000001100000000001100100000
1111111110000000010000000001111111000001100100000
1111111110000000010000110111111011000001100100000
1100010000000000010000000001111011000001100100000
1100010110000000010000000001111001000001100100000
1111111111111110110000111111111011000001111100000
1100011000000000010000000001111011000001100100000
1111111111111110110000111111111011000001111100000
1111110110111110010000000001111011000001100100000
1111111110000000010000000001111111000001100100000
1100010000000000010000000001100000000001100100000
1111110111000000010000000001111011000001110100000
1100010111000000010000110111111001000001110011001
1100010000000000010000000001111011000001100100000
1000000000000000010000110111100000000001100100000
1100010111000000010000110101111001000001110100000
1000000000000000010000000001100000000000000100000
1000000000000000010000000001100000000001110100000
1111111111111110110000111111111011000001111100000
1000000000000000010000000001111011000001100100000
1000000000000000010000000001100000000000000000000
1100010110000000010000111101100000000001100100000
1100010110000000010000000001111011000001100100000
1111110110000000010000000001111001000001100100000
1100011000000000010000000001111011000001100100000
1000000000000000010000000001100000000000000000000
1000000000000000010000000001100000000000000000000
1100010111000000010000110111111011000001100100000
1111111110000000010000000001111011000001100100000
1111110111111110110000111111111011000001111111001
1111111110000000010000000001111011000001100100000
1100010110000000010000000001111011000001100100000
1111110111000000010000110111111011000001100100000
1111110111000000010000000001111001000001100100000
1111111110111110010000000001111011000001100100000
1111111110111110010000000001111011000001100100000
1100000000000000010000000001100000000001110000000
1111111110111110010000000001111011000001100100000
1111111110000000010000000001111011000001100100000
1111111110000000010000000001111111000001100100000
1000000000000000010000000001111011000001110100000
1111110110000000010000000001111011000001100100000
1111111111111110110000111001111111100001100100000
1111111111110110110000111111111001000001111111001
1111111111000000010000000001111011000001100100000
1000000000000000010000000001100000000000000000000
1100011000000000010000000001111011000001100100000
1100000000000000010000000001100000000001110000000
1111110111000000010000110111111001000001111100000
1000000000000000010000000001111011000001110100000
1111110111000000010000110111111001000001110100000
1100010110000000010000110101100000000001110011001
1111111111000000010000000001111011000001100100000
1000000000000000010000000001111011000001100100000
1000000000000000010000000001111011000001100100000
1000000000000000010000000001111011000001100100000
1000000000000000010000000001111011000001100100000
1000000000000000010000000001111011000001100100000
1111111000000000010000000001111011000001100100000
1111111000000000010000000001111011000001100100000
1111111000000000010000000001111011000001100100000
1000000000000000010000110101111011000001100100000
1100010110000000010000110101100000000001110011001
1111111000000000010000000001111011000001100100000
1000000000000000010000000001111001000001100111001
1111111000000000010000000001111011000001100100000
1111000000000000010000111111100000000001111011001
1000000000000000010000110101100000000001100100000
1111110111000000010000110111111001000001110011001
1111110110000000010000110111100000000001110011001
1000000000000000010000000001100000000001110000000
1000000000000000010000000001100000000001110000000
1111110111000000010000000001111001000001100100000
1111011000000000010000000001111011000001100100000
1111010110000000010000110101100000000001110011001
1100010111000000010000111111111001000001111111001
1100010111000000010000111111111001000001111111001
1000000000000000010000000001100000000001110100000
1100010000000000010000000001111011000001100100000
1100010000000000010000000001111011000001100100000
1000000000000000010000000001111111000001100100000
1111110111000000010000000001111011000001100100000
1000000000000000010000000001111111000001100100000
1111110111000000010000110111111001000001100100000
1111110110000000010000000001111011000001100100000
1000000000000000010000110101111011000001100100000
~~~
0.0 33.0 12.0 16.0 147.0 
0.0 18.0 19.0 38.0 282.0 
0.0 42.0 3.0 16.0 62.0 
0.0 17.0 20.0 38.0 294.0 
0.0 35.0 11.0 14.0 126.0 
0.0 28.0 6.0 55.0 191.0 
0.0 35.0 8.0 20.0 132.0 
0.0 45.0 2.0 9.0 40.0 
0.0 35.0 6.0 26.0 122.0 
0.0 23.0 13.0 39.0 234.0 
0.0 28.0 15.0 21.0 197.0 
0.0 35.0 11.0 14.0 126.0 
0.0 45.0 2.0 9.0 40.0 
0.0 32.0 10.0 23.0 156.0 
0.0 31.0 14.0 17.0 166.0 
0.0 45.0 2.0 9.0 40.0 
0.0 29.0 8.0 35.0 183.0 
0.0 45.0 2.0 9.0 40.0 
0.0 26.0 11.0 35.0 208.0 
0.0 20.0 17.0 35.0 270.0 
0.0 35.0 8.0 20.0 132.0 
0.0 28.0 6.0 55.0 191.0 
0.0 36.0 4.0 29.0 117.0 
0.0 35.0 11.0 14.0 126.0 
0.0 45.0 2.0 9.0 40.0 
0.0 28.0 12.0 27.0 198.0 
0.0 21.0 17.0 32.0 264.0 
0.0 45.0 2.0 9.0 40.0 
0.0 33.0 13.0 14.0 152.0 
0.0 33.0 12.0 16.0 147.0 
0.0 45.0 2.0 9.0 40.0 
0.0 45.0 2.0 9.0 40.0 
0.0 45.0 2.0 9.0 40.0 
0.0 45.0 2.0 9.0 40.0 
0.0 39.0 7.0 14.0 87.0 
0.0 45.0 2.0 9.0 40.0 
0.0 34.0 7.0 26.0 132.0 
0.0 45.0 2.0 9.0 40.0 
0.0 26.0 9.0 44.0 211.0 
0.0 39.0 3.0 23.0 91.0 
0.0 31.0 14.0 17.0 166.0 
0.0 45.0 2.0 9.0 40.0 
0.0 45.0 2.0 9.0 40.0 
0.0 40.0 4.0 19.0 82.0 
0.0 45.0 2.0 9.0 40.0 
0.0 39.0 3.0 23.0 91.0 
0.0 45.0 2.0 9.0 40.0 
0.0 40.0 4.0 19.0 82.0 
0.0 35.0 8.0 20.0 132.0 
0.0 45.0 2.0 9.0 40.0 
0.0 17.0 20.0 38.0 294.0 
0.0 28.0 6.0 55.0 191.0 
0.0 38.0 8.0 12.0 104.0 
0.0 17.0 20.0 38.0 294.0 
0.0 39.0 3.0 23.0 91.0 
0.0 26.0 15.0 25.0 217.0 
0.0 17.0 16.0 53.0 286.0 
0.0 45.0 2.0 9.0 40.0 
0.0 45.0 2.0 9.0 40.0 
0.0 30.0 10.0 27.0 177.0 
0.0 45.0 2.0 9.0 40.0 
0.0 28.0 6.0 55.0 191.0 
0.0 34.0 8.0 23.0 136.0 
0.0 45.0 2.0 9.0 40.0 
0.0 45.0 2.0 9.0 40.0 
0.0 41.0 4.0 16.0 72.0 
0.0 35.0 11.0 14.0 126.0 
1.0 44.0 2.0 11.0 50.0 
0.0 18.0 19.0 38.0 282.0 
0.0 15.0 21.0 42.0 310.0 
0.0 23.0 10.0 53.0 233.0 
0.0 36.0 10.0 14.0 116.0 
0.0 39.0 3.0 23.0 91.0 
0.0 42.0 4.0 14.0 62.0 
0.0 42.0 4.0 14.0 62.0 
0.0 34.0 4.0 42.0 127.0 
0.0 39.0 3.0 23.0 91.0 
0.0 29.0 11.0 27.0 187.0 
0.0 21.0 17.0 32.0 264.0 
0.0 28.0 15.0 21.0 197.0 
0.0 25.0 16.0 25.0 229.0 
0.0 32.0 5.0 38.0 147.0 
0.0 33.0 9.0 23.0 146.0 
0.0 32.0 7.0 30.0 156.0 
0.0 39.0 3.0 23.0 91.0 
0.0 33.0 9.0 23.0 146.0 
0.0 39.0 3.0 23.0 91.0 
0.0 39.0 3.0 23.0 91.0 
0.0 29.0 11.0 27.0 187.0 
0.0 25.0 16.0 25.0 229.0 
0.0 21.0 17.0 32.0 264.0 
0.0 21.0 12.0 53.0 249.0 
0.0 20.0 17.0 35.0 270.0 
0.0 32.0 6.0 32.0 161.0 
0.0 39.0 3.0 23.0 91.0 
0.0 33.0 13.0 14.0 152.0 
0.0 30.0 15.0 17.0 178.0 
0.0 42.0 3.0 16.0 62.0 
0.0 21.0 12.0 53.0 249.0 
0.0 31.0 9.0 27.0 167.0 
1.0 44.0 2.0 11.0 50.0 
0.0 18.0 19.0 38.0 282.0 
0.0 39.0 7.0 14.0 87.0 
0.0 33.0 13.0 14.0 152.0 
0.0 30.0 15.0 17.0 178.0 
1.0 44.0 2.0 11.0 50.0 
0.0 42.0 3.0 16.0 62.0 
0.0 33.0 13.0 14.0 152.0 
0.0 39.0 7.0 14.0 87.0 
0.0 24.0 16.0 27.0 239.0 
0.0 34.0 4.0 42.0 127.0 
0.0 39.0 7.0 14.0 87.0 
0.0 30.0 6.0 39.0 172.0 
0.0 42.0 3.0 16.0 62.0 
0.0 25.0 16.0 25.0 229.0 
0.0 33.0 9.0 23.0 146.0 
0.0 39.0 7.0 14.0 87.0 
0.0 13.0 21.0 48.0 325.0 
0.0 33.0 6.0 30.0 148.0 
0.0 17.0 20.0 38.0 294.0 
0.0 17.0 20.0 38.0 294.0 
0.0 36.0 10.0 14.0 116.0 
0.0 23.0 10.0 53.0 233.0 
0.0 29.0 14.0 21.0 185.0 
0.0 22.0 11.0 53.0 239.0 
0.0 12.0 21.0 53.0 336.0 
0.0 34.0 12.0 14.0 137.0 
0.0 39.0 7.0 14.0 87.0 
0.0 22.0 11.0 53.0 239.0 
0.0 23.0 10.0 53.0 233.0 
0.0 23.0 10.0 53.0 233.0 
0.0 24.0 10.0 48.0 222.0 
0.0 39.0 7.0 14.0 87.0 
0.0 22.0 17.0 30.0 253.0 
0.0 22.0 17.0 30.0 253.0 
0.0 36.0 10.0 14.0 116.0 
0.0 39.0 7.0 14.0 87.0 
0.0 36.0 10.0 14.0 116.0 
0.0 22.0 17.0 30.0 253.0 
0.0 14.0 21.0 44.0 320.0 
0.0 36.0 10.0 14.0 116.0 
0.0 36.0 10.0 14.0 116.0 
0.0 36.0 10.0 14.0 116.0 
0.0 36.0 10.0 14.0 116.0 
0.0 18.0 14.0 64.0 277.0 
0.0 33.0 5.0 34.0 142.0 
0.0 33.0 5.0 34.0 142.0 
0.0 33.0 5.0 34.0 142.0 
0.0 34.0 5.0 30.0 142.0 
0.0 22.0 17.0 30.0 253.0 
0.0 42.0 4.0 14.0 62.0 
0.0 14.0 21.0 44.0 320.0 
0.0 28.0 8.0 39.0 188.0 
0.0 24.0 10.0 48.0 222.0 
0.0 38.0 5.0 20.0 107.0 
0.0 21.0 16.0 35.0 258.0 
0.0 42.0 3.0 16.0 62.0 
0.0 28.0 8.0 39.0 188.0 
0.0 42.0 3.0 16.0 62.0 
0.0 30.0 15.0 17.0 178.0 
0.0 42.0 3.0 16.0 62.0 
0.0 42.0 3.0 16.0 62.0 
0.0 14.0 21.0 44.0 320.0 
0.0 28.0 8.0 39.0 188.0 
0.0 38.0 3.0 26.0 97.0 
0.0 25.0 12.0 35.0 218.0 
0.0 29.0 14.0 21.0 185.0 
0.0 38.0 3.0 26.0 97.0 
0.0 13.0 21.0 48.0 325.0 
0.0 38.0 3.0 26.0 97.0 
0.0 21.0 16.0 35.0 258.0 
0.0 14.0 21.0 44.0 320.0 
0.0 30.0 7.0 35.0 173.0 
0.0 31.0 9.0 27.0 167.0 
0.0 25.0 12.0 35.0 218.0 
0.0 27.0 11.0 32.0 202.0 
0.0 23.0 13.0 39.0 234.0 
0.0 34.0 12.0 14.0 137.0 
0.0 42.0 3.0 16.0 62.0 
0.0 23.0 13.0 39.0 234.0 
0.0 25.0 9.0 48.0 216.0 
0.0 42.0 3.0 16.0 62.0 
0.0 20.0 15.0 44.0 258.0 
0.0 34.0 12.0 14.0 137.0 
0.0 20.0 15.0 44.0 258.0 
0.0 42.0 3.0 16.0 62.0 
0.0 42.0 3.0 16.0 62.0 
0.0 25.0 9.0 48.0 216.0 
0.0 34.0 12.0 14.0 137.0 
0.0 20.0 15.0 44.0 258.0 
0.0 18.0 14.0 64.0 277.0 
0.0 12.0 21.0 53.0 336.0 
0.0 35.0 4.0 33.0 122.0 
0.0 27.0 11.0 32.0 202.0 
0.0 22.0 12.0 48.0 238.0 
0.0 27.0 11.0 32.0 202.0 
0.0 18.0 14.0 64.0 277.0 
0.0 37.0 8.0 16.0 107.0 
0.0 18.0 14.0 64.0 277.0 
0.0 31.0 9.0 27.0 167.0 
0.0 39.0 6.0 16.0 87.0 
0.0 37.0 8.0 16.0 107.0 
0.0 31.0 14.0 17.0 166.0 
0.0 37.0 8.0 16.0 107.0 
0.0 37.0 8.0 16.0 107.0 
0.0 37.0 8.0 16.0 107.0 
0.0 18.0 14.0 64.0 277.0 
0.0 41.0 4.0 16.0 72.0 
0.0 12.0 21.0 53.0 336.0 
0.0 35.0 4.0 33.0 122.0 
0.0 12.0 21.0 53.0 336.0 
0.0 27.0 14.0 25.0 206.0 
0.0 26.0 15.0 25.0 217.0 
0.0 39.0 6.0 16.0 87.0 
0.0 38.0 5.0 20.0 107.0 
0.0 29.0 6.0 48.0 177.0 
0.0 26.0 10.0 39.0 207.0 
0.0 36.0 4.0 29.0 117.0 
0.0 35.0 5.0 27.0 136.0 
0.0 16.0 18.0 48.0 296.0 
0.0 35.0 4.0 33.0 122.0 
0.0 16.0 18.0 48.0 296.0 
0.0 26.0 9.0 44.0 211.0 
0.0 29.0 6.0 48.0 177.0 
0.0 40.0 4.0 19.0 82.0 
0.0 29.0 8.0 35.0 183.0 
0.0 27.0 14.0 25.0 206.0 
0.0 36.0 4.0 29.0 117.0 
0.0 38.0 7.0 16.0 97.0 
0.0 30.0 10.0 27.0 177.0 
1.0 44.0 2.0 11.0 50.0 
0.0 41.0 4.0 16.0 72.0 
0.0 16.0 18.0 48.0 296.0 
0.0 38.0 3.0 26.0 97.0 
0.0 45.0 2.0 9.0 40.0 
0.0 34.0 9.0 20.0 144.0 
0.0 34.0 5.0 30.0 142.0 
0.0 32.0 6.0 32.0 161.0 
0.0 35.0 4.0 33.0 122.0 
0.0 45.0 2.0 9.0 40.0 
0.0 45.0 2.0 9.0 40.0 
0.0 29.0 10.0 30.0 183.0 
0.0 30.0 6.0 39.0 172.0 
0.0 14.0 21.0 44.0 320.0 
0.0 30.0 6.0 39.0 172.0 
0.0 34.0 5.0 30.0 142.0 
0.0 26.0 11.0 35.0 208.0 
0.0 31.0 7.0 32.0 167.0 
0.0 25.0 9.0 48.0 216.0 
0.0 25.0 9.0 48.0 216.0 
0.0 41.0 5.0 14.0 77.0 
0.0 25.0 9.0 48.0 216.0 
0.0 30.0 6.0 39.0 172.0 
0.0 29.0 6.0 48.0 177.0 
0.0 37.0 4.0 26.0 107.0 
0.0 31.0 6.0 35.0 167.0 
0.0 18.0 14.0 64.0 277.0 
0.0 15.0 21.0 42.0 310.0 
0.0 29.0 7.0 39.0 178.0 
0.0 45.0 2.0 9.0 40.0 
0.0 35.0 4.0 33.0 122.0 
0.0 41.0 5.0 14.0 77.0 
0.0 25.0 13.0 32.0 223.0 
0.0 37.0 4.0 26.0 107.0 
0.0 26.0 12.0 32.0 212.0 
0.0 32.0 12.0 18.0 161.0 
0.0 29.0 7.0 39.0 178.0 
0.0 38.0 3.0 26.0 97.0 
0.0 38.0 3.0 26.0 97.0 
0.0 38.0 3.0 26.0 97.0 
0.0 38.0 3.0 26.0 97.0 
0.0 38.0 3.0 26.0 97.0 
0.0 32.0 5.0 38.0 147.0 
0.0 32.0 5.0 38.0 147.0 
0.0 32.0 5.0 38.0 147.0 
0.0 35.0 6.0 26.0 122.0 
0.0 32.0 12.0 18.0 161.0 
0.0 32.0 5.0 38.0 147.0 
0.0 36.0 6.0 23.0 120.0 
0.0 32.0 5.0 38.0 147.0 
0.0 30.0 15.0 17.0 178.0 
0.0 39.0 6.0 16.0 87.0 
0.0 24.0 15.0 30.0 231.0 
0.0 28.0 14.0 23.0 196.0 
0.0 42.0 4.0 14.0 62.0 
0.0 42.0 4.0 14.0 62.0 
0.0 31.0 7.0 32.0 167.0 
0.0 33.0 5.0 36.0 136.0 
0.0 30.0 13.0 21.0 175.0 
0.0 24.0 16.0 27.0 239.0 
0.0 24.0 16.0 27.0 239.0 
0.0 41.0 4.0 16.0 72.0 
0.0 36.0 4.0 29.0 117.0 
0.0 36.0 4.0 29.0 117.0 
0.0 37.0 3.0 35.0 102.0 
0.0 30.0 7.0 35.0 173.0 
0.0 37.0 3.0 35.0 102.0 
0.0 27.0 11.0 32.0 202.0 
0.0 31.0 6.0 35.0 167.0 
0.0 35.0 6.0 26.0 122.0 
~~~
86.969
