1111110000000000011101110101111001000000000000000
1111111000000000010000000001111111000000000000000
1000000000000000011101110101111001000000000000000
1111111111000000011110000001111011011011100100000
1000000000000000010000110101111001000000000000000
1111111111000000011110000001111111111011100100000
1000000000000000011101110101111011000000000000000
1111110000000000011101110101111001000000000000000
1111111110000000010000000001111011000000000000000
1000000000000000010000000001111001000000000000000
1000000000000000010000000001111001000000000000000
1000000000000000011101110101111001000000000000000
1111111000000000010000000001111111000000000000000
1000000000000000010000000001111001000000000000000
1000000000000000010000000001111001000000000000000
1000000000000000010000110101111001000000000000000
1100010000000000010000000001111001000000000000000
1111011000000000010000000001111011000000000000000
1111111111000000011101110111111011000000000000000
1000000000000000010000000001111001000000000000000
1111110000000000010000000001111011011011100100000
1111111111000000011110000001111011011011100100000
1111111000000000010000000001111011000000000000000
1000000000000000010000000001111001000000000000000
1111111000000000010000000001111111000000000000000
1111111110000000010000000001111111111011100100000
1111111000000000010000000001111111011010000000000
1111111000000000010000000001111111000000000000000
1111110111000000010000000001111001000000000000000
1000000000000000010000000001111001000000000000000
1000000000000000010000000001111001000000000000000
1000000000000000010000000001111001000000000000000
1111111110000000011110000001111111111011100100000
1111110000000000011110000001111011011010000000000
1111110111000000011101111111111011000000000000000
1111111111000000011101110111111011000000000000000
1111111000000000011110000001111111011011100100000
1000000000000000010000000001111001000000000000000
1111111111000000011101111111111111011011100111010
1000000000000000010000110101111001000000000000000
1111111111000000011101111111111011011011110100000
1000000000000000010000000001111001000000000000000
1111111111000000011101111111111011000000000000000
1000000000000000011101110101111001000000000000000
1111111111000000011101111111111011011011110100000
1111110110000000011110000001111011011010000000000
1000000000000000011101110111111011000000000000000
1000000000000000011101110101111001000000000000000
1000000000000000010000110101111001000000000000000
1111111111000000011101111111111111011011100111010
1000000000000000010000000001111011000000000000000
1111110111000000011101111111111011000000000000000
1111111110000000011101110101111011000000000000000
1111110111000000011101111111111011000000000000000
1111110110000000011110000001111011011010000000000
1000000000000000010000000001111011000000000000000
1000000000000000010000000001111011000000000000000
1111111111000000011101111111111011000000000000000
1111111110000000011110000001111111111011100100000
1000000000000000010000000001111011000000000000000
1000000000000000010000000001111011000000000000000
1111110111000000011101111111111011011010000000000
1000000000000000011101110101111001000000000000000
1111111110000000010000000001111111111011100100000
1111111111000000011110000001111011011011100100000
1111111000000000010000000001111111011010000000000
1000000000000000010000000001111011000000000000000
1111111000000000010000000001111111011010000000000
1000000000000000010000000001111011000000000000000
1111111111000000011110000001111111111011100100000
1000000000000000010000000001111011000000000000000
1000000000000000010000000001111001000000000000000
1111111110000000010000000001111011000000000000000
1111010111000000011101111101111001000000000000000
1111110110000000011110000001111011011011100100000
1111110000000000010000000001111011000000000000000
1000000000000000010000000001111001000000000000000
1000000000000000010000110101111001000000000000000
1000000000000000010000000001111001000000000000000
1000000000000000010000000001111001000000000000000
1000000000000000011101110101111001000000000000000
1111111111000000011101111111111111011011100111010
1000000000000000010000000001111001000000000000000
1111111000000000010000000001111011000000000000000
1000000000000000011101110101111011000000000000000
1111111110000000010000000001111011000000000000000
1000000000000000010000000001111001000000000000000
1000000000000000011101110111111011000000000000000
1000000000000000011101110101111011000001100100000
1000000000000000010000110101111001000000000000000
1000000000000000011101110101111011000000000000000
1111111000000000010000000001111011000000000000000
1111110111000000011101111111111011011011101111010
1000000000000000010000000001111011000000000000000
1000000000000000010000110101111001000000000000000
1000000000000000011101110111111011000000000000000
1111111111000000011101111111111011011011110100000
1000000000000000011101110101111001000000000000000
1000000000000000010000000001111011000000000000000
1111111111000000011101111111111011000000000000000
1111110111000000010000000001111001000000000000000
1111111111000000011101111111111011000000000000000
1111111111000000011101111111111111011011100111010
1111111111000000011101110101111011011011100100000
1111000000000000011101110111111011000000000000000
1111111111000000011110000001111011011011100100000
1111111000000000011110000001111011011010000000000
1100010000000000010000000001111011000000000000000
1111000000000000011101110111111011000000000000000
1111110111000000011101111111111011011011110100000
1111110000000000010000000001111011000000000000000
1111000000000000011101110111111011000000000000000
1100010000000000010000000001111011000000000000000
1111111111000000011101110101111011000000000000000
1111111000000000010000000001111011011011100100000
1000000000000000010000000001111011011010000000000
1111110111000000011101111111111011011011110100000
1111110111000000011101111111111011011011110100000
1100000000000000011101111101111001000000000000000
1111111000000000011110000001111011011010000000000
1111111000000000011101110101111011000001100100000
1111111110000000011110000001111011011011100100000
1111111110000000011110000001111011011011100100000
1111111111000000010000000001111011000000000000000
1111110000000000011110000001111011011010000000000
1111111000000000010000000001111011011011100100000
1111110000000000011110000001111011011010000000000
1111111000000000011101110101111011000001100100000
1111000000000000011101110111111011000000000000000
1111110000000000011110000001111011011010000000000
1000000000000000011101110101111011000001100100000
1111111111000000010000000001111011000000000000000
1111111110000000011110000001111011011010000000000
1111110111000000011101111111111011011011110100000
1111111000000000011101110101111011000001100100000
1111110000000000010000000001111001000000000000000
1111111000000000011110000001111011011010000000000
1111111000000000011101110101111011000001100100000
1100010000000000010000000001111001000000000000000
1111110110000000010000000001111011000000000000000
1100010000000000010000000001111001000000000000000
1100010000000000010000000001111001000000000000000
1111110111000000011101111111111011011011110100000
1000000000000000010000000001111111011011100100000
1111111000000000011110000001111011011011100100000
1111110111000000011101110101111011000000000000000
1111100000000000011101110101111001000000000000000
1000000000000000010000111101111001000000000000000
1111000000000000011101110111111011000000000000000
1111111111000000011101110101111011011011100100000
1111111111000000011101110101111011011011100100000
1000000000000000010000000001111011011010000000000
1111100000000000011101110101111001000000000000000
1000000000000000010000000001111011011010000000000
1111111111000000011101110101111011011011100100000
1111111000000000011101110101111011000000000000000
1111111110000000011110000001111011011011100100000
1111110111000000011101110101111011000000000000000
1111100000000000011101110101111001000000000000000
1111111111000000011101110101111011011011100100000
1111111110000000011110000001111011011011100100000
1111111000000000011110000001111011011011100100000
1111110110000000011110000001111011011011100100000
1111111000000000011101110101111011000000000000000
1000000000000000011101111101111001000000000000000
1111110111000000011101111111111011011010000000000
1111110110000000011101110101111001000000000000000
1111111000000000010000000001111111011010000000000
1111110111000000011101111111111011011010000000000
1111111110000000010000000001111011000000000000000
1111111110000000010000000001111011000000000000000
1111110000000000011110000001111011011011100100000
1111010111000000011101111101111001000000000000000
1111010111000000011101111101111001000000000000000
1111100000000000010000000001111001000000000000000
1000000000000000011101110101111011000001100100000
1111010111000000011101111111111011011011101111010
1111111000000000010000000001111011011011100100000
1111111000000000010000000001111011011011100100000
1111010111000000011101111111111011011011101111010
1111110111000000011101111111111011011010000000000
1111111000000000011101110101111011000000000000000
1000000000000000011101111101111001000000000000000
1111111110000000011101110101111011000000000000000
1111111000000000011110000001111011011010000000000
1111010111000000011101111101111001000000000000000
1111010111000000011101111101111001000000000000000
1111010111000000011101111101111001000000000000000
1111110111000000011101110101111011000000000000000
1111111000000000011101110101111011000000000000000
1111110110000000011101110101111001000000000000000
1111111000000000011110000001111011011010000000000
1000000000000000011101110101111011000000000000000
1000000000000000011110000001111011011011100100000
1000000000000000010000110101111001000000000000000
1000000000000000011101110101111001000000000000000
1111110110000000011101110101111001000000000000000
1000000000000000011101110101111001000000000000000
1111110110000000011101110101111001000000000000000
1111110110000000011101110101111001000000000000000
1111110111000000011101111101111001011011110100000
1111110111000000011101111101111001011011110100000
1000000000000000011101110101111001000000000000000
1111110111000000011101111101111001011011110100000
1111110111000000011101111101111001011011110100000
1111110110000000010000000001111011000000000000000
1111110110000000010000000001111011000000000000000
1111110111000000011101111111111011011011101111010
1111110111000000011101111101111001011011110100000
1111110111000000011101111111111001000000000000000
1111100000000000011101110101111001000000000000000
1000000000000000011101110111111011000000000000000
1000000000000000010000110101111001000000000000000
1111110111000000011101111111111011011011101111010
1111110111000000011101110101111001000000000000000
1111110110000000010000000001111011000000000000000
1111010000000000010000000001111011000000000000000
1000000000000000011101111111111011000000000000000
1000000000000000011101111111111011000000000000000
1000000000000000011101111111111011000000000000000
1111111000000000010000000001111111011011100100000
1111110111000000010000000001111011000000000000000
1111111000000000010000000001111111011011100100000
1111111111000000010000000001111011000000000000000
1111011000000000010000000001111011000000000000000
1111110111000000010000000001111011000000000000000
1000000000000000010000110101111011000000000000000
1111111000000000010000000001111111011011100100000
1100010000000000010000000001111011000000000000000
1111110000000000010000000001111011000000000000000
1100010000000000010000000001111011000000000000000
1111111111000000011110000001111011111011100100000
1100010000000000010000000001111011000000000000000
1111111000000000010000000001111111111011100100000
1100010000000000010000000001111011000000000000000
1100010000000000010000000001111011000000000000000
1111110000000000010000000001111001000000000000000
1111111000000000010000000001111111111011100100000
1111110000000000010000000001111011000000000000000
1111110000000000010000000001111001000000000000000
1111110110000000010000000001111011000000000000000
1111110000000000011101110101111011000000000000000
1111110111000000011101110101111001000000000000000
1000000000000000010000111101111001000000000000000
1000000000000000011101110101111011000000000000000
1111111000000000011110000001111011011011100100000
1000000000000000010000111101111001000000000000000
1000000000000000010000111101111001000000000000000
1111110111000000011101111101111011011011110100000
1111110111000000011101111101111011011011110100000
1111111111000000011110000001111011111011100100000
1000000000000000010000110101111011000000000000000
1111111000000000010000000001111111111011100100000
1000000000000000010000000001111111000000000000000
1000000000000000010000000001111111000000000000000
1000000000000000011110000001111011011011100100000
1000000000000000010000000001111111000000000000000
1111110000000000011110000001111011011011100100000
1111010111000000011101111111111011011011101111010
1111110111000000011101111111111011011011100111010
1111010111000000011101111111111011011011101111010
1000000000000000010000000001111111000000000000000
1000000000000000010000000001111111000000000000000
1111110111000000011101111111111011011011100111010
1111010111000000011101111111111011011011101111010
1111111000000000010000000001111111011011100100000
1111111111000000010000000001111011000000000000000
1111111000000000011110000001111011011011100100000
1111111110000000011110000001111011011010000000000
1111110111000000011101110101111001000000000000000
1111110111000000011101111111111001000000000000000
1111110111000000011101110111111011000000000000000
1111110111000000011101111111111001000000000000000
1111110111000000011101111111111001000000000000000
1111010111000000011101111111111011011011101111010
1111110111000000011101111111111001000000000000000
1000000000000000011110000001111011011011100100000
1000000000000000010000000001111111011011100100000
1111111110000000011110000001111111011011100100000
1000000000000000010000110101111011000000000000000
1111010000000000010000000001111011000000000000000
1111111000000000010000000001111011000000000000000
1111110000000000011101110101111011000000000000000
1111111000000000010000000001111011000000000000000
1100000000000000011101111101111001000000000000000
1111111000000000010000000001111011000000000000000
1111111000000000010000000001111111000000000000000
1111111000000000010000000001111011000000000000000
1000000000000000010000110101111011000000000000000
1111010000000000010000000001111011000000000000000
1111010000000000010000000001111011000000000000000
1000000000000000011101111101111001000000000000000
1111110111000000011101111111111011011010000000000
1000000000000000011101111101111001000000000000000
1111110000000000010000000001111011011011100100000
1100000000000000011101111101111001000000000000000
1111110000000000011101110101111011000000000000000
1111010000000000010000000001111011000000000000000
1111110000000000011101110101111011000000000000000
1111111111000000011101110101111011000000000000000
~~~
0.0 31.0 9.0 24.0 166.0 
0.0 34.0 4.0 40.0 130.0 
0.0 36.0 7.0 16.0 121.0 
0.0 23.0 10.0 51.0 222.0 
0.0 39.0 5.0 16.0 94.0 
0.0 21.0 10.0 67.0 241.0 
0.0 35.0 7.0 19.0 127.0 
0.0 31.0 9.0 24.0 166.0 
0.0 33.0 5.0 32.0 150.0 
0.0 42.0 2.0 16.0 69.0 
0.0 42.0 2.0 16.0 69.0 
0.0 36.0 7.0 16.0 121.0 
0.0 34.0 4.0 40.0 130.0 
0.0 42.0 2.0 16.0 69.0 
0.0 42.0 2.0 16.0 69.0 
0.0 39.0 5.0 16.0 94.0 
0.0 40.0 3.0 19.0 89.0 
0.0 36.0 4.0 29.0 114.0 
0.0 25.0 12.0 32.0 218.0 
0.0 42.0 2.0 16.0 69.0 
0.0 30.0 6.0 46.0 162.0 
0.0 23.0 10.0 51.0 222.0 
0.0 35.0 4.0 31.0 125.0 
0.0 42.0 2.0 16.0 69.0 
0.0 34.0 4.0 40.0 130.0 
0.0 25.0 7.0 67.0 211.0 
0.0 31.0 5.0 52.0 150.0 
0.0 34.0 4.0 40.0 130.0 
0.0 34.0 6.0 25.0 145.0 
0.0 42.0 2.0 16.0 69.0 
0.0 42.0 2.0 16.0 69.0 
0.0 42.0 2.0 16.0 69.0 
0.0 22.0 9.0 67.0 235.0 
0.0 30.0 7.0 39.0 164.0 
0.0 25.0 13.0 28.0 225.0 
0.0 25.0 12.0 32.0 218.0 
0.0 25.0 8.0 59.0 196.0 
0.0 42.0 2.0 16.0 69.0 
0.0 14.0 18.0 60.0 314.0 
0.0 39.0 5.0 16.0 94.0 
0.0 17.0 16.0 51.0 282.0 
0.0 42.0 2.0 16.0 69.0 
0.0 24.0 13.0 32.0 230.0 
0.0 36.0 7.0 16.0 121.0 
0.0 17.0 16.0 51.0 282.0 
0.0 28.0 8.0 40.0 189.0 
0.0 34.0 8.0 19.0 137.0 
0.0 36.0 7.0 16.0 121.0 
0.0 39.0 5.0 16.0 94.0 
0.0 14.0 18.0 60.0 314.0 
0.0 41.0 2.0 19.0 75.0 
0.0 25.0 13.0 28.0 225.0 
0.0 27.0 10.0 32.0 202.0 
0.0 25.0 13.0 28.0 225.0 
0.0 28.0 8.0 40.0 189.0 
0.0 41.0 2.0 19.0 75.0 
0.0 41.0 2.0 19.0 75.0 
0.0 24.0 13.0 32.0 230.0 
0.0 22.0 9.0 67.0 235.0 
0.0 41.0 2.0 19.0 75.0 
0.0 41.0 2.0 19.0 75.0 
0.0 22.0 14.0 40.0 245.0 
0.0 36.0 7.0 16.0 121.0 
0.0 25.0 7.0 67.0 211.0 
0.0 23.0 10.0 51.0 222.0 
0.0 31.0 5.0 52.0 150.0 
0.0 41.0 2.0 19.0 75.0 
0.0 31.0 5.0 52.0 150.0 
0.0 41.0 2.0 19.0 75.0 
0.0 21.0 10.0 67.0 241.0 
0.0 41.0 2.0 19.0 75.0 
0.0 42.0 2.0 16.0 69.0 
0.0 33.0 5.0 32.0 150.0 
0.0 28.0 12.0 23.0 198.0 
0.0 25.0 9.0 47.0 211.0 
0.0 36.0 4.0 27.0 120.0 
0.0 42.0 2.0 16.0 69.0 
0.0 39.0 5.0 16.0 94.0 
0.0 42.0 2.0 16.0 69.0 
0.0 42.0 2.0 16.0 69.0 
0.0 36.0 7.0 16.0 121.0 
0.0 14.0 18.0 60.0 314.0 
0.0 42.0 2.0 16.0 69.0 
0.0 35.0 4.0 31.0 125.0 
0.0 35.0 7.0 19.0 127.0 
0.0 33.0 5.0 32.0 150.0 
0.0 42.0 2.0 16.0 69.0 
0.0 34.0 8.0 19.0 137.0 
0.0 32.0 8.0 26.0 149.0 
0.0 39.0 5.0 16.0 94.0 
0.0 35.0 7.0 19.0 127.0 
0.0 35.0 4.0 31.0 125.0 
0.0 15.0 19.0 47.0 315.0 
0.0 41.0 2.0 19.0 75.0 
0.0 39.0 5.0 16.0 94.0 
0.0 34.0 8.0 19.0 137.0 
0.0 17.0 16.0 51.0 282.0 
0.0 36.0 7.0 16.0 121.0 
0.0 41.0 2.0 19.0 75.0 
0.0 24.0 13.0 32.0 230.0 
0.0 34.0 6.0 25.0 145.0 
0.0 24.0 13.0 32.0 230.0 
0.0 14.0 18.0 60.0 314.0 
0.0 20.0 13.0 51.0 250.0 
0.0 31.0 10.0 22.0 166.0 
0.0 23.0 10.0 51.0 222.0 
0.0 29.0 7.0 43.0 169.0 
0.0 39.0 3.0 22.0 95.0 
0.0 31.0 10.0 22.0 166.0 
0.0 18.0 16.0 47.0 277.0 
0.0 36.0 4.0 27.0 120.0 
0.0 31.0 10.0 22.0 166.0 
0.0 39.0 3.0 22.0 95.0 
0.0 26.0 11.0 32.0 208.0 
0.0 29.0 6.0 50.0 167.0 
0.0 38.0 3.0 31.0 95.0 
0.0 18.0 16.0 47.0 277.0 
0.0 18.0 16.0 47.0 277.0 
0.0 34.0 9.0 16.0 148.0 
0.0 29.0 7.0 43.0 169.0 
0.0 26.0 10.0 38.0 199.0 
0.0 24.0 9.0 51.0 216.0 
0.0 24.0 9.0 51.0 216.0 
0.0 32.0 6.0 32.0 156.0 
0.0 30.0 7.0 39.0 164.0 
0.0 29.0 6.0 50.0 167.0 
0.0 30.0 7.0 39.0 164.0 
0.0 26.0 10.0 38.0 199.0 
0.0 31.0 10.0 22.0 166.0 
0.0 30.0 7.0 39.0 164.0 
0.0 32.0 8.0 26.0 149.0 
0.0 32.0 6.0 32.0 156.0 
0.0 27.0 8.0 44.0 194.0 
0.0 18.0 16.0 47.0 277.0 
0.0 26.0 10.0 38.0 199.0 
0.0 37.0 4.0 24.0 114.0 
0.0 29.0 7.0 43.0 169.0 
0.0 26.0 10.0 38.0 199.0 
0.0 40.0 3.0 19.0 89.0 
0.0 34.0 5.0 28.0 145.0 
0.0 40.0 3.0 19.0 89.0 
0.0 40.0 3.0 19.0 89.0 
0.0 18.0 16.0 47.0 277.0 
0.0 34.0 4.0 47.0 122.0 
0.0 26.0 8.0 50.0 191.0 
0.0 27.0 11.0 28.0 203.0 
0.0 32.0 9.0 21.0 161.0 
0.0 38.0 6.0 16.0 106.0 
0.0 31.0 10.0 22.0 166.0 
0.0 20.0 13.0 51.0 250.0 
0.0 20.0 13.0 51.0 250.0 
0.0 38.0 3.0 31.0 95.0 
0.0 32.0 9.0 21.0 161.0 
0.0 38.0 3.0 31.0 95.0 
0.0 20.0 13.0 51.0 250.0 
0.0 29.0 9.0 31.0 177.0 
0.0 24.0 9.0 51.0 216.0 
0.0 27.0 11.0 28.0 203.0 
0.0 32.0 9.0 21.0 161.0 
0.0 20.0 13.0 51.0 250.0 
0.0 24.0 9.0 51.0 216.0 
0.0 26.0 8.0 50.0 191.0 
0.0 25.0 9.0 47.0 211.0 
0.0 29.0 9.0 31.0 177.0 
0.0 35.0 8.0 16.0 133.0 
0.0 22.0 14.0 40.0 245.0 
0.0 29.0 10.0 25.0 191.0 
0.0 31.0 5.0 52.0 150.0 
0.0 22.0 14.0 40.0 245.0 
0.0 33.0 5.0 32.0 150.0 
0.0 33.0 5.0 32.0 150.0 
0.0 27.0 8.0 46.0 186.0 
0.0 28.0 12.0 23.0 198.0 
0.0 28.0 12.0 23.0 198.0 
0.0 38.0 4.0 21.0 109.0 
0.0 32.0 8.0 26.0 149.0 
0.0 16.0 19.0 45.0 304.0 
0.0 29.0 6.0 50.0 167.0 
0.0 29.0 6.0 50.0 167.0 
0.0 16.0 19.0 45.0 304.0 
0.0 22.0 14.0 40.0 245.0 
0.0 29.0 9.0 31.0 177.0 
0.0 35.0 8.0 16.0 133.0 
0.0 27.0 10.0 32.0 202.0 
0.0 29.0 7.0 43.0 169.0 
0.0 28.0 12.0 23.0 198.0 
0.0 28.0 12.0 23.0 198.0 
0.0 28.0 12.0 23.0 198.0 
0.0 27.0 11.0 28.0 203.0 
0.0 29.0 9.0 31.0 177.0 
0.0 29.0 10.0 25.0 191.0 
0.0 29.0 7.0 43.0 169.0 
0.0 35.0 7.0 19.0 127.0 
0.0 32.0 6.0 38.0 141.0 
0.0 39.0 5.0 16.0 94.0 
0.0 36.0 7.0 16.0 121.0 
0.0 29.0 10.0 25.0 191.0 
0.0 36.0 7.0 16.0 121.0 
0.0 29.0 10.0 25.0 191.0 
0.0 29.0 10.0 25.0 191.0 
0.0 20.0 15.0 44.0 261.0 
0.0 20.0 15.0 44.0 261.0 
0.0 36.0 7.0 16.0 121.0 
0.0 20.0 15.0 44.0 261.0 
0.0 20.0 15.0 44.0 261.0 
0.0 34.0 5.0 28.0 145.0 
0.0 34.0 5.0 28.0 145.0 
0.0 15.0 19.0 47.0 315.0 
0.0 20.0 15.0 44.0 261.0 
0.0 26.0 13.0 25.0 219.0 
0.0 32.0 9.0 21.0 161.0 
0.0 34.0 8.0 19.0 137.0 
0.0 39.0 5.0 16.0 94.0 
0.0 15.0 19.0 47.0 315.0 
0.0 28.0 11.0 25.0 197.0 
0.0 34.0 5.0 28.0 145.0 
0.0 37.0 4.0 25.0 109.0 
0.0 33.0 9.0 19.0 149.0 
0.0 33.0 9.0 19.0 149.0 
0.0 33.0 9.0 19.0 149.0 
0.0 28.0 6.0 59.0 172.0 
0.0 33.0 6.0 28.0 151.0 
0.0 28.0 6.0 59.0 172.0 
0.0 32.0 6.0 32.0 156.0 
0.0 36.0 4.0 29.0 114.0 
0.0 33.0 6.0 28.0 151.0 
0.0 38.0 5.0 19.0 100.0 
0.0 28.0 6.0 59.0 172.0 
0.0 39.0 3.0 22.0 95.0 
0.0 36.0 4.0 27.0 120.0 
0.0 39.0 3.0 22.0 95.0 
0.0 22.0 10.0 58.0 236.0 
0.0 39.0 3.0 22.0 95.0 
0.0 27.0 6.0 66.0 186.0 
0.0 39.0 3.0 22.0 95.0 
0.0 39.0 3.0 22.0 95.0 
0.0 37.0 4.0 24.0 114.0 
0.0 27.0 6.0 66.0 186.0 
0.0 36.0 4.0 27.0 120.0 
0.0 37.0 4.0 24.0 114.0 
0.0 34.0 5.0 28.0 145.0 
0.0 30.0 9.0 27.0 172.0 
0.0 28.0 11.0 25.0 197.0 
0.0 38.0 6.0 16.0 106.0 
0.0 35.0 7.0 19.0 127.0 
0.0 26.0 8.0 50.0 191.0 
0.0 38.0 6.0 16.0 106.0 
0.0 38.0 6.0 16.0 106.0 
0.0 19.0 15.0 47.0 267.0 
0.0 19.0 15.0 47.0 267.0 
0.0 22.0 10.0 58.0 236.0 
0.0 38.0 5.0 19.0 100.0 
0.0 27.0 6.0 66.0 186.0 
0.0 40.0 2.0 28.0 80.0 
0.0 40.0 2.0 28.0 80.0 
0.0 32.0 6.0 38.0 141.0 
0.0 40.0 2.0 28.0 80.0 
0.0 27.0 8.0 46.0 186.0 
0.0 16.0 19.0 45.0 304.0 
0.0 16.0 18.0 47.0 304.0 
0.0 16.0 19.0 45.0 304.0 
0.0 40.0 2.0 28.0 80.0 
0.0 40.0 2.0 28.0 80.0 
0.0 16.0 18.0 47.0 304.0 
0.0 16.0 19.0 45.0 304.0 
0.0 28.0 6.0 59.0 172.0 
0.0 32.0 6.0 32.0 156.0 
0.0 26.0 8.0 50.0 191.0 
0.0 27.0 8.0 44.0 194.0 
0.0 28.0 11.0 25.0 197.0 
0.0 26.0 13.0 25.0 219.0 
0.0 26.0 12.0 28.0 213.0 
0.0 26.0 13.0 25.0 219.0 
0.0 26.0 13.0 25.0 219.0 
0.0 16.0 19.0 45.0 304.0 
0.0 26.0 13.0 25.0 219.0 
0.0 32.0 6.0 38.0 141.0 
0.0 34.0 4.0 47.0 122.0 
0.0 23.0 9.0 60.0 221.0 
0.0 38.0 5.0 19.0 100.0 
0.0 37.0 4.0 25.0 109.0 
0.0 35.0 4.0 31.0 125.0 
0.0 30.0 9.0 27.0 172.0 
0.0 35.0 4.0 31.0 125.0 
0.0 34.0 9.0 16.0 148.0 
0.0 35.0 4.0 31.0 125.0 
0.0 34.0 4.0 40.0 130.0 
0.0 35.0 4.0 31.0 125.0 
0.0 38.0 5.0 19.0 100.0 
0.0 37.0 4.0 25.0 109.0 
0.0 37.0 4.0 25.0 109.0 
0.0 35.0 8.0 16.0 133.0 
0.0 22.0 14.0 40.0 245.0 
0.0 35.0 8.0 16.0 133.0 
0.0 30.0 6.0 46.0 162.0 
0.0 34.0 9.0 16.0 148.0 
0.0 30.0 9.0 27.0 172.0 
0.0 37.0 4.0 25.0 109.0 
0.0 30.0 9.0 27.0 172.0 
0.0 26.0 11.0 32.0 208.0 
~~~
33.719
