111111111111111111111111111111111111111111111111111111111111111111111111111111111111111111111111111111111111111111111111111111111111111111111111111111111111111111111111111111111111111111111111111111111111111111111111111111111111111111111111111111111111111111111111111111111111111111111111111111111111111111111111111111111111111111
110000000000001110101111001111111111001111001011111001100111111110101111000000011111011011101111101100011110000011111111111101111111111111111011110110111010111101000111011011110111010011101110011111011111111101111111111110000001100111000100111011101111110000000000000000000000000000000111001111011001000111111111110000001111111111
111111111111011111101111111111011100111110011011111100110011111111110010111100111101011110000000000010111010000011111111111101100011111111111111011111000000111100111101111010110011010011111111011110011110111100111111111111110101100011111111111000000100111111111011111111111100111110111111110011111001000111111111111101101111111111
110000000000001111101110110000000000011101111001111001100011011110010100011000111000011011101000000011100000000011110011100010000001111111111011011110100000111100111001000000000011110011101110111101011101111011111111111110000001101001000100111001000100110000000000000000000000000000000111110011101100000101111111111101101111101111
110000000000000000000000000000000000000000000001111100100011011111101001100111000000111011101110110010011010000011111011100010000001111101111111011111111110111100010000111101001011000111111100100000000000111110111100000000000000000000111000000000000000000000000000000000000000000000000000000000000000000100000011111101001111111111
111111111111101110101111001111011001001111001101111001100011011110111001010101111110111111111110001000000000000011110011110001010111111111111111111111000000111010111011011011101111000111111100111111111101111010111111111111110111111100000111111110100010111111011100011111111110110111011110001111111111111111110011111101011111111111
110000000000000000000000000000000000000000000001111010111011011111010000100111111101011010000000000010011000000011111111100011001011111110000000000111011010111001001010011011011011100011101110000000000000111100111111111110000001100111000000111010100000111111111011100000000000000000000000000011011010111110000011111100011111111111
110000000000000000000000000000000000000000000001111001100011011110101101100001111111111011101110001011011000000011111011100011010111111101111011011110100000111101110001011011011111100011111100111100111111000000111111110000000001111000111100111001101001110000000000000000000000000000000111110011110001000100000000001111101111111111
111101111011101110101100101111100000011110101111111001110100000000000000011000100000011111101110110011111011110111110011111101110111111111111011001111011100111001110011011011011111110011101110100000001110111001111111111111101011110011000110111111100000111110111111101111011011111111001110001111101011111111111100001111111111111111
110000000000001111111111001111100000010000010001111010111111011111111111000110011100111011101111100110111111100111111011110001111111111101111000000110100000111111110011111111011011100111101111011100110000111010111111110000000001100011111000111011101011111111111011110000000000000000000000000011101011111001110000001111101111111111
111111111111111111111111111111111110111111111111111111111111111111111111111111111111111111111111111111111111111111111111111111111111111111111111111111111111111111111111111111111111111111111111111111111111111111111111111111111111111111111111111111111111111111111111111111111111111111111111111111111111111111111111111111111111111111
111101110111111110111110111111011101111110011001111001111011011110111101111000111101000001111110110111000000000011111011100011101111111101111011101111111111111011001000111001010111010111101100111101111101111101111111110000000001110011000110111001110110111110111011011111111010111111001110110011011101111001111111111101001111111111
111101110111101110101110001111111100101111001001111111111111111110001111111111111111111101111111001100011111101111111011111101111111100000000000000000011001111110110001111001100111110011111111011111011110000000111111110000000001110110111111111000111011111111011111111111111001111111011111111111100000000101111111111101111111111111
110000000000000000000000000000000000000000000001111001100000000000000000000000100000000000000000000000011010000011110011100010000001100000000000000000011001111000001000000000000011000111100000000000000000000000111100000000000000000000000100000000000000000000000000000000000000000000000000000000000000000000000000000000001111101111
111110000000001110101110111111011000111111111011111001110111111110111101000101011100111111101110001010111001111111110011111101011111100000000000000000011001111101010101000000000011010111111111111101101111111111111111110000000001111011000111111110001100111111011011000000000000000000000000000011111110111101111111111101001111111111
111111111011011110111110111111100000010000000011111001110100000000000000011110100000111101101111110100011110000011111011100011101111111101111111111110100000111011101111100000000011110111100000000000000000111101111111111110000001111010000111000000000000000000000000000000000000000000000000000000000000000111110011111100011111101111
111111111011011110111110111111011011101101011111111001101011011111110110000100111111011111101111011111011000000011111111111101011111111101111011010111111111111100111011000000000011010111101111111110001101111010111111111111110101111111000110111100101111111110111100110000000000000000000111111111011101111001111100000000001111101111
110000000000000000000000000000000000000000000001111010100011011110001000110110000000000001101110000110111010000011110011100011001011100000000000000000011001111110000001111110101111101111111110000000001111111011111111111111101011110011111000000000000000000000000000000000000000000000000000000000000000000000000000001100101111111111
111111111111111111111111111111111111011111111111111111111111111111111111111111111111111111111111111111111111111111111111111111111111111111111111111111111111111111111111111101111111111111111111111111111111111111111111111111111111111111111111111111111111111111111111111111111111111111111111111111111111111111111111111111111111111111
111111110111101111011110000000011001110000011001111010110111111000000001111110011000011101111111010000011100000011111111100011101111111111111011011111011011111110111101100000000011100011111100000000001101000000111111111111111000000000000111111000001011111111011111001111011010101111101110001111011011111001111100001101011111101111
110000000000000000000000000000000000000000000001111001100000000000000000000000000000000000000000000000011000000011110011100010000001111101111000000110100000111001000000000000000011010011100000000000000000000000111100000000000000000000000100000000000000000000000000000000000000000000000000000000000000000000000000000000001111101111
111111111011100000000000000000000000000000000001111010111011111111011001111111111110111101110000000011011000000011110111100011100111111101111011111110111001111000001011011001001011100011101100111100101111111100111111110000000001101001000000000000000000000000000000000000000000000000000000000000000000111111111111111110101111101111
111111111011011111111111111111111111000000001011111011111111111110110100000111111100000001101110001010111011101011111011111111100111111101111111011111000000111011101000011100110111010111111100111110110000111011111111111111110000000000000111111011001111111111011111010000000000000000000111001111100001111100000000001110111111111111
111101111011010000000000000000000000000000000001111010111011100000000000000111011110100001111110011100011000000011110111100011101111111111111011111111000000111001011110100000000011001011101111111110110000111101111111111111110111101001000100111010101101111110111100000000000000000000000110110011011000000110000000001100111111111111
110000000000000000000000000000000000000000000001111100100000000000000000000100000000000000000000000000011000000011110011100010000001100000000000000000011001111010000000000000000011010011100000000000000000000000111100000000000000000000111000000000000000000000000000000000000000000000000000000000000000000000000000000000001111101111
111111111111011110101111000000011110111101011001111100100011111111111111010110000000011111101111101010111001101011110011111111001111111101111111110111000000111111101110111110110011101111101100111111101111111111111111111111110001100011111111111001111001111111011100111111111010110111101110001111001100111111110011111111111111101111
111101111111101111101111001111011111101111011101111101111111111110100111111111000000111011101111001111011100000011111011111100000001111101111011101111011101111111101000111010001111110011111110111101111110000000111111111111100111100111111111111100011000111110111111111111111100111110111000000011001111111111111100001110001111111111
110000000000000000000000000000000000000000000001111001111011111000000001011000111111000001111110101010111010000011110111100010000001100000000000000000011100111010001100011000110111001011110000000000000000111101111111111111100101100001000101111000111000111110111011110000000000000000000111111111011001000001110000001100011111111111
111110000000001110011111101111011111011100100101111001110000000000000000000011011100100001111111100111011101101011110111100011001111111111111111010110111111111101001010011000010111010011100000000000000000111101111111111111111111111101000100000000000000000000000000000000000000000000000000000000000000111101111100000000001111111111
111111110111110000000000000000000000000000000001111001111000000000000000011001000000000000000000000000011010000011110011100010000001111110000000000110111010111011111001000000000011001111101100000000001110111101111111111111100011110011000100111011101100111110111100001111111001111111101000000011011111111111110011111110101111111111
110000000000000000000000000000000000000000000001111010100100000000000000010110111000100001111110100011111010000011110011100011101111111110000000000110100000111110111010000000000011110011101110100000001101111110111111111111101001101011000000000000000000000000000000000000000000000000000000000000000000000110000011110000001111111111
111110000000000000000000000000000000000000000001111110111111011111011100010110011101000001111111000000011000000011111111100010000001111110000000000110100000111010010001011000110011001111111110011101001110000000111111111111111010000000111000111001000000111111011100100000000000000000000110001111011010000001111111111110011111111111
111101110111101110101111000000011001110000001001111001100000000000000000000111000000000001101110010011111010000011111011111111110011111101111111101111000000111110011010011110000111110111111111111111011101111111111111111111110101110100000111111001011110111111011100011111011001101111011110111111101001111111110000001111011111101111
110000000000000000000000000000000000000000000001111001111011100000000000010000111101111100000000000010111000000011111111100010000001111111111100000110100000111001010100111001100011000111111100111111010000111100111111111111111100000000000101000000000000000000000000000000000000000000000000000000000000000000000000001111011111111111
111101111111111111101100110000000000011110001101111001101111011111101110100100000000000000000000000000011010000011110011111001011111111101111111100111100000111110010000011011001011001111111111011100101111000000111111111111111111110110000100111001110001111110111111011111011010100111111111001111011011111111111100001101101111111111
110000000000000000000000000000000000000000000001111100110111011000000001011101000000011010000000000011011000000011111111100010000001111110000000000110111111111001001001011110010111101011111111100000000000111100111100000000000000000000111000000000000000000000000000000000000000000000000000000000000000111110000011111111111111111111
110000000000001110101111001111111011001111010101111011111011011111011011010110111000111011111111000110111010000011110011110001010111111110000000000110100000111001000011011010011111000111101111111111000000111010111111110000000001100101000100111111100111110000000000000000000000000000000111000011101101111000000000000000001111101111
111111111011011110101100001111111111011101001101111010110111111111000110011110011100100001100000000011011110000011110111111011111011111101111011110111000000111111000011011000111111010111111110011100101111000000111111110000000001110111000111111001111000110000000000000000000000000000000110001111101101000110000000001101001111101111
111101111011101110111110000000011111110000011011111001111011111110111011100100011000011011101111110111111111111111111111110001000111111111111111111111000000111001010000011101110011001011100000000000000000111011111111111111110001100001000101111010011001110000000000000000000000000000000111000011111100111111110011111110111111111111
110000000000000000000000000000000000000000000001111001110011111110000111010100011100011111111111100110111010000011110111100010000001100000000000000000011101111011001101100000000011101111100000000000000000111100111100000000000000000000111100111000010001110000000000001111111110101110111110111111011001000101111100001111101111111111
111101111111111111001100111111011011111100110101111010111000000000000000000110100000011011101111110000011011111011110011100011001011111101111111100111011011111111110010011000011111100011100000000000000000000000111111111111111001110000000100111000111010111111111011111111111011101111011110110011100001111001110011111100011111111111
110000000000001110101100000000011101101110011001111100100100000000000000000100111110011111111111111110100000000011110011111111011111111110000000000111000000111001100111011011010111100111101110111111101101000000111111111110000000000000111000000000000000000000000000000000000000000000000000000000000000000000000000001101001111101111
110000000000001111011100001111011010011101011111111001101011111000000001000000000000100000000000000011111101100111110111100011100011111101111011110110111001111010011010011100101111100011101100000000001101111100111111111111100011111000111101000000000000000000000000000000000000000000000000000000000000000001111100001111111111111111
110000000000000000000000000000000000000000000001111100100000000000000000000100000000000000000000000000011000000011110011100010000001111101111000000110100000111010000000000000000011010011100000000000000000000000111100000000000000000000111000000000000000000000000000000000000000000000000000000000000000000000000000000000001111101111
111111111011101111111100110000011111111111100101111001100111011110101101111110111101111011101110110011111101101011111011110001000111111101111111010111111100111011011011111110001011110111111111000000000000111101111111111110000000000000000101111101111111111111011111101111111011110110111110111111011111000000000011111101011111101111
111101110111110000000000000000000000000000000001111001101011111000000000100001011000011011111110100000011010000011110111100011001111111111111111111111011101111011110001111110001111010011110000000000000000000000111111110000000001101001000101111011001010110000000000001111111001101110111110001111011111000101111100001111011111101111
111101110111101111001100000000011101010000010011111001110011111110110100111010111110011011101111001011111011101011111111100011010111111111111100000111011001111011110100000000000011010011111111100000001101111010111111111111110001111111000101111000000100111110111011011111111110110110101111001111001111000111110011111101101111111111
110000000000001111111111110000000000011110001101111001111111011111100011010101111000111011111110011100011110000011110011111111101011111111111100000111100000111011000010011101101111101011101100011110000000000000111111111111110111110110000110000000000000000000000000000000000000000000000000000000000000000110000011110000001111111111
111111111011011110111100001111011010111100101101111010111011111111000111111110011101111101110000000011111010000011111111111101011111111111111111101111011001111001110010011010010111000111111110100000001101111111111111111111100011110001000110111100000101111111111111111111011100101110101111110011100001111001111100001101001111101111
110000000000000000000000000000000000000000000001111001111111111000000000100011000000100001101110100111111000000011110111100010000001111101111000000111011101111001011010111010100111011011101111111100111110111111111100000000000000000000000111000000000000000000000000000000000000000000000000000000000000000111111111111111101111101111
111101110111101111101100111111100000001111101111111001101011011000000000111010011111111011101110101110111001101111111011111101010011100000000000000000011010111011110011111110011011010011101111011111001101111010111111111111111101100110000111111101110101111110111111111111111011111111011000000011111100000000000011110000001111111111
111101111011110000000000000000000000000000000001111001111011111111010111011011111111111110000000000010111010000011111111100010000001100000000000000000011001111010101100000000000011011111101111011101100000000000111111111111111100000000000101000000000000000000000000000000000000000000000000000000000000000110000000001101001111111111
110000000000001110111100111111000000011111111001111001100011111110010101110011111100111100000000000011111101111011111111111011100111111111111011001111000000111000101000111100001011001111100000000000000000111110111111111111100101101010000110111010011110110000000000000000000000000000000111110011100000111111111100000000001111111111
111111111111011110101110000000000000011110001111111001110000000000000000010010011110111101101000000010111011101111111111111110000001111111111100000111011001111001000101100000000011001111101111100000001110111100111100000000000000000000000100111111101111111111111100101111111100101111101000000011101011111001111100001111011111101111
111111111011101111101100111111111010001101111101111001101111111111011101000011111101111011111111101111011011111111110111111011101011111111111100000111111101111110001110111011100111000111111111011110011111111010111111111111110011110110111110111110111011111110111100101111011010101110111000000011011110111111111100001110111111111111
111101111011011111001100110000000000011110100001111010101100000000000000000110000000000001101110001111100000000011111011100011111011100000000000000000011010111010110100111101011111100011101111000000001101000000111111111111110001110101000110000000000000000000000000000000000000000000000000000000000000000110000000001101111111111111
111111111111101111111100101111111110001111011011111010100011011000000001111110011111100001111110101110111011101011111011111101011111111111111111101110100000111101000100111000011111101011111111011101101111111100111111111111110101110111111000111110111110111111011100001111011111111111001111111111011110000001111100001110111111101111
110000000000001111001111000000011101011100101011111001101011100000000000000110011110000000000000000010111111111111110111100011011011111101111111011111000000111111000011011100001011010111111100111110110000111010111111111111111001111011111111111101111110110000000000001111011010110111101000000011101000111111110000001101001111111111
110000000000001110011111110000000000001110010001111001111111111000000000100011011100111101101110011011100000000011111111100010000001100000000000000000011010111010001001000000000011100111101111111110111111000000111111111110000000000000000111111010100011110000000000000000000000000000000111000011111011000100000000001111101111111111
111111110111100000000000000000000000000000000001111001100000000000000000000011100000111101101000000011111010000011110011100011111111111101111011010111011101111100011000000000000011011111100000000000000000111100111111110000000001100001000110111010001000111111011100111111111110111110101000000011010001000100000000001110001111101111
111111111011101110101111110000011101110000011111111001100100000000000000000100011000100001101000000010111111110011111011111011110011111101111011111110100000111111111011111111111111001111101111011110111111111011111111111111100011100001000101111001011011111110111011011111011010101111011000000011011110000001110000001111111111101111
110000000000001111101111111111111100101111101111111001100111011000000000111001100000111101100000000000000000000011111111111111010111111101111011111111111001111000010010011000001011011111101110100000001101111100111111110000000001100010000111000000000000000000000000000000000000000000000000000000000000000100000000001100011111111111
111110000000001111111100000000011000101110100111111001101011100000000000000000111100000000000000000000000000000011111011110011111111111110000000000110100000111001000101111100101011110011111100011110001110111111111111111111111111101000000110111011000100111110111100101111111010111110111000000011101111000111111100001101011111111111
111110000000000000000000000000000000000000000001111010100111111111111000100110000000000001101110101111111010000011110011100011110011111101111011010111000000111100010010011110000111000111111110011110100000000000111111111111101010000000000110000000000000000000000000000000000000000000000000000000000000000001111111111110111111111111
111110000000001111101110000000000000011101001001111001100111111110011000111101011100011010000000000011100000000011110011110000000001111101111011110111100000111010010110011101110111100011101111100000001101111010111111111111101001101100000100000000000000000000000000000000000000000000000000000000000000000101110000000000001111101111
111110000000000000000000000000000000000000000001111001101011111000000001110010100000011111101110010111011010000011111011100011011111100000000000000000011101111111110101011000001111011011101110111100111101000000111111111111111001111101000101111001010010111111111011101111111100100111001110111111011100111000000011111101101111101111
111111111011110000000000000000000000000000000001111001111111111110111000000010111000011011101110110111011010000011110011100011101111111101111011101111011111111000011011011100111011110011110000000000000000000000111111111111111010000000000110111000111010111111011011010000000000000000000110001111001010111100000000001111001111111111
110000000000000000000000000000000000000000000001111001100000000000000000000000000000000000000000000000011000000011110011100010000001111110000000000110100000111000010000000000000011000111100000000000000000000000111100000000000000000000000100000000000000000000000000000000000000000000000000000000000000000000000000000000001111101111
111111110111101111101111000000011111111110110101111001101011111110111010110000011111011101100000000010111111110111110111110001010111111111111111001110111011111100000001111101111111011111111100111110011101111011111111111111111001110011000111111001001110111110111100011111011011100111011110111111111101000000000011111101111111111111
111110000000000000000000000000000000000000000001111001111111100000000000000001011110000001101110001111111000000011111011100010000001100000000000000000011011111100100011100000000011001111111100011100110000111110111111110000000001111110000100111001110010110000000000001111011010110111111111000011001011000111110000001110111111111111
110000000000001110101100100000000000011110001001111010110100000000000000011111111000100001111110010110111110000011110011111101001111111101111111100110100000111000010100011111100011100111101100000000001110000000111111111111110101100110000000111011101011111111011111111111111111110111001111110011101110111110000011110000001111111111
111101110111010000000000000000000000000000000001111001101111011110110011000001111000111110000000000011011010000011111011100011011011100000000000000000011001111000111011111010010111001111101100000000001111111101111111111111110111111100000110111011001010111111011100011111111010100111001000000011111101111101111111111110011111111111
110000000000000000000000000000000000000000000001111001100000000000000000000000000000000000000000000000011000000011110011100010000001100000000000000000011001111000010000000000000011000111100000000000000000000000111100000000000000000000000101000000000000000000000000000000000000000000000000000000000000000000000000000000001111101111
111111111011111111111111000000011001011111111111111001100111111111011101100001111000000001111111110100000000000011110111111001101111111111111000000111000000111101010000111111110111111111111110011110101110111100111111110000000001110001000111111101100101111111011100111111011111100110101110001111111100111101111100001110011111111111
111101111011100000000000000000000000000000000001111011111011111000000000111110011100011101110000000011111000000011111011100011010011100000000000000000011011111101010011100000000011110011111110100000000000000000111111111111111011111110000100000000000000000000000000000000000000000000000000000000000000000110000000001101001111111111
110000000000000000000000000000000000000000000001111010100000000000000000000110000000000000000000000000011000000011110011100010000001100000000000000000011011111001000000000000000011010011100000000000000000000000111111111110000000000000000000000000000000000000000000000000000000000000000000000000000000000000000000000000001111101111
111101110111111111101100000000000000001101100011111001110111100000000000011010011100011011111111001100011110000011110111110001001011100000000000000000011001111111010101100000000011100111101100111101001110111010111111111111111111100111000111111100001110110000000000001111111111100110101000000011010000000110000000001110001111101111
111111111011010000000000000000000000000000000001111011110100000000000000010110000000011110000000000000011010000011110111100011001011111101111011110110111100111001011101111011101111110111101111100000000000000000111111110000000001100101111111000000000000000000000000000000000000000000000000000000000000111110000011111101101111101111
110000000000000000000000000000000000000000000001111100110000000000000000011111111100011101101110111111111010000011110111100011001011111110000000000110100000111001110011111100110111001011111111111111111101111110111111110000000001111010111000000000000000000000000000000000000000000000000000000000000000000101111111110000001111111111
110000000000000000000000000000000000000000000001111001100000000000000000000000000000000000000000000000011000000011110011100010000001100000000000000000011001111001000000000000000011000111100000000000000000000000111100000000000000000000000100000000000000000000000000000000000000000000000000000000000000000000000000000000001111101111
111110000000001110011100110000011101011111011111111010101011111111010110000110011110111011101110101111111001110111111011100010000001111111111111111110100000111011011010111001100111110111111111011110101110111100111111111111111111111101000111111111101010111111011100011111011100110110111111111111001100111000000011110000001111111111
111111111011101111011111110000011101101101100111111010100100000000000000011110111100100001110000000000000000000011110111100011101011111101111011001110111111111111011000011001101111011011111111100000000000111001111111111111100011101101000000111111100010111111011111100000000000000000000111000011001011000111111111110000001111101111
111110000000001110111111110000011011111101101101111010111111111111101101111111111100011100000000000000011001111111110111111101101011111111111111011111100000111101001101111000010111110111111110100000000000111010111111111111100101101111000111111100010110111111111111101111011100111110111110001111101111111111111111111110001111101111
111110000000000000000000000000000000000000000001111100111011011110101000110100100000100001101110001111011010000011110011100011111111100000000000000000011111111101111011011100010111100111100000000000000000111011111111111111100100000000111000000000000000000000000000000000000000000000000000000000000000000101110000001111111111111111
111101111011111111101110110000011100010000011001111010101011111111010000100110111000011011101110111011100000000011110111111101010011111101111011110111011100111010001011011100111011000111101100111101001101000000111111111110000000000000000000111000100000111110111111100000000000000000000111000011111011111000000000000000001111101111
110000000000001110101100000000000000000000000001111001100000000000000000000000000000000000000000000000000000000011110011110000000001111101111000000110100000111100000000000000000011100011100000000000000000000000111100000000000000000000000100000000000000000000000000000000000000000000000000000000000000000000000000000000001111101111
111111110111101111111110001111000000011100101111111001100000000000000000000001100000000001101111000111011111111011110011111001101111111101111100000111000000111111011111000000000011110111111110111111000000111100111111111111110111110010000110111110111000110000000000001111011110101111011110111111011110000101110000001111101111101111
111101111011110000000000000000000000000000000001111010111011111110111100000110111000011011101110110011011010000011110111100011011111100000000000000000011100111110010011111100110011011011101110100000001111000000111111111111110001111011000000000000000000000000000000000000000000000000000000000000000000000001110000000000001111111111
111110000000001110111100000000011010100000011001111010110011100000000000011110000000111101101110011010100000000011111111111101111011111111111011100111011101111110000001011101101111001111101110111110111111111101111111110000000001110101000000111000000100111111111011111111011111100111011111111111011011111001110000001110011111111111
110000000000001111001100000000000000000000000001111010100000000000000000000110000000000000000000000000000000000011110011100010000001111110000000000110100000111000000010000000000011010011100000000000000000000000111111111110000000000000000000000000000000000000000000000000000000000000000000000000000000000000000000000000001111101111
111110000000001110011111000000000000000000000101111001101100000000000000010010100000000001101111101010111111111111111111100011101011100000000000000000011001111101101000011011111111001011101110011111011110000000111111111111111011110011000101111001111011111111011011001111111001110111101111110011100000111001110000001101011111111111
111101111011111111001100001111011110101101001001111001110011111111111110000001000000011110000000000000011011110011111111100011101111111111111011110111111101111000101110011011001011011011101111100000000000111110111111111111100101110011000100111110110100111111111111000000000000000000000000000011101001000110000011111101101111101111
111101111111111111111110100000011010101110101101111010111111111111011100111110011110111110000000000000011100000011111011111111001111111111111111010111100000111101111001111100110011101011101100111111011101111011111111111111101001101010000110111011101011110000000000001111111010111111001110001111100001111101110011110000001111111111
111101111011111111101111000000011110011111000101111001110011011111110100000101100000000001101111111100000000000011110011100011011111111111111000000111000000111010001001111100010111100111101111100000000000000000111111111111111011101001000101000000000000000000000000000000000000000000000000000000000000000101111100001100111111101111
110000000000000000000000000000000000000000000001111001100000000000000000000000000000100000000000000000011000000011110011100010000001111110000000000110100000111010000000000000000011010011100000000000000000000000111100000000000000000000000100000000000000000000000000000000000000000000000000000000000000000000000000000000001111101111
110000000000000000000000000000000000000000000001111011110100000000000000011110111101000001101110100110011010000011111011100011101011111101111111111110100000111100010101100000000011110011101111011101001101000000111111111111111001101100000100111001101000110000000000001111011110110111011000000011001100000001110011110000001111101111
111111111111111111111111111111111111111111111111111110111111111111111111111111111111111111111111111111111111111111111111111111111111111111111111111111111111111110111111111111111111111111111111111111111101111111111111111111111111111111111111111111111111111111111111111111111111111111111111111111111111111111111111111111111111111111
111111111011111110111100101111111001110000001001111001110000000000000000010001111111011101111111100111100000000011110111111000000001111111111011011110111100111010110010111111111011101011101111011101010000000000111111111111101111100110000110000000000000000000000000000000000000000000000000000000000000000111111100000000001111111111
111101111011010000000000000000000000000000000001111010111111100000000000010110011101111011101110101010111010000011110011100011111111100000000000000000011010111111101001011101000011001111111111011100110000111011111111111111101010000000000110111010000100111111011011101111111001100111011110110011001001000001110000001101111111101111
111101110111110000000000000000000000000000000001111001100100000000000000011000100000100001100000000000011010000011111111100011111011111101111011010110100000111100011111011011001111110111111111100000001101111101111111111111101011111101000100111000010111111111111111101111011100100110111111000011011101000111110000001101011111101111
110000000000001110111100000000011100011111111001111010111111011110100001011111111110000000000000000010111100000011111111111101101011111110000000000111000000111101110011000000000011110111111100111110011101000000111111111110000000000000000000000000000000000000000000000000000000000000000000000000000000000100000000000000001111101111
111111111111101110101111001111011101000000001101111101110000000000000000011100011111111100000000000010100000000011110011110001110011111111111111010111000000111011011000011110111111111011101111111111111101111110111111111111110011101011111101111001100110111110111100111111111001101111111111111111111001111001110000000000001111111111
110000000000000000000000000000000000000000000001111001100000000000000000000001000000000000000000000000011000000011110011100010000001111110000000000111000000111000000100000000000011100011100000000000000000000000111100000000000000000000000100000000000000000000000000000000000000000000000000000000000000000100000000000000001111101111
111111111111101110101110111111011111011101011011111011100111011111010100100110000000100001101110111011111011111111111011110011100111111111111011010110111001111100000111011000010011110111101110011111001101111011111111111111100010000000111110111111100000111111011011101111111100100110111111111111100001111101111111111110001111101111
111101111011111110111110100000000000001111111101111010110100000000000000011110011111111101111111101100011111100111110011111111111011111111111111111110100000111000100011011000000111101011101100011111011110000000111111111111111001111110000000111010101010110000000000000000000000000000000111111111111011000111110000001101111111111111
111101111111011111101110111111111010011110011101111001101111011111011010100001111111100001111111010110111101111111111011111011111111111110000000000110111010111000010011111011111011100011111111011111111110111110111111111111101101100100111100111111101110111111011100011111011011111111101110111111101010111111111100001101111111111111
110000000000001111111111100000011011100000001011111001111111011110111010011000011110011110000000000011111100000011111111110010000001111111111011110110111101111111011001100000000011010111101110111101101101111100111100000000000000000000000111111010100110111110111100111111111001100110101000000011010001000101110011110000001111101111
110000000000001111011111000000011111110000010001111010101111011110011000011111011101000000000000000011100000000011111011100011000111111110000000000111100000111101001011111001100011101011101100111101101110000000111111111110000001111100000000000000000000000000000000000000000000000000000000000000000000111100000011111101011111111111
111111111111101111111111001111111101110000011101111011100011111110011010111110100000111101101111010111011001101011110011111001101111111111111111001111111111111000011101111001001011100011101100111101101111111111111111111110000001101011000111111011111011111110111111111111111100110111111110111111011101111001111100001101111111111111
111111110111101110011100100000000000001111110101111001111011100000000000010001000000100001101110110011111100000011111011100011110011100000000000000000011010111000011111111000011011010011101111011111011101111010111111111111101100000000000111111101011100111110111100111111011011110110101110110011010000000111111100001111011111101111
111101110111011111101100001111111010000000011111111011101011011000000001000110111100111011101000000011111111110111111011100011000111100000000000000000011110111111110000111100101011110011101111011100111110111111111111111111101101111110000101111011011110111111011111001111111100101111111110110011011100000001111111111110011111111111
111101111011110000000000000000000000000000000001111001111011011110011011010000011000111111110000000010111000000011111111100010000001100000000000000000011001111011011100011011011011110011100000000000000000111111111100000000000000000000000111111011011110110000000000000000000000000000000111001111011010111111110000001110101111101111
111101111011011110111111110000011001011110011111111001111111100000000000010100011100011111101110010110111111111011111011111101101011111111111011101111011100111010100110111001110111101111111110011101001111111010111111111110000000000000000111111110101001111110111100100000000000000000000111111111100000000001110011111111001111111111
110000000000001111101100111111000000011110011011111001110011111110101101011100011110111111111111111110111101111011111011111100000001111101111011101111100000111000001011011010011011110111110000000000000000111011111100000000000000000000000101000000000000000000000000000000000000000000000000000000000000111110000011110000001111101111
110000000000000000000000000000000000000000000001111010110000000000000000000110000000000000000000000000011000000011110011100010000001111110000000000111000000111000010000000000000011100011100000000000000000000000111111111110000000000000000000000000000000000000000000000000000000000000000000000000000000000000000000000000001111101111
110000000000000000000000000000000000000000000001111001110111111110110100111001111100111011101111000100011010000011111111100010000001100000000000000000011100111011101000011011001011110111111111000000000000111101111111110000000001100001111101000000000000000000000000000000000000000000000000000000000000000110000000001111001111101111
111101110111101111111111110000011111101110101011111011111011011111110011110111011101100001110000000010011111100111110011111111111011111111111111101111000000111111111110111100100011001011101110111111000000111010111111111111110010000000000101111011000011110000000000001111111110111111111000000011111001111111110000001101101111101111
111110000000000000000000000000000000000000000001111010100011111110110000100110111111100001111111110010011010000011111111100011001111111101111011101110100000111111010111111001011111010011101111011111111111111011111111111111101010000000000000111010001110111111111100100000000000000000000000000011001101000111111100000000001111101111
110000000000000000000000000000000000000000000001111001110111011111101001110011011100100001101111000111111000000011111011100011101111111101111111101111111011111000101110111101111011111011101111111111001110111011111111111111101111101110000100111000110001111111111011100000000000000000000111000011101000111101111111110000001111111111
111111111011111111011111000000011110001111100111111001101111011110101000100000011100111101111110110100011001101111110011100011111111100000000000000000011100111111010001011011101111000111101100111110111110111010111111110000000001100011000101111011110101111110111011010000000000000000000000000011111101111000000011111110101111101111
111101111011101110111111101111011000101111000011111001110111011111110011011000011101100001101110011111111001110011110011110011111111111111111011001110111110111101101111100000000011010011101111011111011111111001111111111111111010000000000100111000110001111111111100111111111100101110111111001111111101111100000000000000001111101111
111111111111111111111111111111111111111111111111111111111111111111111111111111111111111111111111111111111111111111111111111111111111111111111111111111111111111111111111111111111111111111111111111111111111111110111111111111111111111111111111111111111111111111111111111111011111111111111111111111111111111111111111111111111111111111
111111111011011111111110001111111110111110001101111010110111011110010100011111011100011101101111011000011111110011110011111011101011111101111011010111000000111001110001011100101111101111111111111110110000111111111111111111110111111111000000111011001101110000000000001111011101100111001111110011110001000111111111111111111111111111
111101111011010000000000000000000000000000000001111001101111111111100010000000011110011111111111010110111010000011110011100011110011111111111011001111011001111011010010100000000011010011111111100000000000111011111111110000000001110001000100111001011111111110111111010000000000000000000000000011011101111100000000001111101111101111
111111111111111111111111111111111111111111111111111111111111111111111111111111111111111111111111111111111111111111111111111111111111111111111111111111111111111111111111111111111111111111111111111111111111111111111111111111111111111111111111111111111111111111111111111111111111111111111111111111011111111111111111111111111111101111
110000000000000000000000000000000000000000000001111010100000000000000000000110000000000000000000000000011000000011110011100010000001100000000000000000011001111000010000000000000011000111100000000000000000000000111111110000000001101000000000000000000000000000000000000000000000000000000000000000000000000000000000000000001111101111
111111111011111111111100100000011001011111101001111001100011111111111000000010100000011011101110111110111101111111110011111101111011111101111100000111011011111000001011100000000011000111111111011101011110000000111111111111111111111010000110111001110000110000000000001111111001100110111111000011111110000100000000001110001111101111
111101110111111110011100111111011110111110001001111001100111111111101001000010111111011101111111101111000000000011111011100011111111111111111111101111000000111110110111111100001011111111101100111100100000000000111111111111110011100110111110111100110001111110111011001111011110100111111111111111001111000001111100000000001111101111
111111111011011111001100101111111000101111110101111001100011011110110101111000111111111101101111111011011001110011110011100011011111111111111111101111000000111101010111011001000111000111111110111101001110111101111111111111110011111111000100111000101101111111111011100000000000000000000111110011111101111001110011111111001111101111
110000000000001110111111001111000000010000011111111100101111011110001011000100011000000001101111111000011000000011110011111001011111111111111011111111000000111101100000000000000011010111110000000000000000111010111111110000000001101011111000000000000000000000000000000000000000000000000000000000000000000000000000000000001111101111
111110000000001110111111001111111010101111100001111001110111100000000000011101011111111011101110010100011011100111111111110011011111111101111100000110111011111110001111011010101111110111101111111101111101000000111111111111100101101111000110111011001000111111111111101111011011111110111110001111111001111101110011111110011111111111
111111111011101110101111001111011001100000000101111001100011011110101100110011111111111111111111001011011100000011110011110001101111111111111111010111111111111011010000011001010111010111111111011110101110111101111111110000000001110110000101111011001000111110111100000000000000000000000111110011011000111110000011111110001111101111
111101111011010000000000000000000000000000000001111100111000000000000000010110000000011101100000000000011010000011111011100010000001100000000000000000011110111110001011111101001111100111111100100000000000000000111100000000000000000000111000111001011000110000000000001111111100100111011000000011001001000001110000001111111111101111
110000000000001111001100000000000000000000000001111100100000000000000000000100000000000000000000000000000000000011110011100010000001111101111000000110100000111000010000000000000011100011100000000000000000000000111100000000000000000000111000000000000000000000000000000000000000000000000000000000000000000000000000000000001111101111
110000000000001111001111001111011110010000011101111001100111111110100101011100011111100001101110001100000000000011111011100011101011111111111011100111111101111001101011011000111011001011111111111111001110000000111111111111111101101100000111111010110010111111111011011111111100110110101110001111110001000001111111111110001111111111
110000000000000000000000000000000000000000000001111001111011011110100011111001111000011011111000000010111010000011111111100011100111111111111011111111011110111110101100011001101011110011101110000000001101000000111111111111101111111001111101000000000000000000000000000000000000000000000000000000000000000100000000001101101111101111
111110000000001110101100101111011101100000010101111001110011111111010110110100100000111011101111100010111001111111111111100011010111100000000000000000011100111000010011100000000011101111101100000000001111000000111111111111101111101001000110000000000000000000000000000000000000000000000000000000000000111101110011110000001111111111
111101111011101111111110111111111110000000001011111001110111111111111010011000111000011101110000000011111001110111110111111101111011111111111011011111011011111111101010011111100011011111111110011110001101111110111111111111101111111110000101000000000000000000000000000000000000000000000000000000000000111110000011110000001111101111
111110000000001111101110101111011111101111111011111001111111011111000101011100011110000001100000000011000000000011110111110001001111111111111011111111011100111000001101011011111111100011111111111101101111111111111111111111111011100111000101111000100111110000000000000000000000000000000111000011101111000001110000000000001111101111
111111111011011110101111110000011101001101010001111010110011011111000000011111000000011010000000000011111111111011110011100011011011111110000000000111111011111111100011000000000011111111111100111111101111111011111111110000000001110111000000111101001011110000000000000000000000000000000111110011101000000100000000001111101111101111
110000000000000000000000000000000000000000000001111010100000000000000000000110000000000000000000000000011000000011110011100010000001111110000000000110100000111000001000000000000011100011100000000000000000000000111111111110000000000000000000000000000000000000000000000000000000000000000000000000000000000000000000000000001111101111
111101111011011110101100000000011010010000011001111010111111111110011110100111000000111010000000000011111001101111110011111001101111111111111011011110100000111000100001111111011011100011111111111100111110111111111111111111111110000000000101000000000000000000000000000000000000000000000000000000000000111100000000000000001111101111
110000000000000000000000000000000000000000000001111010101111111111001001010111011101111011111000000011011000000011111011100011111011111101111011110111011010111011001000111101010011101011111110100000001101000000111111111111100101100111000000111011101000111110111100000000000000000000000111000011101101111100000000001111111111111111
110000000000001110111111001111000000011111101011111001101111011111010111011001000000011111101111001111011011110111111011111111111111111101111111100110100000111001000001111101101111111011111110011111110000111011111111111111111000000000000101111001110000111110111111110000000000000000000110001111010001000110000011110000001111111111
110000000000001110101111000000011100111100111001111001100000000000000000011000011110000001101111111111000000000011110011111000000001111101111111111110100000111110001011111011000011000111101100111110100000000000111100000000000000000000111111000000000000000000000000000000000000000000000000000000000000000110000011111111111111111111
110000000000001110101100000000000000000000000001111010100000000000000000000110000000000000000000000000000000000011110011100010000001111101111000000110100000111000000001000000000011100011100000000000000000000000111111111110000000000000000000000000000000000000000000000000000000000000000000000000000000000000000000000000001111101111
111110000000001110111111001111111011000000001101111001100011100000000000011000111000011011101110111010111111110011110011111101001111111111111111111111111010111110100001111100011111010111101100100000001110000000111111111111100111111001000100111010110011111111111111101111111111100110101111000011010001000001110011111101001111101111
111110000000001110101100110000000000001111010111111001101111100000000000000000011100011011101111001111111001110011110011110011101111111101111011100111111001111100111100000000000011001111111100111100111111111001111111110000000001110001000110000000000000000000000000000000000000000000000000000000000000000000000000001101011111111111
110000000000000000000000000000000000000000000001111001111111011000000001010011011111000001111111000110111000000011111111100011011111111101111011111111011110111100101000111110001111010011101100111111100000000000111111111110000000000000000101111001001011111110111011110000000000000000000000000011010001111101110011111101101111111111
110000000000000000000000000000000000000000000001111010100000000000000000000110000000000000000000000000011000000011110011100010000001111101111000000110100000111100000000000000000011010011100000000000000000000000111111110000000001110000000000000000000000000000000000000000000000000000000000000000000000000000000000000000001111101111
111111110111111110101111110000011110101110110101111010110011111110100110110110011000000001111111101000011110000011111111110011111111111110000000000111100000111101010101011110101011111011111111011111000000111111111111111111111011101110000100111111110011111111011111011111011100111111111111000011100000000001110000001101101111101111
111111110111111110111111101111111111011111110101111001110111111110011111000000111111000001111000000011011001101111110011110001001011111111111111111111000000111011101111111010010011010111111111111101101101111010111111111111111111111110000100111011110010111111111111101111111110101110111000000011001110000110000011111110001111111111
~~~
0.0 0.0 179.0 626.0 3323.0
0.0 127.0 112.0 387.0 2038.0
0.0 90.0 128.0 471.0 2396.0
0.0 170.0 89.0 326.0 1621.0
0.0 211.0 66.0 250.0 1235.0
0.0 94.0 131.0 437.0 2369.0
0.0 187.0 83.0 254.0 1414.0
0.0 176.0 91.0 286.0 1566.0
0.0 108.0 122.0 387.0 2173.0
0.0 134.0 112.0 346.0 2011.0
0.0 1.0 179.0 622.0 3312.0
0.0 99.0 123.0 446.0 2377.0
0.0 95.0 128.0 439.0 2368.0
0.0 281.0 26.0 102.0 476.0
0.0 132.0 111.0 387.0 1986.0
0.0 175.0 88.0 280.0 1539.0
0.0 106.0 123.0 442.0 2253.0
0.0 213.0 69.0 204.0 1192.0
0.0 2.0 177.0 626.0 3308.0
0.0 129.0 108.0 363.0 2010.0
0.0 276.0 27.0 119.0 546.0
0.0 174.0 91.0 298.0 1571.0
0.0 119.0 120.0 370.0 2143.0
0.0 164.0 92.0 310.0 1660.0
0.0 280.0 28.0 104.0 501.0
0.0 87.0 138.0 420.0 2438.0
0.0 92.0 130.0 430.0 2432.0
0.0 191.0 75.0 257.0 1359.0
0.0 172.0 88.0 255.0 1590.0
0.0 171.0 87.0 279.0 1599.0
0.0 216.0 63.0 203.0 1125.0
0.0 177.0 87.0 273.0 1551.0
0.0 122.0 117.0 356.0 2074.0
0.0 215.0 60.0 243.0 1173.0
0.0 125.0 115.0 356.0 2068.0
0.0 219.0 59.0 232.0 1127.0
0.0 163.0 93.0 312.0 1717.0
0.0 147.0 107.0 299.0 1843.0
0.0 135.0 110.0 336.0 1980.0
0.0 189.0 78.0 258.0 1413.0
0.0 128.0 114.0 328.0 2003.0
0.0 197.0 70.0 262.0 1336.0
0.0 180.0 83.0 289.0 1530.0
0.0 273.0 30.0 124.0 572.0
0.0 101.0 126.0 428.0 2283.0
0.0 162.0 95.0 289.0 1683.0
0.0 116.0 110.0 434.0 2131.0
0.0 173.0 85.0 279.0 1594.0
0.0 104.0 125.0 417.0 2268.0
0.0 202.0 72.0 258.0 1314.0
0.0 118.0 116.0 408.0 2113.0
0.0 206.0 72.0 225.0 1272.0
0.0 157.0 94.0 323.0 1754.0
0.0 148.0 96.0 358.0 1819.0
0.0 80.0 142.0 442.0 2497.0
0.0 201.0 73.0 224.0 1313.0
0.0 91.0 128.0 466.0 2376.0
0.0 142.0 101.0 334.0 1869.0
0.0 188.0 78.0 289.0 1454.0
0.0 183.0 88.0 228.0 1436.0
0.0 120.0 121.0 364.0 2112.0
0.0 185.0 76.0 308.0 1461.0
0.0 152.0 98.0 319.0 1814.0
0.0 196.0 77.0 230.0 1335.0
0.0 193.0 74.0 289.0 1384.0
0.0 154.0 92.0 362.0 1786.0
0.0 161.0 97.0 285.0 1714.0
0.0 279.0 26.0 110.0 511.0
0.0 97.0 123.0 469.0 2365.0
0.0 186.0 82.0 234.0 1427.0
0.0 145.0 98.0 347.0 1837.0
0.0 150.0 107.0 306.0 1796.0
0.0 282.0 26.0 104.0 485.0
0.0 111.0 120.0 385.0 2236.0
0.0 209.0 70.0 207.0 1210.0
0.0 274.0 32.0 106.0 558.0
0.0 159.0 92.0 319.0 1711.0
0.0 199.0 77.0 250.0 1328.0
0.0 195.0 75.0 276.0 1353.0
0.0 283.0 25.0 99.0 469.0
0.0 105.0 119.0 481.0 2252.0
0.0 146.0 104.0 325.0 1860.0
0.0 102.0 114.0 455.0 2262.0
0.0 207.0 68.0 219.0 1251.0
0.0 155.0 99.0 338.0 1723.0
0.0 272.0 29.0 130.0 571.0
0.0 136.0 108.0 303.0 1913.0
0.0 198.0 76.0 239.0 1311.0
0.0 131.0 106.0 379.0 1959.0
0.0 267.0 35.0 125.0 611.0
0.0 149.0 101.0 300.0 1819.0
0.0 138.0 108.0 356.0 1916.0
0.0 112.0 121.0 390.0 2225.0
0.0 178.0 87.0 268.0 1560.0
0.0 278.0 27.0 110.0 522.0
0.0 179.0 83.0 287.0 1499.0
0.0 3.0 177.0 623.0 3290.0
0.0 167.0 94.0 293.0 1638.0
0.0 158.0 95.0 305.0 1729.0
0.0 153.0 97.0 317.0 1781.0
0.0 203.0 65.0 250.0 1293.0
0.0 117.0 119.0 381.0 2141.0
0.0 277.0 27.0 108.0 523.0
0.0 98.0 132.0 419.0 2320.0
0.0 137.0 106.0 357.0 1930.0
0.0 84.0 139.0 442.0 2513.0
0.0 151.0 92.0 387.0 1814.0
0.0 192.0 75.0 262.0 1399.0
0.0 85.0 133.0 463.0 2490.0
0.0 144.0 104.0 335.0 1883.0
0.0 115.0 117.0 423.0 2189.0
0.0 194.0 84.0 223.0 1418.0
0.0 123.0 111.0 414.0 2075.0
0.0 181.0 83.0 302.0 1477.0
0.0 270.0 34.0 109.0 587.0
0.0 212.0 64.0 237.0 1205.0
0.0 114.0 120.0 372.0 2220.0
0.0 160.0 99.0 319.0 1720.0
0.0 143.0 108.0 336.0 1924.0
0.0 141.0 102.0 373.0 1960.0
0.0 110.0 119.0 423.0 2197.0
0.0 2.0 177.0 626.0 3300.0
0.0 100.0 129.0 390.0 2368.0
0.0 165.0 94.0 314.0 1670.0
0.0 2.0 178.0 626.0 3304.0
0.0 275.0 34.0 97.0 534.0
0.0 130.0 108.0 358.0 1982.0
0.0 109.0 117.0 418.0 2229.0
0.0 107.0 120.0 445.0 2240.0
0.0 204.0 68.0 246.0 1263.0
0.0 103.0 122.0 420.0 2250.0
0.0 126.0 117.0 373.0 2083.0
0.0 208.0 70.0 214.0 1256.0
0.0 269.0 32.0 134.0 608.0
0.0 121.0 113.0 403.0 2087.0
0.0 190.0 76.0 275.0 1416.0
0.0 182.0 86.0 274.0 1452.0
0.0 139.0 106.0 354.0 1908.0
0.0 140.0 105.0 363.0 1933.0
0.0 156.0 100.0 308.0 1761.0
0.0 271.0 33.0 115.0 577.0
0.0 168.0 87.0 339.0 1670.0
0.0 166.0 93.0 294.0 1659.0
0.0 133.0 105.0 382.0 2002.0
0.0 200.0 70.0 250.0 1314.0
0.0 264.0 36.0 134.0 643.0
0.0 124.0 108.0 401.0 2039.0
0.0 184.0 79.0 307.0 1473.0
0.0 169.0 91.0 295.0 1651.0
0.0 268.0 35.0 121.0 604.0
0.0 113.0 119.0 377.0 2221.0
0.0 96.0 126.0 439.0 2366.0
~~~
1.83800005913
