111111111111111111111111111111111111111111111111111111111111111111111111111111111111111111111111111111111111111111111111111111111111111111111111111111111111111111111111111111111111111111111111111111111111111111111111111111111111111111111111111111111111111111111111111111111111111111111111111111111111111111111111111111111111111111
111111111111011111101111111111011100111110011011111100110011111111110010111100111101011110000000000010111010000011111111111101100011111111111111011111000000111100111101111010110011010011111111011110011110111100111111111111110101100011111111111000000100111111111011111111111100111110111111110011111001000111111111111101101111111111
110000000000000000000000000000000000000000000001111100100000000000000000000100000000000000000000000000011000000011110011100010000001111110000000000110100000111000001000000000000011001011100000000000000000000000111100000000000000000000111000000000000000000000000000000000000000000000000000000000000000000000000000000000001111101111
110000000000000000000000000000000000000000000001111100100011011111101001100111000000111011101110110010011010000011111011100010000001111101111111011111111110111100010000111101001011000111111100100000000000111110111100000000000000000000111000000000000000000000000000000000000000000000000000000000000000000100000011111101001111111111
111111111011011111111100000000000000011111011011111010110111111111101110100110111101011010000000000010011110000011110111111111111111111101111111111110111001111100000100100000000011100111101111011110001101111100111111111111111011110000000000111101101111111111011011001111011101101111111000000011111010000000000011111101111111101111
111111111011101111011100111111011010111110011001111101110011111000000001011101111101111111110000000011100000000011111011100011010111111111111011100111011100111111000010000000000011101111111100111100111110000000111111111111110101110011111110111101100011111110111111010000000000000000000111110011100000000110000000001100011111101111
110000000000001111111110001111011011111111101001111010101111111000000001000110000000011110000000000010100000000011111011111111001011111101111100000110111100111010011111011101101011101111101100111101010000111101111111111111111011110111000101111101100001110000000000001111111110100111101000000011111111111111110011110000001111101111
110000000000000000000000000000000000000000000001111001100000000000000000010000000000000000000000000000011000000011110011100010000001111110000000000111000000111000000010000000000011001011100000000000000000000000111100000000000000000000000100000000000000000000000000000000000000000000000000000000000000000000000000000000001111101111
111110000000001111101111100000011111011101111101111100110111011111100101100110000000011010000000000010111011101011110011111010000001111101111100000111100000111111010111011111110111100011111111011101001101000000111111111111100111111011111000111001111010111111111011000000000000000000000000000011111100000111110000001110001111111111
111101110111101110101110001111111100101111001001111111111111111110001111111111111111111101111111001100011111101111111011111101111111100000000000000000011001111110110001111001100111110011111111011111011110000000111111110000000001110110111111111000111011111111011111111111111001111111011111111111100000000101111111111101111111111111
111111110111011110111111000000011101001110101111111001110100000000000000010000111101011111111110001110011111110111111111111001000111111101111011100111011011111100110110111010100111010011110000000000000000111110111111111111111001100100000101111111101001111111011100001111111010110111111110001111001111111100000011111100111111111111
110000000000001111111111001111011001101101011111111100110011111111100111111111100000011100000000000011011010000011111111110001011111111111111111001111111011111101111101111001100011100011111100011110101101111101111111111111111111101010111000111100110110111110111011110000000000000000000111110011011111000101110000001100101111101111
110000000000001110111111101111100000011111110111111011111111011111100011111110111101000000000000000010011001100111111011110011000111111101111011111110100000111101111000000000000011110011111111011111110000111100111111111111100101111010000111111011001010111111011100001111111110110110101000000011011111111101111100001111111111111111
111101111011011110101100000000011110111101001101111100111000000000000000011101100000000001101111101111111011110011110011111101001111111101111000000111000000111010010011011101010111111111101100100000001101000000111111111111111011110011111111111010110010111111011100010000000000000000000110001111010001111110000011110000001111101111
111111111011101110111111111111111100001110101101111001101000000000000000011101111100111011101110011100000000000011111011111001001111111101111111111111000000111101001101011001110011111111110000000000000000000000111111111111111001101000000110111110000011111111111111010000000000000000000000000011111011000110000011111101001111111111
111101111011101111011111111111111010101111100101111011110100000000000000000111000000111011101000000011100000000011110011100011000111111111111111011110100000111111110100011000111111000111111110111110010000000000111111110000000001110111000111111110010000111111111100000000000000000000000111000011101111000110000000000000001111101111
111101111011111111101111000000011111010000011101111010110011111110111100011110100000111111101110011111111111101011111011111101111011111110000000000110111010111101001101111110100011110011100000000000000000111001111111111111111111111001000000111000011000111110111011010000000000000000000110111111110000111111110011111110011111101111
110000000000001110101100000000000000000000000001111100100000000000000000000100000000000000000000000000000000000011110011100010000001111101111000000111000000111000100000000000000011010011100000000000000000000000111100000000000000000000111000000000000000000000000000000000000000000000000000000000000000000000000000000000001111101111
110000000000001111111100000000011001010000001101111001110000000000000000000101111100111010000000000000011111110111110011111010000001111111111011001111011100111111111000100000000011000111101111111111001111111110111100000000000000000000000100111010001011111110111111100000000000000000000000000011111001000110000000001111111111111111
111110000000001110011110111111011111001111101001111010100100000000000000000110000000000001100000000000011111110111110111100011100111111101111011011111000000111101000110011101001111101011111100100000001110000000111111111111100011110111000101111101110000111111111011000000000000000000000000000011001001000000000011110000001111101111
111101110111111111001100111111111001101101000001111010111111111110110110011111011000111111111110111111011001111011111011100011001011111101111000000111000000111000101001111101000011010111111111011110000000000000111111111111111111100001111111111111111011111110111011011111011100110111111110001111101011000100000000001111001111111111
111101111111101111101111001111011111101111011101111101111111111110100111111111000000111011101111001111011100000011111011111100000001111101111011101111011101111111101000111010001111110011111110111101111110000000111111111111100111100111111111111100011000111110111111111111111100111110111000000011001111111111111100001110001111111111
110000000000001111101100000000011001011101011111111010110111111111001001110110100000011100000000000010011111110011111011110001100111111111111011011111111001111110011000011101101011011011111110011101011101111010111111111111110000000000111000000000000000000000000000000000000000000000000000000000000000000000000000001111101111111111
111111111111111111111111111111111111111111111111111111111111111111111111011111111111111111111111111111111111111111111111111111111111111111111111111111111111111111111111111111111111111111111111111111111111111111111111111111111111111111111111111111111111111111111111111111111111111111111111111111101111111111111111111111111111111111
110000000000000000000000000000000000000000000001111010100100000000000000010110111000100001111110100011111010000011110011100011101111111110000000000110100000111110111010000000000011110011101110100000001101111110111111111111101001101011000000000000000000000000000000000000000000000000000000000000000000000110000011110000001111111111
110000000000000000000000000000000000000000000001111001111011100000000000010000111101111100000000000010111000000011111111100010000001111111111100000110100000111001010100111001100011000111111100111111010000111100111111111111111100000000000101000000000000000000000000000000000000000000000000000000000000000000000000001111011111111111
111110000000001110111100111111111100111110011111111010111011011111100101100110011111100000000000000000011111100111110111111101111011111101111011101111100000111100110110011010010111001011101111111111000000111101111111111111101001110111111000111110001001111110111100110000000000000000000110001111011101111100000011111101101111111111
110000000000000000000000000000000000000000000001111100110111011000000001011101000000011010000000000011011000000011111111100010000001111110000000000110111111111001001001011110010111101011111111100000000000111100111100000000000000000000111000000000000000000000000000000000000000000000000000000000000000111110000011111111111111111111
111111111011011110011110101111111111101101010011111011100011100000000000010111000000100001101110011110011011111111111111100011000111111101111011001111000000111100111000111010010111010011111100011111101110111001111111111111111011110011000101000000000000000000000000000000000000000000000000000000000000111110000011111110101111111111
111111111111011110101111000000011110111101011001111100100011111111111111010110000000011111101111101010111001101011110011111111001111111101111111110111000000111111101110111110110011101111101100111111101111111111111111111111110001100011111111111001111001111111011100111111111010110111101110001111001100111111110011111111111111101111
110000000000001111001111100000011110001101100101111010100011111111010111010110011101111100000000000011011010000011111011100010000001100000000000000000011010111111100111111011001011100011111100011111001111111011111111111110000001111010000000111010011001111111111100000000000000000000000110111111010000111110000000000000001111111111
111101111011011110111111101111111001010000001101111011110111011000000000100110111100111010000000000000011111110011110111100011110011111111111111111110100000111001100100000000000011100111101100111110000000000000111111111111111000000000000101000000000000000000000000000000000000000000000000000000000000111001111100001101011111111111
110000000000001110101110001111111011011111111001111011110100000000000000011111111111111111101111101011100000000011110011111100000001111111111111011111011010111111110111111111101011111011101100111110001101111100111111110000000001101011000100111010000010111110111011010000000000000000000000000011111110000100000011111101001111111111
111110000000001111101111000000011001101111101001111001100011011110000101111111011101100000000000000010100000000011111111110000000001111101111011011111100000111101111000011110111011100111100000000000000000111110111111111111100011111001000101111000010100111110111100001111111100111110111110001111010000111111111100001100011111111111
110000000000001110111100001111111010001101100001111001100111111111111000011011011110100001101111111110000000000011111011110001100011111101111111011111011101111110001010011011010011101011101110111100100000000000111111111110000001101010111110111111000001111111011111000000000000000000000111001111001010000101110000001111101111101111
111110000000001111001100111111111010100000011101111011111011100000000000000111011111000001110000000000011011111111110011100011101011111111111111101111111101111111000011000000000011111111111110111111100000000000111111110000000001101001000100000000000000000000000000000000000000000000000000000000000000000101111111111111011111111111
110000000000000000000000000000000000000000000001111111111111011111100011110111111101000001111111110110111000000011110111100011011111111101111011100111000000111111011010111010110111110111101110011110100000000000111111111111111111100101111100000000000000000000000000000000000000000000000000000000000000111101110011111101111111101111
110000000000000000000000000000000000000000000001111001100000000000000000000000000000000000000000000000011000000011110011100010000001100000000000000000011010111000010000000000000011001011100000000000000000000000111100000000000000000000000100000000000000000000000000000000000000000000000000000000000000000000000000000000001111101111
110000000000000000000000000000000000000000000001111001100111111110110101011100111111100000000000000011011010000011110011100011110111100000000000000000011010111101011100111001111011100011111110011110001101111011111111111111100011100101000100000000000000000000000000000000000000000000000000000000000000111100000011111110111111101111
110000000000001111111100000000000000011111110001111010100111100000000000000110111111000001101111101111100000000011111011100011101011100000000000000000011100111000100010011111100011101011101111011111001101111011111111111111111111110001000000000000000000000000000000000000000000000000000000000000000000000001111100001101011111111111
111111111111111111111111111111111111111111111111111111110111111111111111111111111111111111111111111111111111111111111111111111111111111111111111111111111111111111111111111111111111111111111111111111111111111111111111111111111111111111111111111111111111111111111111111111111111111111111111111111111111111111111111111111111111111111
110000000000001110101100000000000000000000000001111010100000000000000000000110000000000000000000000000000000000011110011110000000001111101111000000111000000111000100000000000000011001011100000000000000000000000111111111110000000000000000000000000000000000000000000000000000000000000000000000000000000000000000000000000001111101111
110000000000000000000000000000000000000000000001111010100000000000000000000110000000000000000000000000011000000011110011100010000001111110000000000111000000111000001000000000000011001011100000000000000000000000111111111110000000000000000000000000000000000000000000000000000000000000000000000000000000000000000000000000001111101111
111111111111111111111111111111111111111111111111111111111111111111111111111111111111111111111111111111111111111111111111111111111111111111111111111111111111111111111110111111111111111111111111111111111111111111111111111111111111111111111111111111111111111111111111111111111110111111111111111111111111111111111111111111111111111111
111111111111111111111111111111111111111111111111111111111111111111111111111111111111111111111110111111111111111111111111111111111111111111111111101111111111111111111111111111111111111111111111111111111111111111111111111111111111111111111111111111111111111111111111111111111111111111111111111111111111111111111111111111101111111111
111111111011011110111100110000011011101111001001111100110011100000000000011101111111111110000000000010111101100111110011111101111111111111111011011111111111111101011101011001111011110111101111011111101111000000111111111111101010000000111110111111110011111110111011011111111111100111011110110011011110111111110011111110101111101111
110000000000000000000000000000000000000000000001111001111111111000000000100011000000100001101110100111111000000011110111100010000001111101111000000111011101111001011010111010100111011011101111111100111110111111111100000000000000000000000111000000000000000000000000000000000000000000000000000000000000000111111111111111101111101111
111111111011101111111111101111011101111110001001111001100011111110111000000101011110011110000000000011100000000011111111111001010011111110000000000110100000111111010111000000000011010111101110100000001111111011111111111110000001100100000100000000000000000000000000000000000000000000000000000000000000000100000011110000001111111111
110000000000000000000000000000000000000000000001111110101011111110001110100111100000000000000000000010111010000011111111100011111111111101111111111111000000111100001100000000000011000111101110000000001110111111111111111111110111100010111000000000000000000000000000000000000000000000000000000000000000000100000000001101101111101111
111111111011101111101100111111111010001101111101111001101111111111011101000011111101111011111111101111011011111111110111111011101011111111111100000111111101111110001110111011100111000111111111011110011111111010111111111111110011110110111110111110111011111110111100101111011010101110111000000011011110111111111100001110111111111111
111101111011011111001100110000000000011110100001111010101100000000000000000110000000000001101110001111100000000011111011100011111011100000000000000000011010111010110100111101011111100011101111000000001101000000111111111111110001110101000110000000000000000000000000000000000000000000000000000000000000000110000000001101111111111111
111111111111101111111100101111111110001111011011111010100011011000000001111110011111100001111110101110111011101011111011111101011111111111111111101110100000111101000100111000011111101011111111011101101111111100111111111111110101110111111000111110111110111111011100001111011111111111001111111111011110000001111100001110111111101111
111101110111011111101100000000011101001101011111111100111111111111110100010111011110111101110000000010111111111111111111110011010111111110000000000110100000111100100011111110111111111011100000000000000000111011111111111111101101110001111000111011011101111111011011111111111111101111111111110011111011111111110011111110001111111111
111111110111100000000000000000000000000000000001111001100000000000000000000011100000111101101000000011111010000011110011100011111111111101111011010111011101111100011000000000000011011111100000000000000000111100111111110000000001100001000110111010001000111111011100111111111110111110101000000011010001000100000000001110001111101111
110000000000001110111100111111011101111100101011111100111011011000000001010100000000000001100000000000000000000011111111111111011111111101111111111110100000111111010111111011001011011111111111111110111110111010111111111111111011101101111101000000000000000000000000000000000000000000000000000000000000000100000011111101101111101111
110000000000001111101111001111011111001100111101111001111111011110111111111000011101111110000000000000011110000011110011111101100111111101111011101110100000111111111000011010001111110111100000000000000000111101111111111111100011111111000111111110001101111110111111001111111110111111001110111111101001000111110000001111111111111111
110000000000001111101111100000011101111100101001111010110111111110111010000110111110111110000000000010100000000011111111111101000111111111111011001111000000111110010100111100011011111011110000000000000000111001111111111111100011111101000110111111100000111111111011010000000000000000000000000011011011111001110011111101101111101111
111110000000001111101110100000011111101101110111111001100011111111110010010100111100000001101111100111100000000011111011100011000111111110000000000111111101111110111101011111111111101011111111111110001110111110111111111111100011111111111100111011110010111111111011101111111011110110111111000011111010000000000000001110111111111111
110000000000001111101111111111111100101111101111111001100111011000000000111001100000111101100000000000000000000011111111111111010111111101111011111111111001111000010010011000001011011111101110100000001101111100111111110000000001100010000111000000000000000000000000000000000000000000000000000000000000000100000000001100011111111111
111111111011111110111110101111011011001101010001111101100011100000000000000110100000111110000000000010100000000011110011110001001011111111111111001110111011111100111010011000010111001011100000000000000000000000111111110000000001100010111100000000000000000000000000000000000000000000000000000000000000000000000011110000001111111111
111110000000001111101110000000000000011101001001111001100111111110011000111101011100011010000000000011100000000011110011110000000001111101111011110111100000111010010110011101110111100011101111100000001101111010111111111111101001101100000100000000000000000000000000000000000000000000000000000000000000000101110000000000001111101111
111110000000001111101111110000000000000000001001111010100111011111101110010110011000100001111110110010111101101111110111110001111011100000000000000000011011111001011001011101001111100011111100111111000000000000111111111111101110000000000000000000000000000000000000000000000000000000000000000000000000111110000000001101001111101111
111111111011011110101111001111111011010000011011111100100111100000000000010111011100011011111111011010111101111111111011111111111111111101111011101110111101111111000101111110011111011011111111011110101110111011111111111111101110000000111110111001111111111111111011100000000000000000000111111111011110111110000011111110101111111111
110000000000001111111100111111000000000000011001111100110011011110110001000110000000100001101000000010100000000011110111111101101111111111111011110111100000111111011000000000000011111111101110111101101101000000111111111111101110000000111111111001000001111110111111001111111101100111101111110011110000111001111100001101011111101111
111111110111101111101111000000011111111110110101111001101011111110111010110000011111011101100000000010111111110111110111110001010111111111111111001110111011111100000001111101111111011111111100111110011101111011111111111111111001110011000111111001001110111110111100011111011011100111011110111111111101000000000011111101111111111111
110000000000001111101100000000011110100000011111111100101111011110111011000100011110011101101111010111111010000011111111111011100111111111111100000111000000111010101000011000111111010111111111111101011110111101111111111111101001110011111000111010101001111111111011011111111001110111001111110011111101111000000011111101001111101111
111111110111111110101110101111000000001111011011111100101011111111000111110111111101100000000000000011111101111011111011111100000001111111111011110111111100111011000111111101011011010011101110011100101110111111111111111111111100000000111000111000001111111110111100101111011111111111011110111111001111111110000000001110011111111111
111111111011101110011111110000011111011100101011111010100011111110011111111110011000100001111111111100011010000011110011100011100111111101111111100111100000111110101110111100100111101111101100111111110000111101111111110000000001111101000000111111000110111111111011111111111100100111001000000011101111000001111111111111101111111111
111110000000001111101110101111011111101111111011111001111111011111000101011100011110000001100000000011000000000011110111110001001111111111111011111111011100111000001101011011111111100011111111111101101111111111111111111111111011100111000101111000100111110000000000000000000000000000000111000011101111000001110000000000001111101111
111101111011011111111110101111000000011110010101111010111000000000000000011111011101011101111111110010111110000011110011110011110111111111111011110111011111111100011001111111110111110011111100111101100000000000111111111111101110000000000110111111000011111111111011010000000000000000000111000011001010111111110000001110101111111111
111101111011100000000000000000000000000000000001111011111011111000000000111110011100011101110000000011111000000011111011100011010011100000000000000000011011111101010011100000000011110011111110100000000000000000111111111111111011111110000100000000000000000000000000000000000000000000000000000000000000000110000000001101001111111111
110000000000001111101100111111111110110000010101111010111111111110110101011111011101100001101110110100011100000011110111110001110111111111111011101110111011111100111011111010011011101111111100100000000000111010111111111111101111111111000000000000000000000000000000000000000000000000000000000000000000111101110011111111101111111111
111101111011011111101111100000011100011100111101111100110011111111010101010100111111111011111111110111011100000011111111111001111111100000000000000000011110111111000101011101011011110011111111011100101101111010111111111111111001110000111110111111110100111111011011111111111111100111001110001111100001111101110000000000001111111111
110000000000001110101111111111011111010000001001111011101000000000000000000111011111011100000000000010100000000011110011110001001111111101111000000110111110111000011110011011110011001111101110111111011110000000111111111111101001111110000111000000000000000000000000000000000000000000000000000000000000111111110011111111101111111111
111111111011111111101111101111011111011101001101111100111111011000000000100101111111100000000000000000011011111111110011110000000001100000000000000000011100111001101011011101010111101011101100111110010000111001111100000000000000000000111000000000000000000000000000000000000000000000000000000000000000000110000000001100011111101111
111111111011111110111111000000011011101110000011111001110011111110111000010100011111111111101111100010111010000011111011100011001011111111111011101110111100111101100110111110101011110111111111111110110000111100111111111111101101100111111111111001010001111110111100111111111010111111011111111111011000111000000011111111111111111111
111101111011101110101100000000011111111111001111111110110011111111000100100110111111011101101111011111011010000011111011111101100111100000000000000000011101111110010010111001110011101111111110011101000000111111111111111111111011101001111110000000000000000000000000000000000000000000000000000000000000000001110000001101101111111111
110000000000001110011110001111000000011100111001111001110111011110011111110010100000011011101110010011000000000011110111100011001011111111111100000111011101111100100010111111110111110111111100011110101101111100111111111111110100000000000110111001000100111111011100111111111010100111001110111111010001000000000011111101011111101111
110000000000000000000000000000000000000000000001111100100000000000000000000100000000000000000000000000011000000011110011100010000001100000000000000000011100111000000010000000000011001011100000000000000000000000111100000000000000000000111000000000000000000000000000000000000000000000000000000000000000000000000000000000001111101111
111110000000000000000000000000000000000000000001111100111011011110101000110100100000100001101110001111011010000011110011100011111111100000000000000000011111111101111011011100010111100111100000000000000000111011111111111111100100000000111000000000000000000000000000000000000000000000000000000000000000000101110000001111111111111111
111101111011101110101100101111100000011110101111111001110100000000000000011000100000011111101110110011111011110111110011111101110111111111111011001111011100111001110011011011011111110011101110100000001110111001111111111111101011110011000110111111100000111110111111101111011011111111001110001111101011111111111100001111111111111111
111111110111101110101110110000000000001111001111111001111111011111010001111011111110000001101000000000011101111111110111111110000001111101111111100111000000111110000111011001111011001011101110100000001101111010111111111111110111111010000101111010000111111111011100101111111110100111011110110011101011000101110000001100111111111111
110000000000001111111100111111011101111101011001111001100111011000000001100010011000011110000000000010011100000011111011100011000011111111111011110110111101111000101010011101001111001011111110111111010000000000111111111111101101100100000101111000001001111111111100110000000000000000000111000011010001000101110000000000001111101111
110000000000001110101110101111100000011100101111111001111011111000000001000001111101000001101111010111111011111011111111111101010111111110000000000111111101111001010101011010010111111011111100111110001111111010111111111111111001101011111110111000101011111111011111001111011101110111011000000011101110000110000000001101011111111111
111111111011101111101100111111111100111110101101111010110111111111111101110110011000011011111110011010111000000011110111111111110111111101111011100110111101111101111101111111001011011011101111111101101101111010111111110000000001110110000000111110111000111111111111110000000000000000000110111111111011111111110011111101001111101111
111101111011110000000000000000000000000000000001111010111011111110111100000110111000011011101110110011011010000011110111100011011111100000000000000000011100111110010011111100110011011011101110100000001111000000111111111111110001111011000000000000000000000000000000000000000000000000000000000000000000000001110000000000001111111111
111111110111111111111111111111011110100000001001111010101011100000000000011111011100111011101111111010111101100111111011110011110111111101111111101111011110111101110000111000101011111111111111111111111110111010111111111111111011100111111101111011100110111110111100101111011010100111111110111111101101000101111111111110101111111111
111101111111111111111110100000011010101110101101111010111111111111011100111110011110111110000000000000011100000011111011111111001111111111111111010111100000111101111001111100110011101011101100111111011101111011111111111111101001101010000110111011101011110000000000001111111010111111001110001111100001111101110011110000001111111111
110000000000000000000000000000000000000000000001111100100000000000000000000100100000000000000000000000011000000011110011100010000001100000000000000000011100111000001000000000000011001011100000000000000000000000111100000000000000000000111000000000000000000000000000000000000000000000000000000000000000000000000000000000001111101111
110000000000001111111100000000011010111110001101111001110000000000000000011000000000111111101110001011100000000011110111111001011011100000000000000000011011111100101010111111000011001011100000000000000000000000111111110000000001100111000111111110000001111111111011000000000000000000000000000011110000111111111111110000001111111111
111101111011101111111111110000011110001101111101111010101111011110010111100110000000111100000000000011111011111111111111110011010011111111111011011111011001111101111011011110110011011111101110111110101111000000111111111111101111101011000101111110011011110000000000000000000000000000000111000011011111000101111100001111001111101111
111110000000001111111100111111111111111111001001111010101011011110111011100111111101100000000000000011011111110111111111111001011111111101111011110111011101111101011011011110100011011011100000000000000000111111111111111111101111101000000000111010000100111111011011010000000000000000000111111111011101000101110000001101101111111111
111111111011111110111100101111111001110000001001111001110000000000000000010001111111011101111111100111100000000011110111111000000001111111111011011110111100111010110010111111111011101011101111011101010000000000111111111111101111100110000110000000000000000000000000000000000000000000000000000000000000000111111100000000001111111111
111101110111011111111100111111111111111101101011111001100111011110010110011111100000111101101110011100011111101111111111100011010111111101111111100111000000111110111010111100100011111011101110100000001101111010111111111111111001100110000100111001111110111111011011011111011001110111111110111111011111111100000011111110011111111111
111110000000001110111110100000011000101101011011111010100111011000000000111110011110000000000000000011100000000011111111111111010111111111111011111111100000111111010001011000011111100111101100111101101110111110111111111110000001101101000000111101110000111110111011100000000000000000000111110011110001000000000000001110011111101111
111110000000001111111111000000011011011110110111111100100011011111101010111111011111100001111000000011000000000011110111110010000001111110000000000110100000111110000010111110000111001011101110111111010000111011111100000000000000000000111110000000000000000000000000000000000000000000000000000000000000111101110000001110111111111111
110000000000000000000000000000000000000000000001111010100000000000000000000110000000000000000000000000011000000011110011100010000001111101111000000111000000111000000100000000000011010011100000000000000000000000111111110000000001100001000000000000000000000000000000000000000000000000000000000000000000000000000000000000001111101111
110000000000001110111100000000011100011111111001111010111111011110100001011111111110000000000000000010111100000011111111111101101011111110000000000111000000111101110011000000000011110111111100111110011101000000111111111110000000000000000000000000000000000000000000000000000000000000000000000000000000000100000000000000001111101111
110000000000000000000000000000000000000000000001111001100000000000000000000001000000000000000000000000011000000011110011100010000001111110000000000111000000111000000100000000000011100011100000000000000000000000111100000000000000000000000100000000000000000000000000000000000000000000000000000000000000000100000000000000001111101111
111110000000001111111111100000000000011111110101111001101111111110011001010001100000100001101110100111000000000011111111100011100111111101111011110111000000111110010011000000000011011011110000000000000000111010111111111110000000000000000111111110110111111110111011001111111100101111111000000011011011000101111100000000001111101111
110000000000000000000000000000000000000000000001111101110011111111111100011111011000111010000000000010111010000011110011100011101011100000000000000000011110111010001101111100010111000111100000000000000000000000111111111111111010000000111111000000000000000000000000000000000000000000000000000000000000000101110011111100101111101111
111101111011101111111110111111000000011101101101111110111111111111110000100110011111111010000000000011011101111111110011111011001111111101111011010110100000111010000111100000000011110011111100111110011101111110111111111111101000000000111110111001100001111110111011110000000000000000000111000011001101111110000000001110101111111111
111101111111011111101110111111111010011110011101111001101111011111011010100001111111100001111111010110111101111111111011111011111111111110000000000110111010111000010011111011111011100011111111011111111110111110111111111111101101100100111100111111101110111111011100011111011011111111101110111111101010111111111100001101111111111111
110000000000001111011111000000011111110000010001111010101111011110011000011111011101000000000000000011100000000011111011100011000111111110000000000111100000111101001011111001100011101011101100111101101110000000111111111110000001111100000000000000000000000000000000000000000000000000000000000000000000111100000011111101011111111111
110000000000001111111111101111111000101101101101111110101111011000000001100111100000011101101110010111111101101111111011110000000001111101111111001111100000111101111001011100100011010111111111111100111101111111111111111111111011110111111100111101011011111111111111001111111010111111101111111111010000111100000011111100101111101111
110000000000001110111111001111111001101100100001111001111100000000000000010110111000011011101110111000000000000011111011110011011111111110000000000111011100111100100010100000000011100111101110100000000000111001111111111110000001111110000111111100100010111111011011000000000000000000000000000011001111111000000011111110011111101111
111111111011011111111100000000000000001101000101111001110111111111001000110011100000000001100000000011100000000011111011100010000001111110000000000111000000111101001111111111100111011011111111100000001110000000111111111110000001100110111111000000000000000000000000000000000000000000000000000000000000111101111100000000001111111111
111101111011111111111110101111011010001110111111111010100111111111101111100110111111111100000000000000000000000011110011110000000001111111111100000110111010111011000001011101010011001011100000000000000000111100111111110000000001101000000000000000000000000000000000000000000000000000000000000000000000000000000000001110011111111111
110000000000000000000000000000000000000000000001111010110000000000000000000110000000000000000000000000011000000011110011100010000001111110000000000111000000111000010000000000000011100011100000000000000000000000111111111110000000000000000000000000000000000000000000000000000000000000000000000000000000000000000000000000001111101111
110000000000001111101110100000000000001101110101111010100111011111110101010110100000111111101111110010111011110111111011110000000001111101111111101111000000111101001101111110100111100111100000000000000000000000111111110000000001101100000101111100001001111110111011110000000000000000000111110011110000000000000011111110101111101111
111110000000001110011111111111111101000000010001111010110111100000000000000111111111000001101111100111000000000011110111100011100111111101111111100110100000111110001100011110101011100011111100100000001111111010111111111111111000000000111101111001010011111111111011101111111101100111111000000011101110000110000000001100011111111111
110000000000000000000000000000000000000000000001111001110111111110110100111001111100111011101111000100011010000011111111100010000001100000000000000000011100111011101000011011001011110111111111000000000000111101111111110000000001100001111101000000000000000000000000000000000000000000000000000000000000000110000000001111001111101111
111110000000001110111100001111000000011101000101111010110111011111011111000110111111111010000000000011011110000011110011110010000001100000000000000000011010111101000101111010001111110011101110111110100000111110111111111111100110000000111111111011010001111111011011010000000000000000000110001111110000000111111100001110101111101111
111101111011011111101100111111100000001100111101111011101000000000000000000110111101000000000000000010111101110111111111110000000001111110000000000111100000111100001110011001101011011011110000000000000000111011111111111111110110000000000111111111111000111110111111010000000000000000000111000011110001111110000011111110001111111111
110000000000001110101100000000000000000000000001111001100000000000000000000000000000000000000000000000000000000011110011110000000001111101111000000111000000111000001000000000000011010011100000000000000000000000111100000000000000000000000100000000000000000000000000000000000000000000000000000000000000000000000000000000001111101111
111111111011111110011111001111100000011110001001111001100111111111011010100001111101011011111111010110100000000011111011100010000001100000000000000000011101111000011101000000000011110011111111100000000000111100111111111111111111110001000111000000000000000000000000000000000000000000000000000000000000111111111100000000001111101111
111101110111011111111111111111111011011101111001111010100111011111101000000110111110100000000000000000000000000011110111110000000001111111111111001110111111111101000100100000000011110111111110011110000000000000111111111111101100000000111000111110010010111110111011011111011100110111111110110011101110111110000000001110101111101111
111111111011011110111111000000011100100000011001111001100111011111001011000111011110000000000000000011011101110011110011110001110011100000000000000000011011111000111101011101111011001011111100111101001101111100111111111111101111111011000101111001101000111111011011100000000000000000000110110011111101000111111100000000001111101111
110000000000001110011110000000000000011111100011111010101111011111010101110110111000011101101000000010111011100111110011100010000001111101111011100111000000111011100010111010011111111111111111000000000000111011111111111111101001111111000000111000110010111111111100110000000000000000000110110011101101000111110000001101001111111111
111101111011100000000000000000000000000000000001111001100111111111011001011011011110000001110000000010111010000011110011100011011111100000000000000000011010111110011010011110010011001111111100011110101110000000111111111111101100000000111111000000000000000000000000000000000000000000000000000000000000000111111100001101101111101111
111111111011101110101111110000011111111101011011111010100011011110101000000110011000011010000000000000000000000011111111111110000001111111111111111111000000111100101100011111100111111011110000000000000000111011111111111111110011100001000100111011100100111111111100011111011010110111001111001111001110111000000000001110001111111111
110000000000000000000000000000000000000000000001111100100000000000000000000100000000000000000000000000011000000011110011100010000001111101111000000110100000111000000010000000000011001011100000000000000000000000111100000000000000000000111000000000000000000000000000000000000000000000000000000000000000000000000000000000001111101111
111111111111111111111111111111111111111111111111111111111111011111111111011111111111111111111111111111111111111111111111111111111111111111111111111111111111111111111111111111111111111111111111111111111111111111111111111111111111111111111111111111111111111111111111111111111111111111111111111111111111111111111111111111111111111111
111111111011011111001100101111111000101111110101111001100011011110110101111000111111111101101111111011011001110011110011100011011111111111111111101111000000111101010111011001000111000111111110111101001110111101111111111111110011111111000100111000101101111111111011100000000000000000000111110011111101111001110011111111001111101111
110000000000001110111111001111000000010000011111111100101111011110001011000100011000000001101111111000011000000011110011111001011111111111111011111111000000111101100000000000000011010111110000000000000000111010111111110000000001101011111000000000000000000000000000000000000000000000000000000000000000000000000000000000001111101111
111111111111011111111111101111011111001110001101111010110111011110111001111110011111000001101110111011011101101111111111111001101111111110000000000110111111111111101110111110010011100011101100111110011111000000111111111111101001110110000000111101101001111111011100111111011011101110111111001111001000111101110000001110011111111111
111110000000001110101100110000000000001111001111111100111111111111110110110101100000011011101000000011111111111011110011111101101111111101111011111111011110111001011011100000000011101111101111011111011101111100111111111111101000000000111000000000000000000000000000000000000000000000000000000000000000111111110000001101011111101111
111110000000001110101111100000011111011101001101111110110100000000000000010110111000000001111111101111100000000011111111111101000011111101111011010110111110111010111110100000000011100011101100100000001101000000111111111111111110000000111101000000000000000000000000000000000000000000000000000000000000111111110000001100101111101111
110000000000000000000000000000000000000000000001111010100000000000000000000110000000000000000000000000011000000011110011100010000001100000000000000000011001111000001000000000000011010011100000000000000000000000111111111110000000000000000000000000000000000000000000000000000000000000000000000000000000000000000000000000001111101111
111110000000001111011111001111111010001111010001111001101100000000000000010101111100011111110000000010100000000011110011100010000001100000000000000000011101111010111111111110000111001011110000000000000000000000111111111111111101110010000101111011000000110000000000000000000000000000000110111111010000111111110000001111001111111111
111101111011010000000000000000000000000000000001111100111000000000000000010110000000011101100000000000011010000011111011100010000001100000000000000000011110111110001011111101001111100111111100100000000000000000111100000000000000000000111000111001011000110000000000001111111100100111011000000011001001000001110000001111111111101111
110000000000000000000000000000000000000000000001111100101011011110011101111110111111100000000000000010011000000011110111100011000011111111111011010111011101111010100010111100111011011011111111100000001101000000111111111111111000000000111000111000011010111111011011011111111100101111001000000011110000000001110000000000001111101111
111110000000001110111111110000011010110000011111111010100011111111011001111111011111100001111110111011111001111011110011111101110011111101111100000110111001111100110101011001100011000111101111011100110000111110111111111111101011110000111111111010110100110000000000001111011100110111111110110011010000111100000000000000001111111111
110000000000000000000000000000000000000000000001111001110000000000000000000010000000000000000000000000011000000011110011100010000001100000000000000000011001111000000100000000000011001011100000000000000000000000111100000000000000000000000100000000000000000000000000000000000000000000000000000000000000000000000000000000001111101111
111110000000000000000000000000000000000000000001111010100111111111111000100110000000000001101110101111111010000011110011100011110011111101111011010111000000111100010010011110000111000111111110011110100000000000111111111111101010000000000110000000000000000000000000000000000000000000000000000000000000000001111111111110111111111111
111110000000001110111111111111011101011110001101111100101111011110111000111101011000000001100000000011111001100111111011110010000001111111111111011111000000111100111000111100001111011011111111011110110000000000111111111111100111111101111000111011000011111111111011111111011011111111001111110011010001111101111111110000001111111111
110000000000000000000000000000000000000000000001111001100000000000000000000000000000000000000000000000011000000011110011100010000001100000000000000000011100111000001000000000000011001011100000000000000000000000111100000000000000000000000101000000000000000000000000000000000000000000000000000000000000000000000000000000001111101111
110000000000001110101100000000000000000000000001111001100000000000000000000000000000000000000000000000000000000011110011110000000001111110000000000110100000111000001000000000000011001011110000000000000000000000111100000000000000000000000100000000000000000000000000000000000000000000000000000000000000000000000000000000001111101111
111111110111011110111111001111011001101101100101111010111011111110011110100110011111000001101110010100000000000011110111100011101111111101111011101110111101111100110111011101110011100011111100011111110000111110111111111111111101101001111000111000110110111110111100011111111011111111111110111111110001000111111100001100101111111111
111110000000001110101100101111011111011111011111111111111111111110110000011111111110011101101110011110111001111011111011111101110111111111111111111111111100111100010000100000000011001111101110111110111101111110111111111111111111110100111100111010110110111111111011001111011011111111001000000011001101000101110000001111001111111111
111101111011011110101100000000011010010000011001111010111111111110011110100111000000111010000000000011111001101111110011111001101111111111111011011110100000111000100001111111011011100011111111111100111110111111111111111111111110000000000101000000000000000000000000000000000000000000000000000000000000111100000000000000001111101111
111110000000001111111111001111000000001110111011111101110100000000000000000100100000111011101111101010111111101011111111111101001011111101111011011111100000111110111001111000111011010011100000000000000000111010111111111110000001110100111101000000000000000000000000000000000000000000000000000000000000111100000000001101001111101111
111101111011111111111110111111100000000000011101111001110100000000000000010001011100011110000000000000011010000011110011100011001111111111111100000111100000111001100101000000000011001011101111111100100000000000111111111111111111101011111101111010100001111111111100000000000000000000000111111111010001111100000000000000001111111111
110000000000001110111111001111000000011111101011111001101111011111010111011001000000011111101111001111011011110111111011111111111111111101111111100110100000111001000001111101101111111011111110011111110000111011111111111111111000000000000101111001110000111110111111110000000000000000000110001111010001000110000011110000001111111111
111110000000001111101100000000011001111100101101111010110000000000000000011110011000011101110000000010011100000011111111110000000001100000000000000000011101111011111100100000000011010011111110111101010000111011111111111111101111101101000101111101001000111111111111110000000000000000000111001111111010111100000000001110111111111111
111110000000001110111110110000011111001101101101111001111011011111001010011101111111011111111110110000000000000011111011100011011011111111111100000110111001111100011010111111101111101111101100111101110000111010111111111111101101100101000110111101110101111110111100100000000000000000000110001111111010000110000000001101011111111111
110000000000001110101110000000000000001101101001111100111000000000000000011101000000111101101000000011111001100111110011111010000001100000000000000000011101111110111001011000110011110111101110000000000000111100111111111111111101111111111000000000000000000000000000000000000000000000000000000000000000000111110000001111101111101111
111101111111011111001111111111011001101100101111111010100111011111111010100111011111000001100000000000011001110111110111100011101011111101111011001110100000111101010001111001110011010011111100111101000000111110111111111111111001111101111101111010111110111111011011011111111110100111101111111111001011000100000000000000001111111111
111110000000001111101100100000011001001110001011111001111111011111111001110001111100111111111000000011111001100111110111110010000001111110000000000110100000111001101000011001111011010111110000000000000000111110111111111111111001110110000110111001100010111111111100010000000000000000000000000011111011111101110011111110001111111111
110000000000001111101111110000000000001111001001111001100111011111101100010110011000000001111111000010111011101111111011110000000001111111111111010111111100111101100110111111011111100011110000000000000000000000111100000000000000000000000101111000010001110000000000000000000000000000000111110011011111000100000000000000001111111111
110000000000001111001100000000000000000000000001111010100000000000000000000110000000000000000000000000000000000011110011100010000001111110000000000111000000111000001000000000000011001011100000000000000000000000111111111110000000000000000000000000000000000000000000000000000000000000000000000000000000000000000000000000001111101111
111111110111011111111110111111111101001111101111111011111111111111011110111110000000111100000000000010000000000011111111100011011111111111111011111110100000111101100111011110110011001111111100111101110000111111111111111111111101111001000111111100100010111111011111101111011110111110101000000011001011000110000000000000001111111111
~~~
0.0 0.0 179.0 626.0 3323.0
0.0 90.0 128.0 471.0 2396.0
0.0 276.0 28.0 118.0 537.0
0.0 211.0 66.0 250.0 1235.0
0.0 120.0 116.0 415.0 2094.0
0.0 135.0 109.0 383.0 1931.0
0.0 137.0 109.0 345.0 1948.0
0.0 278.0 26.0 106.0 504.0
0.0 143.0 104.0 347.0 1908.0
0.0 95.0 128.0 439.0 2368.0
0.0 118.0 111.0 387.0 2118.0
0.0 123.0 109.0 413.0 2107.0
0.0 122.0 114.0 400.0 2121.0
0.0 147.0 102.0 324.0 1813.0
0.0 145.0 108.0 309.0 1843.0
0.0 157.0 102.0 291.0 1753.0
0.0 128.0 110.0 369.0 2025.0
0.0 269.0 31.0 128.0 610.0
0.0 177.0 81.0 314.0 1514.0
0.0 169.0 83.0 308.0 1604.0
0.0 109.0 121.0 403.0 2227.0
0.0 92.0 130.0 430.0 2432.0
0.0 174.0 81.0 329.0 1605.0
0.0 2.0 178.0 619.0 3303.0
0.0 216.0 63.0 203.0 1125.0
0.0 215.0 60.0 243.0 1173.0
0.0 125.0 112.0 398.0 2043.0
0.0 219.0 59.0 232.0 1127.0
0.0 153.0 99.0 320.0 1783.0
0.0 87.0 138.0 420.0 2438.0
0.0 166.0 95.0 304.0 1648.0
0.0 176.0 81.0 307.0 1568.0
0.0 141.0 104.0 362.0 1911.0
0.0 144.0 101.0 334.0 1901.0
0.0 146.0 106.0 325.0 1838.0
0.0 173.0 89.0 299.0 1538.0
0.0 172.0 93.0 260.0 1611.0
0.0 283.0 25.0 98.0 474.0
0.0 199.0 74.0 237.0 1321.0
0.0 190.0 80.0 255.0 1424.0
0.0 1.0 179.0 623.0 3313.0
0.0 264.0 36.0 125.0 641.0
0.0 271.0 33.0 109.0 569.0
0.0 2.0 178.0 623.0 3311.0
0.0 3.0 176.0 626.0 3290.0
0.0 98.0 123.0 466.0 2312.0
0.0 202.0 72.0 258.0 1314.0
0.0 181.0 83.0 291.0 1493.0
0.0 206.0 65.0 249.0 1220.0
0.0 80.0 142.0 442.0 2497.0
0.0 201.0 73.0 224.0 1313.0
0.0 91.0 128.0 466.0 2376.0
0.0 104.0 125.0 398.0 2283.0
0.0 183.0 88.0 228.0 1436.0
0.0 164.0 90.0 327.0 1666.0
0.0 119.0 111.0 393.0 2136.0
0.0 148.0 104.0 311.0 1826.0
0.0 114.0 119.0 388.0 2184.0
0.0 185.0 76.0 308.0 1461.0
0.0 197.0 74.0 259.0 1336.0
0.0 193.0 74.0 289.0 1384.0
0.0 191.0 82.0 221.0 1434.0
0.0 100.0 125.0 458.0 2329.0
0.0 142.0 107.0 351.0 1918.0
0.0 97.0 123.0 469.0 2365.0
0.0 117.0 118.0 406.0 2173.0
0.0 106.0 117.0 454.0 2267.0
0.0 111.0 118.0 394.0 2201.0
0.0 140.0 105.0 363.0 1933.0
0.0 129.0 116.0 341.0 2056.0
0.0 209.0 70.0 207.0 1210.0
0.0 150.0 100.0 324.0 1813.0
0.0 110.0 121.0 392.0 2220.0
0.0 175.0 90.0 289.0 1554.0
0.0 194.0 77.0 259.0 1387.0
0.0 94.0 127.0 459.0 2403.0
0.0 158.0 102.0 295.0 1738.0
0.0 136.0 104.0 358.0 1952.0
0.0 280.0 27.0 109.0 486.0
0.0 207.0 68.0 219.0 1251.0
0.0 108.0 122.0 387.0 2173.0
0.0 121.0 108.0 399.0 2087.0
0.0 161.0 94.0 335.0 1712.0
0.0 124.0 114.0 380.0 2052.0
0.0 102.0 128.0 422.0 2288.0
0.0 198.0 76.0 239.0 1311.0
0.0 85.0 130.0 469.0 2469.0
0.0 112.0 121.0 390.0 2225.0
0.0 279.0 27.0 111.0 496.0
0.0 187.0 82.0 243.0 1419.0
0.0 126.0 115.0 367.0 2077.0
0.0 131.0 111.0 367.0 2005.0
0.0 167.0 94.0 293.0 1638.0
0.0 96.0 120.0 453.0 2342.0
0.0 155.0 91.0 350.0 1740.0
0.0 186.0 80.0 266.0 1488.0
0.0 268.0 34.0 117.0 606.0
0.0 203.0 65.0 250.0 1293.0
0.0 277.0 27.0 108.0 523.0
0.0 154.0 95.0 315.0 1772.0
0.0 213.0 66.0 224.0 1185.0
0.0 130.0 117.0 359.0 2047.0
0.0 84.0 139.0 442.0 2513.0
0.0 192.0 75.0 262.0 1399.0
0.0 105.0 115.0 463.0 2284.0
0.0 170.0 87.0 292.0 1575.0
0.0 188.0 80.0 268.0 1464.0
0.0 189.0 75.0 280.0 1445.0
0.0 270.0 34.0 109.0 587.0
0.0 163.0 89.0 333.0 1664.0
0.0 139.0 105.0 361.0 1928.0
0.0 212.0 64.0 237.0 1205.0
0.0 156.0 103.0 300.0 1768.0
0.0 160.0 95.0 304.0 1711.0
0.0 272.0 30.0 120.0 572.0
0.0 178.0 85.0 296.0 1570.0
0.0 134.0 101.0 394.0 1994.0
0.0 149.0 104.0 324.0 1860.0
0.0 152.0 94.0 344.0 1793.0
0.0 195.0 82.0 233.0 1387.0
0.0 138.0 105.0 334.0 1945.0
0.0 273.0 30.0 124.0 562.0
0.0 2.0 179.0 616.0 3305.0
0.0 107.0 120.0 445.0 2240.0
0.0 204.0 68.0 246.0 1263.0
0.0 101.0 128.0 389.0 2313.0
0.0 159.0 96.0 339.0 1699.0
0.0 180.0 81.0 281.0 1515.0
0.0 275.0 33.0 101.0 540.0
0.0 182.0 83.0 262.0 1531.0
0.0 208.0 70.0 214.0 1256.0
0.0 171.0 87.0 315.0 1592.0
0.0 127.0 106.0 393.0 2038.0
0.0 281.0 27.0 100.0 494.0
0.0 196.0 77.0 230.0 1335.0
0.0 116.0 115.0 393.0 2182.0
0.0 282.0 25.0 109.0 476.0
0.0 274.0 29.0 120.0 558.0
0.0 103.0 124.0 411.0 2303.0
0.0 99.0 118.0 473.0 2309.0
0.0 168.0 87.0 339.0 1670.0
0.0 179.0 87.0 252.0 1505.0
0.0 162.0 87.0 345.0 1719.0
0.0 133.0 105.0 382.0 2002.0
0.0 165.0 93.0 280.0 1647.0
0.0 132.0 112.0 346.0 2005.0
0.0 200.0 72.0 228.0 1299.0
0.0 115.0 120.0 389.0 2177.0
0.0 151.0 98.0 330.0 1809.0
0.0 184.0 76.0 280.0 1498.0
0.0 267.0 35.0 119.0 604.0
0.0 113.0 115.0 429.0 2197.0
~~~
1.78918910027
