111111111111111111111111111111111111111111111111111111111111111111111111111111111111111111111111111111111111111111111111111111111111111111111111111111111111111111111111111111111111111111111111111111111111111111111111111111111111111111111111111111111111111111111111111111111111111111111111111111111111111111111111111111111111111111
111111111011011110011100001111011010011101100011111001100111011000000000110010100000000001100000000010111001101011111111100010000001111110000000000111111110111110010111111110011111100011101100011101110000111001111111111110000001110011111101000000000000000000000000000000000000000000000000000000000000000111110000001101001111101111
111101111011101111111111000000011111001111011101111100110011011111110110110110111100100001110000000011111000000011110111111110000001111110000000000111100000111101001010011000010111110111111100011110101111000000111111111111110110000000111111111000001010111111111100111111011110111111001111110011111100111001111100001110001111111111
111111111011011111011100111111111100001101011011111001101111011111001011011011011110111010000000000010111101110111111011100011011111100000000000000000011001111011001001011101010111100011110000000000000000111011111111111111111000000000000111111111110101110000000000001111111111111110111111001111001010000111111100001111101111101111
110000000000000000000000000000000000000000000001111100100011011111101001100111000000111011101110110010011010000011111011100010000001111101111111011111111110111100010000111101001011000111111100100000000000111110111100000000000000000000111000000000000000000000000000000000000000000000000000000000000000000100000011111101001111111111
110000000000001110011110101111100000001100101111111110101011011111101110110111100000011101101110100110111101111011111011100010000001100000000000000000011111111110100000100000000011110111101100100000001110111111111111111111100110000000111101111100011100110000000000001111011100101111001110111111011001000110000000000000001111101111
111111111111011111001111100000000000000000000001111110101011111111110000111110011101011101111111010111111001110011110011100011010011111101111111100110111011111001101010011101001111010011111111011100111110111011111111110000000001110110111100111011101010111111111111111111111100111110111110001111100000111111110000001100011111111111
111110000000001110101111001111111000111100101001111010111011011110101011010111011111111111101111011010000000000011110011100010000001100000000000000000011111111010110000011110011111011011101110000000000000000000111111111111100100000000000101111100100011111111011111010000000000000000000111000011111001111101110000001111001111111111
111101110111111110111110111111011101111110011001111001111011011110111101111000111101000001111110110111000000000011111011100011101111111101111011101111111111111011001000111001010111010111101100111101111101111101111111110000000001110011000110111001110110111110111011011111111010111111001110110011011101111001111111111101001111111111
111101110111101110101110001111111100101111001001111111111111111110001111111111111111111101111111001100011111101111111011111101111111100000000000000000011001111110110001111001100111110011111111011111011110000000111111110000000001110110111111111000111011111111011111111111111001111111011111111111100000000101111111111101111111111111
111111111111011111101111111111011100111110011011111100110011111111110010111100111101011110000000000010111010000011111111111101100011111111111111011111000000111100111101111010110011010011111111011110011110111100111111111111110101100011111111111000000100111111111011111111111100111110111111110011111001000111111111111101101111111111
111111111011111110101100111111100000011100111001111001101011111111110111111010111000011101111110111100011100000011111111111111101011111101111111110111011011111100000010111100010111110011111100111110101101111010111111111111110001110011111101111110110110110000000000001111011100100110111110110011001011000000000000001101011111101111
110000000000001111111111000000011011111111100011111001110011011110111001011010011101000001101110110011111111111111111111110011010111111110000000000111011100111011001101111001010111010011111110011111100000111011111111111111100111101110000110111000100011111110111111111111011010111111111111111111011101111111111100001100111111101111
111110000000001110111111001111011101011101001101111010101011011110111101011110011101100001101111100110011001111111110011100011111011100000000000000000011001111111010010100000000011001111101111111110110000000000111111111111110101100111111000111100101010111111011100000000000000000000000110110011100001111110000000001111101111101111
111101111111011110111100111111111010110000000101111010110111111110101100111111100000000001101111110011011001110111111011110011010011111110000000000111011001111101000000111101100111001111101111011110010000000000111111111111101010000000000111111000011010110000000000001111011101101110101110001111101010000101110000001101101111111111
111101110111111110111110001111011100001100101111111100100011011111011010111100111111000001111000000000011101110111111111111111111011111110000000000111111010111111011010111010011111001011111110011110110000111110111111111110000000000000111101111010010001111111011111001111111011111111111000000011101000111001111111111111111111111111
111101111011011110011111000000011010101110101001111010100011011111111010000111111000000001100000000000011010000011111011100011101111100000000000000000011010111010000110111101011111110111101110100000001101111011111111111111101101100111000111111100011111110000000000001111011110111110101110001111010000111101111100001111101111101111
111111111011111111111100101111011010001100111101111100100011111111111100010101011111111101111110100010011100000011110011110001001111111111111111011110111010111011111111111111110111111111111111011101101110111011111111111110000001101000111101111100000111111111111011001111111111111111101000000011100001111110000011111110111111111111
111101111111111111111100111111111100110000001101111001110011111111100000000010111101000001101110111100011111110111111111111100000001111110000000000111111100111001011011011110101111011111111111011100111111111010111111111111110011101101111111111001111100110000000000001111111111100110111110001111010000000110000000001111011111101111
110000000000001110101100000000000000000000000001111010100000000000000000000110000000000000000000000000000000000011110011110000000001111110000000000111000000111000000001000000000011001011100000000000000000000000111111110000000001100100000000000000000000000000000000000000000000000000000000000000000000000000000000000000001111101111
111111111011110000000000000000000000000000000001111001101011100000000000011110011110011111101111001111111010000011110011100011001011111111111111011111011001111110000000011110101111001011101100000000001101000000111111111111111001111101000100000000000000000000000000000000000000000000000000000000000000111110000000001110111111111111
111111110111101111101110100000011100010000011001111100110011111111110001011100011110111011101110111010100000000011111111111100000001100000000000000000011100111011011000111100110111110111100000000000000000000000111111111111110111110000111111111000010010110000000000001111011101100110101000000011010001111111111100001101101111101111
110000000000000000000000000000000000000000000001111100100000000000000000000100000000000000000000000000011000000011110011100010000001100000000000000000011010111000000001011100000011010011100000000000000000000000111100000000000000000000111000000000000000000000000000000000000000000000000000000000000000000000000000000000001111101111
110000000000001111111110111111111010101110101111111001111011111110010000100001100000100001100000000010011111101011110011111111000111100000000000000000011011111011101100011100111111110011101111111110010000111001111111111110000001100111000101111001011000110000000000001111011001101110111110001111011110000100000000001111111111101111
111111111111011110101111000000011110111101011001111100100011111111111111010110000000011111101111101010111001101011110011111111001111111101111111110111000000111111101110111110110011101111101100111111101111111111111111111111110001100011111111111001111001111111011100111111111010110111101110001111001100111111110011111111111111101111
111101111111101111101111001111011111101111011101111101111111111110100111111111000000111011101111001111011100000011111011111100000001111101111011101111011101111111101000111010001111110011111110111101111110000000111111111111100111100111111111111100011000111110111111111111111100111110111000000011001111111111111100001110001111111111
110000000000000000000000000000000000000000000001111010100100000000000000010110111000100001111110100011111010000011110011100011101111111110000000000110100000111110111010000000000011110011101110100000001101111110111111111111101001101011000000000000000000000000000000000000000000000000000000000000000000000110000011110000001111111111
111101111011101111111100001111000000010000011011111001100100000000000000000110011111111100000000000010100000000011111111111101011011100000000000000000011101111101000101111001110111110111111100011111011111111001111111111110000001101111000110000000000000000000000000000000000000000000000000000000000000111000000000001100101111101111
111111111111101110101111001111011001001111001101111001100011011110111001010101111110111111111110001000000000000011110011110001010111111111111111111111000000111010111011011011101111000111111100111111111101111010111111111111110111111100000111111110100010111111011100011111111110110111011110001111111111111111110011111101011111111111
111110000000001110011110101111011101110000000001111100100111111110011010010100000000100001101110101010011001101011111011100011100011100000000000000000011100111000011000111011110111111111110000000000000000000000111111110000000001101111111000111010110010111111011011101111011001111111101110001111001001000001110000001111001111111111
110000000000000000000000000000000000000000000001111100110111011000000001011101000000011010000000000011011000000011111111100010000001111110000000000110111111111001001001011110010111101011111111100000000000111100111100000000000000000000111000000000000000000000000000000000000000000000000000000000000000111110000011111111111111111111
111101111111011110011111000000011001101101111001111100100100000000000000000110111110111011100000000010111111101011111011100011111011111111111111100111011010111110110100111100100111000111111110111111111110111101111111111111101011110011111110111000110111111110111100011111011100111111101111001111110000111110000000000000001111101111
111111111011110000000000000000000000000000000001111001111011111111101011011000011101011011111110010011011010000011110111100010000001100000000000000000011001111110111110111101111111000111100000000000000000000000111100000000000000000000111100111000001001110000000000000000000000000000000111000011011011000001110011111100101111101111
111111111011011111101111001111011001111111100101111001101111111111011100000010111101000000000000000000011010000011111111110000000001100000000000000000011111111100111100011011011111111111110000000000000000000000111100000000000000000000000100000000000000000000000000000000000000000000000000000000000000000110000011111101011111111111
110000000000001111101100000000011001011101011111111010110111111111001001110110100000011100000000000010011111110011111011110001100111111111111011011111111001111110011000011101101011011011111110011101011101111010111111111111110000000000111000000000000000000000000000000000000000000000000000000000000000000000000000001111101111111111
111110000000001110011100000000011111101101011101111001100100000000000000000010011110000001111111101111111001111111110011100011100011111101111100000111011100111010110111111110110111011111101111000000001111000000111111111111101101101010111110000000000000000000000000000000000000000000000000000000000000111110000000000000001111101111
111111110111101111111100111111011010001110011111111010101111111111000010011110011111011011111111010111011111111111110111111001010111111110000000000111011111111010100100000000000011110111111100011111100000111110111111111111111001111001111110111101111110111110111100011111111011100111001111000011101010111110000000001101101111111111
111111111111101110111111101111011100100000011011111011111111111111110001111110100000011101101110011000011011111111110111111001111111100000000000000000011100111111110100011101110111101011101100100000000000111101111111111111111011110111000100111001111100110000000000001111011011101110101110110011011111000000000011111111111111111111
111110000000000000000000000000000000000000000001111100111011011110100110011110000000100001100000000010011000000011110011100010000001111111111011101111011111111111010011011000011111010011101111011100101110111111111111110000000001111100111110000000000000000000000000000000000000000000000000000000000000111001110000001111001111111111
111111111011011111101110111111011100110000011101111010100011111111011110011110100000000001101110011010011010000011110011110001110111100000000000000000011100111111110010011001011111100011100000000000000000000000111111111110000001101101111110111010101010110000000000000000000000000000000110110011100001000101111100001101001111111111
111101111011111110101111101111111010100000000101111010111011100000000000000111100000000001100000000000011111111111111011110001110111111111111100000110111100111001111001000000000011011011101110011101001101000000111111111111111011101010000000000000000000000000000000000000000000000000000000000000000000000110000000001101101111101111
111111111011111110101111101111111011001110001101111010100011100000000000000111000000111101101110010000000000000011110011111000000001100000000000000000011010111001001000111011111111011011111110011101011111111011111111111111100011111001111100111000110010111111111111101111111010111111111111111111100000000110000000001111011111111111
111110000000001111001100111111111010100000011101111011111011100000000000000111011111000001110000000000011011111111110011100011101011111111111111101111111101111111000011000000000011111111111110111111100000000000111111110000000001101001000100000000000000000000000000000000000000000000000000000000000000000101111111111111011111111111
110000000000001110101110110000011010010000000111111001111011111110111110000011011111011011111111011010111110000011110111110000000001100000000000000000011100111100100000111111110111011111101100011100110000111010111100000000000000000000000111111001010011111110111111011111111100111110101000000011101100000111111100001100111111111111
111111111111111111111111111111111111111111111111111110111111111111111111111111111111111111111111111111111111111111111111111111111111111111111111111111111111111111111111111111111111111111111111111111111111111111111111111111111111111111111111111111111111111111111111111111111111111111111111111111111111111111111111111111111111111111
110000000000001110111100001111100000010000011111111010111011111111011010011111011000100001111110100011111011101011111011111011011011100000000000000000011010111011010110111000100111100011111100000000001110111111111111111111100110000000000101000000000000000000000000000000000000000000000000000000000000111111111100000000001111111111
111110000000001111101111110000000000000000001001111010100111011111101110010110011000100001111110110010111101101111110111110001111011100000000000000000011011111001011001011101001111100011111100111111000000000000111111111111101110000000000000000000000000000000000000000000000000000000000000000000000000111110000000001101001111101111
110000000000000000000000000000000000000000000001111001111111111000000000100011000000100001101110100111111000000011110111100010000001111101111000000111011101111001011010111010100111011011101111111100111110111111111100000000000000000000000111000000000000000000000000000000000000000000000000000000000000000111111111111111101111101111
111101110111011110111111111111111100101110111001111010110111011000000000100111111101011011111111100011100000000011110111111011110011100000000000000000011100111111111100011000010111100011111111000000001111111111111111111111101111100001000101111111010100110000000000001111011111101110101110110011001101111110000000001101111111101111
111111111011011110111111111111111010011101111111111001101011011000000000111010011110011101111111001111111101110011110011111010000001111101111100000111111101111010111110011110101111100011101100111100111110111101111111111111111000000000000110111110000110111111111100101111111110111111101110110011101101000001110000001100111111111111
110000000000001111111111001111011101101110110001111111101011011110101000011110111111000001111110111111111101111011110111110001110011111111111111001111111111111111010100111111000111010011111111111110111110111110111111110000000001111110111110111011010110110000000000001111011001111111001110001111111001000110000000001100101111111111
110000000000001110101100000000000000000000000001111100100000000000000000000100000000000000000000000000000000000011110011110000000001111110000000000110100000111000010000000000000011010011100000000000000000000000111100000000000000000000111000000000000000000000000000000000000000000000000000000000000000000000000000000000001111101111
111101111011011111001100110000000000011110100001111010101100000000000000000110000000000001101110001111100000000011111011100011111011100000000000000000011010111010110100111101011111100011101111000000001101000000111111111111110001110101000110000000000000000000000000000000000000000000000000000000000000000110000000001101111111111111
111101111011110000000000000000000000000000000001111100110011100000000000011101111111111100000000000011011010000011110111100011111111100000000000000000011010111000101100011100001011010111111111011111001101111001111111111111111001101110111100000000000000000000000000000000000000000000000000000000000000000111111100001101011111111111
110000000000000000000000000000000000000000000001111100100000000000000000000100000000000000000000000000011000000011110011100010000001111101111000000110100000111010000000000000000011010011100000000000000000000000111100000000000000000000111000000000000000000000000000000000000000000000000000000000000000000000000000000000001111101111
110000000000001110111110000000011011111110011101111010111111011111111100100111100000100001101110100000000000000011111111111100000001100000000000000000011111111101101011100000000011110011101111011111000000111110111111110000000001110101000000111001000100111111011011011111011111110111011110110011001001000101110000001101101111101111
110000000000001111111110100000011100001110101101111001101111011110001100100000111111011010000000000010111001101011111111110001111011100000000000000000011010111110010111000000000011111111111100011101110000000000111111111111111101110001111111000000000000000000000000000000000000000000000000000000000000111110000000001111001111101111
111101111111011111001110111111111110111111010011111001110111011111010110011100011000100001101111010000000000000011110011100011010111111110000000000110111100111100000000000000000011100111101110011100111110111100111111111110000001110001000100111100000101110000000000001111111111110110101111001111011111000001110011111101111111101111
111111111011110000000000000000000000000000000001111001100000000000000000010010111000000001101111000110111000000011111011100011011011111111111011011111011111111010100010011011111111010111111100111111111110111010111111111111111001111111111101000000000000000000000000000000000000000000000000000000000000000100000000000000001111111111
111111111011111110111110101111011011001101010001111101100011100000000000000110100000111110000000000010100000000011110011110001001011111111111111001110111011111100111010011000010111001011100000000000000000000000111111110000000001100010111100000000000000000000000000000000000000000000000000000000000000000000000011110000001111111111
110000000000001110101100000000000000000000000001111010100000000000000000000110000000000000000000000000000000000011110011110000000001111101111000000110100000111010000000000000000011100011100000000000000000000000111111110000000001101000000000000000000000000000000000000000000000000000000000000000000000000000000000000000001111101111
111111111111111111111111111111111111111111111111111110111111111111111111111111111111111111111111111111111111111111111111111111111111111101111111111111111111111111111111111111111111111111111111111111111111111111111111111111111111111111111111111111111111111111111111111111111111111111111111111111111111111111111111111111111111111111
110000000000001110101110000000011101001101000101111111101111011111100010111111100000111111101110010010111111101011111011100011101111100000000000000000011110111100000000111110011011000111101111111110000000111100111111110000000001110011111110000000000000000000000000000000000000000000000000000000000000111111110011111100011111101111
111101111011111110111111101111011011111111011101111110100111111111000110100110111101100001101110000111011101110111110111111000000001111101111011101111111100111011011001011110110111011111101111011101110000000000111111111111110011111101111111111011010011111110111111110000000000000000000000000011111101000001111100000000001111101111
111110000000001110111110000000011001111100111011111011110011011111100101000111111110111111111110100111111101111011110111111101011011100000000000000000011001111111010011111010001111100011101111111101101110111101111111111111110000000000111110111111110111111111111100011111011101110111001111000011110001111111111111111111011111111111
111111110111101111101111000000011111111110110101111001101011111110111010110000011111011101100000000010111111110111110111110001010111111111111111001110111011111100000001111101111111011111111100111110011101111011111111111111111001110011000111111001001110111110111100011111011011100111011110111111111101000000000011111101111111111111
111101111111111111101111001111111010010000000001111101111011011110100111011101000000111101101110001011011100000011111111110000000001111111111100000110111111111111100111111011101111111111111111111101000000111101111111111111110001101011111111111010001111111111011111111111111010110111101110001111111101000110000011111111001111111111
110000000000000000000000000000000000000000000001111100110011111111110101110100000000111101101110000100011000000011111111100010000001100000000000000000011111111001001001111111001111011111101111100000000000000000111100000000000000000000111000111011001010111111111100001111011110110111111111001111010001000110000011111110111111101111
111110000000001111001100111111100000011111100011111101111111111111010101100111011101011100000000000011111110000011110011100010000001100000000000000000011100111110101110111001001111011111101110011101101101111111111100000000000000000000111110000000000000000000000000000000000000000000000000000000000000000100000000001110011111111111
111110000000001110111111111111011011011100101111111010111011011111011001010110011000011111101111100111000000000011110011111101101111111111111011010111011110111100101010111101101111011011101111111100100000111110111111111110000001100111000000111111000101111111111100111111111100101111001000000011010001000000000011111101011111101111
111111111011111111001110101111111010101101110111111001100111011111111100100111100000000000000000000010111101111111110011100011110011111101111011110110111100111100010111011100011111100011100000000000000000111101111111111111101111101110000111000000000000000000000000000000000000000000000000000000000000111110000000000000001111111111
111110000000001110111110111111111100010000011101111010100111111000000001010110111101011010000000000000011011101011111011110000000001111110000000000111011010111110110100111001111111110111100000000000000000000000111111111110000001111111000000111010000011110000000000001111011100100110111000000011001111111000000000000000001111111111
111101110111111110011110111111111000100000000101111100110011111110111011010100011000111111101111101000011111101011110111100011001011111110000000000110100000111110010100000000000011001011101111111101001101000000111111111111101101110011111000111000101001111110111011101111111011111111001000000011101100111110000000001101001111111111
111101111011111110111111111111111010110000001101111001101000000000000000000111111111100001101000000010111110000011110011111100000001100000000000000000011010111000110011111001101111111011100000000000000000111111111111110000000001110110111100111001010011110000000000001111111111110110111000000011110001111100000011111101111111111111
111101111011011110101100001111011101101100111101111001111111111110111011011011011100011111111110111011111100000011110011111101111111111101111111011111100000111111010011011010110111011011101100111111011101000000111111111111110000000000000110111000011000111111011011011111011111110110101110001111001001000101110011111101001111111111
111110000000001110101111101111011100001101110101111001110111111110000111110001011101000001111110001100011000000011110111100010000001100000000000000000011011111100001001011101010111101011101110011110100000000000111111111111111100000000000101000000000000000000000000000000000000000000000000000000000000111111110011110000001111101111
110000000000001110111111111111011000111100110111111001101111111110010001000011000000011111101110011100011011110111110111110001100011100000000000000000011011111011111100111011001111000111101111111101011110111001111111111110000001100010111100111010101011111111111011001111011001110111101111001111101001111111111100000000001111101111
110000000000001111111100101111100000000000001001111001101100000000000000000110011111111101100000000011111001110111110011110001111111111101111111100111011111111110011011011111110111000111111111011101010000000000111111110000000001101010111110000000000000000000000000000000000000000000000000000000000000000100000011111100111111111111
111110000000001111111111111111011111101100111001111001101011111110010000000010011111100001111110001111111111111011111011110000000001111101111011101111111110111011111101011101000111100111100000000000000000111010111100000000000000000000111110111010111100111110111100111111111111101110101111111111111001000000000000001110111111101111
110000000000001111101100100000011110101100101011111001101111011111101001010010100000011111101111011011011101111011111111111111001111100000000000000000011100111011110011111010011111011111101111111110000000111010111111111111110011100110000100111011011111111110111011101111111101111111011000000011001101111101110000001110101111101111
110000000000001110111100001111111011101100101001111010111011011111010011011111111100111101101110111000011001110111111011110001101011111101111011101111011010111000101110111100111111000111111110011100101111111010111111111111100111101010111000111110011000110000000000001111011110110111011111111111001100111100000011111100111111111111
111110000000000000000000000000000000000000000001111100111011011110101000110100100000100001101110001111011010000011110011100011111111100000000000000000011111111101111011011100010111100111100000000000000000111011111111111111100100000000111000000000000000000000000000000000000000000000000000000000000000000101110000001111111111111111
111111111111111111111111101111111111111111111111111111111111111111111111111111111111111011111111111111111111111111111111111111111111111111111111111111111111111111111111111111111111111111111111111111111111111111111111111111111111111111111111111111111111111111111111111111111111111111111111111111101111111111111111111111111111111111
111111111011011111111111100000000000000000011001111100101011111111011001000110000000111100000000000000000000000011110011100010000001111101111000000110111001111001011110011000110111100111111111000000001101000000111100000000000000000000111000000000000000000000000000000000000000000000000000000000000000000001111111111101011111111111
111111111011011110111111100000011001101111001101111100100011111111011100000111100000000001101110000111111101111111111111110000000001100000000000000000011010111100111101011010011111001011110000000000000000000000111100000000000000000000111000111100100001111111011100001111011110111111011000000011010001000111111100000000001111111111
111101111011110000000000000000000000000000000001111010111011111110111100000110111000011011101110110011011010000011110111100011011111100000000000000000011100111110010011111100110011011011101110100000001111000000111111111111110001111011000000000000000000000000000000000000000000000000000000000000000000000001110000000000001111111111
111101111011011111001100101111111101111100101001111001110100000000000000000010000000111011101110001011111010000011110011100010000001100000000000000000011100111000100001011110001111100111110000000000000000111001111100000000000000000000000100000000000000000000000000000000000000000000000000000000000000111000000000001110001111111111
111101111111111111101111101111011001011110111001111001100111011111011001110010000000000001101110001011011101100111111011111110000001111110000000000111011011111110110010011010110111001011110000000000000000000000111100000000000000000000000101111001111001111110111111101111011010100111001110001111100000000001110000001111011111111111
111110000000001111101100000000011111010000011101111010111111111000000001000111111110000001111111101100011111110111110011100010000001100000000000000000011111111101101100011011010111111111101111100000000000000000111111111111100010000000000000111000100000111111011100101111111110101110111111110011111101111101111100001111101111111111
110000000000000000000000000000000000000000000001111001100000000000000000000000000000000000000000000000011000000011110011100010000001100000000000000000011010111000000010000000000011010011100000000000000000000000111100000000000000000000000101000000000000000000000000000000000000000000000000000000000000000000000000000000001111101111
111101111011011111111110110000000000011100111101111101111011011111110000000100011000011101111000000010100000000011111111111101010011100000000000000000011111111000000111100000000011000111101100111111001101000000111111110000000001111000111100111111000000111111011100110000000000000000000000000011011010000110000000000000001111101111
111111111011101111101100111111111010001101111101111001101111111111011101000011111101111011111111101111011011111111110111111011101011111111111100000111111101111110001110111011100111000111111111011110011111111010111111111111110011110110111110111110111011111110111100101111011010101110111000000011011110111111111100001110111111111111
111101111011101111001100101111111000111111010101111001100011111111111111100110111111111101101110110110100000000011110111100010000001100000000000000000011100111011100111111110001111111011110000000000000000000000111100000000000000000000000110111011000011110000000000000000000000000000000111110011101010111001111111110000001111101111
111110000000001111111111000000011011011110110111111100100011011111101010111111011111100001111000000011000000000011110111110010000001111110000000000110100000111110000010111110000111001011101110111111010000111011111100000000000000000000111110000000000000000000000000000000000000000000000000000000000000111101110000001110111111111111
110000000000000000000000000000000000000000000001111010100000000000000000000110000000000000000000000000011000000011110011100010000001111101111000000111000000111000000100000000000011010011100000000000000000000000111111110000000001100001000000000000000000000000000000000000000000000000000000000000000000000000000000000000001111101111
111110000000001111101110101111111101101111101101111001101011111111100000111001111110000000000000000011011011110111110111111001000011100000000000000000011010111000000100111111011111111011101110111100110000000000111111110000000001101011000100111100011001110000000000001111111101111110101111000011101100000100000011110000001111101111
111101111011101110111100110000000000010000011101111001100000000000000000011000000000011110000000000010111001110111110011111100000001100000000000000000011010111000110101111101100111110011111111000000001110111101111100000000000000000000000100111000111000110000000000000000000000000000000111110011101111111001110000001111011111101111
110000000000001110101100000000000000000000000001111100100000000000000000000100000000000000000000000000000000000011110011110000000001111101111000000111000000111000000010000000000011100011100000000000000000000000111100000000000000000000111000000000000000000000000000000000000000000000000000000000000000000000000000000000001111101111
111101110111101110011111101111011010100000001001111001100111111111101101100100011000000001111110001110111001111111110111100010000001111111111000000110100000111111011000111101001111110111101100011111001111111001111111111111101011101100000111111010101001111111011100011111111101111111111111000011101110111110000011111111111111101111
111110000000001110101111000000000000001101000001111001101011011111100101110001011000100001101110100100011001111111111011110000000001100000000000000000011010111111101000011010110111100011111111000000001101111101111111111111111000000000111100111010101001111111011100100000000000000000000111000011111010000111110000001101001111101111
111111111011011111011110001111011111110000011001111001111100000000000000011111011111111111101000000010011111101011111111100010000001111101111100000111100000111011010100111101011111100011111100000000001101111010111100000000000000000000111100111011001000111111011111101111011001111111001000000011110001111111110000001100101111111111
111110000000001111011111001111011111110000011011111011101011111110111110010111100000000000000000000000011101110011110111100011101111100000000000000000011010111110000011011110001111110011101110000000001101111011111111111111101001101101111111111011111100111111111111100000000000000000000111000011001001000100000000001111001111111111
111110000000001110111111111111100000010000010001111010100111011110001110111111100000011101101110111011111011111111111011110001010011100000000000000000011110111111011001111111111111010011111100100000000000000000111111111111111011101111000000111011110010110000000000001111111100101111001110111111111010111110000000001110101111101111
111110000000001110111111111111011101111110111011111001111111011110111000111110000000000000000000000000011101111111110011110001111111111110000000000110100000111100100111011001100111001011101100111111111110111010111111111111101011100100111111111010110001111111011111101111111101110111101110001111010001111101110000001111001111111111
110000000000001110011100111111100000010000000001111001111100000000000000000010111000000001110000000000000000000011110011100010000001100000000000000000011001111101000110111101011011100011100000000000000000111110111100000000000000000000000110111010110010111111011111000000000000000000000111110011011100111000000011110000001111111111
110000000000000000000000000000000000000000000001111010100011011110001000110110000000000001101110000110111010000011110011100011001011100000000000000000011001111110000001111110101111101111111110000000001111111011111111111111101011110011111000000000000000000000000000000000000000000000000000000000000000000000000000001100101111111111
111111111111101111111111001111111101110000011101111011100011111110011010111110100000111101101111010111011001101011110011111001101111111111111111001111111111111000011101111001001011100011101100111101101111111111111111111110000001101011000111111011111011111110111111111111111100110111111110111111011101111001111100001101111111111111
111110000000001110111111001111111110101101101011111001101011011110011100000111111100100001111110111100011101110011110011111111101111111110000000000111011111111000001101011000000111101011111110111101010000111110111111111111111111100011000111111111111110111111011011011111111001101111001110111111001011111111111111111111001111101111
111111110111111111101100100000011101101111011101111010100111111111110100000110000000000001101111110100011110000011110011110001110111100000000000000000011100111110011101011100111111111111111100011100111111000000111111111111111101100010111000111010100000110000000000001111111101111110111111000011101111111111110000001110111111101111
111111111011011110101100001111111101110000011101111001111000000000000000011010000000111101101110111110011001101011110011110011011011111110000000000110100000111110001011111111101011011111101100100000000000000000111111111111111000000000111111111011100001110000000000000000000000000000000110001111011111000100000000001111001111111111
111111111111111111111111111111111111111111111111111111111111111111111111111111111111111111111111111111111111111111111111111101111111111111111111111111111111111111111111111111111111111111111111111111111110111111111111111111111111111111111111111111111111111111111111111111111111111111111111111111111111111111111111111111111111111111
110000000000000000000000000000000000000000000001111001110111111110110100111001111100111011101111000100011010000011111111100010000001100000000000000000011100111011101000011011001011110111111111000000000000111101111111110000000001100001111101000000000000000000000000000000000000000000000000000000000000000110000000001111001111101111
110000000000001111101100000000011100000000010111111001100011111111111111010101000000000000000000000011111011100111111111110011110111100000000000000000011001111010010110111010110111100011101110011111011101111100111111110000000001110100111101111011101010111111011011101111111110111111101111110011010000000111110011110000001111101111
111101111011111110111110101111111011111110000101111100110111111111111100010101011100111101111000000010000000000011111011110010000001111101111111100111100000111110100000011010110111100011101111111111000000000000111100000000000000000000111110111100110000111110111011101111111111101111101110111111101001000100000000000000001111101111
111111110111111111111100101111011001101111001001111001110011111111010011010010100000011101100000000011011011110111111011111001111011100000000000000000011110111001011001111100001111110011111110011101000000111100111111111111111011110111000100111011010011111111011111101111011010100111001110110011110000111000000011111110001111111111
111101111011011110111110111111000000001111110001111010100011111111000010000110100000011101101110100111111001101111111011110001100111111101111111101111011100111011111110011100101111110111100000000000000000000000111111110000000001110110000100111010011011110000000000000000000000000000000110110011111100111001110000001110111111101111
110000000000001110101100000000000000000000000001111010110000000000000000000110000000000000000000000000000000000011110011110000000001100000000000000000011001111000000001000000000011000111100000000000000000000000111111111110000000000000000000000000000000000000000000000000000000000000000000000000000000000000000000000000001111101111
111101111011010000000000000000000000000000000001111100100011100000000000000101000000000001101110100011111000000011111111100011111111100000000000000000011100111101101000011111111111101111101110011100110000111011111111110000000001111100111111000000000000000000000000000000000000000000000000000000000000000100000000001110101111101111
111101111111101110101111111111111110011101011011111111101111111111110100011111100000111011100000000011011011100111110011111100000001111111111011111111011110111000100111111001000111110111111100100000001111111111111111110000000001111111111100111101100001111110111111111111111011111111001110001111101010111110000011111111111111111111
110000000000000000000000000000000000000000000001111010100000000000000000000110000000000000000000000000011000000011110011100010000001100000000000000000011100111001000000000000000011000111110000000000000000000000111111111110000000000000000000000000000000000000000000000000000000000000000000000000000000000000000000000000001111101111
110000000000000000000000000000000000000000000001111001100000000000000000000000000000000000000000000000011000000011110011100010000001100000000000000000011010111000000010000000000011010011100000000000000000000000111100000000000000000000000100000000000000000000000000000000000000000000000000000000000000000000000000000000001111101111
111111111111101110111110111111111110111101001111111001100011011110100001100110011100000001110000000000011110000011110011111011101111100000000000000000011101111110011011011101111111011011101111111100111110111100111111111110000001111110000101111000001010111110111111001111111101111110111111000011011111000111111100000000001111111111
111111111011111110111100001111011001001111001001111110111111011000000001110110011000111011101110111000011111101011111111111011110111111110000000000111100000111010010000011001000111001111111100000000001111000000111111111111101001111010111110000000000000000000000000000000000000000000000000000000000000111100000000000000001111101111
111110000000001110111111100000011011111101001111111001101111111111100010010110000000100001101111101100011101100111110011100011111011100000000000000000011100111001110010011101110111100011101110011111101111111001111111110000000001111000000110111111110001111111011100101111111111110111111000000011100001111101110000001101101111101111
110000000000000000000000000000000000000000000001111100110000000000000000011111111100011101101110111111111010000011110111100011001011111110000000000110100000111001110011111100110111001011111111111111111101111110111111110000000001111010111000000000000000000000000000000000000000000000000000000000000000000101111111110000001111111111
111111111111111111111111111111111111111111111011111111111111111111111111111111111111111111111111111111111111111111111111111111111111111111111111111111111011111111111111111111111111111111111111111111111111111111111111111111111111111111111111111111111111111111111111111111111111111111111111111111111111111111111111111111111111111111
111101110111101110111100001111011101111111101101111010110111011000000001100110011000000001101111100011011110000011111111111001011111100000000000000000011010111010111011111110001111001111111100011100111110111010111111111110000000000000000000111101110001110000000000001111011110101111011000000011101110000110000000001110111111111111
111101111011010000000000000000000000000000000001111010101000000000000000000111111111011111111111111100011010000011111011100011100111111101111111011111011111111011000110011011000111100011101111111100111111000000111111111111110011111100111111000000000000000000000000000000000000000000000000000000000000111101110011111101111111101111
110000000000001110111111001111000000010000011111111100101111011110001011000100011000000001101111111000011000000011110011111001011111111111111011111111000000111101100000000000000011010111110000000000000000111010111111110000000001101011111000000000000000000000000000000000000000000000000000000000000000000000000000000000001111101111
111110000000001110111100000000011101000000011101111001110111011111110101011000011111011111111110100110111011111011111111100010000001100000000000000000011011111010100011111000110111100011101110111100110000000000111100000000000000000000111100111011100011110000000000001111111110110111111110111111010001000000000000001111101111101111
110000000000000000000000000000000000000000000001111100100000000000000000000100000000000000000000000000011000000011110011100010000001100000000000000000011010111010000000000000000011010011100000000000000000000000111100000000000000000000111000000000000000000000000000000000000000000000000000000000000000000000000000000000001111101111
110000000000001110101100000000000000000000000001111010100000000000000000000110000000000000000000000000000000000011110011110000000001100000000000000000011010111010000000000000000011001011100000000000000000000000111111110000000001100001000000000000000000000000000000000000000000000000000000000000000000000000000000000000001111101111
111101111011010000000000000000000000000000000001111100111000000000000000010110000000011101100000000000011010000011111011100010000001100000000000000000011110111110001011111101001111100111111100100000000000000000111100000000000000000000111000111001011000110000000000001111111100100111011000000011001001000001110000001111111111101111
110000000000000000000000000000000000000000000001111100100000000000000000000100000000000000000000000000011000000011110011100010000001100000000000000000011010111011000000000000000011001011100000000000000000000000111100000000000000000000111000000000000000000000000000000000000000000000000000000000000000000000000000000000001111101111
111111110111101110101100111111111011101101011101111001100111011111100110111101000000111100000000000010111011111111111111110010000001100000000000000000011100111110011101100000000011100111101100000000001110111011111111111111110001111011000110111000001011110000000000001111011001111111111000000011001101000111111100001101101111111111
111111110111101110101111101111100000001110111011111010111011011110010010100110111101011101101110110100011101101011110011100011101111111110000000000111111011111010100100011010111111100011110000000000000000111010111111110000000001101000111000111110110101111111011011111111011001100110111000000011010000000000000011111111011111111111
111111110111111110101100111111111001011111001011111010100111011110001001010110100000000001101111000011111011110011110011111111001111100000000000000000011110111111110111011000100111000111111110100000001110111010111111111111101110000000111000111000100001110000000000001111111111100111111000000011001000000001110000001101101111101111
111110000000000000000000000000000000000000000001111010100111111111111000100110000000000001101110101111111010000011110011100011110011111101111011010111000000111100010010011110000111000111111110011110100000000000111111111111101010000000000110000000000000000000000000000000000000000000000000000000000000000001111111111110111111111111
110000000000001110101111101111011001011110111001111100111111111110011101010100100000011100000000000011111011110011110111111010000001100000000000000000011010111110101001011010001111101011101111100000001111000000111100000000000000000000111110111000011010111110111100001111111011100110111111000011111100000001110000001101001111101111
111111110111011110011111001111011001101110100101111001101011011110111010100111011111000001101110011111011001110111111011100010000001100000000000000000011010111111000011111011111111010011101110111100101101000000111111111111100101101100000111111000110010111111111100111111111011110111101111001111100000000111110000001111011111101111
110000000000000000000000000000000000000000000001111001100000000000000000000000000000000000000000000000011000000011110011100010000001100000000000000000011010111000000001100000000011001011100000000000000000000000111100000000000000000000000101000000000000000000000000000000000000000000000000000000000000000000000000000000001111101111
111101110111111110101110101111000000001111111011111010100011011110001100100111111111000001101110010100011111111011110111111101111011100000000000000000011110111001101100111000001111110111101110011101101111111110111111111111101111111000000000111110101110111110111100101111111001110111011000000011111111000111111111110000001111101111
110000000000001110011100000000000000000000000001111100100000000000000000000100000000000000000000000000000000000011110011100010000001100000000000000000011010111000010000000000000011001011100000000000000000000000111100000000000000000000111000000000000000000000000000000000000000000000000000000000000000000000000000000000001111101111
111111111111101111101111101111011011111101000011111010110011111110101111010110011110111110000000000010111001110011111011110010000001111101111111110111111001111100111100111111010111100111101111111110010000111011111111111111111111111001000100111011001101111111011100111111011010110111001000000011101011000001111111111111101111101111
110000000000001110011100000000000000000000000001111001101000000000000000000000000000000000000000000000000000000011110011100010000001100000000000000000011010111100000000000000000011001011100000000000000000000000111100000000000000000000000100000000000000000000000000000000000000000000000000000000000000000000000000000000001111101111
111110000000001110101111111111111011110000000101111100110111100000000000000100000000011110000000000000011101110111110111110000000001111110000000000111011010111011000010011100101111111111111100011111000000000000111100000000000000000000111110000000000000000000000000000000000000000000000000000000000000111100000000001111011111101111
111101111011101110111100111111011110001111101011111110100011011111010010111111000000011011101111010110111101110011110011111111110011111101111111111111111100111001001111011000011111011011111110100000001111111111111111111111100010000000111111111000100000111110111011101111111010111111011111110011010000000111111100001111111111111111
111111110111101111101100001111111011100000001101111100111011111111010011100110111110000001111110011111011010000011111111111111100011111101111111001111011111111010010111011101111111000111100000000000000000000000111111111111101011101110111101111010100010111111111111011111111100101111111111111111101001111111110000001111101111111111
111110000000001111111110101111111100101100100101111001110011111111011111100011011110111100000000000010111001101111110111110000000001100000000000000000011110111100101010011110110111010011101100100000000000000000111100000000000000000000000101111100010010110000000000001111011110101110101110001111100000000101111100001101001111101111
111101111111011111101110111111111010011110011101111001101111011111011010100001111111100001111111010110111101111111111011111011111111111110000000000110111010111000010011111011111011100011111111011111111110111110111111111111101101100100111100111111101110111111011100011111011011111111101110111111101010111111111100001101111111111111
111101111111011110111110111111011110100000001101111001101111111110110001111000100000011110000000000010011111111111110011110001101111100000000000000000011100111011011000111011101111111011111111011110111101000000111111111111101011101111000111111001110001111111011011101111011001101110101000000011011101000001111111110000001111101111
110000000000000000000000000000000000000000000001111010100000000000000000000110000000000000000000000000011000000011110011100010000001100000000000000000011010111100000000000000000011001011100000000000000000000000111111110000000001100100000000000000000000000000000000000000000000000000000000000000000000000000000000000000001111101111
~~~
0.0 0.0 179.0 626.0 3323.0
0.0 178.0 84.0 281.0 1549.0
0.0 123.0 112.0 387.0 2138.0
0.0 134.0 114.0 341.0 2005.0
0.0 211.0 66.0 250.0 1235.0
0.0 158.0 88.0 360.0 1737.0
0.0 110.0 120.0 434.0 2223.0
0.0 160.0 98.0 299.0 1756.0
0.0 99.0 123.0 446.0 2377.0
0.0 95.0 128.0 439.0 2368.0
0.0 90.0 128.0 471.0 2396.0
0.0 113.0 117.0 415.0 2229.0
0.0 108.0 119.0 391.0 2210.0
0.0 148.0 100.0 326.0 1826.0
0.0 137.0 110.0 333.0 1947.0
0.0 109.0 122.0 383.0 2222.0
0.0 142.0 106.0 322.0 1952.0
0.0 91.0 136.0 441.0 2422.0
0.0 115.0 119.0 394.0 2176.0
0.0 267.0 34.0 118.0 601.0
0.0 184.0 84.0 268.0 1438.0
0.0 153.0 103.0 290.0 1795.0
0.0 277.0 27.0 118.0 541.0
0.0 149.0 99.0 322.0 1849.0
0.0 87.0 138.0 420.0 2438.0
0.0 92.0 130.0 430.0 2432.0
0.0 216.0 63.0 203.0 1125.0
0.0 188.0 87.0 243.0 1411.0
0.0 94.0 131.0 437.0 2369.0
0.0 159.0 95.0 277.0 1700.0
0.0 219.0 59.0 232.0 1127.0
0.0 116.0 112.0 407.0 2161.0
0.0 194.0 83.0 217.0 1406.0
0.0 199.0 73.0 228.0 1364.0
0.0 174.0 81.0 329.0 1605.0
0.0 177.0 84.0 288.0 1512.0
0.0 103.0 128.0 376.0 2266.0
0.0 121.0 112.0 369.0 2105.0
0.0 193.0 78.0 261.0 1389.0
0.0 166.0 95.0 266.0 1655.0
0.0 182.0 83.0 263.0 1482.0
0.0 133.0 115.0 342.0 2013.0
0.0 173.0 89.0 299.0 1538.0
0.0 154.0 98.0 335.0 1805.0
0.0 1.0 178.0 626.0 3309.0
0.0 180.0 85.0 284.0 1533.0
0.0 191.0 82.0 221.0 1434.0
0.0 202.0 72.0 258.0 1314.0
0.0 129.0 111.0 365.0 2052.0
0.0 105.0 115.0 473.0 2305.0
0.0 112.0 114.0 408.0 2173.0
0.0 272.0 30.0 128.0 584.0
0.0 201.0 73.0 224.0 1313.0
0.0 190.0 81.0 251.0 1423.0
0.0 273.0 30.0 124.0 572.0
0.0 156.0 92.0 311.0 1763.0
0.0 185.0 78.0 272.0 1474.0
0.0 138.0 105.0 376.0 1923.0
0.0 183.0 88.0 251.0 1487.0
0.0 197.0 74.0 259.0 1336.0
0.0 264.0 38.0 127.0 639.0
0.0 2.0 178.0 622.0 3301.0
0.0 175.0 85.0 292.0 1576.0
0.0 117.0 116.0 414.0 2164.0
0.0 106.0 124.0 411.0 2260.0
0.0 97.0 123.0 469.0 2365.0
0.0 98.0 129.0 420.0 2342.0
0.0 181.0 79.0 312.0 1504.0
0.0 189.0 78.0 294.0 1439.0
0.0 120.0 115.0 370.0 2134.0
0.0 165.0 90.0 313.0 1679.0
0.0 170.0 87.0 284.0 1604.0
0.0 132.0 109.0 368.0 1990.0
0.0 155.0 106.0 260.0 1790.0
0.0 107.0 123.0 409.0 2242.0
0.0 187.0 78.0 278.0 1466.0
0.0 128.0 111.0 390.0 2041.0
0.0 179.0 86.0 295.0 1482.0
0.0 130.0 106.0 380.0 1994.0
0.0 126.0 111.0 352.0 2067.0
0.0 114.0 116.0 418.0 2188.0
0.0 207.0 68.0 219.0 1251.0
0.0 3.0 177.0 618.0 3296.0
0.0 200.0 71.0 288.0 1363.0
0.0 164.0 89.0 293.0 1696.0
0.0 198.0 76.0 239.0 1311.0
0.0 215.0 64.0 202.0 1175.0
0.0 150.0 93.0 322.0 1849.0
0.0 145.0 98.0 343.0 1851.0
0.0 282.0 25.0 106.0 484.0
0.0 176.0 91.0 285.0 1538.0
0.0 80.0 142.0 442.0 2497.0
0.0 169.0 95.0 295.0 1684.0
0.0 186.0 80.0 266.0 1488.0
0.0 268.0 34.0 117.0 606.0
0.0 157.0 94.0 329.0 1747.0
0.0 192.0 75.0 269.0 1420.0
0.0 269.0 32.0 128.0 593.0
0.0 111.0 127.0 375.0 2211.0
0.0 168.0 95.0 288.0 1655.0
0.0 141.0 106.0 328.0 1918.0
0.0 152.0 97.0 313.0 1802.0
0.0 139.0 107.0 343.0 1918.0
0.0 119.0 108.0 401.0 2144.0
0.0 209.0 65.0 250.0 1224.0
0.0 213.0 69.0 204.0 1192.0
0.0 85.0 133.0 463.0 2490.0
0.0 101.0 122.0 419.0 2298.0
0.0 131.0 114.0 343.0 2048.0
0.0 163.0 97.0 296.0 1704.0
0.0 2.0 177.0 626.0 3301.0
0.0 212.0 64.0 237.0 1205.0
0.0 147.0 104.0 355.0 1840.0
0.0 140.0 102.0 377.0 1913.0
0.0 124.0 111.0 372.0 2110.0
0.0 151.0 100.0 320.0 1826.0
0.0 270.0 35.0 114.0 579.0
0.0 206.0 75.0 198.0 1237.0
0.0 96.0 128.0 439.0 2316.0
0.0 274.0 32.0 109.0 547.0
0.0 283.0 25.0 98.0 469.0
0.0 122.0 117.0 398.0 2119.0
0.0 171.0 90.0 284.0 1590.0
0.0 136.0 108.0 338.0 1951.0
0.0 195.0 75.0 276.0 1353.0
0.0 2.0 178.0 621.0 3302.0
0.0 146.0 108.0 285.0 1883.0
0.0 167.0 92.0 319.0 1629.0
0.0 204.0 68.0 246.0 1263.0
0.0 161.0 90.0 323.0 1726.0
0.0 280.0 27.0 106.0 504.0
0.0 271.0 34.0 111.0 576.0
0.0 208.0 70.0 214.0 1256.0
0.0 279.0 27.0 109.0 513.0
0.0 143.0 108.0 327.0 1897.0
0.0 135.0 108.0 347.0 1999.0
0.0 144.0 103.0 328.0 1900.0
0.0 196.0 77.0 230.0 1335.0
0.0 162.0 84.0 352.0 1692.0
0.0 125.0 114.0 365.0 2099.0
0.0 281.0 25.0 109.0 491.0
0.0 118.0 116.0 389.0 2129.0
0.0 276.0 28.0 119.0 542.0
0.0 102.0 133.0 390.0 2295.0
0.0 278.0 25.0 118.0 513.0
0.0 203.0 71.0 237.0 1285.0
0.0 100.0 125.0 433.0 2329.0
0.0 104.0 125.0 399.0 2266.0
0.0 172.0 86.0 313.0 1629.0
0.0 84.0 139.0 442.0 2513.0
0.0 127.0 114.0 359.0 2058.0
0.0 275.0 31.0 103.0 533.0
~~~
1.78227615356
