0000000000111100110000000000001100110000000000000000000011000000000000000000001111000000000000000000000000000000000000110000000000000000100000000000000000000000000000000000000110000000000000000000000000110000000000000000000000000110000000000000110000000000000000000000000000000000000000000000000000000000000000000000100100100000000000000000000000000000000000000000000000000000000000000000000000000000000000000000000000000000000000000000000000000000000000000000000000000000000000000000000000000000000000000000000000000000000000000000000000000000
0011111100111111110000110011110000000000111100000011001111000011000000000000001111001100110000000011001100001100000000110000001100000000100000000000000000000000000000000000000110000000000000000000000000000000000000000000000000000000000000000000000000000000000000000000000000000000000110110000000000000000000000000000100100100000000000000000000000000000000000000000000000000000000000000000000000000000000000000000000000000000000000000000000000000000000000000000000000000000000000000000000000000000000000000000000000000000000000000000000000000000
1100110011111100000000000011111100001111000011110000000000001100000000111100000011110000110011000011000011111100000011110000110000001100100000000000000000000000000000000000000110000000000000000000110000110000110110110110000000000000000000000000000000000000000000000110000000000000000000000000000000000000000000000000100100100000000000000000000000000000000000000000000000000000000000000000000000000000000000000000000000000000000000000000000000000000000000000000000000000000000000000000000000000000000000000000000000000000000000000000000000000000
1100001100111100110011001100001100000011110000000000110000001100001111000011000000000011000011000000000000000000110011110000000000000011100000000000000000000000000000000000000000000000000000000000110000110000110110110110000000000110000000000000110000000000000000000000000000000000000000000000000000000000000110000000100100100000000000000000000000000000000000000000000000000000000000000000000000000000000000000000000000000000000000000000000000000000000000000000000000000000000000000000000000000000000000000000000000000000000000000000000000000000
0000000000111100110011000000001100000000000000000000000000000000000000000000001100000000000000000000000000000000000000110000000000000000100000000000000000000000000000000000000110000000000000000000000000110000110110110110000000000110000000000000110000000000000000000000000000000000000000000000000000000000000110000000100100100000000000000000000000000000000000000000000000000000000000000000000000000000000000000000000000000000000000000000000000000000000000000000000000000000000000000000000000000000000000000000000000000000000000000000000000000000
1100111111000000111100111100000000110000110000000011000000000000000011110000001100110011111100000011001100001100111100000000001111111111100000000000000000000000000000000000000000000000000000000000000000000000110110110110000000000000000000000000110000000000000000000000000000000000110110110110110110110110110110110110110110110000000000000000000000000000000000000000000000000000000000000000000000000000000000000000000000000000000000000000000000000000000000000000000000000000000000000000000000000000000000000000000000000000000000000000000000000000
1111111111111100111111001100111100111111110011110011110000111111001111111111111111110011111111000011111111111100111111111111111111111111100000000000000000000000000000000000000000000000000000000000000000110000110110110110000000000000000000000000110000000000000000000000000000000000000000000000000000000000000000000000100100100000000000000000000000000000000000000000000000000000000000000000000000000000000000000000000000000000000000000000000000000000000000000000000000000000000000000000000000000000000000000000000000000000000000000000000000000000
1111111111111100111111111111111100111111110011110011111100111111001111111111111111110011111111000011111111111111111111111100111111111111100000000000000000000000000000000000000000000000000000000000000000000000110110110110000000000000000000000000000000000000000000000000000000000000000000000000000000000000000000000000100100100000000000000000000000000000000000000000000000000000000000000000000000000000000000000000000000000000000000000000000000000000000000000000000000000000000000000000000000000000000000000000000000000000000000000000000000000000
0000000000001100110000110011000000000000000000000000000000000000000000000000000000000000000000000000000000000000000000000000001100000000100000000000000000000000000000000000000110000000000000000000110000000000110110110110000000000110000000000000000000000000000000000000000000000000000110110000000110110110110110000000100100100000000000000000000000000000000000000000000000000000000000000000000000000000000000000000000000000000000000000000000000000000000000000000000000000000000000000000000000000000000000000000000000000000000000000000000000000000
0000110000000000000000000011000000110000000011000011000000110000001100001100001100000011110000000011000011000011111111001100110011000011100000000000000000000000000000000000000110000000000000000000000000110000110110110110000000000000000000000000000000000000000000000110000000000000110110110110110110110110110110110110110110110000000000000000000000000000000000000000000000000000000000000000000000000000000000000000000000000000000000000000000000000000000000000000000000000000000000000000000000000000000000000000000000000000000000000000000000000000
0000000000000000110000000000000000000000000000000000000011000000000000000000001100000000000000000011000000000000000000000000000000000000100000000000000000000000000000000000000110000000000000000000000000110000000000000000000000000000000000000000110000000000000000000000000000000000110110110110110110110110110110110110110110110000000000000000000000000000000000000000000000000000000000000000000000000000000000000000000000000000000000000000000000000000000000000000000000000000000000000000000000000000000000000000000000000000000000000000000000000000
0000000000111100110000000000001100000000000000000000000011001100000000000000001111000000000000000000000000000000000000110000000000000000100000000000000000000000000000000000000110000000000000000000000000110000000000000000000000000110000000000000110000000000000000000000000000000000000000000000000000000000000000000000100100100000000000000000000000000000000000000000000000000000000000000000000000000000000000000000000000000000000000000000000000000000000000000000000000000000000000000000000000000000000000000000000000000000000000000000000000000000
1100110000111100111100000011001100001111110011000011110000111100000000110011111100110000110000000011111100110011110000111111001100111100100000000000000000000000000000000000000110000000000000000000000000110000110110110110000000000000000000000000000000000000000000000000000000000000000000000000000000000000000110000000100100100000000000000000000000000000000000000000000000000000000000000000000000000000000000000000000000000000000000000000000000000000000000000000000000000000000000000000000000000000000000000000000000000000000000000000000000000000
1111111111000000111100000000110000111100110011110000110000110000001100111100000000110011111111000000001100001100111111001111111111001111100000000000000000000000000000000000000110000000000000000000110000110000110110110110000000000110000000000000110000000000000000000000000000000000110110110110110110110110110110110110110110110000000000000000000000000000000000000000000000000000000000000000000000000000000000000000000000000000000000000000000000000000000000000000000000000000000000000000000000000000000000000000000000000000000000000000000000000000
0000000000111100110000000000000000000000000000000000000011000000000000000000001100001100000000000011000000000000000000110000000000000000100000000000000000000000000000000000000110000000000000000000000000110000000000000000000000000000000000000000110000000000000000000000000000000000000110110000000000000000000110000000100100100000000000000000000000000000000000000000000000000000000000000000000000000000000000000000000000000000000000000000000000000000000000000000000000000000000000000000000000000000000000000000000000000000000000000000000000000000
1111110000111100001111110011111100001111000011110000001100111100000000000011111111110011001100000011001100000000111100111111000011111111100000000000000000000000000000000000000110000000000000000000000000000000110110110110000000000000000000000000000000000000000000000110000000000000000000000000000000000000000000000000100100100000000000000000000000000000000000000000000000000000000000000000000000000000000000000000000000000000000000000000000000000000000000000000000000000000000000000000000000000000000000000000000000000000000000000000000000000000
1111110011000000110000111111110000110000000000000011110000110000001111110000001100000000000000000011000000001100000000000000111100110011100000000000000000000000000000000000000000000000000000000000000000000000110110110110000000000000000000000000000000000000000000000000000000000000110110110110110110110110110110110110110110110000000000000000000000000000000000000000000000000000000000000000000000000000000000000000000000000000000000000000000000000000000000000000000000000000000000000000000000000000000000000000000000000000000000000000000000000000
1111110000111100110011000000001100000000000011000000110000110011001100000011001111000000001100000000110011110000111100111100110011111111100000000000000000000000000000000000000110000000000000000000000000110000110110110110000000000110000000000000110000000000000000000000000000000000000000000000000000000000000000000000100100100000000000000000000000000000000000000000000000000000000000000000000000000000000000000000000000000000000000000000000000000000000000000000000000000000000000000000000000000000000000000000000000000000000000000000000000000000
1111111111111100001111110000111100111111110011110000111100111100001100111111110000110011111111000000111111111100111111110011110011001111100000000000000000000000000000000000000110000000000000000000110000000000110110110110000000000110000000000000110000000000000000000110000000000000000000000000000000000000000110000000100100100000000000000000000000000000000000000000000000000000000000000000000000000000000000000000000000000000000000000000000000000000000000000000000000000000000000000000000000000000000000000000000000000000000000000000000000000000
0011000000000000110000110011000000000000000000000000000000000000000000000000001100000000000000000000000000000000000000000000000000000000100000000000000000000000000000000000000110000000000000000000000000000000110110110110000000000110000000000000000000000000000000000000000000000000110110110110110110110110110110110110110110110000000000000000000000000000000000000000000000000000000000000000000000000000000000000000000000000000000000000000000000000000000000000000000000000000000000000000000000000000000000000000000000000000000000000000000000000000
1100000000111111110011001100110000000000001111000000000011110000000000001111111100001111110000000011001100110000000000110011000011000011100000000000000000000000000000000000000000000000000000000000000000110000000000000000000000000000000000000000110000000000000000000000000000000000000110110000000000000000000110000000100100100000000000000000000000000000000000000000000000000000000000000000000000000000000000000000000000000000000000000000000000000000000000000000000000000000000000000000000000000000000000000000000000000000000000000000000000000000
0000000000111111000000000000000000000000000000000000000011000000000000000000000011000000000000000011000000000000000000110000000000000000100000000000000000000000000000000000000110000000000000000000110000110000000000000000000000000000000000000000110000000000000000000110000000000000000110110000000000000000000000000000100100100000000000000000000000000000000000000000000000000000000000000000000000000000000000000000000000000000000000000000000000000000000000000000000000000000000000000000000000000000000000000000000000000000000000000000000000000000
0011110000000000110000000011110000001100000000000011000000110000000000111100001100110000111111000011000000001111111111001100111100000011100000000000000000000000000000000000000110000000000000000000000000110000110110110110000000000000000000000000000000000000000000000000000000000000110110110110110110110110110110110110110110110000000000000000000000000000000000000000000000000000000000000000000000000000000000000000000000000000000000000000000000000000000000000000000000000000000000000000000000000000000000000000000000000000000000000000000000000000
1100111100111100111111111100001100001100110000110000110000111111000011001111110011110011110000000011001111110000001100111111110000001111100000000000000000000000000000000000000000000000000000000000110000000000110110110110000000000000000000000000110000000000000000000000000000000000000000000000000000000000000000000000100100100000000000000000000000000000000000000000000000000000000000000000000000000000000000000000000000000000000000000000000000000000000000000000000000000000000000000000000000000000000000000000000000000000000000000000000000000000
1111110011000000111100110011000000111100110000110000111100110000001100001100001100110011111100000000001111001100110011001111110000000000100000000000000000000000000000000000000110000000000000000000000000000000110110110110000000000110000000000000000000000000000000000000000000000000110110110110110110110110110110110110110110110000000000000000000000000000000000000000000000000000000000000000000000000000000000000000000000000000000000000000000000000000000000000000000000000000000000000000000000000000000000000000000000000000000000000000000000000000
0000000000111100000000001111001100111100000011000000110000110011000000111100001111000000000000000000001100110000110000110011000000000000100000000000000000000000000000000000000000000000000000000000000000110000110110110110000000000110000000000000000000000000000000000110000000000000000000000000000000000000000000000000100100100000000000000000000000000000000000000000000000000000000000000000000000000000000000000000000000000000000000000000000000000000000000000000000000000000000000000000000000000000000000000000000000000000000000000000000000000000
0011111100000000111100000011110000001100000011110011110000110000001100110000000000000000000000000011001111000011001111000011110000001111100000000000000000000000000000000000000110000000000000000000110000110000110110110110000000000000000000000000000000000000000000000000000000000000110110110110110110110110110110110110110110110000000000000000000000000000000000000000000000000000000000000000000000000000000000000000000000000000000000000000000000000000000000000000000000000000000000000000000000000000000000000000000000000000000000000000000000000000
1111111111000000111100000000110000111100110011110000110000110000001100111100001100110011111111000000001111001100111100001111111111111111100000000000000000000000000000000000000110000000000000000000000000110000110110110110000000000110000000000000110000000000000000000000000000000000110110110110110110110110110110110110110110110000000000000000000000000000000000000000000000000000000000000000000000000000000000000000000000000000000000000000000000000000000000000000000000000000000000000000000000000000000000000000000000000000000000000000000000000000
0000000000111100110000001100000000000000000000000000000000000000000000000000001111000000000000000000000000000000000000110000001100000000100000000000000000000000000000000000000000000000000000000000000000110000110110110110000000000110000000000000110000000000000000000000000000000000000110110000000000000000000000000000100100100000000000000000000000000000000000000000000000000000000000000000000000000000000000000000000000000000000000000000000000000000000000000000000000000000000000000000000000000000000000000000000000000000000000000000000000000000
1100001100000000110000111111110000001100110000000011110000110000000011001100001100000000110000000011000000000000001111001100000000110011100000000000000000000000000000000000000000000000000000000000000000000000110110110110000000000000000000000000000000000000000000000000000000000000110110110110110110110110110110110110110110110000000000000000000000000000000000000000000000000000000000000000000000000000000000000000000000000000000000000000000000000000000000000000000000000000000000000000000000000000000000000000000000000000000000000000000000000000
0000110011111100000011001111110000110000110011110000000000110011000000001100001111110000110000000000001111110000110000110000110000111100100000000000000000000000000000000000000000000000000000000000000000110000110110110110000000000110000000000000000000000000000000000110000000000000000110110000000000000000000000000000100100100000000000000000000000000000000000000000000000000000000000000000000000000000000000000000000000000000000000000000000000000000000000000000000000000000000000000000000000000000000000000000000000000000000000000000000000000000
0000000000111100110000000000001100000000000000000000000011000000000000000000001111001100000000000000000000000000000000110000000000000000100000000000000000000000000000000000000110000000000000000000000000110000000000000000000000000110000000000000110000000000000000000000000000000000000000000000000000000000000000000000100100100000000000000000000000000000000000000000000000000000000000000000000000000000000000000000000000000000000000000000000000000000000000000000000000000000000000000000000000000000000000000000000000000000000000000000000000000000
0000000000000000110000000000000000000000000000000000000011000000000000000000001100000000000000000011000000000000001100000000000000000000100000000000000000000000000000000000000110000000000000000000000000110000000000000000000000000000000000000000110000000000000000000000000000000000110110110110110110110110110110110110110110110000000000000000000000000000000000000000000000000000000000000000000000000000000000000000000000000000000000000000000000000000000000000000000000000000000000000000000000000000000000000000000000000000000000000000000000000000
0011001111111100000000000011110000111100000011000011000000000011000000111100111111110000110011000011110011001100110000111111000011000000100000000000000000000000000000000000000110000000000000000000000000110000110110110110000000000000000000000000000000000000000000000110000000000000000110110000000000000000000000000000100100100000000000000000000000000000000000000000000000000000000000000000000000000000000000000000000000000000000000000000000000000000000000000000000000000000000000000000000000000000000000000000000000000000000000000000000000000000
1111111111000000111100000011110000111100110011110000110000110000001100111100001100110011111111000000001111001111111111001111111111111111100000000000000000000000000000000000000110000000000000000000000000110000110110110110000000000110000000000000000000000000000000000000000000000000110110110110110110110110110110110110110110110000000000000000000000000000000000000000000000000000000000000000000000000000000000000000000000000000000000000000000000000000000000000000000000000000000000000000000000000000000000000000000000000000000000000000000000000000
1111111111000011111100111111110000111100111111110011111111110000111111111100001100111111111111000011001111001111111111000011111111111111100000000000000000000000000000000000000000000000000000000000000000000000000000000000000000000000000000000000000000000000000000000000000000000000110110110110110110110110110110110110110110110000000000000000000000000000000000000000000000000000000000000000000000000000000000000000000000000000000000000000000000000000000000000000000000000000000000000000000000000000000000000000000000000000000000000000000000000000
1111111111111100111111000000111100111111110011110000110000111111001100111111110011110011111111000000111111111100111111111111111111001111100000000000000000000000000000000000000110000000000000000000110000110000110110110110000000000110000000000000110000000000000000000000000000000000000000000000000000000000000000000000100100100000000000000000000000000000000000000000000000000000000000000000000000000000000000000000000000000000000000000000000000000000000000000000000000000000000000000000000000000000000000000000000000000000000000000000000000000000
1111111111111100111111000011111100111111110011110000110000111111001100111111111111110011111111000000111111111111111111111111111111111111100000000000000000000000000000000000000110000000000000000000000000110000110110110110000000000110000000000000000000000000000000000000000000000000000000000000000000000000000000000000100100100000000000000000000000000000000000000000000000000000000000000000000000000000000000000000000000000000000000000000000000000000000000000000000000000000000000000000000000000000000000000000000000000000000000000000000000000000
1100000000000011110000111111110000001100000000000000110011110000000000111100000000000011110000000011001111001100110011000000000000000011100000000000000000000000000000000000000000000000000000000000110000000000000000000000000000000000000000000000000000000000000000000000000000000000110110110110110110110110110110110110110110110000000000000000000000000000000000000000000000000000000000000000000000000000000000000000000000000000000000000000000000000000000000000000000000000000000000000000000000000000000000000000000000000000000000000000000000000000
0000000000111100110000000011001100000000000000000000000011000000000000000000001100001100000000000000000000000000000000110000000000000000100000000000000000000000000000000000000110000000000000000000000000110000000000000000000000000110000000000000000000000000000000000000000000000000000000000000000000000000000110000000100100100000000000000000000000000000000000000000000000000000000000000000000000000000000000000000000000000000000000000000000000000000000000000000000000000000000000000000000000000000000000000000000000000000000000000000000000000000
0000110000000000111100000011000000001100110000110000000011000000110000001100000000001100000011000011001100000000111100001100000011001100100000000000000000000000000000000000000110000000000000000000110000110000000000000000000000000000000000000000000000000000000000000000000000000000110110110110110110110110110110110110110110110000000000000000000000000000000000000000000000000000000000000000000000000000000000000000000000000000000000000000000000000000000000000000000000000000000000000000000000000000000000000000000000000000000000000000000000000000
1111111111111100000000111111111100111111110011000000000000111111001111111100001111000011110011000000111100110011001100110000110000110011100000000000000000000000000000000000000000000000000000000000000000000000110110110110000000000110000000000000000000000000000000000110000000000000000000000000000000000000000000000000100100100000000000000000000000000000000000000000000000000000000000000000000000000000000000000000000000000000000000000000000000000000000000000000000000000000000000000000000000000000000000000000000000000000000000000000000000000000
0000000000111111000000110000001100000000000000000000000011000000000000000000000011000000000000000011000000000000000000110000000000000000100000000000000000000000000000000000000110000000000000000000110000000000000000000000000000000000000000000000110000000000000000000110000000000000000000000000000000000000000000000000100100100000000000000000000000000000000000000000000000000000000000000000000000000000000000000000000000000000000000000000000000000000000000000000000000000000000000000000000000000000000000000000000000000000000000000000000000000000
1111111100000000111100111111000000001100111100000000000011000000110011110000000000001100001100000000000000000000000011001111001100000000100000000000000000000000000000000000000000000000000000000000110000000000000000000000000000000110000000000000000000000000000000000000000000000000110110110110110110110110110110110110110110110000000000000000000000000000000000000000000000000000000000000000000000000000000000000000000000000000000000000000000000000000000000000000000000000000000000000000000000000000000000000000000000000000000000000000000000000000
1111111111111100111111001100111100111111110011110011110000111111001111111111111111110011111111000011111111111100111111111100111111111111100000000000000000000000000000000000000000000000000000000000000000110000110110110110000000000000000000000000110000000000000000000000000000000000000000000000000000000000000000000000100100100000000000000000000000000000000000000000000000000000000000000000000000000000000000000000000000000000000000000000000000000000000000000000000000000000000000000000000000000000000000000000000000000000000000000000000000000000
1111111111000000001100111111110000111100110011110011111100110000001111111100001100110011110011000011001111001111111111001111110011111111100000000000000000000000000000000000000000000000000000000000000000000000110110110110000000000000000000000000000000000000000000000110000000000000110110110110110110110110110110110110110110110000000000000000000000000000000000000000000000000000000000000000000000000000000000000000000000000000000000000000000000000000000000000000000000000000000000000000000000000000000000000000000000000000000000000000000000000000
0000000011111100110011000011001100000011000000110000000000000011001100000000000011000000001111000000110000111111001100110000001100000000100000000000000000000000000000000000000110000000000000000000110000110000110110110110000000000110000000000000000000000000000000000000000000000000000000000000000000000000000000000000100100100000000000000000000000000000000000000000000000000000000000000000000000000000000000000000000000000000000000000000000000000000000000000000000000000000000000000000000000000000000000000000000000000000000000000000000000000000
1100111100000000111100001111110000111100110011110011000000000000000011111100001100000011111100000011000011000011000011000000111111000011100000000000000000000000000000000000000000000000000000000000000000110000110110110110000000000000000000000000000000000000000000000000000000000000110110110110110110110110110110110110110110110000000000000000000000000000000000000000000000000000000000000000000000000000000000000000000000000000000000000000000000000000000000000000000000000000000000000000000000000000000000000000000000000000000000000000000000000000
0000000000001100111111000011001100001100000000000000110000111100000000110000111100000011110011000011110011001111111100110011110011111111100000000000000000000000000000000000000110000000000000000000000000110000110110110110000000000000000000000000000000000000000000000000000000000000000000000000000000000000110110000000100100100000000000000000000000000000000000000000000000000000000000000000000000000000000000000000000000000000000000000000000000000000000000000000000000000000000000000000000000000000000000000000000000000000000000000000000000000000
1111111111000000111100111111110000111100110011110011111100110000001111111100001100110011111100000011001111001111111111001111111111111111100000000000000000000000000000000000000000000000000000000000000000000000110110110110000000000000000000000000000000000000000000000000000000000000110110110110110110110110110110110110110110110000000000000000000000000000000000000000000000000000000000000000000000000000000000000000000000000000000000000000000000000000000000000000000000000000000000000000000000000000000000000000000000000000000000000000000000000000
1111111111111100111111000011110000111100110011110000110000110011001100111111111111110011111111000000111111111111111111111111111111111111100000000000000000000000000000000000000110000000000000000000000000110000110110110110000000000110000000000000000000000000000000000000000000000000000110110000000000000000000000000000100100100000000000000000000000000000000000000000000000000000000000000000000000000000000000000000000000000000000000000000000000000000000000000000000000000000000000000000000000000000000000000000000000000000000000000000000000000000
0000000000000000110000000011000000000000000000000000000000000000000000000000000000000000000000000011000000000000000000000000000000000000100000000000000000000000000000000000000110000000000000000000110000110000110110110110000000000000000000000000000000000000000000000000000000000000110110110110110110110110110110110110110110110000000000000000000000000000000000000000000000000000000000000000000000000000000000000000000000000000000000000000000000000000000000000000000000000000000000000000000000000000000000000000000000000000000000000000000000000000
1111111111111100111111000011111100111111110011110011110000111111001100111111110011110011111111000011111111111111111111111111111111001111100000000000000000000000000000000000000110000000000000000000110000110000110110110110000000000000000000000000000000000000000000000000000000000000000000000000000000000000000000000000100100100000000000000000000000000000000000000000000000000000000000000000000000000000000000000000000000000000000000000000000000000000000000000000000000000000000000000000000000000000000000000000000000000000000000000000000000000000
1100110000000000110000000000000000000000110011110000000000000000000000000000000000000000000011000011001111001100000000000000111100000000100000000000000000000000000000000000000110000000000000000000110000110000110110110110000000000000000000000000110000000000000000000000000000000000110110110110110110110110110110110110110110110000000000000000000000000000000000000000000000000000000000000000000000000000000000000000000000000000000000000000000000000000000000000000000000000000000000000000000000000000000000000000000000000000000000000000000000000000
0000000000111100110000000000001100000000000011000000000011000000000000000000001111000000000000000000000000000000000000110000000000000000100000000000000000000000000000000000000110000000000000000000000000110000000000000000000000000110000000000000110000000000000000000000000000000000000000000000000000000000000000000000100100100000000000000000000000000000000000000000000000000000000000000000000000000000000000000000000000000000000000000000000000000000000000000000000000000000000000000000000000000000000000000000000000000000000000000000000000000000
0000000000111100110000000000001100000000000000110000000000000000000000000000001100000000000000000000000000000000000000110000000000000000100000000000000000000000000000000000000110000000000000000000000000110000110110110110000000000110000000000000110000000000000000000000000000000000000000000000000000000000000110000000100100100000000000000000000000000000000000000000000000000000000000000000000000000000000000000000000000000000000000000000000000000000000000000000000000000000000000000000000000000000000000000000000000000000000000000000000000000000
0000000000111100000000000000001100000000000000000000000000000000000000000000000011000000000000000011000000000000000000110000000000000000100000000000000000000000000000000000000110000000000000000000110000110000110110110110000000000000000000000000110000000000000000000110000000000000000000000000000000000000000000000000100100100000000000000000000000000000000000000000000000000000000000000000000000000000000000000000000000000000000000000000000000000000000000000000000000000000000000000000000000000000000000000000000000000000000000000000000000000000
1111110011111100111111111111001100111100110000000000111100001111001111000011000011000011111111000000001100111100000011111111111111000011100000000000000000000000000000000000000000000000000000000000110000000000110110110110000000000110000000000000000000000000000000000000000000000000000000000000000000000000000000000000100100100000000000000000000000000000000000000000000000000000000000000000000000000000000000000000000000000000000000000000000000000000000000000000000000000000000000000000000000000000000000000000000000000000000000000000000000000000
0011110000000000111100001111000000001100000000110000110000110000001100111100001100110011111100000011000000000011110000000011001100000011100000000000000000000000000000000000000000000000000000000000000000110000110110110110000000000000000000000000000000000000000000000000000000000000110110110110110110110110110110110110110110110000000000000000000000000000000000000000000000000000000000000000000000000000000000000000000000000000000000000000000000000000000000000000000000000000000000000000000000000000000000000000000000000000000000000000000000000000
1111111111111100001111000011110000111100110011110000110000110011001100111111110011110011111111000000111111111111111111111111110011001111100000000000000000000000000000000000000110000000000000000000110000110000110110110110000000000110000000000000000000000000000000000110000000000000000110110000000000000000000000000000100100100000000000000000000000000000000000000000000000000000000000000000000000000000000000000000000000000000000000000000000000000000000000000000000000000000000000000000000000000000000000000000000000000000000000000000000000000000
1111111111000000111100000011110000111100110011110011110000110000001100111100001100110011111111000011001111001111111111001111111111111111100000000000000000000000000000000000000110000000000000000000000000110000110110110110000000000000000000000000000000000000000000000000000000000000110110110110110110110110110110110110110110110000000000000000000000000000000000000000000000000000000000000000000000000000000000000000000000000000000000000000000000000000000000000000000000000000000000000000000000000000000000000000000000000000000000000000000000000000
0000000000111100110000000000001100000000000000000000000011000000000000000000001111000000000000000000000000000000000000110000000000000000100000000000000000000000000000000000000110000000000000000000000000110000000000000000000000000110000000000000110000000000000000000000000000000000000000000000000000000000000000000000100100100000000000000000000000000000000000000000000000000000000000000000000000000000000000000000000000000000000000000000000000000000000000000000000000000000000000000000000000000000000000000000000000000000000000000000000000000000
1111111111000000111100000000110000001100110011110011110000110000001100111100001100110011111111000011001111001100111111001111111111111111100000000000000000000000000000000000000110000000000000000000000000110000110110110110000000000000000000000000110000000000000000000000000000000000110110110110110110110110110110110110110110110000000000000000000000000000000000000000000000000000000000000000000000000000000000000000000000000000000000000000000000000000000000000000000000000000000000000000000000000000000000000000000000000000000000000000000000000000
0000001100111100000000000000111100110011000000110000000000001100001100110000001111110011110011000011110011001100000000110000110000111100100000000000000000000000000000000000000110000000000000000000000000110000110110110110000000000000000000000000110000000000000000000110000000000000000000000000000000000000000000000000100100100000000000000000000000000000000000000000000000000000000000000000000000000000000000000000000000000000000000000000000000000000000000000000000000000000000000000000000000000000000000000000000000000000000000000000000000000000
0000000000111100000000000000001100000000000000000000000000000000000000000000000011000000000000000000000000000000000000110000000000000000100000000000000000000000000000000000000110000000000000000000110000110000110110110110000000000110000000000000110000000000000000000110000000000000000000000000000000000000000000000000100100100000000000000000000000000000000000000000000000000000000000000000000000000000000000000000000000000000000000000000000000000000000000000000000000000000000000000000000000000000000000000000000000000000000000000000000000000000
0000000000001100000000000011000000000000000000000000000000000000000000000000001100000000000000000000000000000000000000000000000000000000100000000000000000000000000000000000000110000000000000000000000000110000110110110110000000000110000000000000000000000000000000000110000000000000000110110000000110110110110110000000100100100000000000000000000000000000000000000000000000000000000000000000000000000000000000000000000000000000000000000000000000000000000000000000000000000000000000000000000000000000000000000000000000000000000000000000000000000000
1111111111000000111100001111110000111100000011110000110000110000001111111100001100110011111111000000001111001111111111001111111111111111100000000000000000000000000000000000000000000000000000000000000000110000110110110110000000000110000000000000000000000000000000000000000000000000110110110110110110110110110110110110110110110000000000000000000000000000000000000000000000000000000000000000000000000000000000000000000000000000000000000000000000000000000000000000000000000000000000000000000000000000000000000000000000000000000000000000000000000000
1111111111111100111111000000111100111111110011110000110000111111001100111111111111110011111111000000111111111100111111111111111111111111100000000000000000000000000000000000000110000000000000000000000000110000110110110110000000000110000000000000110000000000000000000000000000000000000000000000000000000000000000000000100100100000000000000000000000000000000000000000000000000000000000000000000000000000000000000000000000000000000000000000000000000000000000000000000000000000000000000000000000000000000000000000000000000000000000000000000000000000
1111000011111100001111001100001100000000110011000000000000110011000011111111111111000011001111000011000000110000111111111100000011111100100000000000000000000000000000000000000000000000000000000000000000110000110110110110000000000000000000000000110000000000000000000110000000000000000000000000000000000000000000000000100100100000000000000000000000000000000000000000000000000000000000000000000000000000000000000000000000000000000000000000000000000000000000000000000000000000000000000000000000000000000000000000000000000000000000000000000000000000
1111110000111111110000000000001100110000111111000000110011000011111100001100000011000000000011000000000000110000111100111111001100001111100000000000000000000000000000000000000110000000000000000000110000110000000000000000000000000110000000000000110000000000000000000000000000000000000000000000000000000000000000000000100100100000000000000000000000000000000000000000000000000000000000000000000000000000000000000000000000000000000000000000000000000000000000000000000000000000000000000000000000000000000000000000000000000000000000000000000000000000
1100110000111100001111111100111100001111110000110011111100000000001111110000111111110011110000000011001111110000000000110000110000110000100000000000000000000000000000000000000000000000000000000000000000000000110110110110000000000000000000000000110000000000000000000110000000000000000000000000000000000000000000000000100100100000000000000000000000000000000000000000000000000000000000000000000000000000000000000000000000000000000000000000000000000000000000000000000000000000000000000000000000000000000000000000000000000000000000000000000000000000
1111111100000000111100001111110000001100110011000000000000110000001111000000001100000000111100000000001100000000001111001100001100000011100000000000000000000000000000000000000000000000000000000000000000110000110110110110000000000110000000000000000000000000000000000000000000000000110110110110110110110110110110110110110110110000000000000000000000000000000000000000000000000000000000000000000000000000000000000000000000000000000000000000000000000000000000000000000000000000000000000000000000000000000000000000000000000000000000000000000000000000
1111001111000000111100001111000000000000110011110000110000110000000011111100000000110011111111000000001100001111000011001100001100001100100000000000000000000000000000000000000000000000000000000000110000110000110110110110000000000110000000000000000000000000000000000000000000000000110110110110110110110110110110110110110110110000000000000000000000000000000000000000000000000000000000000000000000000000000000000000000000000000000000000000000000000000000000000000000000000000000000000000000000000000000000000000000000000000000000000000000000000000
1111111111111111111111111111111100111111111111110000111111111111111111111111111111111111111111000011111111111111111111111111111111111111100000000000000000000000000000000000000000000000000000000000000000000000000000000000000000000000000000000000000000000000000000000000000000000000000000000000000000000000000000000000100100100000000000000000000000000000000000000000000000000000000000000000000000000000000000000000000000000000000000000000000000000000000000000000000000000000000000000000000000000000000000000000000000000000000000000000000000000000
1111001100111111000011000000000000000000111100110000000011110011001100001111000011001100001100000000001111000000001111110000000000000000100000000000000000000000000000000000000110000000000000000000110000110000000000000000000000000110000000000000110000000000000000000110000000000000000110110000000000000000000000000000100100100000000000000000000000000000000000000000000000000000000000000000000000000000000000000000000000000000000000000000000000000000000000000000000000000000000000000000000000000000000000000000000000000000000000000000000000000000
0011001100000000001100001111110000001100000000110000000000110000001100110000001100110000110000000011000011001100000000000011110000000000100000000000000000000000000000000000000000000000000000000000000000110000110110110110000000000000000000000000000000000000000000000110000000000000110110110110110110110110110110110110110110110000000000000000000000000000000000000000000000000000000000000000000000000000000000000000000000000000000000000000000000000000000000000000000000000000000000000000000000000000000000000000000000000000000000000000000000000000
0000001111111100111100000000111100000000110000110011000000000011001100110011001111110011001100000011110011111100000011110000111100110000100000000000000000000000000000000000000110000000000000000000000000110000110110110110000000000000000000000000110000000000000000000000000000000000000000000000000000000000000000000000100100100000000000000000000000000000000000000000000000000000000000000000000000000000000000000000000000000000000000000000000000000000000000000000000000000000000000000000000000000000000000000000000000000000000000000000000000000000
1111111111111100111100111100111100000011000000110000001100001111001111000000111111000011111111000000111111110000111111111111111100111100100000000000000000000000000000000000000000000000000000000000000000000000110110110110000000000110000000000000110000000000000000000000000000000000000000000000000000000000000000000000100100100000000000000000000000000000000000000000000000000000000000000000000000000000000000000000000000000000000000000000000000000000000000000000000000000000000000000000000000000000000000000000000000000000000000000000000000000000
1111001111111100110011001111001100000011110000110011000000111100001111110011111111110000111100000011111100000011111111110011110011111111100000000000000000000000000000000000000000000000000000000000000000110000110110110110000000000000000000000000000000000000000000000000000000000000000000000000000000000000000000000000100100100000000000000000000000000000000000000000000000000000000000000000000000000000000000000000000000000000000000000000000000000000000000000000000000000000000000000000000000000000000000000000000000000000000000000000000000000000
1111111111111100111111000011111100111111110011110011110000111111001100111111111111110011111111000011111111111111111111111111111111111111100000000000000000000000000000000000000110000000000000000000000000110000110110110110000000000000000000000000000000000000000000000000000000000000000000000000000000000000000000000000100100100000000000000000000000000000000000000000000000000000000000000000000000000000000000000000000000000000000000000000000000000000000000000000000000000000000000000000000000000000000000000000000000000000000000000000000000000000
~~~
0.0 514.0 16.0 56.0 305.761701669
0.0 484.0 24.0 185.0 607.303207628
0.0 470.0 38.0 172.0 724.083847603
0.0 480.0 30.0 171.0 603.332004588
0.0 508.0 15.0 104.0 343.59692991
0.0 447.0 44.0 282.0 950.508560689
0.0 418.0 57.0 358.0 1190.6439028
0.0 416.0 58.0 364.0 1203.57278436
0.0 502.0 21.0 116.0 423.585637909
0.0 457.0 44.0 213.0 873.531490772
0.0 499.0 21.0 119.0 482.78815002
0.0 514.0 15.0 59.0 307.99134018
0.0 458.0 41.0 220.0 805.867745435
0.0 425.0 58.0 299.0 1185.68670605
0.0 512.0 13.0 89.0 339.313025374
0.0 456.0 38.0 236.0 825.632886117
0.0 459.0 39.0 253.0 842.699642633
0.0 466.0 35.0 208.0 740.753604968
0.0 428.0 55.0 293.0 1100.54779211
0.0 491.0 24.0 153.0 541.546619251
0.0 478.0 25.0 192.0 645.296241259
0.0 512.0 15.0 74.0 348.517100649
0.0 451.0 41.0 276.0 942.236570737
0.0 454.0 42.0 236.0 836.173986788
0.0 441.0 53.0 243.0 1029.52581669
0.0 486.0 33.0 117.0 553.888392152
0.0 449.0 47.0 240.0 960.558779618
0.0 423.0 57.0 318.0 1207.22628319
0.0 506.0 16.0 117.0 371.911774958
0.0 461.0 39.0 244.0 816.46794148
0.0 468.0 38.0 198.0 744.020362588
0.0 514.0 14.0 70.0 313.492757361
0.0 497.0 21.0 128.0 500.42920271
0.0 464.0 35.0 236.0 785.912754322
0.0 419.0 61.0 319.0 1251.24942013
0.0 413.0 64.0 352.0 1322.06669173
0.0 424.0 56.0 313.0 1141.06626681
0.0 420.0 58.0 324.0 1184.38820079
0.0 467.0 37.0 193.0 794.790697169
0.0 514.0 15.0 66.0 316.839592374
0.0 469.0 40.0 179.0 778.863328736
0.0 452.0 42.0 246.0 855.038010916
0.0 514.0 15.0 67.0 314.401900088
0.0 465.0 44.0 208.0 801.327632495
0.0 420.0 55.0 358.0 1171.16867499
0.0 417.0 62.0 337.0 1247.86907533
0.0 482.0 28.0 178.0 602.091137659
0.0 445.0 51.0 263.0 991.978836406
0.0 464.0 35.0 219.0 773.086532751
0.0 415.0 63.0 347.0 1269.78689059
0.0 422.0 56.0 322.0 1180.97145196
0.0 493.0 24.0 141.0 532.401831328
0.0 420.0 58.0 331.0 1186.68794929
0.0 471.0 33.0 205.0 733.458668464
0.0 514.0 15.0 58.0 307.420600627
0.0 508.0 17.0 87.0 353.645665584
0.0 510.0 16.0 86.0 337.688385054
0.0 450.0 47.0 228.0 885.893274025
0.0 455.0 45.0 231.0 916.946075278
0.0 426.0 56.0 297.0 1146.34302862
0.0 417.0 61.0 336.0 1271.64269385
0.0 516.0 14.0 56.0 289.970293315
0.0 421.0 57.0 335.0 1230.62287674
0.0 474.0 29.0 203.0 679.553818436
0.0 510.0 17.0 77.0 337.298499234
0.0 504.0 20.0 103.0 410.114642802
0.0 419.0 61.0 327.0 1244.4424682
0.0 422.0 56.0 323.0 1159.15979203
0.0 460.0 37.0 246.0 791.828709327
0.0 472.0 41.0 140.0 704.298836292
0.0 462.0 38.0 228.0 767.185578316
0.0 453.0 42.0 256.0 894.121558634
0.0 443.0 48.0 281.0 1010.27747348
0.0 414.0 61.0 356.0 1248.05963079
0.0 476.0 30.0 186.0 694.874787755
0.0 463.0 37.0 240.0 834.209138308
0.0 466.0 34.0 227.0 773.539608176
0.0 446.0 46.0 263.0 915.238814462
0.0 448.0 41.0 290.0 909.147275568
0.0 418.0 58.0 341.0 1204.78147451
~~~
2.63911986351
