0000000000001100000000000000000000000000000000000000000000000000000000000000001100000000000000000011000000000000000000000000000000000000100000000000000000000000000000000000000110000000000000000000000000110000110110110110000000000000000000000000110000000000000000000110000000000000000110110000000110110110110110000000100100100000000000000000000000000000000000000000000000000000000000000000000000000000000000000000000000000000000000000000000000000000000000000000000000000000000000000000000000000000000000000000000000000000000000000000000000000000
1111000011111100111111110011001100111100000000110000000011001111001100111100001111001100001100000011000000111111001111110011001100001100100000000000000000000000000000000000000110000000000000000000000000000000000000000000000000000000000000000000000000000000000000000000000000000000000000000000000000000000000000000000100100100000000000000000000000000000000000000000000000000000000000000000000000000000000000000000000000000000000000000000000000000000000000000000000000000000000000000000000000000000000000000000000000000000000000000000000000000000
0000001100000000110000110000110000000000110000110011110000000000001100001100000000110000000000000011001100000000111111000000111100000011100000000000000000000000000000000000000110000000000000000000110000000000110110110110000000000000000000000000110000000000000000000000000000000000110110110110110110110110110110110110110110110000000000000000000000000000000000000000000000000000000000000000000000000000000000000000000000000000000000000000000000000000000000000000000000000000000000000000000000000000000000000000000000000000000000000000000000000000
1100110000000000000000001100000000110000000011110011110000000000001111000000001100000000110000000011001100001100111111001111000011000011100000000000000000000000000000000000000000000000000000000000000000110000110110110110000000000000000000000000110000000000000000000110000000000000110110110110110110110110110110110110110110110000000000000000000000000000000000000000000000000000000000000000000000000000000000000000000000000000000000000000000000000000000000000000000000000000000000000000000000000000000000000000000000000000000000000000000000000000
1100110000001100110000000011000000110000110000000000000000110000000000001111110000110000000011000000111100001100000011110011001100000000100000000000000000000000000000000000000110000000000000000000110000110000110110110110000000000110000000000000000000000000000000000000000000000000000110110000000000000000110110000000100100100000000000000000000000000000000000000000000000000000000000000000000000000000000000000000000000000000000000000000000000000000000000000000000000000000000000000000000000000000000000000000000000000000000000000000000000000000
1111111111000011111100111111110000111100111111110011111111110000111111111100001100111111110011000011001111001111111111001111111111111111100000000000000000000000000000000000000000000000000000000000000000000000000000000000000000000000000000000000000000000000000000000000000000000000110110110110110110110110110110110110110110110000000000000000000000000000000000000000000000000000000000000000000000000000000000000000000000000000000000000000000000000000000000000000000000000000000000000000000000000000000000000000000000000000000000000000000000000000
0000000000111100000000001111001100111100000011000000110000110011000000111100001111000000000000000000001100110000110000110011000000000000100000000000000000000000000000000000000000000000000000000000000000110000110110110110000000000110000000000000000000000000000000000110000000000000000000000000000000000000000000000000100100100000000000000000000000000000000000000000000000000000000000000000000000000000000000000000000000000000000000000000000000000000000000000000000000000000000000000000000000000000000000000000000000000000000000000000000000000000
1111111111111100111111111100111100111111110011110011111100111111001111111111001111110011111111000011111111111100111111111111111111111111100000000000000000000000000000000000000000000000000000000000000000000000110110110110000000000000000000000000110000000000000000000000000000000000000000000000000000000000000000000000100100100000000000000000000000000000000000000000000000000000000000000000000000000000000000000000000000000000000000000000000000000000000000000000000000000000000000000000000000000000000000000000000000000000000000000000000000000000
1111111111000000111100110000110000111100110011110011111100110000001100111100001100110000111111000011001111001100111111001111111111111111100000000000000000000000000000000000000110000000000000000000000000000000110110110110000000000000000000000000110000000000000000000000000000000000110110110110110110110110110110110110110110110000000000000000000000000000000000000000000000000000000000000000000000000000000000000000000000000000000000000000000000000000000000000000000000000000000000000000000000000000000000000000000000000000000000000000000000000000
0000000000000000110000000000000000000000000000000000000011000000000000000000001100000000000000000011000000000000001100000000000000000000100000000000000000000000000000000000000110000000000000000000000000110000000000000000000000000000000000000000110000000000000000000000000000000000110110110110110110110110110110110110110110110000000000000000000000000000000000000000000000000000000000000000000000000000000000000000000000000000000000000000000000000000000000000000000000000000000000000000000000000000000000000000000000000000000000000000000000000000
1100000011000000001100110000110000001100110000000000001100110000000000000000001100110000111111000011001111000000000000000000000000000000100000000000000000000000000000000000000110000000000000000000000000000000110110110110000000000000000000000000110000000000000000000110000000000000110110110110110110110110110110110110110110110000000000000000000000000000000000000000000000000000000000000000000000000000000000000000000000000000000000000000000000000000000000000000000000000000000000000000000000000000000000000000000000000000000000000000000000000000
0000000000111100000000000011001100000000000000000000000000000000000000000000001111000000000000000000000000000000000000110000000000000000100000000000000000000000000000000000000110000000000000000000000000110000110110110110000000000110000000000000000000000000000000000110000000000000000000000000000000000000000000000000100100100000000000000000000000000000000000000000000000000000000000000000000000000000000000000000000000000000000000000000000000000000000000000000000000000000000000000000000000000000000000000000000000000000000000000000000000000000
0011000000000000110000110000000000110000001111000000000011000000000000110000000000001100001100000000001100001100110000001100001100000000100000000000000000000000000000000000000110000000000000000000110000000000000000000000000000000110000000000000110000000000000000000000000000000000110110110110110110110110110110110110110110110000000000000000000000000000000000000000000000000000000000000000000000000000000000000000000000000000000000000000000000000000000000000000000000000000000000000000000000000000000000000000000000000000000000000000000000000000
0000111100111100001111000011111100110011000000000011110000001111000000111111111111000011000011000011001111001100001111110011000000110000100000000000000000000000000000000000000110000000000000000000000000110000110110110110000000000000000000000000000000000000000000000110000000000000000000000000000000000000000000000000100100100000000000000000000000000000000000000000000000000000000000000000000000000000000000000000000000000000000000000000000000000000000000000000000000000000000000000000000000000000000000000000000000000000000000000000000000000000
1100000000000000001100000011000000110000000011000000000011000000000000000000000000000011111100000011001100001100001100000011110000000011100000000000000000000000000000000000000110000000000000000000110000110000000000000000000000000000000000000000000000000000000000000110000000000000110110110110110110110110110110110110110110110000000000000000000000000000000000000000000000000000000000000000000000000000000000000000000000000000000000000000000000000000000000000000000000000000000000000000000000000000000000000000000000000000000000000000000000000000
1111111111001100111111000011110000111100110011110011110000110000001100111111111100110011111111000011111111111111111111111111111100111111100000000000000000000000000000000000000110000000000000000000000000110000110110110110000000000000000000000000000000000000000000000000000000000000000110110000000000000000110110000000100100100000000000000000000000000000000000000000000000000000000000000000000000000000000000000000000000000000000000000000000000000000000000000000000000000000000000000000000000000000000000000000000000000000000000000000000000000000
0000000000001100000000000011000000000000000000000000000000000000000000000011001100000000000000000011000000000000000000110000000000000000100000000000000000000000000000000000000110000000000000000000000000110000110110110110000000000000000000000000000000000000000000000110000000000000000110110000000000000000110110000000100100100000000000000000000000000000000000000000000000000000000000000000000000000000000000000000000000000000000000000000000000000000000000000000000000000000000000000000000000000000000000000000000000000000000000000000000000000000
1100001100000000111100111100000000111100110011110011001100000000000011001100000000110000000000000011001111000000111100000000110000001111100000000000000000000000000000000000000000000000000000000000110000000000110110110110000000000000000000000000110000000000000000000000000000000000110110110110110110110110110110110110110110110000000000000000000000000000000000000000000000000000000000000000000000000000000000000000000000000000000000000000000000000000000000000000000000000000000000000000000000000000000000000000000000000000000000000000000000000000
0000000000111100000000000000001100000000000000000000000000000000000000000011001111000000000000000011000000000000000000110000000000000000100000000000000000000000000000000000000110000000000000000000000000110000110110110110000000000000000000000000110000000000000000000110000000000000000000000000000000000000000000000000100100100000000000000000000000000000000000000000000000000000000000000000000000000000000000000000000000000000000000000000000000000000000000000000000000000000000000000000000000000000000000000000000000000000000000000000000000000000
1100001100001100110011110011110000111100110011110011001100000000001100111111111100110000000000000011110000110011001100110011001111000011100000000000000000000000000000000000000110000000000000000000000000000000110110110110000000000000000000000000000000000000000000000000000000000000000110110000000000000000110110000000100100100000000000000000000000000000000000000000000000000000000000000000000000000000000000000000000000000000000000000000000000000000000000000000000000000000000000000000000000000000000000000000000000000000000000000000000000000000
1111111111000000001100110000110000111100110011110000111100110000001100111100001100110011111111000000001111001100001111001111110011111111100000000000000000000000000000000000000110000000000000000000000000000000110110110110000000000110000000000000110000000000000000000110000000000000110110110110110110110110110110110110110110110000000000000000000000000000000000000000000000000000000000000000000000000000000000000000000000000000000000000000000000000000000000000000000000000000000000000000000000000000000000000000000000000000000000000000000000000000
1111111100000011111100001100110000001100111111110011110011110000110011001100000000111111001100000011001100001100111111001100111100000011100000000000000000000000000000000000000000000000000000000000110000110000000000000000000000000000000000000000110000000000000000000000000000000000110110110110110110110110110110110110110110110000000000000000000000000000000000000000000000000000000000000000000000000000000000000000000000000000000000000000000000000000000000000000000000000000000000000000000000000000000000000000000000000000000000000000000000000000
0011111100111100110011000000001100110011110000000000000011001111001100001100111111001100111100000011001111110000110011110000001100110000100000000000000000000000000000000000000110000000000000000000000000110000000000000000000000000000000000000000110000000000000000000000000000000000000000000000000000000000000000000000100100100000000000000000000000000000000000000000000000000000000000000000000000000000000000000000000000000000000000000000000000000000000000000000000000000000000000000000000000000000000000000000000000000000000000000000000000000000
1111111111001100001100000000110000111100110011110011110000110000001100111111111100110011111111000011111111001100111111001111110011111111100000000000000000000000000000000000000110000000000000000000000000110000110110110110000000000000000000000000110000000000000000000110000000000000000110110000000110110110110110000000100100100000000000000000000000000000000000000000000000000000000000000000000000000000000000000000000000000000000000000000000000000000000000000000000000000000000000000000000000000000000000000000000000000000000000000000000000000000
1111000000111100000000000011111100110011000000110011110000000000001100111111001111110000001111000011111111110011000011111100000000110000100000000000000000000000000000000000000110000000000000000000000000110000110110110110000000000000000000000000000000000000000000000110000000000000000000000000000000000000000000000000100100100000000000000000000000000000000000000000000000000000000000000000000000000000000000000000000000000000000000000000000000000000000000000000000000000000000000000000000000000000000000000000000000000000000000000000000000000000
0000000000000000000000110000000000000000000000000000000011000000000000000000001100000000000000000011000000000000000000000000000000000000100000000000000000000000000000000000000110000000000000000000000000000000000000000000000000000000000000000000110000000000000000000110000000000000110110110110110110110110110110110110110110110000000000000000000000000000000000000000000000000000000000000000000000000000000000000000000000000000000000000000000000000000000000000000000000000000000000000000000000000000000000000000000000000000000000000000000000000000
1111111111111111111111111111111100111111111111110011111111111111111111111111111111111111111111000011111111111111111111110011111111111111100000000000000000000000000000000000000000000000000000000000000000000000000000000000000000000000000000000000000000000000000000000000000000000000000000000000000000000000000000000000100100100000000000000000000000000000000000000000000000000000000000000000000000000000000000000000000000000000000000000000000000000000000000000000000000000000000000000000000000000000000000000000000000000000000000000000000000000000
1100111100111100110000001100001100000011110000110000110000000000001100111100001111110000111111000011111111000000111111110011110011111100100000000000000000000000000000000000000000000000000000000000000000110000110110110110000000000000000000000000110000000000000000000000000000000000000000000000000000000000000000000000100100100000000000000000000000000000000000000000000000000000000000000000000000000000000000000000000000000000000000000000000000000000000000000000000000000000000000000000000000000000000000000000000000000000000000000000000000000000
0011111100001100000000000000000000000000110000110000000000000000000000000011001100110000001100000000001100000000001100000000110000111100100000000000000000000000000000000000000110000000000000000000000000110000110110110110000000000110000000000000110000000000000000000110000000000000000110110000000110110110110110000000100100100000000000000000000000000000000000000000000000000000000000000000000000000000000000000000000000000000000000000000000000000000000000000000000000000000000000000000000000000000000000000000000000000000000000000000000000000000
0011111111000000001100110000110000001100110000000011000000110000000000111100001100000000111111000011000011001100001111001111110000001111100000000000000000000000000000000000000110000000000000000000000000000000110110110110000000000000000000000000110000000000000000000110000000000000110110110110110110110110110110110110110110110000000000000000000000000000000000000000000000000000000000000000000000000000000000000000000000000000000000000000000000000000000000000000000000000000000000000000000000000000000000000000000000000000000000000000000000000000
0000000000001100000000000000000000000000000000110000000000000000000000000000001100000000000000000011000000000000000000000000000000000000100000000000000000000000000000000000000110000000000000000000000000110000110110110110000000000000000000000000110000000000000000000110000000000000000110110000000110110110110110000000100100100000000000000000000000000000000000000000000000000000000000000000000000000000000000000000000000000000000000000000000000000000000000000000000000000000000000000000000000000000000000000000000000000000000000000000000000000000
0000000000111100000000001100001100000000000000000000000011000000110000000000001111000000000000000011000000000000000000110000000000000000100000000000000000000000000000000000000000000000000000000000000000110000000000000000000000000000000000000000110000000000000000000110000000000000000000000000000000000000000000000000100100100000000000000000000000000000000000000000000000000000000000000000000000000000000000000000000000000000000000000000000000000000000000000000000000000000000000000000000000000000000000000000000000000000000000000000000000000000
1111111111001100111100001100111100111111110011110011110000111100001111111111111100110011111111000011111111001100111111001100111111111111100000000000000000000000000000000000000000000000000000000000000000110000110110110110000000000000000000000000110000000000000000000000000000000000000000000000000110110110110110000000100100100000000000000000000000000000000000000000000000000000000000000000000000000000000000000000000000000000000000000000000000000000000000000000000000000000000000000000000000000000000000000000000000000000000000000000000000000000
0011111111111111000000110000000000111100000000110000111111000000000000000011001111000000000000000011111100000000000000110011000000111100100000000000000000000000000000000000000110000000000000000000000000000000000000000000000000000000000000000000110000000000000000000110000000000000000110110000000000000000000000000000100100100000000000000000000000000000000000000000000000000000000000000000000000000000000000000000000000000000000000000000000000000000000000000000000000000000000000000000000000000000000000000000000000000000000000000000000000000000
1111111111000000001100000011110000000000000011000000110000110000000000000000001100110000000000000000000000000011000000001100000011110000100000000000000000000000000000000000000110000000000000000000000000110000110110110110000000000110000000000000000000000000000000000110000000000000110110110110110110110110110110110110110110110000000000000000000000000000000000000000000000000000000000000000000000000000000000000000000000000000000000000000000000000000000000000000000000000000000000000000000000000000000000000000000000000000000000000000000000000000
1111001111111100111111110011111100111111110011110000111100111100001100111111111100110011111111000000111111111111111111111111111111111111100000000000000000000000000000000000000110000000000000000000000000000000110110110110000000000110000000000000000000000000000000000000000000000000000000000000000000000000000110000000100100100000000000000000000000000000000000000000000000000000000000000000000000000000000000000000000000000000000000000000000000000000000000000000000000000000000000000000000000000000000000000000000000000000000000000000000000000000
1111111100000000000000110011110000111100000011000011110000000000001100111100001100000011001111000011000000000011001111000000110000001111100000000000000000000000000000000000000110000000000000000000000000000000110110110110000000000000000000000000000000000000000000000110000000000000110110110110110110110110110110110110110110110000000000000000000000000000000000000000000000000000000000000000000000000000000000000000000000000000000000000000000000000000000000000000000000000000000000000000000000000000000000000000000000000000000000000000000000000000
0000000011111100110011110011001100000000000000000000000000111100001100000000001100110000110011000000000011001100111100110011110011000000100000000000000000000000000000000000000110000000000000000000000000000000110110110110000000000110000000000000000000000000000000000000000000000000000000000000000000000000000110000000100100100000000000000000000000000000000000000000000000000000000000000000000000000000000000000000000000000000000000000000000000000000000000000000000000000000000000000000000000000000000000000000000000000000000000000000000000000000
1111111100000000111100111111110000111100110011110011111100110000001111111100001100110011111111000011001111001111111111001111111111111111100000000000000000000000000000000000000000000000000000000000000000000000110110110110000000000000000000000000000000000000000000000000000000000000110110110110110110110110110110110110110110110000000000000000000000000000000000000000000000000000000000000000000000000000000000000000000000000000000000000000000000000000000000000000000000000000000000000000000000000000000000000000000000000000000000000000000000000000
0000000000111100000000000000001100000000000000000000000011000000000000000000001111000000000000000011000000000000000000110000000000000000100000000000000000000000000000000000000110000000000000000000000000110000000000000000000000000000000000000000110000000000000000000110000000000000000000000000000000000000000000000000100100100000000000000000000000000000000000000000000000000000000000000000000000000000000000000000000000000000000000000000000000000000000000000000000000000000000000000000000000000000000000000000000000000000000000000000000000000000
0000000000111100110000110000001100000011000000000000000011000000000000000000000011000000000000000011000000000000000000110000000000000000100000000000000000000000000000000000000110000000000000000000110000000000000000000000000000000000000000000000110000000000000000000000000000000000000000000000000000000000000000000000100100100000000000000000000000000000000000000000000000000000000000000000000000000000000000000000000000000000000000000000000000000000000000000000000000000000000000000000000000000000000000000000000000000000000000000000000000000000
1111111100000000001100001100110000111100110000110011110000110000001111111100000000000000000011000011001111000000000000001111110011000011100000000000000000000000000000000000000000000000000000000000110000110000110110110110000000000000000000000000110000000000000000000110000000000000110110110110110110110110110110110110110110110000000000000000000000000000000000000000000000000000000000000000000000000000000000000000000000000000000000000000000000000000000000000000000000000000000000000000000000000000000000000000000000000000000000000000000000000000
1111111111001100110000001100110000111100110000110000110000110000000011001100000000110000111111000000111111001100001100001111111100001111100000000000000000000000000000000000000000000000000000000000110000110000110110110110000000000110000000000000110000000000000000000000000000000000000110110000000110110110110110000000100100100000000000000000000000000000000000000000000000000000000000000000000000000000000000000000000000000000000000000000000000000000000000000000000000000000000000000000000000000000000000000000000000000000000000000000000000000000
1111111111000000111100000000110000111100110011110000110000110000001100111100000000110000111111000000001111001100111111001111111111001111100000000000000000000000000000000000000110000000000000000000110000110000110110110110000000000110000000000000110000000000000000000000000000000000110110110110110110110110110110110110110110110000000000000000000000000000000000000000000000000000000000000000000000000000000000000000000000000000000000000000000000000000000000000000000000000000000000000000000000000000000000000000000000000000000000000000000000000000
0000000000111100110000110000001100000000000000000000000011001100000000000000000011000000000000000011000000000000000000110000000000000000100000000000000000000000000000000000000110000000000000000000110000000000000000000000000000000000000000000000110000000000000000000000000000000000000000000000000000000000000000000000100100100000000000000000000000000000000000000000000000000000000000000000000000000000000000000000000000000000000000000000000000000000000000000000000000000000000000000000000000000000000000000000000000000000000000000000000000000000
0000000000000000110000000000000000000000000000000000000000000000000000000000001100000000000000000011000000000000110000000000000000000000100000000000000000000000000000000000000110000000000000000000000000110000110110110110000000000000000000000000110000000000000000000000000000000000110110110110110110110110110110110110110110110000000000000000000000000000000000000000000000000000000000000000000000000000000000000000000000000000000000000000000000000000000000000000000000000000000000000000000000000000000000000000000000000000000000000000000000000000
1100111100111100111111110011001100001100110000000000001100001111000000111100111111110011111111000000000000110000001100110000000000111100100000000000000000000000000000000000000110000000000000000000000000000000110110110110000000000110000000000000000000000000000000000000000000000000000000000000000000000000000000000000100100100000000000000000000000000000000000000000000000000000000000000000000000000000000000000000000000000000000000000000000000000000000000000000000000000000000000000000000000000000000000000000000000000000000000000000000000000000
0011110000111100111111111100111100110011000000110000000000111111001111111111001111000000001100000000110000000000111100110000001111110000100000000000000000000000000000000000000000000000000000000000000000000000110110110110000000000110000000000000110000000000000000000000000000000000000000000000000000000000000000000000100100100000000000000000000000000000000000000000000000000000000000000000000000000000000000000000000000000000000000000000000000000000000000000000000000000000000000000000000000000000000000000000000000000000000000000000000000000000
1111001111111100111111001100110000001100110000000011110000000000001111001111001100110000111111000011001111001100001111110011000000111100100000000000000000000000000000000000000000000000000000000000000000110000110110110110000000000000000000000000110000000000000000000000000000000000000110110000000000000000000110000000100100100000000000000000000000000000000000000000000000000000000000000000000000000000000000000000000000000000000000000000000000000000000000000000000000000000000000000000000000000000000000000000000000000000000000000000000000000000
1100111111000000001100110000110000111100110011110011111100110000001100111100001100110011111111000011001111001100111111001111110011111111100000000000000000000000000000000000000110000000000000000000000000000000110110110110000000000000000000000000110000000000000000000110000000000000110110110110110110110110110110110110110110110000000000000000000000000000000000000000000000000000000000000000000000000000000000000000000000000000000000000000000000000000000000000000000000000000000000000000000000000000000000000000000000000000000000000000000000000000
1111111111111100111111111111111100111111110011110011111100111111001111111111111111110011111111000011111111111111111111111111001111111111100000000000000000000000000000000000000000000000000000000000000000000000110110110110000000000000000000000000000000000000000000000000000000000000000000000000000000000000000000000000100100100000000000000000000000000000000000000000000000000000000000000000000000000000000000000000000000000000000000000000000000000000000000000000000000000000000000000000000000000000000000000000000000000000000000000000000000000000
0000110000001100111111001100000000111100110011000000000000000000001100001111111100000011111111000011001111001100111100110011110011111111100000000000000000000000000000000000000000000000000000000000000000110000110110110110000000000000000000000000110000000000000000000000000000000000000110110000000000000000110110000000100100100000000000000000000000000000000000000000000000000000000000000000000000000000000000000000000000000000000000000000000000000000000000000000000000000000000000000000000000000000000000000000000000000000000000000000000000000000
1100111100000000001100000011110000001100000011110000000000110000001100111100001100110011111111000011001111000011110011000011110000110011100000000000000000000000000000000000000110000000000000000000000000110000110110110110000000000000000000000000000000000000000000000110000000000000110110110110110110110110110110110110110110110000000000000000000000000000000000000000000000000000000000000000000000000000000000000000000000000000000000000000000000000000000000000000000000000000000000000000000000000000000000000000000000000000000000000000000000000000
1111001111111100110011001111001100000011110000110011000000111100001111110011111111110000111100000011111100000011111111110011110011111111100000000000000000000000000000000000000000000000000000000000000000110000110110110110000000000000000000000000000000000000000000000000000000000000000000000000000000000000000000000000100100100000000000000000000000000000000000000000000000000000000000000000000000000000000000000000000000000000000000000000000000000000000000000000000000000000000000000000000000000000000000000000000000000000000000000000000000000000
0000000000111100000000000000000000000000000000000000000011000000110000000000001111000000000000000011000000000000000000110000000000000000100000000000000000000000000000000000000110000000000000000000000000110000000000000000000000000000000000000000110000000000000000000110000000000000000110110000000000000000000000000000100100100000000000000000000000000000000000000000000000000000000000000000000000000000000000000000000000000000000000000000000000000000000000000000000000000000000000000000000000000000000000000000000000000000000000000000000000000000
0000001111111100111100110011111100110011000011000000111100001100000000000000111100110000000011000000111100001111111100110000001111110000100000000000000000000000000000000000000110000000000000000000000000000000110110110110000000000110000000000000000000000000000000000000000000000000000000000000000000000000000110000000100100100000000000000000000000000000000000000000000000000000000000000000000000000000000000000000000000000000000000000000000000000000000000000000000000000000000000000000000000000000000000000000000000000000000000000000000000000000
1100110000000000110000000000000000000000110011110000000000000000000000000000000000000000000011000011001111001100000000000000111100000000100000000000000000000000000000000000000110000000000000000000110000110000110110110110000000000000000000000000110000000000000000000000000000000000110110110110110110110110110110110110110110110000000000000000000000000000000000000000000000000000000000000000000000000000000000000000000000000000000000000000000000000000000000000000000000000000000000000000000000000000000000000000000000000000000000000000000000000000
1111111111001100001100000000110000111100110011110011110000110000001100111100111100110011111111000011111111001100111111001111110011111111100000000000000000000000000000000000000110000000000000000000000000110000110110110110000000000000000000000000110000000000000000000110000000000000000110110000000110110110110110000000100100100000000000000000000000000000000000000000000000000000000000000000000000000000000000000000000000000000000000000000000000000000000000000000000000000000000000000000000000000000000000000000000000000000000000000000000000000000
0000000000000000000000000000000000000000000000000000000000000000000000000000001100000000000000000011000000000000000000000000000000000000100000000000000000000000000000000000000110000000000000000000000000110000110110110110000000000000000000000000110000000000000000000110000000000000110110110110110110110110110110110110110110110000000000000000000000000000000000000000000000000000000000000000000000000000000000000000000000000000000000000000000000000000000000000000000000000000000000000000000000000000000000000000000000000000000000000000000000000000
1111111111111100111111001100111100111111110011110011110000111111001111111111111111110011111111000011001111111100111111111111111111111111100000000000000000000000000000000000000000000000000000000000000000110000110110110110000000000000000000000000110000000000000000000000000000000000000000000000000000000000000000000000100100100000000000000000000000000000000000000000000000000000000000000000000000000000000000000000000000000000000000000000000000000000000000000000000000000000000000000000000000000000000000000000000000000000000000000000000000000000
0011110011000000110000111111000000111100110011110011111100110000001100000000001100110011111100000011001111001111001111001111111100111100100000000000000000000000000000000000000000000000000000000000000000000000110110110110000000000000000000000000000000000000000000000000000000000000110110110110110110110110110110110110110110110000000000000000000000000000000000000000000000000000000000000000000000000000000000000000000000000000000000000000000000000000000000000000000000000000000000000000000000000000000000000000000000000000000000000000000000000000
1111111111000000111100110000110000111100110011110011111100110000001100111100001100110011111111000011001111001100111100001111111111111111100000000000000000000000000000000000000110000000000000000000000000000000110110110110000000000000000000000000110000000000000000000000000000000000110110110110110110110110110110110110110110110000000000000000000000000000000000000000000000000000000000000000000000000000000000000000000000000000000000000000000000000000000000000000000000000000000000000000000000000000000000000000000000000000000000000000000000000000
1111111111001100001100001100110000111100110011110000110000110000001111110011110000110011111111000000111111001100111111001111110011001111100000000000000000000000000000000000000000000000000000000000110000110000110110110110000000000110000000000000110000000000000000000110000000000000000110110000000110110110110110000000100100100000000000000000000000000000000000000000000000000000000000000000000000000000000000000000000000000000000000000000000000000000000000000000000000000000000000000000000000000000000000000000000000000000000000000000000000000000
0011000000000000001100111100000000110000110011110000111100110000000000000000001100110000000011000000000000001100111100000000110000111111100000000000000000000000000000000000000000000000000000000000000000000000110110110110000000000110000000000000110000000000000000000110000000000000110110110110110110110110110110110110110110110000000000000000000000000000000000000000000000000000000000000000000000000000000000000000000000000000000000000000000000000000000000000000000000000000000000000000000000000000000000000000000000000000000000000000000000000000
0000000000111100000000000000001100000000000000000000000011000000110000000000001111000000000000000011000000000000000000110000000000000000100000000000000000000000000000000000000110000000000000000000000000110000000000000000000000000000000000000000110000000000000000000110000000000000000000000000000000000000000000000000100100100000000000000000000000000000000000000000000000000000000000000000000000000000000000000000000000000000000000000000000000000000000000000000000000000000000000000000000000000000000000000000000000000000000000000000000000000000
0000000000111100000011000000000000000000000000000000000011000000000000000000001111000000000000000011000000000000000000110000000000000000100000000000000000000000000000000000000110000000000000000000000000110000000000000000000000000000000000000000110000000000000000000110000000000000000110110000000000000000000000000000100100100000000000000000000000000000000000000000000000000000000000000000000000000000000000000000000000000000000000000000000000000000000000000000000000000000000000000000000000000000000000000000000000000000000000000000000000000000
1111111100000000111100110011000000110000000011000011001100110000000000110000001100000011001100000011000000000000001100000000001100001111100000000000000000000000000000000000000110000000000000000000000000000000110110110110000000000000000000000000000000000000000000000000000000000000110110110110110110110110110110110110110110110000000000000000000000000000000000000000000000000000000000000000000000000000000000000000000000000000000000000000000000000000000000000000000000000000000000000000000000000000000000000000000000000000000000000000000000000000
0000000000111100110000110000001100000000000000000000000011000000110000000000000011000000000000000011000000000000000000110000000000000000100000000000000000000000000000000000000110000000000000000000110000000000000000000000000000000000000000000000110000000000000000000000000000000000000000000000000000000000000000000000100100100000000000000000000000000000000000000000000000000000000000000000000000000000000000000000000000000000000000000000000000000000000000000000000000000000000000000000000000000000000000000000000000000000000000000000000000000000
1111111111111111111111111111111100111111111111110011111111111111111111111111111111111111111111000011111111111111111111111111111111111111100000000000000000000000000000000000000000000000000000000000000000000000000000000000000000000000000000000000000000000000000000000000000000000000000000000000000000000000000000000000100100100000000000000000000000000000000000000000000000000000000000000000000000000000000000000000000000000000000000000000000000000000000000000000000000000000000000000000000000000000000000000000000000000000000000000000000000000000
1111111111000011111100111111110000111100111111110011111111110000111111111100001100111111111111000011001111001111111111001111111111111111100000000000000000000000000000000000000000000000000000000000000000000000000000000000000000000000000000000000000000000000000000000000000000000000110110110110110110110110110110110110110110110000000000000000000000000000000000000000000000000000000000000000000000000000000000000000000000000000000000000000000000000000000000000000000000000000000000000000000000000000000000000000000000000000000000000000000000000000
1100111100111100110000111111111100111100110000110000111100001111001100111100111111000011000000000000111100111111001100110011111111001111100000000000000000000000000000000000000000000000000000000000000000000000110110110110000000000110000000000000000000000000000000000000000000000000000000000000000000000000000000000000100100100000000000000000000000000000000000000000000000000000000000000000000000000000000000000000000000000000000000000000000000000000000000000000000000000000000000000000000000000000000000000000000000000000000000000000000000000000
0011111111000000111100111111110000111100110011110011111100110000001111111100001100110011111111000011001111001111111100001111111111111111100000000000000000000000000000000000000000000000000000000000000000000000110110110110000000000000000000000000000000000000000000000000000000000000110110110110110110110110110110110110110110110000000000000000000000000000000000000000000000000000000000000000000000000000000000000000000000000000000000000000000000000000000000000000000000000000000000000000000000000000000000000000000000000000000000000000000000000000
1111111111000000111100111111110000111100110011110011111100110000001111111100001100110011111111000011001111001111111111001111001111110011100000000000000000000000000000000000000000000000000000000000000000000000110110110110000000000000000000000000000000000000000000000000000000000000110110110110110110110110110110110110110110110000000000000000000000000000000000000000000000000000000000000000000000000000000000000000000000000000000000000000000000000000000000000000000000000000000000000000000000000000000000000000000000000000000000000000000000000000
1111111111111100111111111100111100110011110011110011111100111111001111111111111111110011111111000011111111111100111111111111111111111111100000000000000000000000000000000000000000000000000000000000000000000000110110110110000000000000000000000000110000000000000000000000000000000000000000000000000000000000000000000000100100100000000000000000000000000000000000000000000000000000000000000000000000000000000000000000000000000000000000000000000000000000000000000000000000000000000000000000000000000000000000000000000000000000000000000000000000000000
0000000000111100000000000000001100000000000000000000000000000000000000000000001111000000000000000011000000000000110000110000000000000000100000000000000000000000000000000000000110000000000000000000000000110000110110110110000000000000000000000000110000000000000000000110000000000000000000000000000000000000000000000000100100100000000000000000000000000000000000000000000000000000000000000000000000000000000000000000000000000000000000000000000000000000000000000000000000000000000000000000000000000000000000000000000000000000000000000000000000000000
1111111111000000001100000000110000111100110011110000110000110000001100001100000000110011111111000000001111001100111111001111110011001111100000000000000000000000000000000000000110000000000000000000110000110000110110110110000000000110000000000000110000000000000000000110000000000000110110110110110110110110110110110110110110110000000000000000000000000000000000000000000000000000000000000000000000000000000000000000000000000000000000000000000000000000000000000000000000000000000000000000000000000000000000000000000000000000000000000000000000000000
0000000000000000111100001100000000110000000000000000000000000000000011001100001100110011000011000011000000001100000000000011111100001100100000000000000000000000000000000000000000000000000000000000000000110000110110110110000000000000000000000000110000000000000000000000000000000000110110110110110110110110110110110110110110110000000000000000000000000000000000000000000000000000000000000000000000000000000000000000000000000000000000000000000000000000000000000000000000000000000000000000000000000000000000000000000000000000000000000000000000000000
1111111100111100111111000011111100111111110011110011110000111111001100111111111111110011111111000011111111111111111111111111111111111111100000000000000000000000000000000000000110000000000000000000000000110000110110110110000000000000000000000000000000000000000000000000000000000000000000000000000000000000000000000000100100100000000000000000000000000000000000000000000000000000000000000000000000000000000000000000000000000000000000000000000000000000000000000000000000000000000000000000000000000000000000000000000000000000000000000000000000000000
0000000011111111110011000011111100000000110011110000110011001111110000001100001111000011000011000011111100000000000000110011001111111100100000000000000000000000000000000000000110000000000000000000000000110000000000000000000000000000000000000000000000000000000000000000000000000000000000000000000000000000000000000000100100100000000000000000000000000000000000000000000000000000000000000000000000000000000000000000000000000000000000000000000000000000000000000000000000000000000000000000000000000000000000000000000000000000000000000000000000000000
0011000000111100110011110011001100000011000011000000111100001111001100001111001111000011111100000000001111110011001111110011000000000000100000000000000000000000000000000000000110000000000000000000000000000000110110110110000000000110000000000000000000000000000000000000000000000000000000000000000000000000000000000000100100100000000000000000000000000000000000000000000000000000000000000000000000000000000000000000000000000000000000000000000000000000000000000000000000000000000000000000000000000000000000000000000000000000000000000000000000000000
0000111100000000110000110000000000110000000000000000111100110000000000111100001100000000001100000011000000001100111100001100000000000000100000000000000000000000000000000000000110000000000000000000000000000000110110110110000000000000000000000000110000000000000000000000000000000000110110110110110110110110110110110110110110110000000000000000000000000000000000000000000000000000000000000000000000000000000000000000000000000000000000000000000000000000000000000000000000000000000000000000000000000000000000000000000000000000000000000000000000000000
0000000000111100000000000011001100000000000000000000000011001100000000000000001111000000000000000011000000000000000000110000000000000000100000000000000000000000000000000000000110000000000000000000000000110000000000000000000000000000000000000000000000000000000000000110000000000000000000000000000000000000000000000000100100100000000000000000000000000000000000000000000000000000000000000000000000000000000000000000000000000000000000000000000000000000000000000000000000000000000000000000000000000000000000000000000000000000000000000000000000000000
0000000000001100000000001100001100000000000000000000000000000000000000000000001100000000000000000011000000000000000000110000000000000000100000000000000000000000000000000000000000000000000000000000000000110000110110110110000000000000000000000000110000000000000000000110000000000000000000000000000000000000110110000000100100100000000000000000000000000000000000000000000000000000000000000000000000000000000000000000000000000000000000000000000000000000000000000000000000000000000000000000000000000000000000000000000000000000000000000000000000000000
0011110000000000110000000011110000001100000000000011000000110000000000111100001100110000111111000011000000001111111111001100111100000011100000000000000000000000000000000000000110000000000000000000000000110000110110110110000000000000000000000000000000000000000000000000000000000000110110110110110110110110110110110110110110110000000000000000000000000000000000000000000000000000000000000000000000000000000000000000000000000000000000000000000000000000000000000000000000000000000000000000000000000000000000000000000000000000000000000000000000000000
1111111100000000111100110000000000111100000011110011111100000000000000110000001100000000110000000011001111001100110011001111110000110000100000000000000000000000000000000000000110000000000000000000000000000000110110110110000000000000000000000000110000000000000000000000000000000000110110110110110110110110110110110110110110110000000000000000000000000000000000000000000000000000000000000000000000000000000000000000000000000000000000000000000000000000000000000000000000000000000000000000000000000000000000000000000000000000000000000000000000000000
0011110011111100111111111100000000000000110011110011110000000011000011110011111111110000111111000011111100001100111111110000111100110011100000000000000000000000000000000000000000000000000000000000000000000000110110110110000000000000000000000000110000000000000000000000000000000000000110110000000000000000000000000000100100100000000000000000000000000000000000000000000000000000000000000000000000000000000000000000000000000000000000000000000000000000000000000000000000000000000000000000000000000000000000000000000000000000000000000000000000000000
1111111111111100111111000011001100111111110011110011110000111111001100111111111111110011111111000011111111111111111111111111111111111111100000000000000000000000000000000000000110000000000000000000000000110000110110110110000000000000000000000000000000000000000000000000000000000000000000000000000000000000000000000000100100100000000000000000000000000000000000000000000000000000000000000000000000000000000000000000000000000000000000000000000000000000000000000000000000000000000000000000000000000000000000000000000000000000000000000000000000000000
0000000011001100000000110000000000111100000000110000000000000000000000110000001100110000000000000011110000000000000000000011000011110000100000000000000000000000000000000000000110000000000000000000000000000000110110110110000000000000000000000000110000000000000000000110000000000000000110110000000110110110110110000000100100100000000000000000000000000000000000000000000000000000000000000000000000000000000000000000000000000000000000000000000000000000000000000000000000000000000000000000000000000000000000000000000000000000000000000000000000000000
0011001111001100111100110011111100111100110011110011110000001100000000001111110000110000001111000011111111001111110011001100111111001111100000000000000000000000000000000000000110000000000000000000110000000000110110110110000000000000000000000000000000000000000000000000000000000000000000000000000110110110110110000000100100100000000000000000000000000000000000000000000000000000000000000000000000000000000000000000000000000000000000000000000000000000000000000000000000000000000000000000000000000000000000000000000000000000000000000000000000000000
~~~
0.0 504.0 18.0 116.0 406.065829951
0.0 470.0 39.0 171.0 729.514697478
0.0 461.0 40.0 227.0 838.08394099
0.0 455.0 46.0 214.0 874.200418867
0.0 476.0 31.0 179.0 650.415409182
0.0 413.0 64.0 352.0 1309.41897996
0.0 486.0 33.0 117.0 553.888392152
0.0 418.0 58.0 355.0 1184.45515782
0.0 419.0 60.0 336.0 1234.16895369
0.0 497.0 21.0 128.0 500.42920271
0.0 465.0 33.0 238.0 791.500339261
0.0 510.0 17.0 78.0 337.208146204
0.0 475.0 33.0 187.0 706.60172317
0.0 462.0 38.0 217.0 788.559777986
0.0 473.0 36.0 147.0 736.136221364
0.0 424.0 55.0 323.0 1164.88946795
0.0 506.0 17.0 97.0 385.578434439
0.0 453.0 45.0 241.0 884.905024127
0.0 508.0 15.0 96.0 354.292181269
0.0 458.0 39.0 241.0 810.36003693
0.0 423.0 58.0 308.0 1193.93954803
0.0 437.0 51.0 297.0 1088.48140362
0.0 472.0 36.0 188.0 706.394453304
0.0 426.0 54.0 318.0 1158.68315439
0.0 464.0 38.0 217.0 778.294923361
0.0 499.0 22.0 117.0 477.348418593
0.0 414.0 61.0 357.0 1255.20547239
0.0 460.0 41.0 230.0 810.907390099
0.0 478.0 29.0 187.0 664.542316536
0.0 445.0 46.0 286.0 988.413752549
0.0 502.0 20.0 116.0 430.187134943
0.0 514.0 16.0 70.0 307.540766763
0.0 422.0 55.0 353.0 1170.25041058
0.0 482.0 30.0 143.0 622.80317193
0.0 463.0 39.0 222.0 826.187576603
0.0 422.0 56.0 326.0 1154.00482054
0.0 449.0 46.0 242.0 947.586324885
0.0 480.0 27.0 188.0 623.00370467
0.0 415.0 62.0 354.0 1267.26812021
0.0 516.0 14.0 60.0 292.513402418
0.0 514.0 15.0 72.0 299.214223955
0.0 443.0 51.0 276.0 999.870993524
0.0 446.0 45.0 290.0 955.16356505
0.0 425.0 59.0 304.0 1188.50645414
0.0 514.0 15.0 66.0 305.317322993
0.0 491.0 24.0 150.0 546.156346787
0.0 466.0 36.0 200.0 735.172780116
0.0 464.0 37.0 242.0 758.423451766
0.0 454.0 37.0 277.0 884.752498421
0.0 421.0 60.0 312.0 1215.39840743
0.0 416.0 59.0 360.0 1203.65576969
0.0 456.0 39.0 232.0 851.205941245
0.0 441.0 51.0 250.0 1047.83755637
0.0 448.0 41.0 290.0 909.147275568
0.0 512.0 16.0 70.0 337.977829156
0.0 466.0 34.0 222.0 738.514004261
0.0 471.0 33.0 205.0 733.458668464
0.0 428.0 54.0 313.0 1137.55030647
0.0 493.0 23.0 145.0 525.587304237
0.0 420.0 57.0 344.0 1176.8159546
0.0 435.0 51.0 303.0 1079.51025314
0.0 419.0 58.0 340.0 1234.79525752
0.0 430.0 53.0 309.0 1110.26930995
0.0 457.0 41.0 242.0 864.10467482
0.0 514.0 16.0 60.0 311.455583304
0.0 512.0 14.0 87.0 333.108217589
0.0 459.0 39.0 235.0 832.707486083
0.0 514.0 16.0 63.0 306.238457014
0.0 412.0 62.0 364.0 1268.06301869
0.0 411.0 65.0 359.0 1334.92423803
0.0 452.0 45.0 222.0 851.107056945
0.0 417.0 60.0 358.0 1257.74335068
0.0 417.0 61.0 352.0 1255.05082066
0.0 418.0 57.0 361.0 1179.18244226
0.0 508.0 17.0 91.0 355.881599185
0.0 427.0 58.0 287.0 1173.51731636
0.0 469.0 34.0 221.0 746.827859171
0.0 420.0 57.0 336.0 1182.14036321
0.0 474.0 33.0 182.0 699.896941392
0.0 468.0 36.0 181.0 724.651213659
0.0 467.0 37.0 212.0 763.78467988
0.0 514.0 16.0 59.0 314.973147954
0.0 510.0 16.0 96.0 329.569825458
0.0 451.0 41.0 276.0 942.236570737
0.0 447.0 50.0 234.0 958.088968746
0.0 450.0 39.0 292.0 906.450216646
0.0 420.0 58.0 329.0 1182.53536708
0.0 484.0 29.0 171.0 594.2598646
0.0 442.0 49.0 285.0 999.391292678
~~~
2.63058400154
