1111011111111111111101111111111110011011111111001
1111111111111111111101111111111111011011111011001
1100011111111111011110110101111110011011110000000
1100011111111110010000110101111100011010000011100
1111111111111111111101111111111111011011110111001
1111111111111111111101110101111111111011110011100
1000000000000000010000111101100000011010000011010
1111111111111110111101111111111111011011111111001
1111111111111110111110111101111101111011110011100
1100010110111111110000110101111110000001110111100
1111111111111110011110110011111010111011110111010
1111111111111111111101111111111110011011111011001
1000000000000000010000110101100000011010000011100
1000000000000000011110111011100000011011111111010
1000000000000000010000111101100000000001110011100
1000000000000000011110111111100000011010000000000
1111011111111111111101111101111111011011110111100
1111111110000000011110111001100000011011110111100
1000000000000000010000110101100000000001110011100
1000000000000000011101110101100000000001110011100
1100011111110111110000110111111100111101101011010
1000000000000000010000110011100000011101100100000
1000000000000000011110111011100000011011111011010
1000000000000000010000111011100000000001101111001
1100011110000000011101111111100000011101100111001
1100011110111111011110110111111111111010000000000
1100011000000000011101111101100000000001100111001
1000000000000000011110111011111100011011101011010
1000000000000000010000000001111100000001110111100
1111000000111110011110111111100000011011111011001
1100011110111110011110110011111101011011111000000
1111111110111111111101111111111110011011111111001
1000000000000000011101111101100000011010000011100
1100010110110110111101110101111110000001110011100
1111011111111111111101111111111111011011111111001
1100011110110111110000111011111111011101110000000
1111011111111111111101111111111111011011111011001
1111110111111111111110111111111111011011111011010
1111111000110111010000000001111101000001110011100
1100011000000000011110111011100000011011101111010
1111010110000000011101110101100000011011110011100
1100011000000000011110111111100000011010000011010
1111111111111110111101111101111111011011110111100
1100011111111111111110111001111111111011110111100
1000000000000000011101111111100000011010000011001
1000000000000000010000000001111110000001110011100
1000000000000000010000111011100000000000000011001
1111011111111111111110111111111111011011111011010
1000000000000000010000000001100000011010000000000
1000000000000000010000000001111101000000000000000
1000000000000000010000111001100000000001100111100
1111111111111111111101111101111111011011110011100
1100011110111110111110110101111110011011100111100
1000000000000000010000110101100000000000000011001
1111011111111111111101111111111101011011111111001
1111111111111111111101111111111111111011111111001
1000000000000000010000111011100000011010000011010
1111111111111111111101111111111111011011110011010
1000000000000000011101111101100000011010000011001
1000000000000000011110111001111101011011110111100
1111110110111111111110110011111100011011111011010
1100000000000000010000110111100000000000000011010
1000000000000000011101111111100000011011101111001
1111111110111111111101110101111111011011110111100
1100011111111111111101111111111111111011111111001
1000000000000000010000111111100000011010000011010
1111111111111111111101111111111111011011111111001
1111111111111111111101111111111111011011110011001
1100011111111110111101111111111110111010000011001
1000000000000000010000111001100000011010000011100
1111111111110111111110111111111111011011111011010
1000000000000000010000111111100000000000000011001
1000000000000000011101110101100000011010000011010
1100011110000000011110111111100000011010000011001
1100011111111111111110111101111111111011110111100
1000000000000000010000000001111100000001110011100
1111111111111111111101111111111110011011110111001
1111111111111111111110111011111111011011111011010
1111111110111111111101111111111111011011111111001
1000000000000000010000000001111100100001110011100
1111111111111110111110111111111111011011111011010
1000000000000000010000110111100000000000000011001
1000000000000000010000110011100000000001111100000
1000000000000000011101110101100000011101110011100
1111010000110111011110111001100000011011110011100
1000000000000000010000110111100000011010000011010
1111111000000000011101111101100000011101110011100
1111011110111111111110110101111100011011110011001
1100011110111110011101110101111100011011100111100
1000000000000000011101111111100000000000000011001
1000000000000000011101110101100000000001110011001
1111100000110110011101110101100000011011110011100
1100010000000000010000000001100000000001100100000
~~~
0.0 7.0 24.0 72.0 369.0
0.0 6.0 24.0 72.0 378.0
0.0 17.0 16.0 67.0 274.0
0.0 22.0 15.0 54.0 246.0
0.0 6.0 23.0 74.0 377.0
0.0 8.0 21.0 79.0 365.0
0.0 35.0 10.0 21.0 134.0
0.0 6.0 24.0 69.0 377.0
0.0 9.0 22.0 71.0 357.0
0.0 20.0 16.0 53.0 270.0
0.0 11.0 20.0 67.0 347.0
0.0 7.0 24.0 72.0 370.0
0.0 36.0 9.0 21.0 120.0
0.0 27.0 15.0 28.0 204.0
0.0 35.0 11.0 14.0 134.0
0.0 34.0 10.0 21.0 131.0
0.0 8.0 22.0 72.0 362.0
0.0 21.0 16.0 41.0 256.0
0.0 36.0 10.0 14.0 122.0
0.0 33.0 12.0 14.0 149.0
0.0 16.0 19.0 71.0 302.0
0.0 36.0 7.0 31.0 109.0
0.0 28.0 15.0 26.0 194.0
0.0 34.0 11.0 16.0 142.0
0.0 23.0 16.0 39.0 234.0
0.0 18.0 14.0 69.0 278.0
0.0 29.0 13.0 23.0 180.0
0.0 26.0 14.0 42.0 210.0
0.0 35.0 7.0 32.0 133.0
0.0 19.0 21.0 38.0 266.0
0.0 18.0 16.0 59.0 273.0
0.0 7.0 23.0 74.0 374.0
0.0 32.0 12.0 21.0 159.0
0.0 20.0 18.0 43.0 267.0
0.0 6.0 24.0 72.0 377.0
0.0 19.0 15.0 67.0 263.0
0.0 7.0 24.0 70.0 367.0
0.0 7.0 24.0 68.0 378.0
0.0 24.0 12.0 53.0 227.0
0.0 25.0 15.0 35.0 219.0
0.0 24.0 16.0 33.0 228.0
0.0 28.0 14.0 28.0 193.0
0.0 8.0 22.0 69.0 362.0
0.0 10.0 20.0 76.0 352.0
0.0 31.0 13.0 21.0 163.0
0.0 35.0 7.0 33.0 129.0
0.0 38.0 9.0 9.0 109.0
0.0 7.0 24.0 70.0 372.0
0.0 42.0 3.0 21.0 60.0
0.0 41.0 2.0 25.0 74.0
0.0 36.0 9.0 16.0 127.0
0.0 8.0 22.0 72.0 363.0
0.0 15.0 18.0 64.0 298.0
0.0 39.0 8.0 9.0 94.0
0.0 7.0 24.0 69.0 371.0
0.0 4.0 24.0 81.0 402.0
0.0 35.0 10.0 21.0 137.0
0.0 7.0 23.0 72.0 375.0
0.0 32.0 12.0 21.0 153.0
0.0 25.0 13.0 44.0 215.0
0.0 12.0 21.0 65.0 339.0
0.0 37.0 10.0 9.0 127.0
0.0 27.0 15.0 28.0 196.0
0.0 9.0 20.0 74.0 355.0
0.0 7.0 23.0 76.0 377.0
0.0 34.0 11.0 21.0 144.0
0.0 5.0 24.0 74.0 388.0
0.0 7.0 23.0 72.0 367.0
0.0 14.0 20.0 64.0 315.0
0.0 36.0 9.0 21.0 125.0
0.0 7.0 24.0 69.0 374.0
0.0 37.0 10.0 9.0 116.0
0.0 33.0 11.0 21.0 149.0
0.0 26.0 15.0 29.0 210.0
0.0 9.0 21.0 76.0 359.0
0.0 36.0 7.0 30.0 123.0
0.0 7.0 23.0 74.0 369.0
0.0 7.0 23.0 72.0 376.0
0.0 6.0 23.0 74.0 382.0
0.0 35.0 7.0 37.0 137.0
0.0 7.0 24.0 67.0 372.0
0.0 38.0 9.0 9.0 104.0
0.0 37.0 8.0 16.0 111.0
0.0 30.0 13.0 29.0 168.0
0.0 21.0 18.0 43.0 251.0
0.0 35.0 10.0 21.0 132.0
0.0 23.0 16.0 41.0 230.0
0.0 13.0 20.0 67.0 311.0
0.0 17.0 17.0 61.0 289.0
0.0 34.0 12.0 9.0 143.0
0.0 33.0 12.0 14.0 143.0
0.0 22.0 18.0 37.0 244.0
0.0 40.0 4.0 19.0 82.0
~~~
0.311660766602
