1111110111111110111110111111111111111011101111010
1100000000000000010000000001111111011010000000000
1111111111110111111110111011111111111011111111001
1000000000000000011110000001111111111011100111001
1000000000000000010000000001111111011100000000000
1000000000000000010000000001111011011100000000000
1111110111111110111101111111111111111011111111010
1111010110000000011110000001111011011010000011001
1100011000000000011110000001111100111011100111100
1111100000000000010000111001111111011010000000000
1100010111000000011101111111111100011101101100000
1111111111111111111110111011111111111011110111001
1000000000000000010000000001111101011010000000000
1000000000000000010000110101111101011010000000000
1111111111111110111110111011111111011011111111010
1111111111110110111110111011111111111011111111010
1111110110000000011110110011111100111011111100000
1111111110111110111110111101111111111011110111100
1100011000000000010000000001111101000000000011001
1111110110000000010000000001100000011100000011001
1111111111111110111110111011111111111011110111001
1100000000000000011110000001111001011010000000000
1111111111111110111110111011111101111011111111010
1111011111000000010000000001111111011011110100000
1111111111111110111101110111111111111011101111001
1111110111000000011110110101111111111010000000000
1111111111111110111110111001111111111011110111100
1000000000000000010000111001111001000000000000000
1100010111000000011110000001111110011011100111100
1111111111110110111110111011111111111011111111001
1000000000000000011110000001111111111010000000000
1111111111111110111110111011111011111011111111001
1111111111110110111110110101111011111011110111100
1000000000000000010000000001111111111010000011001
1000000000000000010000000001111101100000000000000
1111111111111110111110111011111101111011111111001
1111111111111110111110110011111111111011111111001
1111111110000000011110110101111100111011100100000
1111111110000000010000111011111101111010000000000
1000000000000000010000000001111111011010000000000
1000000000000000011110000001111011111011100111010
1000000000000000011110000001111001011010000000000
1111111111111110111110111001111101111011110111100
1111111111111110111110111111111111011011101111010
1000000000000000010000000001111101111010000000000
1000000000000000010000000001111111111010000000000
1111111111000000011101110111111110111101101100000
1111111111111110111110111101111111011011110111100
1111010110000000011101111111111101111011101100000
1111111111111111111101111111111111111101111100000
1111110110000000011110111111111100111011101100000
1000000000000000011110000001111001011010000011001
1111011110000000011101111101111100111011110100000
1111111111111110111101111101111111011011100111100
1111111111110111111101111101111111111011100111100
1000000000000000011110000001111101111010000000000
1000000000000000010000000001111011000000000000000
1100010000000000010000000001111101000000000011001
1100000000000000011110000001111011011010000011001
1111110111110111110000111111111111011010000000000
1111100000000000011110000001111001111010000011010
1111011110000000010000000001111111111011100111001
1100011000000000010000000001111001000000000011001
1111111111000000011110000001111001111011110000000
1111110111000000011110111011111001111011101111010
1100011111111111110000111011111101111101111111010
1000000000000000010000111001111001011100000000000
1111110111000000011110000001111011011011100100000
1100000000000000011110000001111101011010000000000
1111111111111110111110111011111111111011111111001
1111111110111110111110111011111111111011111111010
1000000000000000011110000001111011111010000000000
1100010000000000010000000001111101100000000011001
1000000000000000011110000001111111011010000000000
1000000000000000011110000001111101011010000000000
1111111111110111111110111111111111011010000011001
1111111111000000011110111001111100011011100100000
1100011111110111111101111111111101111010000011001
1111111111111110111101111111111111111011111111010
1100011000000000011110000001111101011010000000000
1111111110111110111110111001111111111011110111100
1000000000000000011110000001111011011010000000000
1000000000000000010000110011111101011010000000000
1100000000000000011110000001111111111011100100000
1111111111110110111110111111111111111011101111010
1111111111111110111110111011111111111011111111010
1111110111111110111110111011111101111010000011010
1111111111111110111110111011111101111010000000000
1111111110000000011110000001100000011011110100000
~~~
0.0 7.0 23.0 72.0 381.0
0.0 36.0 4.0 40.0 115.0
0.0 6.0 23.0 78.0 383.0
0.0 27.0 9.0 54.0 189.0
0.0 37.0 3.0 43.0 99.0
0.0 38.0 3.0 34.0 94.0
0.0 6.0 24.0 72.0 394.0
0.0 26.0 11.0 38.0 207.0
0.0 26.0 10.0 58.0 206.0
0.0 30.0 8.0 45.0 170.0
0.0 22.0 15.0 51.0 243.0
0.0 6.0 22.0 81.0 381.0
0.0 38.0 3.0 37.0 94.0
0.0 35.0 6.0 37.0 119.0
0.0 7.0 23.0 69.0 375.0
0.0 7.0 23.0 73.0 380.0
0.0 20.0 14.0 60.0 265.0
0.0 8.0 21.0 76.0 367.0
0.0 35.0 6.0 32.0 128.0
0.0 32.0 9.0 33.0 158.0
0.0 7.0 22.0 76.0 370.0
0.0 35.0 6.0 28.0 128.0
0.0 7.0 23.0 73.0 383.0
0.0 25.0 9.0 58.0 202.0
0.0 7.0 22.0 76.0 369.0
0.0 22.0 12.0 56.0 239.0
0.0 8.0 21.0 76.0 366.0
0.0 39.0 5.0 16.0 99.0
0.0 24.0 12.0 51.0 224.0
0.0 7.0 23.0 73.0 372.0
0.0 33.0 5.0 47.0 138.0
0.0 7.0 23.0 67.0 376.0
0.0 10.0 21.0 64.0 347.0
0.0 33.0 6.0 47.0 143.0
0.0 40.0 2.0 32.0 88.0
0.0 7.0 23.0 73.0 375.0
0.0 7.0 22.0 76.0 369.0
0.0 21.0 12.0 64.0 246.0
0.0 25.0 10.0 57.0 223.0
0.0 37.0 3.0 40.0 100.0
0.0 28.0 9.0 45.0 192.0
0.0 36.0 5.0 28.0 113.0
0.0 9.0 21.0 73.0 360.0
0.0 7.0 23.0 69.0 372.0
0.0 37.0 3.0 44.0 108.0
0.0 36.0 3.0 47.0 114.0
0.0 17.0 15.0 70.0 281.0
0.0 8.0 22.0 69.0 359.0
0.0 19.0 15.0 58.0 274.0
0.0 7.0 21.0 84.0 372.0
0.0 19.0 15.0 60.0 274.0
0.0 33.0 8.0 28.0 142.0
0.0 20.0 14.0 62.0 260.0
0.0 9.0 21.0 69.0 352.0
0.0 8.0 21.0 78.0 368.0
0.0 34.0 5.0 44.0 132.0
0.0 41.0 2.0 19.0 75.0
0.0 36.0 6.0 28.0 123.0
0.0 31.0 9.0 31.0 163.0
0.0 18.0 16.0 60.0 275.0
0.0 28.0 10.0 40.0 204.0
0.0 23.0 10.0 65.0 229.0
0.0 36.0 6.0 23.0 123.0
0.0 23.0 11.0 53.0 230.0
0.0 16.0 18.0 51.0 313.0
0.0 12.0 20.0 76.0 344.0
0.0 36.0 6.0 31.0 118.0
0.0 24.0 10.0 47.0 217.0
0.0 34.0 6.0 37.0 133.0
0.0 6.0 23.0 76.0 381.0
0.0 7.0 22.0 76.0 383.0
0.0 34.0 5.0 38.0 133.0
0.0 35.0 6.0 35.0 137.0
0.0 34.0 5.0 40.0 124.0
0.0 35.0 5.0 37.0 118.0
0.0 11.0 21.0 64.0 333.0
0.0 21.0 13.0 57.0 243.0
0.0 14.0 20.0 63.0 319.0
0.0 5.0 24.0 76.0 399.0
0.0 32.0 6.0 44.0 143.0
0.0 9.0 20.0 76.0 360.0
0.0 35.0 5.0 31.0 119.0
0.0 35.0 6.0 37.0 122.0
0.0 29.0 7.0 54.0 175.0
0.0 7.0 23.0 73.0 377.0
0.0 6.0 23.0 76.0 389.0
0.0 13.0 20.0 62.0 335.0
0.0 15.0 17.0 66.0 303.0
0.0 27.0 10.0 41.0 191.0
~~~
0.304451227188
