1100011110110110111101110111111001000001100111001
1111011110110111111101111111100000000000000000000
1100011110111110011101111111100000000001101011001
1100000000110111010000111011100000000000000000000
1111011111110111111101111111111101111101111111001
1111011111111111111110111111111111111011111111001
1111011111111110111101111111111100000001111111010
1100010000000000010000111111100000000000000011001
1111110110110110110000000001100000000000000000000
1111111111111111111110111111111111011011111011001
1100010000111111010000111111100000000001101011001
1111111111111111111110111111111101011011111011001
1100010110111111110000111111100000000000000011001
1111011111110111111110111111111111011011111111010
1100011110000000010000110111100000000001100111010
1100000000110111010000110111100000000000000000000
1111110110110110110000110011100000000000000011010
1111011111111110111110111111111111111011111111001
1111010110110111110000000001100000000000000000000
1111111110111110111101110111100000000001100111010
1000000000000000010000111011100000000001111111001
1111111111110111111110110111111111111011111011010
1000000000000000010000110111100000000001110111001
1111111111111111111110111111111111011011111011010
1000000000000000010000110111100000000001110100000
1100011110111111110000111111100000011010000000000
1111010110111110111101110101100000011011110011001
1000000000000000010000111111100000000001110100000
1100011000000000010000000001100000000000000000000
1111011111110111111110111101111111111011100111100
1111000000111111011101111111100000000000000011001
1111111110110111111101111111100000011100000011001
1111011111110110011110111101111111011011110111001
1111111111111111111101111111111101011101111011001
1111011111110111111101111111111011111101111111010
1100000000110110010000110101100000000001100100000
1111011110111111111110111111111110111011111111001
1111111111111110111101111101111101000000000000000
1000000000000000010000111111100000000001111100000
1100010110000000010000111101100000000000000011001
1111011111111111111101111101111110111011110111100
1100000000000000010000110111100000000001111100000
1000000000000000010000110111100000000001110011001
1100000000110110010000111011100000000000000000000
1100011110110111010000110101111101000001110111001
1111111111111111111101111111111010011101111111001
1000000000000000010000111011100000000000000011001
1111011111111111111101110111111110000001101000000
1111111110111111111101110111100000000001111111001
1100011110110111011101111111100000000001111100000
1000000000000000010000110101100000000000000011001
1100010110110110110000111011100000000000000000000
1100011111110111111101111111111100000000000000000
1111011111111111111101110101111111111011110111100
1100000000110110010000110111100000000000000000000
1100011111110110111101110111111100000001111000000
1111111110110110110000000001100000000000000000000
1000000000000000010000111101100000000000000000000
1100010110110111110000110111100000000000000011001
1111011111111111111101111111111101111101111111001
1111011111111111111110111111111111011011111011001
1111011111111111111101111111111011011101111111001
1111111111110111111110111111111111011011111111010
1100011000000000010000111011100000000000000011001
1100000000110111010000110101100000000000000000000
1111011111111111011110111111111111111011111011001
1111111111111111111101111101111010011101110111100
1111111111111111111110111101111111011011110011100
1100000000110111010000110011100000000000000000000
1000000000000000010000110011100000000001101100000
1111111110110111111110111011100000011011110100000
1111011111111110111101111111111001111011110011001
1000000000000000010000111111100000000000000011001
1100000000111111010000111111100000000001101011001
1111111111111111111101111101111011011101110111100
1000000000000000010000110111100000000001111000000
1111111111111111111110111101111110011011110011100
1100011110110111111110111011100000011010000000000
1100011110110110111101110111111011100000000011001
1111011000000000010000000001100000000000000000000
1100010110110110111101111101100000000000000000000
1100011110110110110000110111100000000001111111001
1100011111110111111101111111111101111010000011001
1111111110000000010000000001111010000000000011001
1111011111111111111110111111111110011011111111001
1111011111111110111110111111111111011011111111001
1100011110110111010000111011100000000000000011001
1100010000111110010000110111100000011011111111001
1111011110111111111110110101111100011011110011001
1000000000000000011101111111100000000000000011001
1100000000110110010000111101100000000000000000000
1111111111111111111101111111111100011101111111001
~~~
0.0 19.0 18.0 37.0 273.0
0.0 24.0 16.0 31.0 230.0
0.0 21.0 19.0 31.0 260.0
0.0 35.0 10.0 20.0 141.0
0.0 7.0 24.0 76.0 375.0
0.0 5.0 24.0 79.0 388.0
0.0 12.0 23.0 52.0 340.0
0.0 35.0 11.0 12.0 136.0
0.0 33.0 9.0 24.0 151.0
0.0 6.0 24.0 72.0 375.0
0.0 26.0 16.0 31.0 214.0
0.0 7.0 24.0 69.0 369.0
0.0 26.0 16.0 27.0 222.0
0.0 7.0 24.0 69.0 373.0
0.0 30.0 12.0 24.0 184.0
0.0 35.0 10.0 20.0 136.0
0.0 27.0 15.0 24.0 216.0
0.0 6.0 24.0 74.0 377.0
0.0 33.0 9.0 27.0 151.0
0.0 18.0 19.0 38.0 286.0
0.0 33.0 12.0 16.0 152.0
0.0 7.0 23.0 76.0 376.0
0.0 34.0 11.0 16.0 136.0
0.0 6.0 24.0 72.0 383.0
0.0 37.0 8.0 16.0 107.0
0.0 25.0 14.0 43.0 218.0
0.0 18.0 20.0 42.0 272.0
0.0 36.0 9.0 16.0 119.0
0.0 42.0 3.0 16.0 65.0
0.0 9.0 21.0 76.0 354.0
0.0 25.0 17.0 26.0 227.0
0.0 17.0 20.0 48.0 289.0
0.0 11.0 21.0 64.0 327.0
0.0 7.0 24.0 72.0 371.0
0.0 7.0 24.0 70.0 384.0
0.0 34.0 10.0 22.0 137.0
0.0 7.0 23.0 79.0 374.0
0.0 19.0 16.0 47.0 269.0
0.0 35.0 10.0 16.0 130.0
0.0 34.0 11.0 13.0 151.0
0.0 8.0 22.0 79.0 368.0
0.0 35.0 10.0 16.0 133.0
0.0 35.0 11.0 14.0 126.0
0.0 36.0 10.0 15.0 130.0
0.0 21.0 15.0 51.0 256.0
0.0 7.0 24.0 68.0 374.0
0.0 38.0 9.0 9.0 109.0
0.0 16.0 18.0 58.0 288.0
0.0 15.0 21.0 43.0 310.0
0.0 22.0 17.0 35.0 253.0
0.0 39.0 8.0 9.0 94.0
0.0 32.0 12.0 19.0 166.0
0.0 22.0 16.0 44.0 248.0
0.0 8.0 21.0 79.0 364.0
0.0 36.0 10.0 15.0 125.0
0.0 20.0 18.0 44.0 258.0
0.0 32.0 9.0 28.0 156.0
0.0 41.0 6.0 9.0 77.0
0.0 28.0 15.0 24.0 201.0
0.0 6.0 24.0 79.0 384.0
0.0 7.0 24.0 70.0 364.0
0.0 7.0 24.0 66.0 371.0
0.0 6.0 24.0 71.0 384.0
0.0 35.0 10.0 16.0 134.0
0.0 36.0 9.0 20.0 126.0
0.0 7.0 23.0 77.0 372.0
0.0 9.0 22.0 68.0 359.0
0.0 8.0 22.0 72.0 360.0
0.0 36.0 9.0 20.0 129.0
0.0 38.0 7.0 16.0 101.0
0.0 17.0 18.0 52.0 283.0
0.0 10.0 23.0 60.0 348.0
0.0 37.0 10.0 9.0 116.0
0.0 27.0 16.0 28.0 209.0
0.0 8.0 22.0 68.0 367.0
0.0 37.0 9.0 14.0 108.0
0.0 9.0 22.0 72.0 352.0
0.0 24.0 15.0 40.0 226.0
0.0 20.0 17.0 40.0 271.0
0.0 40.0 4.0 19.0 79.0
0.0 29.0 14.0 19.0 190.0
0.0 23.0 18.0 30.0 238.0
0.0 14.0 20.0 63.0 319.0
0.0 31.0 8.0 32.0 171.0
0.0 7.0 24.0 72.0 366.0
0.0 7.0 24.0 67.0 363.0
0.0 28.0 14.0 28.0 205.0
0.0 23.0 17.0 40.0 231.0
0.0 13.0 20.0 67.0 311.0
0.0 34.0 12.0 9.0 143.0
0.0 36.0 10.0 15.0 127.0
0.0 7.0 24.0 74.0 373.0
~~~
0.297791004181
