1000000000000000010000000001111011011010000000000
1111111111111111011101111111111011111011111011010
1100011000111111010000000001100000011100000000000
1111111111111111011101111101111011011100000011100
1100000000111110010000000001111110111100000011100
1000000000000000010000000001111110011010000011001
1111010110110111110000111111111001111101101011010
1111111111111111111101111101111011111100000011100
1111111111111111111110111111111111011011111011001
1100011111110111111110110101111011111010000011100
1100000000111110011110000001111111011010000011100
1111110110110111111110111011111100011010000000000
1000000000000000010000000001111001011010000011001
1000000000000000010000000001111010011010000000000
1111011111111111111101111101111111011011110111100
1100000000111110011110000001100000011010000011100
1111111111111111111101111111111111011011111011010
1111011111111111111110111111111111011011111111001
1111011111111110111101111101111111111101110011100
1111011111111111011101111111111111011011111111001
1111111111111111111101111111111011111011101011010
1100000000000000010000000001111000100000000011100
1000000000000000010000000001111011011010000011010
1111011111110111111110111111111111011011111111001
1111111111111111111101111101111111111100000011100
1111111110111111011110110111111111111011111111001
1000000000000000010000000001111101011010000011001
1111100000111111010000110011111011011011101011010
1111111111111111011110111111111011111011111011001
1100011111110111010000110101111111011011110011100
1100000000110110010000000001100000011010000011100
1000000000000000011110110101100000011010000011100
1100010110110110011110111001111011111010000011010
1111011110111111111101110101111111111011110111100
1000000000000000010000000001111011011010000011001
1000000000000000010000000001111100011010000011001
1100000000000000010000000001111001100000000000000
1100011000111111010000000001111110011100000011100
1100011110111111011110111011111111011011101111001
1111011111111110111101111101111111111101110111100
1111011110110110011110000001111010111010000011100
1100000000000000010000000001111010011010000011001
1100011110111110011110000001100000011010000011100
1100000000111110010000111101100000011100000011010
1111111111110111010000110011111110011010000011010
1000000000000000010000111111111010000000000000000
1111000000110111010000000001100000011010000011100
1111011111111111011101111101111111111101110111100
1111111000111110010000000001111111011100000011001
1111011111111111111101111111111111011011111111010
1111010110110110011110000001111010111010000011001
1111111111111111011110111111111111011011111011001
1100010000111110011101111101111010111101110011100
1000000000000000010000000001100000011010000000000
1111111111111111111101111101111111011011110011100
1111010000111110011110000001111010011010000011010
1100010000000000010000000001111011000000000011100
1111110110111111111110111111111111111011111111001
1100011000111111010000000001111001011100000011100
1000000000000000010000000001111011011010000011100
1100010000111111011101110101111111011100000011100
1100000000110110010000000001100000011100000011100
1100010110110111010000110111111111011010000011010
1111011111111111111110111111111111011011111011001
1100011110111111110000111111100000011010000000000
1111011111111111111101111111111011111011111011010
1111000000110110010000000001111010111100000011001
1100011000111111010000111001100000011010000011100
1000000000000000010000000001111010011010000011100
1100000000110110010000000001100000011010000011010
1111111110111111111101110101111111111011110011100
1111011110111111111110111111111011111011111111001
1100011000110110011110000001100000011010000000000
1111111110111111111101110111111111111011111011001
1000000000000000010000000001111011000000000000000
1111111111111111111110111111111111111011111011001
1100010110110111010000000001100000011010000000000
1100011000000000010000111101100000011100000011100
1000000000000000010000111101111011000000000000000
1100010110110111111110111011111111011010000011001
1100011111110111111101111111111101111010000011001
1100000000110110010000000001100000011100000011001
1111011111111111011110111111111111011011111111001
1111110000111110010000000001111010111011100111100
1000000000000000010000000001111001011010000011100
1111111111111110111110111111111110111011111011001
1000000000000000010000000001111101011010000011010
1000000000000000010000000001111010011010000011001
1111000000110111010000110101111011111100000011010
1100010110110111011110111001100000011010000011100
1111011111111111011101111111111011111011111111010
1100010000000000010000000001111001011100000000000
~~~
0.0 38.0 3.0 31.0 95.0
0.0 7.0 23.0 70.0 389.0
0.0 33.0 7.0 45.0 139.0
0.0 13.0 19.0 61.0 329.0
0.0 28.0 10.0 59.0 199.0
0.0 35.0 6.0 40.0 121.0
0.0 15.0 20.0 61.0 320.0
0.0 11.0 20.0 68.0 349.0
0.0 6.0 24.0 72.0 375.0
0.0 16.0 18.0 57.0 301.0
0.0 25.0 12.0 49.0 218.0
0.0 19.0 16.0 57.0 272.0
0.0 36.0 6.0 28.0 118.0
0.0 39.0 3.0 31.0 87.0
0.0 8.0 22.0 72.0 362.0
0.0 30.0 12.0 30.0 178.0
0.0 6.0 24.0 72.0 386.0
0.0 6.0 24.0 72.0 374.0
0.0 9.0 22.0 75.0 354.0
0.0 7.0 23.0 72.0 371.0
0.0 7.0 23.0 70.0 385.0
0.0 38.0 6.0 23.0 125.0
0.0 35.0 6.0 31.0 132.0
0.0 7.0 24.0 69.0 365.0
0.0 10.0 20.0 77.0 354.0
0.0 7.0 21.0 81.0 375.0
0.0 35.0 6.0 37.0 123.0
0.0 19.0 16.0 55.0 278.0
0.0 7.0 23.0 70.0 378.0
0.0 17.0 17.0 64.0 284.0
0.0 34.0 10.0 27.0 145.0
0.0 33.0 11.0 21.0 144.0
0.0 20.0 16.0 48.0 280.0
0.0 9.0 20.0 79.0 358.0
0.0 35.0 6.0 31.0 124.0
0.0 36.0 6.0 37.0 115.0
0.0 40.0 3.0 23.0 98.0
0.0 26.0 10.0 64.0 206.0
0.0 12.0 19.0 69.0 331.0
0.0 8.0 22.0 77.0 364.0
0.0 21.0 14.0 55.0 259.0
0.0 35.0 7.0 31.0 131.0
0.0 26.0 13.0 38.0 213.0
0.0 29.0 14.0 33.0 192.0
0.0 18.0 16.0 64.0 284.0
0.0 37.0 7.0 19.0 114.0
0.0 31.0 11.0 35.0 170.0
0.0 8.0 21.0 82.0 369.0
0.0 23.0 11.0 64.0 222.0
0.0 6.0 24.0 72.0 385.0
0.0 22.0 14.0 51.0 248.0
0.0 7.0 23.0 72.0 369.0
0.0 18.0 18.0 58.0 285.0
0.0 42.0 3.0 21.0 60.0
0.0 8.0 22.0 72.0 363.0
0.0 24.0 13.0 46.0 226.0
0.0 36.0 6.0 22.0 130.0
0.0 6.0 23.0 77.0 388.0
0.0 27.0 10.0 52.0 203.0
0.0 35.0 6.0 31.0 130.0
0.0 20.0 15.0 60.0 261.0
0.0 34.0 10.0 30.0 144.0
0.0 21.0 15.0 55.0 263.0
0.0 7.0 24.0 70.0 364.0
0.0 25.0 14.0 43.0 218.0
0.0 7.0 24.0 68.0 384.0
0.0 28.0 11.0 50.0 193.0
0.0 27.0 13.0 42.0 205.0
0.0 36.0 6.0 31.0 122.0
0.0 34.0 10.0 27.0 147.0
0.0 9.0 20.0 79.0 359.0
0.0 7.0 23.0 70.0 377.0
0.0 32.0 9.0 34.0 144.0
0.0 7.0 22.0 79.0 374.0
0.0 41.0 2.0 19.0 75.0
0.0 5.0 24.0 79.0 389.0
0.0 33.0 8.0 36.0 151.0
0.0 32.0 11.0 31.0 156.0
0.0 37.0 6.0 19.0 112.0
0.0 17.0 18.0 55.0 290.0
0.0 14.0 20.0 63.0 319.0
0.0 34.0 10.0 30.0 138.0
0.0 7.0 23.0 72.0 368.0
0.0 22.0 12.0 62.0 247.0
0.0 36.0 6.0 28.0 124.0
0.0 7.0 24.0 74.0 370.0
0.0 35.0 6.0 37.0 131.0
0.0 36.0 6.0 31.0 116.0
0.0 23.0 14.0 55.0 245.0
0.0 24.0 16.0 36.0 240.0
0.0 7.0 23.0 70.0 388.0
0.0 37.0 4.0 34.0 108.0
~~~
0.321789979935
