~~~
0.0 535.0 367.0 1473.0 7068.04189604
0.0 237.0 485.0 2399.0 9950.05580884
0.0 313.0 403.0 2483.0 9222.47313722
0.0 651.0 292.0 1381.0 5906.56327167
0.0 248.0 481.0 2377.0 9846.46515485
0.0 622.0 312.0 1444.0 6246.71881388
0.0 423.0 399.0 2046.0 8224.31609614
0.0 586.0 253.0 2003.0 6521.19889934
0.0 874.0 129.0 1144.0 3645.22435336
0.0 294.0 489.0 2061.0 9455.78682454
0.0 1165.0 29.0 178.0 750.986542357
0.0 336.0 431.0 2180.0 9004.18082779
0.0 211.0 496.0 2491.0 10224.9253421
0.0 728.0 228.0 1216.0 5021.46385819
0.0 472.0 326.0 2053.0 7718.33162395
0.0 743.0 237.0 1092.0 4986.70731832
0.0 264.0 424.0 2622.0 9732.445871
0.0 833.0 187.0 1047.0 4114.66262684
0.0 1079.0 73.0 435.0 1589.42628796
0.0 488.0 302.0 2113.0 7486.67496073
0.0 703.0 246.0 1452.0 5402.24979389
0.0 1096.0 71.0 347.0 1463.17992548
0.0 240.0 445.0 2644.0 9949.0968727
0.0 90.0 565.0 2865.0 11554.4587478
0.0 220.0 454.0 2733.0 10141.4061129
0.0 443.0 393.0 1946.0 8086.88294315
0.0 652.0 301.0 1357.0 5883.76202388
0.0 852.0 174.0 1102.0 3955.47123385
0.0 1089.0 70.0 403.0 1498.28643883
0.0 107.0 545.0 2913.0 11349.3117517
0.0 937.0 147.0 756.0 3105.32766326
0.0 91.0 565.0 2850.0 11533.2284268
0.0 574.0 323.0 1644.0 6744.36102994
0.0 548.0 301.0 1842.0 6976.08985005
0.0 486.0 362.0 1936.0 7561.73578896
0.0 343.0 434.0 2242.0 8976.62872165
0.0 374.0 461.0 1788.0 8687.84040542
0.0 981.0 120.0 630.0 2607.43727335
0.0 649.0 293.0 1384.0 5920.4490379
0.0 89.0 565.0 2872.0 11568.6061202
0.0 754.0 235.0 1212.0 4851.39772047
0.0 634.0 278.0 1593.0 6194.60209678
0.0 219.0 444.0 2794.0 10184.2822932
0.0 445.0 385.0 1977.0 8050.89945775
0.0 302.0 443.0 2403.0 9384.56695165
0.0 1046.0 72.0 500.0 1972.97171142
0.0 878.0 133.0 1060.0 3633.18062776
0.0 815.0 158.0 1236.0 4224.95160853
0.0 730.0 255.0 1073.0 5120.69951707
0.0 741.0 257.0 1160.0 5033.12245392
0.0 893.0 169.0 828.0 3529.10800141
0.0 934.0 107.0 917.0 3076.31123537
0.0 404.0 411.0 2084.0 8407.59086409
0.0 527.0 355.0 1703.0 7200.87601249
0.0 976.0 131.0 570.0 2553.41284639
0.0 635.0 296.0 1513.0 6019.04899728
0.0 557.0 352.0 1493.0 6830.03178092
0.0 561.0 333.0 1592.0 6772.91295593
0.0 400.0 417.0 2099.0 8567.11227725
0.0 736.0 205.0 1329.0 4975.35084036
0.0 1047.0 61.0 583.0 1914.73830234
0.0 218.0 526.0 2259.0 10207.2290393
0.0 741.0 242.0 1235.0 4974.39878421
0.0 715.0 207.0 1527.0 5296.36069057
0.0 664.0 264.0 1475.0 5881.88913888
0.0 707.0 246.0 1404.0 5298.3834484
0.0 460.0 312.0 2271.0 7765.46865892
0.0 660.0 315.0 1084.0 5824.53395368
0.0 879.0 191.0 704.0 3500.7440351
0.0 464.0 318.0 2233.0 7801.38498223
0.0 289.0 461.0 2374.0 9504.26338791
0.0 961.0 132.0 689.0 2811.45023407
0.0 1219.0 10.0 47.0 211.318845475
0.0 940.0 152.0 738.0 3008.86909959
0.0 299.0 463.0 2394.0 9439.81328718
0.0 468.0 344.0 2010.0 7714.7606461
0.0 345.0 431.0 2245.0 8971.26979382
0.0 346.0 426.0 2293.0 8941.82297091
0.0 848.0 198.0 795.0 3832.37002939
0.0 784.0 234.0 1073.0 4607.21720391
0.0 1228.0 3.0 57.0 149.086244221
0.0 125.0 546.0 2766.0 11190.9664857
0.0 920.0 116.0 896.0 3175.0551208
0.0 853.0 207.0 721.0 3891.84759966
0.0 1175.0 39.0 132.0 693.81223787
0.0 964.0 140.0 571.0 2733.4739095
0.0 419.0 346.0 2248.0 8140.72180488
0.0 686.0 284.0 1190.0 5541.98024944
0.0 1169.0 28.0 168.0 700.94516434
0.0 841.0 216.0 752.0 3925.01444164
0.0 635.0 267.0 1564.0 6115.24605412
0.0 527.0 335.0 1843.0 7170.11616311
0.0 100.0 564.0 2781.0 11419.5634716
0.0 1218.0 11.0 63.0 225.729467124
0.0 776.0 208.0 1167.0 4628.19717305
0.0 107.0 556.0 2830.0 11414.3643064
0.0 418.0 436.0 1728.0 8224.88013902
0.0 126.0 543.0 2773.0 11174.1770551
0.0 538.0 348.0 1771.0 7044.89336861
0.0 691.0 212.0 1691.0 5523.12590785
0.0 215.0 495.0 2581.0 10271.5866867
0.0 541.0 359.0 1620.0 7126.62940737
0.0 1091.0 59.0 401.0 1489.87172924
0.0 440.0 425.0 1672.0 8079.38523471
0.0 1096.0 69.0 365.0 1483.62041872
0.0 1183.0 30.0 144.0 573.691571531
0.0 685.0 250.0 1319.0 5469.41010604
0.0 845.0 200.0 779.0 3920.55611707
0.0 346.0 430.0 2238.0 8959.51278931
0.0 947.0 151.0 590.0 2908.11723227
0.0 966.0 146.0 501.0 2783.35708785
0.0 156.0 532.0 2704.0 10864.7798845
0.0 880.0 176.0 752.0 3578.33756158
0.0 773.0 170.0 1447.0 4711.64264184
0.0 498.0 373.0 1789.0 7389.7413316
0.0 1086.0 63.0 394.0 1524.06164728
0.0 880.0 131.0 1143.0 3570.61730241
0.0 555.0 321.0 1818.0 6899.0665654
0.0 541.0 378.0 1393.0 7014.20732016
0.0 680.0 281.0 1309.0 5625.42848003
0.0 278.0 422.0 2617.0 9599.63726332
0.0 352.0 432.0 2131.0 8820.18785254
0.0 711.0 245.0 1388.0 5255.29518457
0.0 592.0 338.0 1391.0 6451.56615012
0.0 426.0 415.0 1834.0 8139.2922858
0.0 335.0 461.0 1994.0 9021.37533657
0.0 111.0 548.0 2840.0 11326.2381311
0.0 482.0 366.0 1936.0 7600.43430911
0.0 709.0 277.0 1241.0 5297.18633595
0.0 492.0 364.0 1833.0 7526.79797239
0.0 306.0 449.0 2384.0 9339.37787141
0.0 223.0 494.0 2520.0 10153.0915546
0.0 776.0 177.0 1317.0 4627.14270662
0.0 770.0 213.0 1222.0 4720.95927285
0.0 980.0 98.0 716.0 2569.378878
0.0 936.0 147.0 758.0 3116.38494307
0.0 1108.0 68.0 244.0 1336.29815667
0.0 985.0 120.0 656.0 2529.50295153
0.0 1141.0 44.0 220.0 975.492100609
0.0 579.0 311.0 1779.0 6698.65096285
0.0 742.0 241.0 1235.0 4966.5419642
0.0 88.0 563.0 2895.0 11559.2759593
0.0 801.0 163.0 1294.0 4342.18380535
0.0 906.0 174.0 642.0 3305.4355157
0.0 988.0 96.0 672.0 2484.27745068
0.0 1002.0 116.0 605.0 2446.01160552
0.0 663.0 220.0 1756.0 5789.76072173
0.0 1112.0 60.0 276.0 1279.05785437
0.0 1109.0 60.0 289.0 1290.46233257
0.0 301.0 463.0 2386.0 9415.33136714
0.0 547.0 353.0 1609.0 7068.18261015
0.0 743.0 240.0 1235.0 4951.74881806
0.0 1032.0 107.0 449.0 2121.92894943
0.0 133.0 542.0 2767.0 11123.2477486
0.0 1221.0 8.0 77.0 224.467644105
0.0 1229.0 2.0 57.0 142.18662768
0.0 458.0 399.0 1870.0 7884.12375922
0.0 640.0 240.0 1672.0 5974.24337302
0.0 885.0 163.0 902.0 3612.88903822
0.0 192.0 519.0 2461.0 10456.0202863
0.0 372.0 418.0 2203.0 8666.68200993
0.0 551.0 305.0 1778.0 6932.28813561
0.0 348.0 438.0 2201.0 8969.87170988
0.0 143.0 566.0 2441.0 11021.5380736
0.0 121.0 550.0 2759.0 11226.0447637
0.0 1049.0 72.0 486.0 1948.27506204
0.0 366.0 371.0 2381.0 8694.41786033
0.0 160.0 559.0 2391.0 10813.3964428
0.0 1060.0 92.0 359.0 1825.99937523
0.0 917.0 114.0 957.0 3175.61993419
0.0 218.0 444.0 2801.0 10198.4889449
0.0 747.0 189.0 1522.0 4966.15225865
0.0 978.0 125.0 646.0 2633.47794844
0.0 593.0 325.0 1523.0 6556.64610637
0.0 539.0 351.0 1647.0 7078.08031723
0.0 494.0 375.0 1735.0 7524.89236007
0.0 1046.0 72.0 504.0 1958.75920134
0.0 399.0 419.0 2091.0 8568.02269438
0.0 818.0 158.0 1209.0 4207.17345339
0.0 330.0 443.0 2262.0 9113.52696508
0.0 746.0 238.0 1232.0 4934.08543253
0.0 298.0 463.0 2395.0 9445.95278787
0.0 873.0 190.0 766.0 3667.94317766
0.0 1030.0 65.0 639.0 2079.80863221
0.0 556.0 266.0 2002.0 6861.38500332
0.0 620.0 329.0 1259.0 6239.37529851
0.0 1096.0 80.0 255.0 1459.47492309
0.0 990.0 80.0 785.0 2461.68845469
0.0 816.0 201.0 1072.0 4278.42053011
0.0 908.0 140.0 936.0 3422.4720456
0.0 149.0 554.0 2472.0 10928.4003108
0.0 356.0 424.0 2255.0 8852.66182102
0.0 1203.0 18.0 103.0 387.028536492
0.0 526.0 293.0 1930.0 7085.11986572
0.0 533.0 356.0 1645.0 7131.51310116
0.0 819.0 200.0 1056.0 4212.70067127
0.0 91.0 564.0 2851.0 11532.4592943
0.0 375.0 367.0 2350.0 8597.62758954
0.0 266.0 469.0 2353.0 9665.84671027
0.0 782.0 252.0 849.0 4572.4720855
0.0 109.0 543.0 2905.0 11322.6736914
0.0 585.0 325.0 1603.0 6563.88770262
0.0 803.0 214.0 1078.0 4392.90746381
0.0 1027.0 92.0 478.0 2099.32435591
0.0 892.0 131.0 1072.0 3447.26985719
0.0 178.0 515.0 2671.0 10663.7223454
0.0 295.0 489.0 2057.0 9449.96617514
0.0 592.0 303.0 1651.0 6590.03408812
0.0 861.0 188.0 763.0 3749.57219861
0.0 650.0 292.0 1384.0 5912.08164331
0.0 938.0 147.0 753.0 3097.82296687
0.0 730.0 196.0 1470.0 5035.39419598
0.0 1100.0 72.0 333.0 1476.19820316
0.0 88.0 564.0 2878.0 11566.1100884
0.0 532.0 357.0 1645.0 7138.33393932
0.0 846.0 199.0 779.0 3906.01944355
0.0 702.0 254.0 1323.0 5386.29712781
0.0 641.0 309.0 1270.0 5958.56944492
0.0 891.0 175.0 719.0 3382.75058427
0.0 1107.0 62.0 289.0 1309.94197131
0.0 976.0 136.0 501.0 2661.91879763
0.0 659.0 299.0 1241.0 5770.68091249
0.0 1077.0 84.0 387.0 1739.9365971
0.0 491.0 365.0 1833.0 7539.73856965
0.0 1000.0 118.0 530.0 2365.17790281
0.0 686.0 215.0 1710.0 5584.70847182
0.0 602.0 343.0 1211.0 6327.0649082
0.0 742.0 257.0 1157.0 5026.22967
0.0 506.0 368.0 1660.0 7364.99148499
0.0 1224.0 9.0 30.0 173.009358526
0.0 615.0 312.0 1577.0 6296.12985709
0.0 616.0 316.0 1503.0 6274.74784583
0.0 795.0 248.0 885.0 4437.93534291
0.0 680.0 289.0 1149.0 5567.0522075
0.0 269.0 422.0 2598.0 9670.77603294
0.0 1177.0 29.0 126.0 608.840735889
0.0 592.0 253.0 1854.0 6480.31026626
0.0 658.0 300.0 1241.0 5779.38097924
0.0 885.0 164.0 895.0 3608.39128433
0.0 204.0 499.0 2602.0 10376.9147579
0.0 210.0 499.0 2583.0 10320.8694904
0.0 805.0 212.0 1078.0 4370.55076293
0.0 1097.0 70.0 344.0 1459.98691036
0.0 506.0 391.0 1499.0 7419.74178356
0.0 690.0 282.0 1182.0 5501.12843478
0.0 554.0 322.0 1818.0 6913.14036384
0.0 572.0 323.0 1654.0 6765.09328999
0.0 1100.0 71.0 335.0 1473.83845321
0.0 907.0 117.0 996.0 3259.84236716
0.0 620.0 239.0 1850.0 6184.57036398
0.0 724.0 232.0 1216.0 5051.92230646
0.0 1095.0 81.0 255.0 1473.33215899
0.0 773.0 261.0 829.0 4737.9329684
0.0 715.0 207.0 1526.0 5297.7776054
0.0 633.0 280.0 1630.0 6053.76609617
0.0 966.0 127.0 707.0 2719.28280481
0.0 572.0 345.0 1386.0 6694.27456541
0.0 177.0 541.0 2391.0 10596.3446265
0.0 1171.0 31.0 142.0 686.825308877
0.0 857.0 188.0 925.0 3925.95925773
0.0 375.0 415.0 2203.0 8635.8232406
0.0 952.0 151.0 583.0 2809.97783289
0.0 128.0 545.0 2758.0 11163.3040541
0.0 1022.0 106.0 443.0 2161.96644191
0.0 810.0 234.0 799.0 4323.12960816
0.0 1137.0 43.0 230.0 1006.17568526
0.0 422.0 400.0 2046.0 8235.30973386
0.0 655.0 273.0 1341.0 5773.05055527
0.0 601.0 344.0 1211.0 6339.25045674
0.0 359.0 429.0 2272.0 8851.44215893
0.0 1108.0 60.0 368.0 1324.52807135
0.0 257.0 507.0 2155.0 9823.26650475
0.0 927.0 172.0 584.0 3167.26905515
0.0 449.0 366.0 2082.0 7951.23189609
0.0 748.0 230.0 1284.0 4885.42482047
0.0 965.0 131.0 695.0 2732.51874389
0.0 1041.0 103.0 395.0 2029.35995742
0.0 661.0 314.0 1084.0 5811.07036191
0.0 117.0 558.0 2692.0 11248.1922983
0.0 364.0 419.0 2216.0 8781.5219244
0.0 122.0 554.0 2750.0 11245.2300547
0.0 289.0 451.0 2426.0 9519.45632147
0.0 348.0 429.0 2238.0 8938.60182557
0.0 981.0 97.0 716.0 2557.16095888
0.0 539.0 333.0 1777.0 7086.86435227
0.0 166.0 530.0 2540.0 10733.6250876
0.0 1073.0 73.0 402.0 1671.12300963
0.0 464.0 381.0 1896.0 7875.61765311
0.0 548.0 352.0 1609.0 7057.44689702
0.0 506.0 346.0 1914.0 7411.7710933
0.0 1055.0 74.0 440.0 1825.46579647
0.0 105.0 564.0 2741.0 11365.483427
0.0 1123.0 49.0 270.0 1137.47896288
0.0 154.0 555.0 2439.0 10886.4627203
0.0 1149.0 37.0 210.0 888.222288248
0.0 963.0 141.0 571.0 2741.82330123
0.0 452.0 316.0 2313.0 7848.27236761
0.0 1217.0 13.0 61.0 255.514944169
0.0 375.0 460.0 1788.0 8674.34992707
0.0 400.0 418.0 2091.0 8557.37457835
0.0 333.0 445.0 2241.0 9098.41794122
0.0 523.0 341.0 1849.0 7300.05809864
0.0 966.0 129.0 700.0 2715.29815362
0.0 987.0 119.0 528.0 2530.74065549
0.0 418.0 347.0 2255.0 8149.73566505
0.0 989.0 97.0 650.0 2491.72969544
0.0 440.0 388.0 1989.0 8105.5624437
0.0 270.0 422.0 2588.0 9665.37514158
0.0 626.0 329.0 1173.0 6134.30103974
0.0 1200.0 17.0 110.0 410.12600839
0.0 1021.0 68.0 664.0 2157.11566272
0.0 665.0 311.0 1081.0 5767.20340192
0.0 907.0 151.0 874.0 3377.87579912
0.0 846.0 201.0 773.0 3914.1188849
0.0 535.0 366.0 1476.0 7071.46241548
0.0 733.0 185.0 1580.0 5157.43993926
0.0 335.0 433.0 2175.0 9016.34353356
0.0 92.0 565.0 2853.0 11527.8305446
0.0 896.0 116.0 1076.0 3425.07842348
0.0 1102.0 67.0 289.0 1374.27947655
0.0 872.0 196.0 689.0 3685.24380751
0.0 1236.0 3.0 24.0 74.1284975237
0.0 776.0 170.0 1422.0 4688.49954759
0.0 913.0 114.0 981.0 3200.17838734
0.0 1067.0 100.0 293.0 1775.69085359
0.0 1207.0 13.0 95.0 338.67232074
0.0 1075.0 71.0 402.0 1646.41856873
0.0 1233.0 4.0 32.0 100.416383528
0.0 923.0 160.0 629.0 3133.70485922
0.0 803.0 241.0 807.0 4338.69696426
0.0 352.0 425.0 2241.0 8896.23569459
0.0 591.0 250.0 1985.0 6473.37813735
0.0 755.0 216.0 1152.0 4803.24975126
0.0 912.0 115.0 971.0 3251.98467107
0.0 772.0 170.0 1455.0 4726.11113578
0.0 943.0 103.0 897.0 2955.96247586
0.0 609.0 321.0 1385.0 6258.60751427
0.0 777.0 208.0 1162.0 4617.50570411
0.0 1101.0 74.0 248.0 1417.68146021
0.0 1082.0 76.0 434.0 1580.89089662
0.0 672.0 294.0 1205.0 5688.50156334
0.0 1061.0 90.0 425.0 1810.20376699
0.0 979.0 135.0 536.0 2595.93385376
0.0 942.0 155.0 594.0 2965.74342651
0.0 1226.0 10.0 26.0 162.560892387
0.0 617.0 311.0 1569.0 6276.59773414
0.0 785.0 227.0 1067.0 4659.92260011
0.0 1064.0 89.0 354.0 1787.08421955
0.0 1119.0 54.0 272.0 1182.62135861
0.0 300.0 463.0 2389.0 9429.5151566
0.0 743.0 196.0 1371.0 4898.21425498
0.0 198.0 533.0 2323.0 10372.8165291
0.0 255.0 477.0 2485.0 9853.04379197
0.0 680.0 259.0 1489.0 5635.8617646
0.0 802.0 214.0 1078.0 4398.79711586
0.0 1078.0 73.0 442.0 1600.43588664
0.0 270.0 502.0 2125.0 9739.242993
0.0 783.0 252.0 846.0 4559.09292309
0.0 1195.0 16.0 120.0 482.461666854
0.0 921.0 166.0 789.0 3195.17167523
0.0 884.0 164.0 902.0 3620.32466227
0.0 914.0 160.0 771.0 3323.65551206
0.0 775.0 209.0 1167.0 4639.22513686
0.0 365.0 419.0 2207.0 8768.91808132
0.0 741.0 257.0 1162.0 5032.18551345
0.0 298.0 495.0 2015.0 9443.47774801
0.0 490.0 379.0 1735.0 7567.66627957
0.0 748.0 189.0 1515.0 4959.78440174
0.0 1053.0 111.0 314.0 1932.34986202
0.0 1244.0 0.0 0.0 0.0
0.0 523.0 376.0 1469.0 7157.23859724
0.0 785.0 234.0 1070.0 4593.56480771
0.0 672.0 301.0 1093.0 5658.92802618
0.0 487.0 329.0 1937.0 7552.51270721
0.0 1157.0 36.0 184.0 800.295446047
0.0 1043.0 84.0 510.0 2001.45366779
0.0 102.0 554.0 2874.0 11430.7978443
0.0 785.0 234.0 1066.0 4595.14261557
0.0 191.0 544.0 2297.0 10544.2800467
0.0 451.0 417.0 1666.0 7948.3062541
0.0 406.0 436.0 1767.0 8334.33593862
0.0 448.0 381.0 2014.0 7925.88070423
0.0 1096.0 57.0 375.0 1411.20177146
0.0 710.0 242.0 1389.0 5382.19037703
0.0 595.0 324.0 1516.0 6543.74243119
0.0 471.0 326.0 2060.0 7729.34122262
0.0 980.0 124.0 640.0 2607.02272172
0.0 968.0 147.0 520.0 2742.4009475
0.0 504.0 401.0 1468.0 7419.09561584
0.0 689.0 245.0 1549.0 5574.00691621
0.0 890.0 172.0 775.0 3497.32247688
0.0 822.0 179.0 1023.0 4169.55541497
0.0 639.0 324.0 1134.0 6040.88055991
0.0 225.0 497.0 2480.0 10167.7908901
0.0 703.0 211.0 1523.0 5319.12830643
0.0 694.0 209.0 1609.0 5439.43994917
0.0 883.0 134.0 1009.0 3569.38846403
0.0 955.0 134.0 707.0 2875.8088623
0.0 957.0 99.0 829.0 2864.91369606
0.0 401.0 445.0 1762.0 8407.30515473
0.0 933.0 168.0 578.0 3089.27708841
0.0 138.0 545.0 2634.0 11008.0698815
0.0 373.0 368.0 2353.0 8615.12905745
0.0 891.0 118.0 1101.0 3481.64893494
0.0 499.0 372.0 1789.0 7381.39193987
0.0 1062.0 70.0 424.0 1764.48460881
0.0 878.0 182.0 875.0 3702.51024357
0.0 712.0 245.0 1380.0 5245.71194179
0.0 206.0 445.0 2903.0 10337.5691543
0.0 169.0 531.0 2673.0 10733.5119703
0.0 647.0 304.0 1439.0 5975.4120515
0.0 307.0 448.0 2232.0 9316.73173673
0.0 505.0 392.0 1499.0 7434.49235143
0.0 988.0 122.0 510.0 2528.78928285
0.0 610.0 245.0 1896.0 6355.00954886
0.0 550.0 305.0 1788.0 6946.79804437
0.0 373.0 418.0 2155.0 8758.5821329
0.0 1171.0 26.0 164.0 695.76291403
0.0 566.0 327.0 1663.0 6836.95297589
0.0 561.0 332.0 1601.0 6771.29586379
0.0 207.0 501.0 2591.0 10354.5218174
0.0 334.0 444.0 2241.0 9086.20002209
0.0 1136.0 60.0 165.0 1070.24112117
0.0 674.0 285.0 1313.0 5678.66701608
0.0 935.0 107.0 908.0 3071.02304687
0.0 749.0 189.0 1507.0 4954.29395811
0.0 534.0 355.0 1645.0 7121.12379392
0.0 862.0 197.0 725.0 3762.90712624
0.0 773.0 170.0 1445.0 4715.59328196
0.0 600.0 318.0 1558.0 6434.90336873
0.0 862.0 166.0 1078.0 3863.18647416
0.0 1237.0 2.0 24.0 63.480381493
0.0 503.0 401.0 1470.0 7425.79176265
0.0 953.0 141.0 585.0 2826.01867093
0.0 487.0 303.0 2113.0 7493.93447741
0.0 464.0 382.0 1891.0 7883.54448139
0.0 619.0 313.0 1462.0 6290.32412237
0.0 611.0 297.0 1701.0 6396.96975117
0.0 865.0 184.0 763.0 3720.69495906
0.0 784.0 235.0 1070.0 4602.4411951
0.0 892.0 170.0 775.0 3478.4785054
0.0 405.0 437.0 1767.0 8345.05555001
0.0 712.0 242.0 1372.0 5368.3849034
0.0 814.0 224.0 992.0 4240.16632594
0.0 843.0 201.0 786.0 3939.21616611
0.0 936.0 150.0 781.0 3087.73102411
0.0 749.0 230.0 1281.0 4875.86330218
0.0 640.0 309.0 1274.0 5964.39009432
0.0 615.0 243.0 1864.0 6301.03972188
0.0 1081.0 69.0 384.0 1584.51134791
0.0 157.0 531.0 2704.0 10855.9034972
0.0 823.0 179.0 1016.0 4163.10324439
0.0 588.0 251.0 2003.0 6506.20039326
0.0 864.0 203.0 689.0 3791.79574261
0.0 679.0 259.0 1492.0 5641.62882807
0.0 162.0 536.0 2637.0 10841.3731367
0.0 461.0 318.0 2260.0 7829.31932367
0.0 698.0 262.0 1309.0 5413.74471956
0.0 334.0 442.0 2256.0 9114.71474018
0.0 462.0 318.0 2250.0 7817.37112716
0.0 613.0 239.0 1906.0 6268.78348653
0.0 1078.0 74.0 435.0 1601.6352027
0.0 873.0 195.0 689.0 3675.99971745
0.0 87.0 563.0 2903.0 11591.3686885
0.0 652.0 300.0 1372.0 5895.47740913
0.0 1064.0 105.0 293.0 1797.37768865
0.0 482.0 398.0 1601.0 7603.7411299
0.0 254.0 478.0 2564.0 9863.19546791
0.0 459.0 399.0 1863.0 7872.04917088
0.0 1071.0 86.0 405.0 1725.9428074
0.0 544.0 375.0 1393.0 6976.26565279
0.0 1176.0 25.0 149.0 648.852674921
0.0 1006.0 91.0 586.0 2299.94993828
0.0 728.0 284.0 933.0 5160.97351764
0.0 806.0 238.0 798.0 4380.58679585
0.0 890.0 176.0 719.0 3390.5546952
0.0 616.0 243.0 1855.0 6287.16349073
0.0 298.0 484.0 2065.0 9398.13174004
0.0 1082.0 89.0 277.0 1617.23395329
0.0 153.0 534.0 2709.0 10896.8384157
0.0 949.0 153.0 586.0 2849.59334883
0.0 825.0 161.0 1115.0 4119.09850616
0.0 368.0 421.0 2157.0 8807.30726917
0.0 907.0 140.0 945.0 3428.15647725
0.0 939.0 146.0 753.0 3084.58924023
0.0 157.0 538.0 2547.0 10820.1069067
0.0 110.0 549.0 2840.0 11334.7151146
0.0 144.0 566.0 2435.0 11007.3422848
0.0 520.0 389.0 1444.0 7243.68486796
0.0 1234.0 3.0 32.0 87.3913496438
0.0 107.0 556.0 2829.0 11415.3109579
0.0 122.0 567.0 2596.0 11215.2934812
0.0 582.0 345.0 1402.0 6564.89222169
0.0 714.0 207.0 1534.0 5310.67065944
0.0 1242.0 0.0 9.0 14.3985187975
0.0 1080.0 72.0 450.0 1614.96955173
0.0 331.0 443.0 2253.0 9104.32647197
0.0 604.0 317.0 1480.0 6410.35393916
0.0 466.0 366.0 2003.0 7752.45732218
0.0 553.0 322.0 1827.0 6922.03933153
0.0 744.0 196.0 1365.0 4885.88549599
0.0 450.0 419.0 1645.0 7898.06447147
0.0 264.0 474.0 2444.0 9782.74567523
0.0 932.0 169.0 578.0 3103.38511755
0.0 979.0 120.0 639.0 2628.89362731
0.0 976.0 139.0 517.0 2620.72022924
0.0 657.0 272.0 1336.0 5748.34218024
0.0 154.0 542.0 2646.0 10924.229183
0.0 900.0 164.0 813.0 3464.15039757
0.0 823.0 155.0 1295.0 4173.99428836
0.0 802.0 163.0 1285.0 4333.6948491
0.0 175.0 516.0 2660.0 10679.021037
0.0 692.0 212.0 1681.0 5511.15202417
0.0 1206.0 14.0 114.0 365.148865776
0.0 975.0 137.0 501.0 2672.72604812
0.0 927.0 157.0 760.0 3248.11751786
0.0 834.0 220.0 760.0 4001.34860756
0.0 769.0 211.0 1239.0 4736.51662367
0.0 913.0 115.0 967.0 3238.21539302
0.0 193.0 518.0 2461.0 10447.317035
0.0 1050.0 91.0 487.0 1938.99488698
0.0 889.0 177.0 719.0 3395.62819704
0.0 704.0 252.0 1321.0 5372.5398412
0.0 675.0 284.0 1313.0 5669.19472468
0.0 267.0 469.0 2349.0 9655.14794786
0.0 560.0 334.0 1592.0 6783.63256731
0.0 762.0 212.0 1141.0 4728.75948124
0.0 1170.0 29.0 156.0 699.422813994
0.0 245.0 518.0 2163.0 9964.27647026
0.0 665.0 319.0 1102.0 5731.07424511
0.0 797.0 232.0 849.0 4431.94298926
0.0 679.0 281.0 1312.0 5635.97457711
0.0 1217.0 11.0 68.0 235.340118689
0.0 618.0 313.0 1468.0 6305.8518229
0.0 833.0 194.0 1040.0 4131.73316229
0.0 92.0 561.0 2867.0 11536.4631579
0.0 739.0 270.0 1148.0 5037.68551022
0.0 87.0 563.0 2902.0 11594.2487689
0.0 846.0 193.0 939.0 3925.75801631
0.0 106.0 545.0 2913.0 11363.6450764
0.0 874.0 196.0 705.0 3560.86606629
0.0 106.0 561.0 2786.0 11380.9662913
0.0 681.0 280.0 1311.0 5623.27057666
0.0 977.0 112.0 664.0 2646.57774381
0.0 584.0 343.0 1402.0 6543.19899626
0.0 583.0 300.0 1786.0 6637.21911924
0.0 775.0 177.0 1325.0 4638.39942507
0.0 1145.0 45.0 199.0 917.760551633
0.0 222.0 494.0 2526.0 10164.3386188
0.0 88.0 561.0 2919.0 11575.3377843
0.0 821.0 152.0 1342.0 4203.00987431
0.0 528.0 354.0 1703.0 7189.2887504
0.0 219.0 485.0 2669.0 10252.3323153
0.0 207.0 507.0 2575.0 10336.9458208
0.0 737.0 270.0 1155.0 5055.6341324
0.0 610.0 297.0 1708.0 6404.21903499
0.0 889.0 147.0 1007.0 3615.51403719
0.0 402.0 445.0 1758.0 8394.96593346
0.0 963.0 103.0 756.0 2763.81267583
0.0 772.0 186.0 1264.0 4614.09374848
0.0 598.0 252.0 1810.0 6410.88211881
0.0 818.0 200.0 1067.0 4260.95305853
0.0 832.0 222.0 760.0 4023.68620049
0.0 242.0 479.0 2513.0 10022.5013637
0.0 863.0 204.0 689.0 3803.48910698
0.0 1177.0 26.0 139.0 643.81849048
0.0 347.0 430.0 2238.0 8945.86134225
0.0 1107.0 69.0 244.0 1349.03356614
0.0 505.0 300.0 1998.0 7316.80233376
0.0 1154.0 37.0 187.0 850.523074353
0.0 714.0 264.0 1361.0 5290.16867373
0.0 395.0 372.0 2166.0 8453.29405468
0.0 890.0 118.0 1110.0 3487.3333666
0.0 1129.0 59.0 195.0 1159.42080287
0.0 1045.0 61.0 592.0 1929.13682114
0.0 581.0 338.0 1375.0 6603.81385893
0.0 878.0 181.0 877.0 3701.46780901
0.0 707.0 204.0 1551.0 5297.76859258
0.0 646.0 230.0 1735.0 5900.13063748
0.0 666.0 265.0 1324.0 5655.75401359
0.0 553.0 279.0 1973.0 6873.03316093
0.0 818.0 198.0 1084.0 4299.51879971
0.0 628.0 251.0 1680.0 6075.34736903
0.0 1018.0 79.0 599.0 2282.35466897
0.0 161.0 558.0 2391.0 10803.52042
0.0 618.0 331.0 1259.0 6262.32893077
0.0 465.0 380.0 1896.0 7868.26030747
0.0 705.0 252.0 1321.0 5357.57356257
0.0 87.0 562.0 2904.0 11579.8973446
0.0 965.0 147.0 501.0 2797.44141448
0.0 591.0 339.0 1391.0 6464.00141907
0.0 1022.0 101.0 578.0 2236.71542154
0.0 152.0 543.0 2547.0 10889.2143249
0.0 1032.0 99.0 516.0 2091.67507863
0.0 912.0 175.0 788.0 3280.70298842
0.0 814.0 158.0 1244.0 4239.42010247
0.0 825.0 159.0 1247.0 4138.88381571
0.0 312.0 404.0 2483.0 9231.95474732
0.0 897.0 116.0 1068.0 3415.56014957
0.0 579.0 340.0 1375.0 6631.91288591
0.0 982.0 123.0 650.0 2554.03989571
0.0 935.0 148.0 757.0 3123.70889676
0.0 843.0 196.0 939.0 3958.85460811
0.0 374.0 417.0 2155.0 8743.88370914
0.0 1065.0 88.0 354.0 1779.22739954
0.0 714.0 209.0 1454.0 5228.650179
0.0 708.0 246.0 1399.0 5288.77279684
0.0 93.0 558.0 2903.0 11521.0220723
0.0 1120.0 57.0 290.0 1181.09394734
0.0 208.0 501.0 2571.0 10321.9728816
0.0 647.0 230.0 1730.0 5886.51815603
0.0 831.0 223.0 760.0 4038.47934663
0.0 777.0 177.0 1310.0 4615.49253667
0.0 1126.0 48.0 258.0 1110.61508585
0.0 936.0 148.0 756.0 3114.63319045
0.0 1035.0 82.0 492.0 2026.47390719
0.0 995.0 79.0 749.0 2400.12337155
0.0 1047.0 72.0 495.0 1962.67358084
0.0 1168.0 31.0 153.0 717.215822899
0.0 967.0 128.0 700.0 2704.90884638
0.0 657.0 324.0 1111.0 5832.34584481
0.0 784.0 228.0 1067.0 4673.71765707
0.0 946.0 144.0 713.0 2967.41707406
0.0 622.0 312.0 1450.0 6243.51593847
0.0 1223.0 10.0 46.0 187.419980176
0.0 826.0 161.0 1107.0 4107.08092526
0.0 934.0 132.0 853.0 3110.93465897
0.0 1176.0 37.0 137.0 698.190613531
0.0 963.0 93.0 864.0 2748.89359306
0.0 1215.0 11.0 62.0 253.501091629
0.0 1146.0 39.0 210.0 940.844514854
0.0 901.0 118.0 1046.0 3327.39494214
0.0 820.0 197.0 1077.0 4285.52601599
0.0 293.0 459.0 2362.0 9449.08132735
0.0 851.0 176.0 948.0 3836.44123535
0.0 784.0 245.0 851.0 4566.04591975
0.0 280.0 459.0 2438.0 9600.86103332
0.0 824.0 230.0 765.0 4109.47283672
0.0 619.0 330.0 1259.0 6250.11101165
0.0 1187.0 23.0 109.0 520.771331515
0.0 781.0 215.0 1170.0 4614.20698456
0.0 1134.0 49.0 219.0 1058.80971035
0.0 110.0 542.0 2905.0 11313.2429113
0.0 170.0 531.0 2671.0 10722.3814177
0.0 557.0 265.0 2002.0 6856.31150149
0.0 363.0 419.0 2218.0 8789.12579239
0.0 1076.0 70.0 402.0 1635.93374269
0.0 126.0 546.0 2762.0 11178.2476542
0.0 411.0 402.0 2069.0 8280.34444767
0.0 964.0 93.0 861.0 2739.33207477
0.0 795.0 223.0 1031.0 4564.05011875
0.0 163.0 530.0 2657.0 10831.1716185
0.0 928.0 116.0 978.0 3090.22289808
0.0 338.0 459.0 1991.0 8981.35553438
0.0 993.0 80.0 754.0 2425.00901421
0.0 1021.0 101.0 585.0 2242.47710227
0.0 846.0 200.0 795.0 3854.82388686
0.0 178.0 540.0 2391.0 10582.5115659
0.0 369.0 421.0 2157.0 8792.35059776
0.0 1096.0 70.0 353.0 1468.60906793
0.0 1058.0 96.0 350.0 1867.11974878
0.0 872.0 191.0 766.0 3673.0166795
0.0 396.0 361.0 2245.0 8443.84700823
0.0 337.0 427.0 2200.0 8989.24082574
0.0 952.0 139.0 699.0 2904.00737312
0.0 819.0 199.0 1059.0 4215.44265742
0.0 418.0 420.0 1781.0 8210.40161277
0.0 773.0 210.0 1227.0 4696.71677231
0.0 881.0 134.0 1027.0 3580.36108418
0.0 1190.0 22.0 105.0 491.593489375
0.0 1183.0 28.0 150.0 555.991927893
0.0 669.0 262.0 1324.0 5634.93120095
0.0 801.0 226.0 855.0 4387.28960254
0.0 453.0 389.0 1908.0 7990.671206
0.0 637.0 266.0 1555.0 6097.35270773
0.0 404.0 358.0 2216.0 8352.62308889
0.0 805.0 246.0 850.0 4328.36519425
0.0 987.0 115.0 668.0 2515.20182914
0.0 1009.0 88.0 587.0 2336.70771271
0.0 234.0 489.0 2395.0 9980.01583408
0.0 1143.0 43.0 253.0 982.042824977
0.0 550.0 365.0 1408.0 6919.60518399
0.0 1001.0 115.0 620.0 2436.06784226
0.0 1021.0 67.0 671.0 2160.30036531
0.0 959.0 120.0 775.0 2869.25552784
0.0 700.0 246.0 1474.0 5439.70598304
0.0 98.0 563.0 2822.0 11467.2498705
0.0 442.0 424.0 1670.0 8050.08665446
0.0 637.0 279.0 1385.0 6024.21817524
0.0 504.0 369.0 1663.0 7388.84473499
0.0 662.0 264.0 1490.0 5908.06545832
0.0 964.0 147.0 504.0 2810.66326007
0.0 795.0 222.0 1039.0 4563.45545397
0.0 1121.0 52.0 272.0 1159.02245379
0.0 521.0 388.0 1444.0 7230.87062539
0.0 657.0 233.0 1626.0 5812.53589507
0.0 542.0 323.0 1903.0 7090.95120291
0.0 859.0 194.0 874.0 3828.58437623
0.0 194.0 540.0 2301.0 10502.5891892
0.0 770.0 263.0 833.0 4759.40839781
0.0 182.0 522.0 2622.0 10612.40165
0.0 235.0 483.0 2549.0 10065.9713722
0.0 1020.0 102.0 585.0 2256.56142891
0.0 1120.0 53.0 362.0 1253.24055543
0.0 1093.0 73.0 304.0 1475.71358988
0.0 176.0 515.0 2660.0 10664.2915816
0.0 1004.0 82.0 671.0 2334.45418463
0.0 474.0 386.0 1721.0 7644.68198766
0.0 537.0 352.0 1667.0 7090.3551066
0.0 965.0 135.0 674.0 2769.69357337
0.0 977.0 126.0 646.0 2641.83660312
0.0 346.0 388.0 2382.0 8907.62092934
0.0 482.0 405.0 1554.0 7577.05141832
0.0 701.0 254.0 1332.0 5398.62166628
0.0 688.0 245.0 1557.0 5588.47541014
0.0 853.0 196.0 891.0 3899.74205622
0.0 1194.0 23.0 121.0 476.781442873
0.0 1081.0 81.0 320.0 1628.23047785
0.0 495.0 362.0 1833.0 7497.95632593
0.0 1239.0 1.0 17.0 38.3094869483
0.0 971.0 126.0 687.0 2676.51726856
0.0 850.0 176.0 952.0 3850.16720024
0.0 228.0 519.0 2244.0 10116.157039
0.0 505.0 369.0 1660.0 7374.29701218
0.0 1144.0 44.0 215.0 922.572600618
0.0 1028.0 107.0 466.0 2151.38297844
0.0 436.0 360.0 2101.0 7988.54058755
0.0 363.0 379.0 2302.0 8762.3419994
0.0 988.0 114.0 669.0 2498.98334668
0.0 181.0 522.0 2631.0 10617.6898385
0.0 87.0 564.0 2895.0 11574.0419889
0.0 1082.0 80.0 320.0 1615.32338861
0.0 713.0 265.0 1361.0 5304.24247217
0.0 676.0 297.0 1093.0 5622.82298736
0.0 794.0 223.0 1039.0 4574.08446443
0.0 1152.0 38.0 199.0 849.377308743
0.0 599.0 320.0 1487.0 6464.65861261
0.0 439.0 425.0 1677.0 8089.82221875
0.0 661.0 265.0 1490.0 5913.13896015
0.0 336.0 427.0 2203.0 9002.61998815
0.0 687.0 246.0 1561.0 5582.7843768
0.0 996.0 79.0 741.0 2390.08902586
0.0 1053.0 90.0 466.0 1915.28886768
0.0 722.0 289.0 938.0 5232.30932848
0.0 299.0 445.0 2403.0 9417.9655243
0.0 129.0 551.0 2655.0 11115.9572669
0.0 890.0 135.0 957.0 3489.67710866
0.0 1066.0 88.0 350.0 1772.53248614
0.0 1188.0 23.0 106.0 510.673054285
0.0 696.0 264.0 1309.0 5441.18037659
0.0 1150.0 36.0 210.0 881.322671707
0.0 585.0 254.0 2003.0 6535.30692848
0.0 1059.0 72.0 428.0 1790.60116573
0.0 1054.0 89.0 466.0 1905.73798798
0.0 223.0 496.0 2493.0 10198.5418538
0.0 609.0 320.0 1388.0 6257.64061036
0.0 162.0 531.0 2658.0 10838.9197069
0.0 949.0 124.0 820.0 2961.28169261
0.0 1180.0 25.0 132.0 617.442804514
0.0 375.0 461.0 1785.0 8674.18800922
0.0 386.0 450.0 1785.0 8540.18541437
0.0 812.0 232.0 799.0 4301.4312071
0.0 498.0 374.0 1784.0 7394.53607537
0.0 627.0 251.0 1687.0 6081.71522594
0.0 928.0 115.0 854.0 3106.93243708
0.0 601.0 317.0 1558.0 6425.68836388
0.0 796.0 233.0 849.0 4443.79890469
0.0 980.0 120.0 633.0 2618.44595218
0.0 1136.0 44.0 230.0 1011.74107229
0.0 999.0 83.0 701.0 2390.39107782
0.0 589.0 352.0 1230.0 6488.84810243
0.0 710.0 277.0 1236.0 5289.03651244
0.0 868.0 129.0 1190.0 3704.00980611
0.0 953.0 138.0 699.0 2891.82182458
0.0 883.0 131.0 1126.0 3541.90391512
0.0 877.0 187.0 763.0 3631.32450815
0.0 439.0 426.0 1672.0 8089.34080771
0.0 639.0 333.0 1152.0 6014.50719149
0.0 491.0 377.0 1738.0 7556.61095877
0.0 227.0 485.0 2431.0 10027.6239174
0.0 1028.0 83.0 527.0 2144.35393152
0.0 817.0 203.0 1059.0 4260.07774542
0.0 1211.0 13.0 78.0 307.262450333
0.0 898.0 166.0 813.0 3488.03224024
0.0 124.0 563.0 2598.0 11185.334351
0.0 368.0 377.0 2282.0 8714.62505877
0.0 651.0 300.0 1380.0 5903.50076106
0.0 915.0 159.0 771.0 3313.19815269
0.0 297.0 496.0 2015.0 9457.27280498
0.0 1142.0 53.0 219.0 995.55006934
0.0 309.0 487.0 2004.0 9312.50905444
0.0 87.0 564.0 2888.0 11580.6199972
0.0 495.0 375.0 1789.0 7424.50907645
0.0 106.0 552.0 2844.0 11381.3128839
0.0 478.0 364.0 1955.0 7662.21173033
0.0 594.0 324.0 1523.0 6549.00072601
0.0 782.0 234.0 1086.0 4628.62177414
0.0 942.0 103.0 903.0 2968.29123484
0.0 364.0 378.0 2302.0 8756.6158597
0.0 413.0 401.0 2062.0 8265.97258315
0.0 785.0 233.0 1073.0 4592.81938385
0.0 569.0 358.0 1369.0 6706.20836247
0.0 852.0 197.0 891.0 3910.19645729
0.0 1197.0 21.0 118.0 443.010015729
0.0 368.0 422.0 2157.0 8801.65612496
0.0 1235.0 4.0 24.0 83.405031918
0.0 418.0 417.0 1854.0 8215.20775326
0.0 738.0 270.0 1153.0 5046.63783991
0.0 714.0 265.0 1354.0 5298.59011215
0.0 603.0 318.0 1478.0 6425.03882662
0.0 952.0 138.0 705.0 2902.25060943
0.0 492.0 377.0 1731.0 7545.81338415
0.0 654.0 298.0 1358.0 5861.02807078
0.0 783.0 215.0 1160.0 4593.72135815
0.0 438.0 360.0 2083.0 7971.42947373
0.0 1033.0 99.0 508.0 2081.64073294
0.0 288.0 451.0 2431.0 9534.20822001
0.0 209.0 500.0 2583.0 10329.480304
0.0 485.0 362.0 1943.0 7569.55639596
0.0 89.0 561.0 2896.0 11558.2534368
0.0 821.0 199.0 1048.0 4199.4061167
0.0 304.0 452.0 2228.0 9347.7669829
0.0 508.0 385.0 1500.0 7314.71635875
0.0 691.0 281.0 1182.0 5491.9579278
0.0 491.0 315.0 2044.0 7521.60498305
0.0 699.0 246.0 1477.0 5449.26750134
0.0 1171.0 32.0 141.0 666.551675603
0.0 464.0 380.0 1899.0 7879.41994508
0.0 89.0 568.0 2862.0 11581.2751595
0.0 818.0 201.0 1056.0 4222.00619846
0.0 212.0 495.0 2603.0 10299.0580955
0.0 648.0 292.0 1392.0 5931.41664917
0.0 1135.0 48.0 219.0 1048.53573648
0.0 449.0 380.0 2014.0 7920.15456453
0.0 1121.0 52.0 266.0 1162.71402917
0.0 204.0 447.0 2903.0 10352.2432384
0.0 196.0 513.0 2596.0 10475.2538333
0.0 1031.0 108.0 449.0 2134.86954669
0.0 979.0 124.0 646.0 2621.30389819
0.0 905.0 175.0 642.0 3319.05960057
0.0 697.0 262.0 1312.0 5429.7759035
0.0 303.0 478.0 2071.0 9361.79315798
0.0 782.0 215.0 1170.0 4605.69524184
0.0 872.0 186.0 783.0 3687.32052915
0.0 1071.0 88.0 394.0 1723.44913976
0.0 1240.0 0.0 17.0 31.409870407
0.0 766.0 265.0 839.0 4808.3462541
0.0 695.0 209.0 1595.0 5431.91540135
0.0 851.0 145.0 1169.0 3901.68683592
0.0 969.0 142.0 534.0 2701.52727518
0.0 680.0 259.0 1492.0 5626.67215666
0.0 293.0 451.0 2443.0 9485.43460391
0.0 1144.0 41.0 210.0 953.309518421
0.0 711.0 242.0 1381.0 5376.80724277
0.0 958.0 120.0 781.0 2884.90284849
0.0 921.0 116.0 889.0 3163.40495085
0.0 294.0 457.0 2367.0 9448.6341031
0.0 608.0 338.0 1208.0 6267.70364429
0.0 1187.0 21.0 137.0 546.928205557
0.0 1221.0 10.0 54.0 204.431331785
0.0 872.0 172.0 943.0 3690.76817309
0.0 372.0 411.0 2243.0 8699.02628344
0.0 858.0 187.0 925.0 3917.70864929
0.0 915.0 165.0 645.0 3202.18515517
0.0 1232.0 3.0 36.0 116.759914943
0.0 94.0 565.0 2824.0 11500.5093308
0.0 933.0 159.0 626.0 2991.16224769
0.0 840.0 217.0 752.0 3935.47180102
0.0 771.0 210.0 1236.0 4711.45582967
0.0 982.0 120.0 622.0 2598.92085644
0.0 210.0 498.0 2591.0 10321.8052028
0.0 430.0 394.0 2018.0 8109.29400709
0.0 1174.0 40.0 132.0 704.086211741
0.0 874.0 189.0 766.0 3654.1481207
0.0 441.0 424.0 1672.0 8064.98741465
0.0 809.0 242.0 850.0 4276.12827319
0.0 1072.0 97.0 356.0 1754.89950336
0.0 1162.0 31.0 186.0 768.967011449
0.0 705.0 209.0 1523.0 5301.72936972
0.0 960.0 144.0 572.0 2780.30228444
0.0 935.0 147.0 767.0 3125.4450767
0.0 990.0 116.0 528.0 2503.19843346
0.0 1098.0 78.0 255.0 1432.36556258
0.0 377.0 415.0 2194.0 8619.93738336
0.0 602.0 319.0 1478.0 6435.70218666
0.0 373.0 417.0 2203.0 8653.56989348
0.0 858.0 200.0 730.0 3805.079676
0.0 141.0 527.0 2815.0 11003.5192655
0.0 273.0 461.0 2360.0 9618.55045979
0.0 573.0 324.0 1637.0 6756.88377496
0.0 764.0 177.0 1416.0 4760.33864933
0.0 967.0 137.0 579.0 2657.15436338
0.0 267.0 504.0 2131.0 9774.2628679
0.0 599.0 252.0 1803.0 6402.57695766
0.0 785.0 206.0 1231.0 4686.78651387
0.0 1041.0 85.0 511.0 2017.32389735
0.0 632.0 280.0 1636.0 6068.04727264
0.0 1068.0 67.0 407.0 1730.72536388
0.0 649.0 292.0 1389.0 5918.03748676
0.0 96.0 565.0 2826.0 11479.6377086
0.0 284.0 463.0 2389.0 9607.9312418
0.0 1148.0 38.0 210.0 900.681788805
0.0 579.0 347.0 1410.0 6597.14532396
0.0 568.0 359.0 1369.0 6719.62897573
0.0 857.0 196.0 874.0 3854.85393543
0.0 513.0 337.0 1985.0 7423.29720392
0.0 786.0 233.0 1070.0 4582.57117
0.0 673.0 300.0 1093.0 5647.54882336
0.0 541.0 324.0 1903.0 7103.86232453
0.0 1078.0 65.0 378.0 1647.68289324
0.0 1032.0 100.0 509.0 2097.15249694
0.0 1222.0 11.0 50.0 200.06014797
0.0 927.0 156.0 765.0 3249.10285078
0.0 1105.0 60.0 315.0 1353.805943
0.0 414.0 423.0 1851.0 8264.89149847
0.0 1049.0 111.0 331.0 1963.75973243
0.0 628.0 286.0 1391.0 6116.52747886
0.0 461.0 367.0 2019.0 7803.871585
0.0 533.0 368.0 1476.0 7093.5450871
0.0 179.0 513.0 2650.0 10635.0092131
0.0 1214.0 13.0 75.0 279.524114532
0.0 583.0 326.0 1607.0 6586.66892245
0.0 618.0 242.0 1853.0 6264.92557276
0.0 950.0 141.0 707.0 2918.43425592
0.0 740.0 243.0 1235.0 4988.59992714
0.0 1095.0 71.0 353.0 1475.50868447
0.0 294.0 458.0 2358.0 9450.93759843
0.0 524.0 294.0 1934.0 7110.53919499
0.0 894.0 156.0 919.0 3503.79927651
0.0 159.0 533.0 2666.0 10870.0809924
0.0 535.0 286.0 2048.0 7087.30233856
0.0 465.0 410.0 1613.0 7734.71297621
0.0 983.0 122.0 650.0 2545.10451295
0.0 661.0 323.0 1102.0 5786.34269041
0.0 1011.0 82.0 617.0 2264.9383535
0.0 522.0 377.0 1469.0 7165.30008649
0.0 241.0 444.0 2644.0 9939.98817968
0.0 146.0 566.0 2425.0 10986.4843028
0.0 765.0 177.0 1406.0 4748.94662632
0.0 800.0 163.0 1304.0 4354.15768903
0.0 148.0 554.0 2478.0 10940.2402111
0.0 584.0 299.0 1786.0 6625.80819816
0.0 924.0 159.0 629.0 3126.34751358
0.0 1160.0 34.0 170.0 801.593752037
0.0 926.0 163.0 635.0 3066.91527464
0.0 977.0 138.0 517.0 2607.98481976
0.0 1097.0 79.0 255.0 1445.39059646
0.0 906.0 117.0 1005.0 3273.71859831
0.0 145.0 566.0 2430.0 10993.7298033
0.0 247.0 485.0 2484.0 9947.24733046
0.0 620.0 312.0 1462.0 6281.58106998
0.0 597.0 324.0 1507.0 6529.34391239
0.0 1243.0 1.0 0.0 6.89961654134
0.0 221.0 454.0 2726.0 10129.3315246
0.0 201.0 529.0 2328.0 10334.412703
0.0 740.0 277.0 913.0 5043.56604088
0.0 805.0 238.0 801.0 4394.23919205
0.0 802.0 225.0 855.0 4376.61084242
0.0 882.0 188.0 704.0 3469.77547418
0.0 1044.0 94.0 402.0 1973.83280815
0.0 214.0 528.0 2269.0 10253.0657722
0.0 767.0 264.0 839.0 4793.94843404
0.0 925.0 116.0 992.0 3131.48067743
0.0 1185.0 22.0 125.0 533.101637013
0.0 535.0 353.0 1668.0 7114.43101047
0.0 167.0 553.0 2374.0 10757.0928074
0.0 894.0 169.0 821.0 3522.7401445
0.0 492.0 315.0 2035.0 7515.9205514
0.0 328.0 467.0 2009.0 9095.08047766
0.0 1124.0 64.0 194.0 1205.91483716
0.0 254.0 480.0 2459.0 9838.68509584
0.0 385.0 451.0 1785.0 8548.55460343
0.0 513.0 365.0 1702.0 7347.37625258
0.0 907.0 140.0 941.0 3431.42437529
0.0 956.0 99.0 836.0 2879.12034768
0.0 814.0 224.0 990.0 4249.65992966
0.0 1101.0 71.0 333.0 1461.77279644
0.0 796.0 221.0 1039.0 4556.63461581
