~~~
0.0 635.0 362.0 2022.0 7602.42034316
0.0 536.0 429.0 2144.0 8563.90102109
0.0 1329.0 33.0 192.0 655.093863829
0.0 845.0 265.0 1413.0 5553.89405051
0.0 1176.0 110.0 554.0 2152.20059197
0.0 232.0 577.0 2930.0 11678.4050654
0.0 797.0 300.0 1416.0 5963.27697385
0.0 1291.0 57.0 251.0 1043.38136564
0.0 613.0 388.0 2011.0 7834.59996268
0.0 340.0 522.0 2664.0 10553.8082377
0.0 329.0 526.0 2685.0 10674.7224155
0.0 530.0 425.0 2197.0 8630.58407562
0.0 1334.0 33.0 149.0 596.278076401
0.0 1307.0 49.0 236.0 891.949194343
0.0 640.0 369.0 1921.0 7541.0995583
0.0 1015.0 202.0 883.0 3714.21987122
0.0 324.0 521.0 2768.0 10723.073525
0.0 808.0 273.0 1571.0 5831.24897482
0.0 1012.0 184.0 1044.0 3761.2311952
0.0 420.0 481.0 2476.0 9746.56268939
0.0 1376.0 11.0 45.0 209.660500091
0.0 690.0 347.0 1771.0 7024.42776006
0.0 755.0 306.0 1673.0 6345.39110704
0.0 864.0 252.0 1446.0 5224.37910161
0.0 273.0 542.0 2919.0 11234.5558088
0.0 637.0 362.0 2010.0 7587.38850915
0.0 1323.0 35.0 198.0 693.35499414
0.0 461.0 469.0 2314.0 9382.31074517
0.0 528.0 427.0 2191.0 8658.82849761
0.0 268.0 547.0 2904.0 11280.7189403
0.0 1002.0 192.0 1014.0 3879.34247833
0.0 1115.0 142.0 683.0 2822.98439041
0.0 1366.0 13.0 67.0 306.853834514
0.0 1139.0 129.0 676.0 2554.41516065
0.0 943.0 216.0 1209.0 4499.79184772
0.0 925.0 229.0 1215.0 4668.40672376
0.0 283.0 540.0 2848.0 11142.717903
0.0 1135.0 137.0 647.0 2565.05726019
0.0 743.0 320.0 1734.0 6490.89776361
0.0 1195.0 97.0 555.0 1983.75929145
0.0 1183.0 107.0 555.0 2072.21521308
0.0 1114.0 142.0 689.0 2831.70102754
0.0 316.0 524.0 2792.0 10810.9406102
0.0 965.0 213.0 1126.0 4246.33308232
0.0 1030.0 180.0 940.0 3634.04430333
0.0 807.0 273.0 1584.0 5837.69475033
0.0 258.0 559.0 2896.0 11400.3337275
0.0 1067.0 155.0 905.0 3271.70542284
0.0 262.0 556.0 2898.0 11395.2776106
0.0 753.0 315.0 1652.0 6441.01404774
0.0 1125.0 141.0 659.0 2677.91310441
0.0 1110.0 143.0 707.0 2877.43656252
0.0 1120.0 141.0 679.0 2737.03517699
0.0 397.0 500.0 2468.0 9987.26658983
0.0 966.0 201.0 1153.0 4255.56731745
0.0 945.0 217.0 1168.0 4526.1807824
0.0 634.0 375.0 1905.0 7620.38073161
0.0 689.0 335.0 1849.0 7043.43443568
0.0 609.0 392.0 1946.0 7844.00470927
0.0 267.0 548.0 2908.0 11297.9222632
0.0 1087.0 147.0 828.0 3054.75123766
0.0 337.0 526.0 2660.0 10580.8987633
0.0 1369.0 18.0 45.0 264.3115654
0.0 272.0 561.0 2872.0 11309.0462791
0.0 908.0 230.0 1317.0 4836.76745006
0.0 740.0 321.0 1747.0 6515.40541401
0.0 351.0 514.0 2677.0 10418.6190401
0.0 1362.0 12.0 107.0 337.613009829
0.0 275.0 552.0 2828.0 11230.0659235
0.0 822.0 272.0 1451.0 5788.29312899
0.0 1099.0 150.0 727.0 2925.98521603
0.0 491.0 461.0 2227.0 9021.94661307
0.0 1313.0 40.0 232.0 839.33350657
0.0 530.0 424.0 2199.0 8635.53734991
0.0 311.0 537.0 2724.0 10861.3022137
0.0 400.0 498.0 2495.0 9958.87573635
0.0 1134.0 123.0 693.0 2541.57748087
0.0 459.0 467.0 2354.0 9354.5598724
0.0 1140.0 122.0 672.0 2475.76355499
0.0 1092.0 151.0 751.0 2989.07001228
0.0 402.0 493.0 2463.0 9946.61461732
0.0 368.0 509.0 2607.0 10297.8019051
0.0 750.0 321.0 1576.0 6485.15475832
0.0 1162.0 129.0 566.0 2280.05662787
0.0 1193.0 99.0 510.0 2031.24936742
0.0 829.0 285.0 1377.0 5662.65271002
0.0 291.0 548.0 2763.0 11077.8350684
0.0 614.0 388.0 2004.0 7826.77174337
0.0 1370.0 13.0 58.0 256.820107778
0.0 690.0 334.0 1849.0 7035.83775561
0.0 650.0 357.0 1904.0 7459.25375181
0.0 1161.0 116.0 588.0 2272.49302859
0.0 927.0 227.0 1215.0 4653.24045953
0.0 1329.0 31.0 161.0 657.744582025
0.0 558.0 421.0 2076.0 8370.91859686
0.0 542.0 415.0 2164.0 8509.80891868
0.0 1162.0 116.0 587.0 2254.5801959
0.0 938.0 224.0 1159.0 4574.02519125
0.0 1032.0 174.0 962.0 3607.91284967
0.0 401.0 497.0 2495.0 9947.54533678
0.0 1364.0 11.0 114.0 326.281809149
0.0 364.0 507.0 2637.0 10291.8133414
0.0 1017.0 195.0 932.0 3765.91017235
0.0 670.0 359.0 1861.0 7190.98837689
0.0 1371.0 14.0 40.0 251.233146072
0.0 781.0 290.0 1599.0 6169.04096252
0.0 535.0 430.0 2144.0 8573.99449452
0.0 310.0 532.0 2743.0 10889.5570062
0.0 328.0 525.0 2753.0 10703.1560504
0.0 310.0 532.0 2748.0 10869.0390707
0.0 1103.0 143.0 757.0 2958.67476954
0.0 857.0 265.0 1372.0 5373.90636441
0.0 900.0 240.0 1281.0 4936.18196706
0.0 1138.0 134.0 635.0 2538.59734653
0.0 1007.0 199.0 953.0 3917.67177066
0.0 1366.0 13.0 93.0 279.048095167
0.0 774.0 301.0 1599.0 6189.90800775
0.0 409.0 491.0 2511.0 9872.6209896
0.0 636.0 373.0 1905.0 7596.0794152
0.0 944.0 215.0 1221.0 4488.58554593
0.0 1101.0 143.0 766.0 2973.78721605
0.0 532.0 423.0 2196.0 8614.9520078
0.0 792.0 286.0 1572.0 6088.1472978
0.0 1116.0 141.0 683.0 2816.05209918
0.0 1070.0 156.0 804.0 3283.9454754
0.0 614.0 387.0 2011.0 7828.45293063
0.0 527.0 442.0 2162.0 8647.50328489
0.0 653.0 356.0 1890.0 7433.45610363
0.0 1308.0 49.0 216.0 906.542557339
0.0 526.0 426.0 2214.0 8668.98013396
0.0 1062.0 166.0 858.0 3331.88261828
0.0 1129.0 133.0 711.0 2642.36191617
0.0 446.0 469.0 2487.0 9550.38217091
0.0 987.0 194.0 1100.0 4027.29835733
0.0 802.0 305.0 1398.0 5969.70435191
0.0 720.0 328.0 1713.0 6752.52284181
0.0 1194.0 100.0 536.0 1992.08585204
0.0 254.0 567.0 2852.0 11430.6004988
0.0 1097.0 150.0 767.0 3003.11678125
0.0 317.0 532.0 2698.0 10815.9965287
0.0 660.0 352.0 1876.0 7348.86823154
0.0 281.0 554.0 2794.0 11205.6543201
0.0 859.0 263.0 1310.0 5359.12769421
0.0 769.0 319.0 1532.0 6260.38015909
0.0 670.0 360.0 1816.0 7246.35507125
0.0 827.0 279.0 1508.0 5677.38704001
0.0 710.0 342.0 1710.0 6864.38372678
0.0 835.0 270.0 1448.0 5531.91390553
0.0 1372.0 12.0 58.0 237.602088206
0.0 713.0 340.0 1752.0 6841.29591782
0.0 1374.0 11.0 43.0 215.643475342
0.0 784.0 290.0 1582.0 6145.98770849
0.0 877.0 263.0 1278.0 5142.70641987
0.0 1296.0 54.0 241.0 991.308959694
0.0 966.0 215.0 1073.0 4278.64615837
0.0 300.0 537.0 2768.0 10987.5190962
0.0 1340.0 31.0 137.0 548.520225421
0.0 308.0 533.0 2754.0 10893.0276603
0.0 901.0 241.0 1263.0 4948.29413259
0.0 295.0 544.0 2763.0 11040.94307
0.0 865.0 254.0 1397.0 5306.68535547
0.0 1156.0 119.0 602.0 2352.78946825
0.0 557.0 407.0 2163.0 8441.16205781
0.0 1340.0 25.0 142.0 549.47512235
0.0 1097.0 135.0 801.0 2936.38548894
0.0 1124.0 134.0 738.0 2687.66324278
0.0 538.0 416.0 2178.0 8548.38724089
0.0 822.0 272.0 1445.0 5793.80798823
0.0 527.0 424.0 2217.0 8648.08412174
0.0 265.0 557.0 2866.0 11320.2729124
0.0 609.0 392.0 1990.0 7795.40765632
0.0 1055.0 164.0 898.0 3317.60346148
0.0 841.0 281.0 1351.0 5548.36014151
0.0 757.0 306.0 1662.0 6325.50583319
0.0 527.0 425.0 2214.0 8655.01911227
0.0 239.0 575.0 2920.0 11602.7333228
0.0 298.0 544.0 2753.0 11027.7849534
0.0 1184.0 104.0 537.0 2116.78806001
0.0 830.0 285.0 1369.0 5651.61920216
0.0 1139.0 136.0 631.0 2528.19862914
0.0 1140.0 115.0 774.0 2514.77502015
0.0 687.0 336.0 1858.0 7055.17428376
0.0 1152.0 116.0 648.0 2443.27663718
0.0 320.0 525.0 2718.0 10760.2522657
0.0 1048.0 188.0 772.0 3497.07243137
0.0 674.0 354.0 1879.0 7212.09969395
0.0 423.0 492.0 2442.0 9726.11826104
0.0 888.0 247.0 1304.0 5055.01393066
0.0 1335.0 33.0 147.0 581.777842752
0.0 613.0 400.0 1926.0 7844.40505175
0.0 803.0 304.0 1398.0 5956.92684694
0.0 629.0 372.0 2015.0 7643.10308148
0.0 1375.0 10.0 56.0 214.590850761
0.0 261.0 555.0 2902.0 11368.1873109
0.0 282.0 540.0 2854.0 11150.5999012
0.0 1364.0 16.0 61.0 346.155147985
0.0 891.0 248.0 1279.0 5023.38406112
0.0 1193.0 99.0 514.0 2027.89874246
0.0 390.0 498.0 2572.0 10031.3694971
0.0 639.0 380.0 1864.0 7504.44678551
0.0 398.0 492.0 2556.0 9965.52837074
0.0 663.0 357.0 1862.0 7289.10928097
0.0 1369.0 13.0 59.0 279.57439483
0.0 440.0 480.0 2441.0 9532.77637732
0.0 604.0 379.0 2081.0 7961.40677182
0.0 1365.0 16.0 45.0 315.933584485
0.0 1388.0 1.0 32.0 67.7636705018
0.0 917.0 217.0 1340.0 4686.87572703
0.0 805.0 272.0 1599.0 5852.09894066
0.0 1192.0 99.0 520.0 2034.86348891
0.0 722.0 334.0 1684.0 6717.94268781
0.0 577.0 411.0 2096.0 8153.13778264
0.0 1289.0 56.0 269.0 1057.1610131
0.0 786.0 307.0 1543.0 6087.41864281
0.0 787.0 306.0 1577.0 6089.94004985
0.0 515.0 433.0 2235.0 8812.84009219
0.0 1097.0 146.0 777.0 3023.34064666
0.0 978.0 202.0 1015.0 4096.08327633
0.0 717.0 346.0 1683.0 6784.66941958
0.0 1060.0 163.0 842.0 3384.16765313
0.0 887.0 247.0 1294.0 5109.70959313
0.0 941.0 224.0 1180.0 4570.13571299
0.0 1372.0 11.0 61.0 259.100853398
0.0 713.0 343.0 1697.0 6818.92562337
0.0 506.0 451.0 2189.0 8875.65925092
0.0 1161.0 129.0 567.0 2292.0942123
0.0 808.0 291.0 1412.0 5891.6682676
0.0 1003.0 197.0 1005.0 3890.42555291
0.0 856.0 284.0 1252.0 5435.35744821
0.0 1370.0 13.0 57.0 270.126781253
0.0 638.0 385.0 1871.0 7580.97528953
0.0 315.0 532.0 2715.0 10818.1711113
0.0 857.0 252.0 1426.0 5402.96783133
0.0 899.0 242.0 1264.0 4966.6709556
0.0 853.0 261.0 1414.0 5383.49857867
0.0 1034.0 178.0 878.0 3604.54008114
0.0 1050.0 181.0 849.0 3431.22259019
0.0 689.0 352.0 1795.0 6969.21974842
0.0 1022.0 184.0 972.0 3692.5007951
0.0 317.0 525.0 2812.0 10806.7986494
0.0 577.0 413.0 2056.0 8180.60625542
0.0 279.0 552.0 2812.0 11197.2858854
0.0 1349.0 22.0 102.0 465.471562427
0.0 857.0 280.0 1253.0 5340.44271291
0.0 944.0 216.0 1207.0 4486.7497194
0.0 1370.0 14.0 49.0 264.907102907
0.0 937.0 226.0 1152.0 4571.74607725
0.0 790.0 296.0 1540.0 6112.90481203
0.0 331.0 527.0 2677.0 10682.0965625
0.0 631.0 380.0 1959.0 7726.00353125
0.0 755.0 307.0 1662.0 6338.46279462
0.0 871.0 254.0 1343.0 5236.57537574
0.0 887.0 250.0 1300.0 5052.31922683
0.0 323.0 521.0 2774.0 10735.5765714
0.0 827.0 287.0 1377.0 5684.36810184
0.0 1370.0 17.0 45.0 258.638692123
0.0 1375.0 13.0 33.0 216.958381551
0.0 872.0 272.0 1255.0 5200.91520622
0.0 431.0 481.0 2461.0 9661.35846107
0.0 264.0 550.0 2915.0 11342.4997862
0.0 671.0 358.0 1861.0 7176.00168855
0.0 1029.0 180.0 946.0 3642.0807348
0.0 794.0 300.0 1431.0 5997.43377133
0.0 1099.0 134.0 802.0 2910.33192436
0.0 712.0 343.0 1702.0 6830.95109159
0.0 941.0 229.0 1150.0 4497.79757208
0.0 568.0 419.0 1991.0 8364.77133919
0.0 258.0 558.0 2902.0 11397.1656683
0.0 813.0 264.0 1571.0 5825.3606549
0.0 309.0 539.0 2710.0 10894.2281381
0.0 400.0 491.0 2549.0 9939.43288484
0.0 969.0 199.0 1153.0 4226.93953568
0.0 319.0 523.0 2812.0 10784.8105978
0.0 880.0 243.0 1371.0 5153.00659598
0.0 885.0 250.0 1302.0 5083.68943703
0.0 630.0 371.0 2006.0 7636.6386129
0.0 386.0 504.0 2509.0 10080.9554385
0.0 1127.0 135.0 701.0 2620.5086944
0.0 1297.0 54.0 240.0 1004.84109526
0.0 943.0 216.0 1216.0 4495.17829749
0.0 260.0 555.0 2889.0 11419.5817764
0.0 419.0 477.0 2517.0 9746.3117407
0.0 604.0 378.0 2081.0 7967.70860143
0.0 801.0 300.0 1401.0 5918.97174731
0.0 264.0 551.0 2905.0 11333.2049889
0.0 888.0 248.0 1297.0 5054.65460552
0.0 782.0 290.0 1591.0 6158.30907729
0.0 1148.0 114.0 681.0 2469.19505519
0.0 785.0 291.0 1652.0 6109.00668914
0.0 1306.0 50.0 236.0 906.250100892
0.0 1343.0 25.0 132.0 532.726814884
0.0 526.0 427.0 2209.0 8667.14875554
0.0 432.0 475.0 2479.0 9714.22878301
0.0 850.0 265.0 1372.0 5425.22963454
0.0 1136.0 137.0 646.0 2548.03596631
0.0 1149.0 122.0 640.0 2421.7259872
0.0 1390.0 3.0 12.0 45.5621754713
0.0 399.0 499.0 2495.0 9971.74452392
0.0 1106.0 136.0 794.0 2858.47020571
0.0 321.0 525.0 2713.0 10747.4572048
0.0 865.0 255.0 1393.0 5306.10809265
0.0 357.0 522.0 2561.0 10405.6815509
0.0 1366.0 10.0 102.0 309.42638488
0.0 780.0 310.0 1519.0 6107.56076127
0.0 284.0 548.0 2807.0 11148.1198025
0.0 421.0 480.0 2476.0 9740.36926314
0.0 1342.0 27.0 116.0 527.421593229
0.0 769.0 317.0 1539.0 6251.90693018
0.0 385.0 505.0 2509.0 10091.5629288
0.0 977.0 202.0 1022.0 4104.82993165
0.0 1058.0 170.0 799.0 3356.27325548
0.0 520.0 443.0 2191.0 8770.93070688
0.0 1159.0 119.0 590.0 2380.44829832
0.0 840.0 288.0 1281.0 5552.27743077
0.0 580.0 407.0 2027.0 8132.10979078
0.0 816.0 284.0 1345.0 5918.45026682
0.0 1369.0 13.0 62.0 262.724626039
0.0 691.0 347.0 1765.0 7016.36667247
0.0 976.0 201.0 1031.0 4109.92020713
0.0 853.0 283.0 1257.0 5380.98735981
0.0 770.0 318.0 1530.0 6245.50306821
0.0 640.0 382.0 1850.0 7502.91975776
0.0 417.0 486.0 2516.0 9786.67944607
0.0 969.0 198.0 1161.0 4230.65459166
0.0 864.0 255.0 1397.0 5318.70841969
0.0 257.0 559.0 2902.0 11409.9282279
0.0 1108.0 132.0 812.0 2833.72572291
0.0 1298.0 40.0 295.0 972.046255128
0.0 1366.0 15.0 45.0 304.113423012
0.0 848.0 266.0 1413.0 5476.6625367
0.0 1368.0 14.0 83.0 273.945503511
0.0 506.0 432.0 2321.0 8945.58865859
0.0 1097.0 135.0 804.0 2924.53246816
0.0 286.0 553.0 2779.0 11141.6844637
0.0 1137.0 116.0 774.0 2548.907934
0.0 1310.0 49.0 197.0 865.669413803
0.0 1174.0 110.0 573.0 2181.13292141
0.0 1043.0 169.0 968.0 3519.33423176
0.0 860.0 276.0 1262.0 5298.77173403
0.0 967.0 215.0 1073.0 4267.56798317
0.0 624.0 370.0 2055.0 7714.90508036
0.0 251.0 566.0 2899.0 11513.6502479
0.0 271.0 544.0 2919.0 11253.5261086
0.0 689.0 334.0 1858.0 7039.73741545
0.0 1361.0 13.0 107.0 348.52112088
0.0 730.0 324.0 1716.0 6636.34052922
0.0 1158.0 114.0 607.0 2384.99207617
0.0 838.0 281.0 1354.0 5616.61972235
0.0 747.0 322.0 1576.0 6488.23207525
0.0 944.0 214.0 1223.0 4498.34131939
0.0 808.0 284.0 1516.0 5833.34899435
0.0 294.0 533.0 2867.0 11014.1631458
0.0 1059.0 164.0 842.0 3397.17712632
0.0 809.0 282.0 1522.0 5819.93988896
0.0 514.0 434.0 2230.0 8764.04387494
0.0 836.0 269.0 1476.0 5539.24153353
0.0 269.0 546.0 2904.0 11265.7322519
0.0 779.0 310.0 1524.0 6118.98912012
0.0 886.0 247.0 1304.0 5120.37683673
0.0 480.0 456.0 2349.0 9221.22244962
0.0 1162.0 117.0 586.0 2262.65082688
0.0 943.0 215.0 1223.0 4506.32924233
0.0 1151.0 115.0 690.0 2466.9058204
0.0 330.0 525.0 2685.0 10665.3275738
0.0 640.0 380.0 1855.0 7498.50409755
0.0 837.0 269.0 1473.0 5521.92939905
0.0 416.0 476.0 2529.0 9778.50430819
0.0 1035.0 170.0 981.0 3648.40540451
0.0 1080.0 165.0 783.0 3120.75033951
0.0 318.0 534.0 2709.0 10806.615156
0.0 630.0 381.0 1958.0 7626.65120124
0.0 1374.0 8.0 59.0 207.680488804
0.0 384.0 506.0 2509.0 10094.2796505
0.0 662.0 357.0 1870.0 7297.17806298
0.0 1161.0 117.0 589.0 2270.945672
0.0 675.0 354.0 1870.0 7203.16629533
0.0 1160.0 116.0 598.0 2287.35803168
0.0 1134.0 139.0 645.0 2575.95365003
0.0 1326.0 39.0 167.0 686.417891906
0.0 633.0 375.0 1906.0 7632.60439415
0.0 1359.0 17.0 86.0 368.145543299
0.0 821.0 301.0 1317.0 5736.52858223
0.0 798.0 300.0 1415.0 5954.8827913
0.0 662.0 359.0 1856.0 7345.78757005
0.0 824.0 272.0 1437.0 5769.73328578
0.0 420.0 478.0 2508.0 9729.56197907
0.0 286.0 541.0 2833.0 11097.6557682
0.0 537.0 416.0 2186.0 8558.5862514
0.0 1078.0 149.0 839.0 3195.77247342
0.0 1059.0 163.0 851.0 3391.83329822
0.0 649.0 375.0 1851.0 7450.99119274
0.0 767.0 317.0 1535.0 6305.28066292
0.0 637.0 374.0 1895.0 7589.22070126
0.0 1016.0 190.0 953.0 3810.45322339
0.0 851.0 258.0 1413.0 5416.07346812
0.0 1149.0 116.0 663.0 2469.02703545
0.0 1370.0 19.0 37.0 261.964977631
0.0 1139.0 134.0 635.0 2526.34690907
0.0 944.0 215.0 1216.0 4488.75673348
0.0 269.0 564.0 2796.0 11309.4293885
0.0 631.0 371.0 2006.0 7622.70239586
0.0 395.0 503.0 2490.0 10005.7768374
0.0 1302.0 43.0 265.0 918.923710915
0.0 504.0 442.0 2247.0 8926.35960887
0.0 1370.0 14.0 50.0 262.20867025
0.0 332.0 526.0 2678.0 10675.8406123
0.0 719.0 333.0 1705.0 6748.29386979
0.0 819.0 287.0 1520.0 5750.57411624
0.0 1107.0 143.0 779.0 2875.87519075
0.0 316.0 530.0 2722.0 10802.328059
0.0 266.0 556.0 2858.0 11310.6663486
0.0 898.0 243.0 1282.0 4983.84561711
0.0 1375.0 7.0 59.0 202.341714952
0.0 598.0 402.0 2009.0 7949.33282225
0.0 417.0 477.0 2523.0 9766.04274456
0.0 826.0 286.0 1384.0 5691.98544844
0.0 231.0 579.0 2929.0 11672.744119
0.0 778.0 310.0 1570.0 6089.6993735
0.0 970.0 213.0 1091.0 4204.82348391
0.0 1361.0 16.0 73.0 333.406529951
0.0 1366.0 10.0 98.0 313.919252519
0.0 1372.0 13.0 35.0 241.616303677
0.0 881.0 241.0 1377.0 5150.18086206
0.0 1104.0 141.0 765.0 2953.06898056
0.0 1059.0 169.0 799.0 3344.7937256
0.0 855.0 256.0 1409.0 5431.02043898
0.0 828.0 286.0 1377.0 5677.26396795
0.0 632.0 376.0 1905.0 7642.91846221
0.0 540.0 413.0 2182.0 8533.45158211
0.0 1371.0 15.0 50.0 235.148828424
0.0 888.0 249.0 1300.0 5044.81664998
0.0 628.0 386.0 1862.0 7640.09731095
0.0 802.0 290.0 1494.0 5910.64389462
0.0 264.0 557.0 2869.0 11331.8115101
0.0 861.0 267.0 1307.0 5293.59028427
0.0 1007.0 200.0 967.0 3845.74216045
0.0 235.0 570.0 2959.0 11663.1648461
0.0 339.0 525.0 2654.0 10561.325516
0.0 420.0 479.0 2485.0 9757.87493501
0.0 539.0 426.0 2153.0 8576.26393929
0.0 970.0 219.0 1012.0 4251.54954053
0.0 945.0 215.0 1154.0 4562.50918885
0.0 735.0 339.0 1637.0 6542.92208085
0.0 259.0 555.0 2912.0 11382.8876876
0.0 609.0 391.0 1991.0 7797.82256424
0.0 1368.0 13.0 56.0 289.03290145
0.0 923.0 221.0 1295.0 4728.09611061
0.0 1098.0 135.0 802.0 2919.561847
0.0 525.0 427.0 2212.0 8738.75968455
0.0 678.0 354.0 1857.0 7178.04951268
0.0 527.0 427.0 2199.0 8656.96558633
0.0 637.0 385.0 1871.0 7592.05346473
0.0 742.0 339.0 1608.0 6570.21918578
0.0 259.0 559.0 2886.0 11391.1440199
0.0 318.0 524.0 2812.0 10796.8967087
0.0 809.0 284.0 1510.0 5812.16217713
0.0 1311.0 49.0 194.0 851.364001946
0.0 257.0 562.0 2891.0 11474.7057009
0.0 1153.0 114.0 658.0 2424.47043139
0.0 270.0 547.0 2888.0 11255.145554
0.0 393.0 501.0 2469.0 10026.9360704
0.0 395.0 501.0 2464.0 10013.1506067
0.0 688.0 336.0 1850.0 7043.31621447
0.0 881.0 259.0 1229.0 5176.48601645
0.0 648.0 356.0 1987.0 7514.23010638
0.0 565.0 413.0 2038.0 8289.8264718
0.0 651.0 378.0 1849.0 7493.26697543
0.0 1028.0 180.0 952.0 3650.50231181
0.0 1367.0 14.0 56.0 298.526373945
0.0 559.0 420.0 2076.0 8360.82512343
0.0 1142.0 127.0 666.0 2472.14601411
0.0 531.0 423.0 2199.0 8629.67270621
0.0 873.0 262.0 1254.0 5169.00778418
0.0 635.0 373.0 1915.0 7605.77632089
0.0 1098.0 135.0 803.0 2917.32762977
0.0 1331.0 29.0 187.0 609.075108276
0.0 1159.0 119.0 592.0 2280.1079479
0.0 1389.0 3.0 12.0 56.4052554263
0.0 790.0 317.0 1439.0 6120.84508966
0.0 829.0 285.0 1373.0 5672.20752786
0.0 857.0 263.0 1321.0 5380.96835703
0.0 968.0 221.0 1012.0 4271.24790929
0.0 556.0 415.0 2121.0 8448.27954204
0.0 932.0 228.0 1187.0 4633.3285736
0.0 1124.0 141.0 663.0 2691.2695519
0.0 1069.0 158.0 868.0 3261.92982983
0.0 1296.0 54.0 253.0 977.473944223
0.0 640.0 381.0 1853.0 7497.80721272
0.0 727.0 335.0 1700.0 6647.65730288
0.0 728.0 334.0 1700.0 6638.2624612
0.0 956.0 207.0 1201.0 4416.54896228
0.0 1371.0 14.0 53.0 250.610395482
0.0 1361.0 15.0 92.0 381.68128724
0.0 1350.0 20.0 147.0 444.232833549
0.0 378.0 509.0 2528.0 10148.4440604
0.0 697.0 354.0 1777.0 6993.14086419
0.0 376.0 511.0 2528.0 10165.8710341
0.0 674.0 355.0 1873.0 7211.9096458
0.0 839.0 289.0 1281.0 5560.47614923
0.0 692.0 347.0 1764.0 7009.7186908
0.0 307.0 535.0 2750.0 10944.1905967
0.0 823.0 272.0 1441.0 5780.1258589
0.0 1041.0 185.0 801.0 3542.04944938
0.0 261.0 554.0 2906.0 11386.898449
0.0 260.0 556.0 2902.0 11380.4344405
0.0 259.0 558.0 2896.0 11387.0311282
0.0 942.0 217.0 1216.0 4505.56402876
0.0 406.0 487.0 2538.0 9883.93299423
0.0 303.0 536.0 2755.0 10963.2868311
0.0 723.0 333.0 1684.0 6703.54333354
0.0 662.0 348.0 1894.0 7323.32377397
0.0 1176.0 109.0 564.0 2154.59352403
0.0 688.0 357.0 1802.0 7098.92227343
0.0 1123.0 142.0 663.0 2704.3600823
0.0 1366.0 12.0 71.0 310.337672695
0.0 416.0 490.0 2465.0 9819.84113551
0.0 1327.0 33.0 198.0 677.854740766
0.0 720.0 328.0 1706.0 6753.7970978
0.0 1137.0 135.0 646.0 2552.17105016
0.0 706.0 345.0 1721.0 6896.22751562
0.0 1163.0 116.0 586.0 2255.95190542
0.0 1161.0 117.0 592.0 2263.71671024
0.0 1095.0 148.0 808.0 3007.02966851
0.0 377.0 511.0 2523.0 10150.8903858
0.0 313.0 536.0 2709.0 10830.9831419
0.0 625.0 373.0 2028.0 7689.97952252
0.0 632.0 371.0 2005.0 7612.38596011
0.0 610.0 391.0 1987.0 7791.99751944
0.0 1068.0 155.0 905.0 3260.62724764
0.0 372.0 514.0 2547.0 10258.3609992
0.0 315.0 534.0 2698.0 10837.5920954
0.0 658.0 363.0 1851.0 7322.02979532
0.0 852.0 284.0 1257.0 5390.20541464
0.0 528.0 426.0 2199.0 8644.60731338
0.0 1095.0 136.0 812.0 2948.70062561
0.0 486.0 456.0 2263.0 9126.32709093
0.0 1159.0 118.0 595.0 2374.82877403
0.0 1164.0 115.0 586.0 2242.70436748
0.0 844.0 282.0 1393.0 5515.65648078
0.0 742.0 320.0 1737.0 6505.00631618
0.0 719.0 328.0 1714.0 6761.34756141
0.0 663.0 357.0 1867.0 7287.6476262
0.0 318.0 525.0 2807.0 10795.2402714
0.0 728.0 335.0 1687.0 6670.4553932
0.0 1369.0 15.0 57.0 284.966255007
0.0 878.0 244.0 1376.0 5177.95320385
0.0 418.0 478.0 2517.0 9755.40286651
0.0 634.0 364.0 2017.0 7619.5664104
0.0 260.0 561.0 2873.0 11365.1679742
0.0 331.0 524.0 2750.0 10662.2020222
0.0 1320.0 33.0 236.0 754.312086482
0.0 983.0 208.0 1068.0 4081.84130917
0.0 887.0 247.0 1295.0 5105.85761039
0.0 720.0 326.0 1771.0 6820.81782854
0.0 690.0 347.0 1765.0 7028.61072365
0.0 1161.0 116.0 592.0 2269.5109439
0.0 314.0 532.0 2722.0 10832.1508797
0.0 852.0 263.0 1372.0 5403.38751693
0.0 1390.0 1.0 27.0 47.452995479
0.0 719.0 327.0 1715.0 6757.31420245
0.0 272.0 543.0 2919.0 11248.1778625
0.0 327.0 535.0 2669.0 10695.9720949
0.0 324.0 524.0 2717.0 10714.6057211
0.0 1158.0 119.0 593.0 2393.48916217
0.0 1163.0 128.0 566.0 2266.10005619
0.0 881.0 242.0 1371.0 5145.40991591
0.0 702.0 345.0 1782.0 6897.68873876
0.0 863.0 253.0 1446.0 5233.00716778
0.0 391.0 504.0 2518.0 10044.761772
0.0 1368.0 18.0 37.0 274.150612321
0.0 1192.0 100.0 514.0 2037.23915176
0.0 805.0 295.0 1433.0 5985.69123441
0.0 936.0 227.0 1151.0 4586.51407128
0.0 301.0 537.0 2759.0 10978.9493875
0.0 973.0 212.0 1095.0 4150.8274417
0.0 979.0 201.0 1013.0 4097.67445882
0.0 1013.0 194.0 931.0 3896.46067947
0.0 1160.0 130.0 576.0 2296.386946
0.0 1372.0 13.0 53.0 241.277823912
0.0 462.0 469.0 2314.0 9371.23256996
0.0 633.0 376.0 1905.0 7631.1034358
0.0 871.0 273.0 1255.0 5213.20630379
0.0 396.0 500.0 2465.0 10005.9834669
0.0 879.0 243.0 1374.0 5164.64296028
0.0 1178.0 109.0 578.0 2136.56152833
0.0 739.0 332.0 1660.0 6560.06924518
0.0 957.0 206.0 1201.0 4406.45548884
0.0 823.0 284.0 1411.0 5654.02568902
0.0 845.0 266.0 1406.0 5548.43445504
0.0 1296.0 52.0 274.0 994.478758021
0.0 543.0 413.0 2172.0 8497.9047536
0.0 495.0 455.0 2273.0 9041.54413769
0.0 261.0 558.0 2883.0 11371.2537705
0.0 1031.0 180.0 875.0 3642.93875049
0.0 718.0 328.0 1719.0 6774.0400315
0.0 256.0 567.0 2841.0 11406.4246777
0.0 1058.0 171.0 790.0 3353.55844758
0.0 822.0 286.0 1405.0 5723.27589024
0.0 685.0 360.0 1826.0 7109.38998796
0.0 370.0 520.0 2525.0 10282.501617
0.0 770.0 309.0 1549.0 6279.22240142
0.0 862.0 265.0 1362.0 5354.42717702
0.0 910.0 247.0 1174.0 4899.03180227
0.0 1191.0 100.0 524.0 2051.72455119
0.0 855.0 281.0 1256.0 5359.8882912
0.0 244.0 563.0 2954.0 11545.292349
0.0 675.0 364.0 1741.0 7253.00678507
0.0 589.0 399.0 2078.0 8103.28839157
0.0 1373.0 12.0 52.0 228.55123846
0.0 858.0 263.0 1320.0 5372.96191058
0.0 681.0 356.0 1804.0 7193.83142757
0.0 991.0 202.0 1005.0 4099.22067249
0.0 1123.0 141.0 666.0 2702.03749998
0.0 794.0 301.0 1424.0 5993.59182708
0.0 1197.0 97.0 536.0 1947.9824446
0.0 808.0 273.0 1574.0 5824.61316655
0.0 994.0 197.0 1027.0 4009.52899118
0.0 1364.0 17.0 74.0 308.446736605
0.0 397.0 496.0 2513.0 10076.0711835
0.0 319.0 525.0 2803.0 10785.9413363
0.0 711.0 343.0 1706.0 6845.02670543
0.0 859.0 277.0 1262.0 5313.38470096
0.0 304.0 534.0 2750.0 10949.637902
0.0 675.0 354.0 1873.0 7195.20852037
0.0 259.0 561.0 2875.0 11378.0820814
0.0 1146.0 125.0 664.0 2490.87001672
0.0 1177.0 109.0 554.0 2140.32639341
0.0 1088.0 163.0 753.0 3021.20364445
0.0 969.0 198.0 1156.0 4230.91298973
0.0 266.0 553.0 2857.0 11353.1238996
0.0 874.0 261.0 1254.0 5157.41953798
0.0 445.0 470.0 2487.0 9559.07021562
0.0 809.0 273.0 1566.0 5810.39264063
0.0 640.0 358.0 2020.0 7547.05352696
0.0 859.0 280.0 1242.0 5319.43712156
0.0 769.0 318.0 1533.0 6256.39039885
0.0 309.0 532.0 2754.0 10880.4040575
0.0 670.0 361.0 1826.0 7222.87236714
0.0 1140.0 135.0 631.0 2517.58449092
0.0 1161.0 130.0 566.0 2289.71316642
0.0 1188.0 101.0 571.0 2072.72911643
0.0 329.0 524.0 2753.0 10689.0042484
0.0 283.0 550.0 2798.0 11174.4914727
0.0 627.0 386.0 1867.0 7642.8476579
0.0 674.0 365.0 1741.0 7262.40162675
0.0 269.0 551.0 2851.0 11317.9780047
0.0 680.0 353.0 1858.0 7160.93177669
0.0 1289.0 48.0 303.0 1056.56044762
0.0 268.0 565.0 2796.0 11316.8653561
0.0 388.0 500.0 2531.0 10108.5051116
0.0 810.0 284.0 1502.0 5805.34145746
0.0 1341.0 24.0 142.0 539.541449658
0.0 854.0 283.0 1253.0 5376.02296533
0.0 1363.0 20.0 41.0 343.913414293
0.0 263.0 551.0 2915.0 11347.83856
0.0 1369.0 20.0 37.0 271.450084396
0.0 863.0 260.0 1329.0 5356.80103781
0.0 967.0 211.0 1128.0 4226.61138746
0.0 285.0 541.0 2841.0 11108.1540869
0.0 474.0 462.0 2252.0 9213.94697255
0.0 419.0 474.0 2528.0 9753.30223333
0.0 790.0 297.0 1531.0 6114.29763409
0.0 855.0 253.0 1428.0 5420.55047655
0.0 1098.0 135.0 787.0 2920.2239913
0.0 1284.0 51.0 316.0 1104.695837
0.0 264.0 556.0 2870.0 11331.7450175
0.0 1330.0 29.0 191.0 623.357617741
0.0 874.0 252.0 1369.0 5216.33027717
0.0 1010.0 183.0 996.0 3830.72056148
0.0 1309.0 37.0 256.0 856.411947243
0.0 1086.0 158.0 770.0 3060.92636152
0.0 539.0 414.0 2182.0 8537.1365869
0.0 868.0 279.0 1200.0 5272.89728636
0.0 510.0 448.0 2209.0 8871.8272403
0.0 946.0 217.0 1168.0 4515.1026072
0.0 717.0 336.0 1702.0 6765.72396277
0.0 926.0 228.0 1215.0 4659.62071427
0.0 441.0 480.0 2431.0 9519.16594418
0.0 840.0 282.0 1351.0 5560.83727677
0.0 273.0 554.0 2832.0 11246.5742625
0.0 263.0 557.0 2870.0 11338.8687254
0.0 322.0 521.0 2779.0 10746.6060887
0.0 998.0 185.0 1105.0 4043.21681728
0.0 1089.0 155.0 801.0 2982.08548963
0.0 380.0 505.0 2538.0 10170.412328
0.0 1138.0 130.0 676.0 2564.54413969
0.0 315.0 533.0 2700.0 10821.6380174
0.0 279.0 550.0 2812.0 11222.9645264
0.0 1325.0 30.0 217.0 704.497460559
0.0 1029.0 178.0 896.0 3650.85973573
0.0 600.0 392.0 2004.0 7937.21322442
0.0 481.0 458.0 2294.0 9151.86425216
0.0 651.0 357.0 1901.0 7445.19156205
0.0 636.0 374.0 1898.0 7596.70626019
0.0 652.0 386.0 1803.0 7410.92679181
0.0 393.0 503.0 2508.0 10018.9262658
0.0 1375.0 11.0 34.0 210.192173202
0.0 1363.0 11.0 121.0 334.965278936
0.0 1372.0 14.0 50.0 233.824614386
0.0 748.0 321.0 1583.0 6491.80815907
0.0 1366.0 10.0 112.0 308.705874357
0.0 992.0 194.0 1028.0 3998.22517494
0.0 443.0 475.0 2394.0 9588.38346029
0.0 1148.0 115.0 673.0 2475.97059304
0.0 1297.0 55.0 237.0 980.678399789
0.0 1028.0 179.0 896.0 3659.94151807
0.0 1321.0 32.0 236.0 741.079092767
0.0 600.0 399.0 1938.0 7963.83897667
0.0 1374.0 12.0 47.0 214.068374599
0.0 782.0 294.0 1589.0 6101.04862586
0.0 709.0 351.0 1671.0 6807.76467116
0.0 856.0 253.0 1426.0 5414.53620692
0.0 780.0 309.0 1524.0 6109.60937543
0.0 663.0 356.0 1870.0 7286.00862071
0.0 1289.0 56.0 265.0 1060.96034528
0.0 1155.0 120.0 577.0 2378.73381896
0.0 603.0 379.0 2081.0 7973.77275772
0.0 1074.0 156.0 848.0 3191.62108262
0.0 800.0 297.0 1473.0 5869.61557921
0.0 793.0 297.0 1480.0 6055.84079485
0.0 1320.0 38.0 205.0 751.938085194
0.0 635.0 364.0 2012.0 7611.43864075
0.0 319.0 524.0 2806.0 10789.8781255
0.0 529.0 425.0 2199.0 8641.51199782
0.0 1163.0 113.0 625.0 2281.37047678
0.0 1187.0 103.0 549.0 2049.78882529
0.0 653.0 356.0 1892.0 7426.21539876
0.0 340.0 524.0 2656.0 10553.2196184
0.0 852.0 262.0 1381.0 5400.5733205
0.0 925.0 232.0 1278.0 4645.73247224
0.0 879.0 275.0 1230.0 5221.77630256
0.0 661.0 358.0 1870.0 7305.6509668
0.0 1108.0 135.0 800.0 2822.29707102
0.0 960.0 193.0 1228.0 4357.00245619
0.0 473.0 463.0 2252.0 9223.34181423
0.0 1139.0 133.0 639.0 2524.26189293
0.0 885.0 248.0 1304.0 5132.97149923
