~~~
0.0 611.0 3173.0 15217.0 63082.2075812
0.0 6606.0 144.0 631.0 2841.6574539
0.0 3577.0 1681.0 7965.0 33265.5644171
0.0 1694.0 2655.0 12352.0 52277.7409934
0.0 3681.0 1624.0 7754.0 32232.4166215
0.0 4455.0 1270.0 5684.0 24318.1083497
0.0 6229.0 346.0 1503.0 6704.27157856
0.0 2330.0 2342.0 10836.0 45747.291797
0.0 3206.0 1879.0 8739.0 37010.5148073
0.0 6700.0 100.0 377.0 1915.78778553
0.0 1719.0 2631.0 12424.0 51912.6810168
0.0 3216.0 1887.0 8683.0 36697.2624458
0.0 6626.0 143.0 538.0 2654.65721784
0.0 6770.0 66.0 230.0 1151.30507311
0.0 3894.0 1541.0 7067.0 30033.8836256
0.0 3696.0 1642.0 7604.0 31997.0945848
0.0 2990.0 2012.0 9248.0 39109.6512427
0.0 2072.0 2464.0 11493.0 48267.7444598
0.0 634.0 3169.0 15091.0 62819.1929785
0.0 4271.0 1359.0 6013.0 26116.5011768
0.0 6774.0 57.0 258.0 1120.83992735
0.0 3793.0 1562.0 7447.0 31127.3590127
0.0 6787.0 53.0 226.0 1005.58679014
0.0 6770.0 65.0 242.0 1160.09677744
0.0 6768.0 65.0 234.0 1191.61258044
0.0 6749.0 78.0 305.0 1418.24596743
0.0 4206.0 1362.0 6322.0 26826.5214713
0.0 4627.0 1166.0 5273.0 22706.1915457
0.0 4781.0 1089.0 4965.0 21131.2239324
0.0 4882.0 1038.0 4778.0 20131.940734
0.0 6770.0 61.0 255.0 1167.54479114
0.0 2464.0 2240.0 10705.0 44452.2831418
0.0 2440.0 2268.0 10714.0 44696.7021148
0.0 6484.0 212.0 871.0 4067.76875768
0.0 5070.0 951.0 4205.0 18246.6432904
0.0 6713.0 91.0 369.0 1710.48036311
0.0 6766.0 69.0 234.0 1215.96284741
0.0 3685.0 1638.0 7592.0 32096.0973702
0.0 3228.0 1897.0 8565.0 36752.6409139
0.0 1665.0 2654.0 12541.0 52453.2451922
0.0 955.0 3012.0 14254.0 59552.8832036
0.0 6670.0 113.0 454.0 2195.84478514
0.0 6775.0 56.0 267.0 1105.20853008
0.0 1627.0 2676.0 12581.0 52824.494907
0.0 6786.0 55.0 227.0 1015.10455348
0.0 6785.0 56.0 219.0 1026.05359446
0.0 875.0 3044.0 14503.0 60358.9991484
0.0 6774.0 63.0 240.0 1133.51962893
0.0 983.0 2988.0 14258.0 59356.6136075
0.0 5230.0 877.0 3742.0 16594.4745302
0.0 1030.0 2953.0 14230.0 58817.3846081
0.0 3623.0 1652.0 7889.0 32703.5100204
0.0 703.0 3136.0 14973.0 62067.0950009
0.0 624.0 3165.0 15150.0 62914.2445451
0.0 3150.0 1937.0 8621.0 37537.4284633
0.0 2897.0 2040.0 9558.0 40070.2442367
0.0 6698.0 101.0 387.0 1882.94097857
0.0 627.0 3165.0 15198.0 62888.2880311
0.0 6782.0 58.0 227.0 1050.80262496
0.0 6784.0 58.0 225.0 1029.63837837
0.0 6764.0 71.0 228.0 1217.55908559
0.0 4725.0 1079.0 5244.0 21492.589578
0.0 6503.0 204.0 863.0 3910.97967224
0.0 3689.0 1643.0 7761.0 31952.2017861
0.0 3533.0 1669.0 8166.0 33429.6295802
0.0 3758.0 1597.0 7528.0 31454.5179388
0.0 611.0 3166.0 15256.0 63067.9761478
0.0 3867.0 1531.0 7135.0 30236.276718
0.0 2495.0 2230.0 10667.0 43990.8120247
0.0 935.0 3011.0 14312.0 59722.3785522
0.0 4162.0 1406.0 6337.0 27319.2963536
0.0 3690.0 1658.0 7448.0 31975.0954552
0.0 642.0 3155.0 15152.0 62809.1758114
0.0 2023.0 2464.0 11616.0 48836.7330192
0.0 782.0 3093.0 14741.0 61378.1550668
0.0 4855.0 1053.0 4687.0 20288.3740291
0.0 658.0 3162.0 14997.0 62590.1909876
0.0 6756.0 73.0 277.0 1319.47086166
0.0 6777.0 58.0 255.0 1100.09206123
0.0 6778.0 56.0 260.0 1066.13477604
0.0 1010.0 2980.0 14219.0 59138.3074132
0.0 3449.0 1762.0 8145.0 34593.6999779
0.0 2929.0 2040.0 9260.0 39792.0051725
0.0 3599.0 1646.0 8161.0 33018.8130778
0.0 5240.0 868.0 3760.0 16464.1823535
0.0 6759.0 69.0 281.0 1338.39857638
0.0 4131.0 1422.0 6435.0 27704.1335049
0.0 2403.0 2310.0 10569.0 45061.3115275
0.0 977.0 2991.0 14261.0 59389.8475968
0.0 659.0 3141.0 15153.0 62597.8469734
0.0 3865.0 1555.0 7092.0 30215.9271255
0.0 668.0 3146.0 15086.0 62511.3699364
0.0 1000.0 2971.0 14334.0 59155.4359766
0.0 3514.0 1744.0 8145.0 33889.3714553
0.0 682.0 3145.0 14956.0 62342.2770191
0.0 1283.0 2864.0 13362.0 56301.4835324
0.0 1159.0 2892.0 13946.0 57476.9164685
0.0 1362.0 2802.0 13307.0 55414.2822397
0.0 2657.0 2174.0 9995.0 42379.4280143
0.0 6669.0 109.0 492.0 2172.00769899
0.0 6614.0 136.0 619.0 2803.01433849
0.0 659.0 3160.0 14977.0 62589.9817653
0.0 2815.0 2087.0 9683.0 40696.2710457
0.0 2652.0 2156.0 10219.0 42607.0323941
0.0 4171.0 1401.0 6404.0 27199.3030317
0.0 667.0 3148.0 15125.0 62491.4316477
0.0 1812.0 2583.0 12104.0 50834.8960364
0.0 3436.0 1750.0 8430.0 34750.5396397
0.0 664.0 3150.0 15041.0 62551.4638347
0.0 621.0 3168.0 15188.0 62910.3056679
0.0 3633.0 1645.0 7754.0 32846.7810516
0.0 6705.0 94.0 376.0 1815.19052436
0.0 6635.0 130.0 572.0 2517.82704677
0.0 2722.0 2121.0 9847.0 41934.2444582
0.0 6783.0 57.0 223.0 1068.16326159
0.0 3182.0 1911.0 8699.0 37086.1082026
0.0 879.0 3044.0 14426.0 60335.6813753
0.0 638.0 3167.0 15115.0 62730.3908261
0.0 3454.0 1753.0 8210.0 34368.6413418
0.0 1852.0 2555.0 12131.0 50505.1090246
0.0 972.0 2990.0 14283.0 59435.5528018
0.0 4297.0 1326.0 6115.0 26122.8961569
0.0 3055.0 1963.0 9152.0 38443.03405
0.0 2291.0 2343.0 11017.0 46168.3172597
0.0 612.0 3172.0 15215.0 63071.6633206
0.0 3631.0 1645.0 7809.0 32700.3855094
0.0 3493.0 1700.0 8227.0 34012.3845382
0.0 6758.0 68.0 293.0 1347.93203113
0.0 6594.0 164.0 617.0 2949.60010046
0.0 5179.0 900.0 3881.0 17093.827685
0.0 4293.0 1347.0 5934.0 26209.7853143
0.0 3643.0 1635.0 7761.0 32570.9763611
0.0 617.0 3165.0 15250.0 62976.5661912
0.0 6778.0 59.0 249.0 1090.19376165
0.0 1577.0 2716.0 12800.0 53388.0595851
0.0 2238.0 2387.0 10917.0 46647.7901012
0.0 4171.0 1394.0 6348.0 27228.4586111
0.0 6651.0 122.0 502.0 2374.26073518
0.0 2062.0 2466.0 11542.0 48356.7662634
0.0 3646.0 1661.0 7549.0 32255.2421569
0.0 4756.0 1088.0 5077.0 21334.8907525
0.0 6781.0 62.0 213.0 1063.29464495
0.0 6772.0 61.0 247.0 1113.01459725
0.0 3536.0 1721.0 7884.0 33612.7734621
0.0 6757.0 67.0 297.0 1363.2563316
0.0 3518.0 1764.0 7799.0 33847.0908614
0.0 651.0 3162.0 15047.0 62679.8348511
0.0 3241.0 1875.0 8623.0 36662.8568464
0.0 3605.0 1650.0 8027.0 33042.2964414
0.0 5106.0 934.0 4117.0 17762.8294324
0.0 2134.0 2435.0 11362.0 47741.2979462
0.0 4384.0 1289.0 5897.0 24912.9605759
0.0 5012.0 991.0 4251.0 18816.1378329
0.0 2064.0 2456.0 11479.0 48490.2095052
0.0 722.0 3112.0 14989.0 61959.5393517
0.0 3443.0 1780.0 8033.0 34572.0609939
0.0 3754.0 1591.0 7546.0 31616.9993198
0.0 3476.0 1742.0 8078.0 34237.7703333
0.0 5108.0 938.0 4063.0 17844.3473873
0.0 4330.0 1320.0 6038.0 25586.9978976
0.0 4426.0 1256.0 5751.0 24659.0923222
0.0 6459.0 221.0 959.0 4314.25706806
0.0 4307.0 1341.0 6015.0 25881.6889102
0.0 3079.0 1945.0 9141.0 38154.6490212
0.0 6777.0 57.0 260.0 1099.38789872
0.0 1724.0 2626.0 12345.0 51797.8460411
0.0 3899.0 1522.0 7158.0 30226.5689062
0.0 3743.0 1621.0 7382.0 31496.6488973
0.0 3671.0 1654.0 7629.0 32253.0361623
0.0 3647.0 1654.0 7491.0 32578.8338187
0.0 667.0 3151.0 15090.0 62465.5298308
0.0 5006.0 985.0 4368.0 18840.9958512
0.0 3896.0 1531.0 7089.0 29987.5498772
0.0 1449.0 2798.0 12876.0 54699.5411447
0.0 6618.0 140.0 579.0 2701.39420213
0.0 6770.0 64.0 249.0 1143.41340038
0.0 3461.0 1739.0 8239.0 34372.9876936
0.0 6772.0 59.0 253.0 1150.46150219
0.0 4181.0 1389.0 6279.0 27198.6861097
0.0 3683.0 1636.0 7805.0 32069.3447358
0.0 2746.0 2123.0 9792.0 41539.8023486
0.0 3750.0 1617.0 7455.0 31550.1931738
0.0 4926.0 1023.0 4560.0 19659.4815552
0.0 2948.0 2021.0 9275.0 39480.3879071
0.0 3111.0 1939.0 9058.0 37965.6119339
0.0 4039.0 1446.0 6865.0 28595.4786075
0.0 3759.0 1636.0 7287.0 31279.6802311
0.0 2024.0 2497.0 11533.0 48795.8052356
0.0 6695.0 96.0 423.0 1916.99073644
0.0 695.0 3144.0 14915.0 62257.8192267
0.0 4501.0 1203.0 5696.0 24024.0648297
0.0 636.0 3168.0 15068.0 62794.6794676
0.0 1671.0 2671.0 12395.0 52429.0375111
0.0 866.0 3058.0 14591.0 60535.9956523
0.0 4646.0 1147.0 5328.0 22543.3064368
0.0 6791.0 53.0 209.0 962.307671061
0.0 6758.0 70.0 272.0 1350.16487183
0.0 868.0 3050.0 14517.0 60469.5252422
0.0 6351.0 289.0 1210.0 5385.66552435
0.0 3586.0 1694.0 7996.0 33179.7913153
0.0 4902.0 1033.0 4639.0 19795.1797147
0.0 6763.0 68.0 242.0 1229.3520258
0.0 2363.0 2297.0 10884.0 45491.5193901
0.0 3748.0 1595.0 7527.0 31550.5546383
0.0 742.0 3100.0 14930.0 61768.5148085
0.0 3384.0 1802.0 8231.0 35173.3072217
0.0 6767.0 68.0 234.0 1181.01224142
0.0 623.0 3163.0 15200.0 62931.6973321
0.0 3518.0 1723.0 8173.0 33593.2070956
0.0 1158.0 2919.0 13669.0 57543.043956
0.0 632.0 3164.0 15175.0 62839.7423568
0.0 6777.0 60.0 224.0 1082.27489552
0.0 3975.0 1497.0 6822.0 29074.1573336
0.0 892.0 3031.0 14541.0 60290.0650814
0.0 3612.0 1677.0 7801.0 32782.5544666
0.0 1334.0 2842.0 13293.0 55772.2803684
0.0 6777.0 59.0 253.0 1094.72885442
0.0 621.0 3163.0 15234.0 62941.7858207
0.0 6659.0 120.0 466.0 2282.11335899
0.0 3567.0 1660.0 8159.0 33532.7056969
0.0 3919.0 1500.0 7371.0 29854.000696
0.0 3636.0 1683.0 7713.0 32582.33855
0.0 4823.0 1076.0 4787.0 20713.8003766
0.0 1508.0 2713.0 13024.0 54059.442612
0.0 1518.0 2760.0 12733.0 53944.7259583
0.0 6785.0 61.0 200.0 1037.98315115
0.0 2265.0 2354.0 10997.0 46368.0285127
0.0 6776.0 61.0 214.0 1124.75445081
0.0 669.0 3142.0 15079.0 62501.5785452
0.0 3705.0 1633.0 7487.0 31884.2165252
0.0 6786.0 57.0 217.0 1027.82675861
0.0 6777.0 62.0 216.0 1093.93043004
0.0 3408.0 1795.0 8106.0 34822.3296255
0.0 6771.0 64.0 235.0 1183.96922637
0.0 928.0 3010.0 14496.0 59844.2095919
0.0 1559.0 2708.0 12830.0 53560.0833892
0.0 1156.0 2918.0 13817.0 57580.5515027
0.0 619.0 3173.0 15182.0 62947.3499224
0.0 629.0 3166.0 15126.0 62902.0417066
0.0 622.0 3159.0 15248.0 62994.6092476
0.0 2545.0 2224.0 10314.0 43664.9218317
0.0 6648.0 127.0 495.0 2416.06310266
0.0 6786.0 60.0 193.0 1022.38423497
0.0 4940.0 991.0 4682.0 19475.8731996
0.0 2196.0 2389.0 11299.0 47254.8966751
0.0 6404.0 261.0 1071.0 4846.45403767
0.0 4020.0 1450.0 7098.0 28854.0580823
0.0 3799.0 1577.0 7226.0 31030.5094253
0.0 737.0 3120.0 14824.0 61792.6817435
0.0 1377.0 2773.0 13396.0 55441.7937224
0.0 3842.0 1567.0 7128.0 30601.0697476
0.0 2481.0 2237.0 10653.0 44253.880489
0.0 2289.0 2349.0 10932.0 46000.7381429
0.0 1370.0 2828.0 13130.0 55387.3133172
0.0 642.0 3168.0 15047.0 62753.738492
0.0 3572.0 1691.0 7933.0 33210.9438342
0.0 2695.0 2154.0 9925.0 42030.8857483
0.0 1904.0 2572.0 11628.0 50077.2647902
0.0 1973.0 2492.0 11884.0 49426.2193142
0.0 679.0 3136.0 15068.0 62344.5656535
0.0 4741.0 1098.0 5040.0 21502.6593801
0.0 3724.0 1627.0 7606.0 31568.6955482
0.0 1767.0 2598.0 12268.0 51343.727309
0.0 713.0 3123.0 14988.0 62024.3290491
0.0 6709.0 93.0 392.0 1785.14933189
0.0 4746.0 1113.0 4990.0 21545.1014481
0.0 4136.0 1413.0 6433.0 27611.6209274
0.0 621.0 3165.0 15200.0 62948.8961927
0.0 6771.0 58.0 272.0 1148.65937596
0.0 4673.0 1156.0 5176.0 22086.4839669
0.0 6788.0 51.0 218.0 1000.75149936
0.0 3526.0 1697.0 8068.0 33829.7585797
0.0 6770.0 58.0 278.0 1155.25902199
0.0 1627.0 2663.0 12662.0 52972.331087
0.0 6504.0 206.0 849.0 3926.05040235
0.0 6773.0 59.0 252.0 1123.76578577
0.0 4719.0 1100.0 5136.0 21742.4427416
0.0 2748.0 2100.0 10085.0 41631.9568038
0.0 2440.0 2293.0 10487.0 44641.0718323
0.0 2916.0 2033.0 9524.0 39966.4805599
0.0 3850.0 1564.0 7258.0 30699.4035305
0.0 824.0 3077.0 14633.0 60881.0001355
0.0 2402.0 2282.0 10799.0 45104.0989664
0.0 1939.0 2531.0 11804.0 49812.8649144
0.0 3136.0 1925.0 9004.0 37710.2781341
0.0 4338.0 1321.0 5963.0 25527.2761503
0.0 649.0 3156.0 15101.0 62669.6660976
0.0 6775.0 58.0 267.0 1097.89503293
0.0 660.0 3158.0 15028.0 62601.7594534
0.0 3015.0 2000.0 9099.0 38751.8059332
0.0 5164.0 904.0 3937.0 17216.4512918
0.0 2993.0 2007.0 9059.0 39194.8488786
0.0 620.0 3162.0 15264.0 62967.1870261
0.0 6573.0 176.0 677.0 3168.32786669
0.0 4375.0 1284.0 5835.0 25295.7869131
0.0 2347.0 2327.0 10752.0 45615.8875895
0.0 5279.0 832.0 3860.0 16077.3097514
0.0 3910.0 1524.0 7017.0 29803.9301791
0.0 2071.0 2418.0 11843.0 48385.8470276
0.0 3591.0 1720.0 7622.0 32985.1896945
0.0 3953.0 1513.0 6834.0 29437.4521631
0.0 6396.0 255.0 1106.0 4945.75368042
0.0 3866.0 1555.0 7092.0 30207.6433495
0.0 1332.0 2851.0 13190.0 55859.8259651
0.0 3638.0 1660.0 7773.0 32739.6772168
0.0 6793.0 51.0 216.0 959.984132018
0.0 4267.0 1301.0 6379.0 26142.3703912
0.0 4161.0 1428.0 6227.0 27454.2179345
0.0 4594.0 1155.0 5558.0 22869.2315678
0.0 5015.0 942.0 4610.0 18751.038248
0.0 3535.0 1731.0 7870.0 33579.520598
0.0 1343.0 2819.0 13333.0 55768.9192189
0.0 646.0 3178.0 15028.0 62622.3122253
0.0 978.0 2990.0 14290.0 59355.0465665
0.0 1933.0 2505.0 11905.0 49783.8246806
0.0 4177.0 1403.0 6275.0 27081.8498332
0.0 665.0 3146.0 15023.0 62555.8979708
0.0 6664.0 113.0 496.0 2261.43919086
0.0 1935.0 2503.0 11905.0 49758.6920464
0.0 5212.0 861.0 4028.0 16787.0084971
0.0 6735.0 86.0 343.0 1543.13250634
0.0 2399.0 2283.0 10822.0 45090.8177355
0.0 874.0 3044.0 14507.0 60365.9875666
0.0 4556.0 1157.0 5710.0 23390.7950377
0.0 1581.0 2686.0 12825.0 53166.2285994
0.0 3634.0 1631.0 7792.0 32533.6776315
0.0 1341.0 2843.0 13210.0 55703.4800752
0.0 6790.0 51.0 213.0 981.45594002
0.0 1851.0 2572.0 12022.0 50471.6827829
0.0 6690.0 100.0 440.0 1962.76653811
0.0 6773.0 55.0 289.0 1162.33461514
0.0 1652.0 2694.0 12429.0 52622.4285007
0.0 1198.0 2894.0 13642.0 57215.3955625
0.0 2985.0 2005.0 9328.0 39223.3581226
0.0 6792.0 50.0 217.0 947.265346688
0.0 2385.0 2294.0 10856.0 45366.8957284
0.0 625.0 3175.0 15144.0 62887.7631662
0.0 3822.0 1562.0 7453.0 30836.6187848
0.0 3650.0 1630.0 7975.0 32611.0546524
0.0 2386.0 2290.0 10899.0 45245.0962683
0.0 3690.0 1613.0 7601.0 32081.3173272
0.0 5067.0 962.0 4149.0 18244.9422175
0.0 657.0 3162.0 14968.0 62591.8114001
0.0 6765.0 71.0 235.0 1194.96785114
0.0 6775.0 57.0 258.0 1109.62582538
0.0 671.0 3148.0 15070.0 62438.5972657
0.0 3363.0 1782.0 8459.0 35262.45331
0.0 672.0 3140.0 15094.0 62498.4485909
0.0 3495.0 1686.0 8287.0 34021.1916482
0.0 2516.0 2220.0 10591.0 43896.0141643
0.0 6789.0 52.0 225.0 994.195138106
0.0 6701.0 97.0 400.0 1877.16959068
0.0 660.0 3156.0 15045.0 62573.9224367
0.0 3612.0 1663.0 7922.0 32854.420415
0.0 6761.0 68.0 254.0 1235.40057301
0.0 5095.0 905.0 4262.0 17767.5263288
0.0 1098.0 2928.0 14037.0 58107.9846872
0.0 3828.0 1565.0 7145.0 30833.8997629
0.0 6750.0 80.0 249.0 1381.84020532
0.0 4406.0 1275.0 5868.0 24966.5523082
0.0 3494.0 1699.0 8227.0 34001.8960115
0.0 3620.0 1679.0 7696.0 32956.1095114
0.0 3846.0 1567.0 7043.0 30610.585883
0.0 6769.0 60.0 268.0 1170.57593297
0.0 635.0 3170.0 15111.0 62814.1168054
0.0 3945.0 1465.0 7187.0 29545.943347
0.0 1004.0 2969.0 14281.0 59194.4360839
0.0 6741.0 82.0 286.0 1480.82948074
0.0 3618.0 1639.0 8029.0 32721.8879341
0.0 6788.0 51.0 231.0 990.979477933
0.0 6773.0 57.0 264.0 1151.22335983
0.0 4234.0 1326.0 6460.0 26619.3551719
0.0 1054.0 2950.0 14169.0 58683.6789828
0.0 6773.0 57.0 276.0 1145.19976159
0.0 858.0 3064.0 14545.0 60583.0382436
0.0 4739.0 1130.0 4991.0 21482.7804623
0.0 6649.0 122.0 505.0 2390.08652174
0.0 4382.0 1290.0 5889.0 25047.7341461
0.0 2169.0 2402.0 11179.0 47387.8222903
0.0 620.0 3162.0 15212.0 62976.8436421
0.0 2932.0 2025.0 9462.0 39651.6507522
0.0 609.0 3172.0 15263.0 63095.509218
0.0 3498.0 1749.0 7870.0 34090.8399892
0.0 1710.0 2608.0 12554.0 51945.7106479
0.0 1895.0 2531.0 12010.0 50028.2485048
0.0 6729.0 86.0 302.0 1599.64627003
0.0 6673.0 103.0 514.0 2186.80139824
0.0 2363.0 2296.0 10892.0 45491.5414935
0.0 6769.0 58.0 279.0 1175.80037357
0.0 4164.0 1406.0 6272.0 27172.6341858
0.0 601.0 3172.0 15274.0 63170.1532512
0.0 2620.0 2168.0 10372.0 42840.8963066
0.0 6751.0 73.0 298.0 1387.12769512
0.0 6656.0 119.0 564.0 2283.72312443
0.0 6773.0 62.0 241.0 1141.43245938
0.0 756.0 3105.0 14873.0 61604.6649331
0.0 4201.0 1368.0 6453.0 26922.1625086
0.0 612.0 3165.0 15283.0 63053.7922979
0.0 4777.0 1115.0 4895.0 21222.6910798
0.0 4977.0 963.0 4576.0 19241.9854651
0.0 6767.0 60.0 259.0 1192.87306052
0.0 1279.0 2863.0 13454.0 56372.0303091
0.0 685.0 3138.0 14991.0 62245.4712241
0.0 6689.0 102.0 411.0 2002.43267398
0.0 1600.0 2695.0 12640.0 53132.5672975
0.0 6658.0 112.0 528.0 2292.11477425
0.0 698.0 3129.0 14984.0 62218.1575147
0.0 6322.0 291.0 1294.0 5735.06510964
0.0 6734.0 85.0 295.0 1580.0381905
0.0 735.0 3121.0 14850.0 61765.8194983
0.0 2881.0 2042.0 9652.0 40224.5011813
0.0 3604.0 1694.0 7740.0 32839.2353228
0.0 1401.0 2810.0 13086.0 55122.5965218
0.0 641.0 3155.0 15181.0 62759.4073014
0.0 6627.0 130.0 588.0 2644.45265012
0.0 641.0 3166.0 15126.0 62724.3347962
0.0 2627.0 2196.0 10037.0 42867.8353259
0.0 3542.0 1715.0 7858.0 33678.6209474
0.0 6570.0 165.0 706.0 3263.69282584
0.0 6784.0 58.0 208.0 1032.29882771
0.0 2776.0 2099.0 9919.0 41299.9016351
0.0 1761.0 2597.0 12335.0 51426.7388413
0.0 4631.0 1162.0 5273.0 22667.4075006
0.0 4832.0 1068.0 4776.0 20636.855026
0.0 2930.0 2035.0 9443.0 39721.2325778
0.0 4969.0 1012.0 4387.0 19254.0219156
0.0 6786.0 57.0 212.0 1030.1581941
0.0 1021.0 2977.0 14106.0 58915.7393746
0.0 3699.0 1628.0 7734.0 31960.8058319
0.0 2823.0 2073.0 9793.0 40884.5321846
0.0 1946.0 2532.0 11758.0 49631.8820679
0.0 2494.0 2228.0 10672.0 44184.9969743
0.0 3824.0 1542.0 7372.0 30792.0177588
0.0 687.0 3134.0 15061.0 62327.5266128
0.0 6776.0 61.0 236.0 1121.98329003
0.0 2437.0 2242.0 10895.0 44722.6145118
0.0 5265.0 832.0 3887.0 16239.6483633
0.0 739.0 3110.0 14923.0 61767.445396
0.0 6652.0 120.0 502.0 2371.74410375
0.0 639.0 3161.0 15088.0 62802.7325155
0.0 6708.0 88.0 400.0 1800.89064518
0.0 6754.0 77.0 254.0 1310.09583118
0.0 2141.0 2406.0 11398.0 47752.3188991
0.0 6776.0 59.0 250.0 1097.82222538
0.0 659.0 3155.0 15081.0 62578.8605679
0.0 2704.0 2127.0 10113.0 42053.7953352
0.0 2975.0 2007.0 9383.0 39332.5494905
0.0 5111.0 925.0 4140.0 17802.9951369
0.0 3590.0 1697.0 7758.0 33045.0943476
0.0 4097.0 1442.0 6486.0 27950.9285864
0.0 4059.0 1448.0 6815.0 28580.5754306
0.0 3669.0 1625.0 7639.0 32148.1071074
0.0 600.0 3183.0 15185.0 63129.6600865
0.0 4559.0 1217.0 5456.0 23282.7682025
0.0 2103.0 2420.0 11569.0 47965.0983098
0.0 5235.0 875.0 3725.0 16534.0565872
0.0 4669.0 1141.0 5192.0 22195.4919237
0.0 2920.0 2030.0 9567.0 39843.7219381
0.0 971.0 2985.0 14305.0 59464.6927188
0.0 2238.0 2365.0 11174.0 46697.9973899
0.0 980.0 2994.0 14250.0 59254.1714349
0.0 1247.0 2853.0 13694.0 56741.5720276
0.0 6772.0 57.0 269.0 1159.92826161
0.0 6777.0 56.0 253.0 1105.1478934
0.0 744.0 3126.0 14770.0 61616.8140335
0.0 1994.0 2468.0 11864.0 49186.4419802
0.0 3988.0 1491.0 6811.0 29114.2526142
0.0 6591.0 158.0 617.0 3057.65065943
0.0 1561.0 2725.0 12720.0 53522.6628062
0.0 3428.0 1763.0 8210.0 34882.041327
0.0 851.0 3061.0 14606.0 60632.505328
0.0 2127.0 2447.0 11318.0 47812.7001137
0.0 643.0 3167.0 15043.0 62721.4791308
0.0 2593.0 2188.0 10396.0 43053.3649569
0.0 623.0 3165.0 15178.0 62949.8665776
0.0 3115.0 1948.0 8807.0 37816.8740952
0.0 4929.0 1015.0 4621.0 19679.1515324
0.0 2839.0 2074.0 9494.0 40597.4457147
0.0 745.0 3112.0 14837.0 61675.4949148
0.0 1470.0 2768.0 12953.0 54397.1319542
0.0 6685.0 101.0 462.0 2011.60883429
0.0 4808.0 1047.0 5005.0 20881.3231865
0.0 6689.0 105.0 390.0 1971.30443897
0.0 4601.0 1164.0 5420.0 22939.3303815
0.0 693.0 3139.0 14967.0 62209.8324913
0.0 627.0 3161.0 15217.0 62907.1952645
0.0 6331.0 297.0 1258.0 5644.00782148
0.0 4274.0 1349.0 6180.0 26165.3667155
0.0 6634.0 124.0 573.0 2577.8928619
0.0 2745.0 2116.0 10007.0 41625.3607212
0.0 6625.0 130.0 595.0 2642.52396315
0.0 4255.0 1359.0 6191.0 26450.3759295
0.0 6678.0 103.0 460.0 2140.09180087
0.0 757.0 3100.0 14809.0 61610.5289305
0.0 890.0 3038.0 14408.0 60254.4765628
0.0 1737.0 2633.0 12314.0 51744.5800547
0.0 6768.0 69.0 232.0 1158.15320374
0.0 1343.0 2847.0 13197.0 55680.4058243
0.0 4093.0 1428.0 6553.0 27692.9486652
0.0 3265.0 1867.0 8504.0 36383.2406888
0.0 2045.0 2452.0 11680.0 48585.5017366
0.0 3717.0 1624.0 7563.0 31859.8346702
0.0 3907.0 1537.0 6978.0 29876.2207395
0.0 4226.0 1373.0 6173.0 26656.9159925
0.0 6778.0 54.0 258.0 1082.18414763
0.0 2199.0 2388.0 11238.0 47145.6320343
0.0 748.0 3101.0 14873.0 61719.1239228
0.0 6623.0 139.0 608.0 2714.00543174
0.0 3623.0 1649.0 7788.0 32749.3289693
0.0 944.0 3021.0 14240.0 59615.923536
0.0 632.0 3158.0 15178.0 62835.7676137
0.0 3614.0 1657.0 7876.0 32911.8805421
0.0 6791.0 50.0 218.0 974.536374585
0.0 2468.0 2282.0 10342.0 44381.3645053
0.0 4209.0 1378.0 6295.0 26847.7809439
0.0 1443.0 2772.0 13057.0 54615.5768623
0.0 3670.0 1646.0 7586.0 32335.4687669
0.0 3855.0 1572.0 6991.0 30422.7069614
0.0 5082.0 946.0 4179.0 18096.1202139
0.0 991.0 2988.0 14214.0 59212.9014646
0.0 608.0 3174.0 15231.0 63112.2964079
0.0 6753.0 77.0 248.0 1345.52465913
0.0 624.0 3177.0 15115.0 62951.4535188
0.0 6788.0 56.0 207.0 1000.73102513
0.0 1472.0 2749.0 13008.0 54451.1204634
0.0 3038.0 1982.0 9155.0 38467.1715008
0.0 3770.0 1584.0 7345.0 31362.8017199
0.0 897.0 3042.0 14524.0 60148.3794471
0.0 4419.0 1279.0 5803.0 24765.010076
0.0 3709.0 1605.0 7704.0 31893.8313136
0.0 2369.0 2284.0 10967.0 45330.1437937
0.0 618.0 3169.0 15165.0 62987.6188172
0.0 6732.0 92.0 319.0 1592.14625555
0.0 4061.0 1433.0 6773.0 28260.2720241
0.0 4581.0 1185.0 5445.0 23078.6005672
0.0 4293.0 1348.0 5933.0 26206.1829016
0.0 4237.0 1345.0 6281.0 26695.8932468
0.0 894.0 3036.0 14442.0 60286.1901752
0.0 4121.0 1427.0 6482.0 27753.1857999
0.0 678.0 3145.0 15036.0 62338.2172373
0.0 634.0 3178.0 15080.0 62790.2644582
0.0 621.0 3167.0 15158.0 62949.4393757
0.0 2907.0 2047.0 9452.0 40002.3371576
0.0 2523.0 2229.0 10404.0 43770.2522766
0.0 2539.0 2242.0 10176.0 43631.8142346
0.0 1878.0 2551.0 12036.0 50219.9242441
0.0 2743.0 2144.0 9795.0 41623.2782107
0.0 2430.0 2275.0 10629.0 44791.9841311
0.0 3491.0 1727.0 8108.0 34162.6292243
0.0 3394.0 1808.0 8128.0 35225.2152129
0.0 3791.0 1578.0 7389.0 31078.2127393
0.0 6562.0 175.0 728.0 3342.42067568
0.0 6751.0 72.0 319.0 1435.31226145
0.0 615.0 3166.0 15255.0 63005.0854623
0.0 4798.0 1072.0 4928.0 20947.4220595
0.0 3872.0 1570.0 6921.0 30195.3369317
0.0 3596.0 1686.0 7725.0 33024.0712969
0.0 5206.0 883.0 3831.0 16837.6381065
0.0 773.0 3097.0 14777.0 61379.7251643
0.0 1997.0 2484.0 11692.0 49024.6451652
0.0 650.0 3161.0 15070.0 62605.6419138
0.0 6639.0 124.0 556.0 2495.08785573
0.0 610.0 3173.0 15227.0 63093.5044413
0.0 6761.0 67.0 249.0 1251.82281412
0.0 1881.0 2562.0 11890.0 50320.8878049
0.0 914.0 3017.0 14459.0 60118.1729004
0.0 4463.0 1239.0 5717.0 24419.9171223
0.0 4078.0 1455.0 6584.0 28190.7190231
0.0 614.0 3160.0 15274.0 63070.0888997
0.0 638.0 3160.0 15128.0 62789.6689703
0.0 6774.0 58.0 241.0 1114.66472134
0.0 3948.0 1531.0 6850.0 29605.8706117
0.0 1203.0 2877.0 13784.0 57156.3873584
0.0 3443.0 1731.0 8424.0 34494.3210773
0.0 617.0 3165.0 15228.0 63057.9954312
0.0 2693.0 2141.0 9944.0 42188.1347377
0.0 6789.0 55.0 212.0 983.213822366
0.0 4845.0 1016.0 5019.0 20513.3629755
0.0 3141.0 1930.0 8801.0 37621.1865972
0.0 3615.0 1683.0 7565.0 32799.7381729
0.0 2935.0 2036.0 9349.0 39705.068747
0.0 1755.0 2638.0 12170.0 51591.7751584
0.0 1874.0 2567.0 11933.0 50249.5293447
0.0 6597.0 154.0 608.0 2997.81941535
0.0 617.0 3174.0 15191.0 62967.8488871
0.0 4543.0 1171.0 5715.0 23311.1328803
0.0 630.0 3167.0 15111.0 62855.5118431
0.0 4366.0 1310.0 5856.0 25305.8336867
0.0 4756.0 1087.0 5081.0 21329.4991655
0.0 3757.0 1623.0 7304.0 31500.402771
0.0 638.0 3155.0 15168.0 62805.9729161
0.0 2292.0 2343.0 11007.0 46167.9563817
0.0 609.0 3170.0 15293.0 63115.761614
0.0 791.0 3086.0 14781.0 61267.5715959
0.0 902.0 3034.0 14458.0 60119.0827846
0.0 2561.0 2203.0 10417.0 43360.7695952
0.0 6758.0 69.0 285.0 1366.39857187
0.0 6757.0 73.0 254.0 1360.93275977
0.0 6784.0 63.0 199.0 1039.16307504
0.0 6788.0 52.0 214.0 996.232677472
0.0 1659.0 2648.0 12588.0 52354.8766868
0.0 2114.0 2431.0 11431.0 47630.2324702
0.0 610.0 3179.0 15231.0 63078.9720224
0.0 3664.0 1648.0 7681.0 32246.6281241
0.0 3704.0 1607.0 7852.0 31923.2252097
0.0 3197.0 1900.0 8664.0 37017.3580008
0.0 6770.0 63.0 249.0 1163.92192663
0.0 6766.0 67.0 243.0 1194.57796789
0.0 1388.0 2786.0 13294.0 55196.5600225
0.0 2767.0 2124.0 9735.0 41280.4890194
0.0 4579.0 1171.0 5483.0 23017.1488404
0.0 598.0 3176.0 15309.0 63169.9272512
0.0 6775.0 61.0 257.0 1106.50266181
0.0 674.0 3148.0 15064.0 62430.4995794
0.0 2948.0 2013.0 9327.0 39636.8246561
0.0 4381.0 1276.0 5874.0 25211.4333977
0.0 1191.0 2890.0 13725.0 57212.8513037
0.0 2841.0 2078.0 9554.0 40566.1716379
0.0 6207.0 356.0 1551.0 6914.36171027
0.0 667.0 3164.0 14968.0 62450.6839333
0.0 2017.0 2468.0 11625.0 48901.0132793
0.0 626.0 3153.0 15273.0 62931.9796099
0.0 639.0 3167.0 15051.0 62769.0863025
0.0 3949.0 1451.0 7340.0 29401.7720247
0.0 3693.0 1610.0 7606.0 32153.4120938
0.0 646.0 3170.0 15024.0 62695.9245513
0.0 1642.0 2684.0 12470.0 52772.4204874
0.0 1997.0 2502.0 11608.0 49187.5763195
0.0 2463.0 2275.0 10536.0 44320.1165956
0.0 3738.0 1563.0 7691.0 31607.1758214
0.0 6620.0 136.0 617.0 2727.25632988
0.0 714.0 3135.0 14889.0 61972.1671942
0.0 621.0 3166.0 15165.0 62946.0355754
0.0 3691.0 1613.0 7592.0 32075.2729452
0.0 694.0 3134.0 15048.0 62236.4114526
0.0 6754.0 73.0 277.0 1357.43197064
0.0 6781.0 58.0 236.0 1073.68432145
0.0 6693.0 102.0 408.0 1924.99215618
0.0 614.0 3177.0 15199.0 62984.4979209
0.0 6778.0 59.0 246.0 1098.05324971
0.0 2658.0 2165.0 9903.0 42450.3240788
0.0 2942.0 2011.0 9592.0 39621.1952451
0.0 2140.0 2405.0 11503.0 47750.8512141
0.0 640.0 3155.0 15199.0 62741.5909154
0.0 616.0 3168.0 15205.0 63031.2725006
0.0 619.0 3174.0 15162.0 62941.6766815
0.0 6791.0 51.0 230.0 954.749134588
0.0 611.0 3188.0 15132.0 63049.8383703
0.0 6788.0 53.0 209.0 1006.98237068
0.0 4464.0 1254.0 5693.0 24415.4440115
0.0 3492.0 1701.0 8224.0 34021.1874465
0.0 2590.0 2190.0 10399.0 43085.2130373
0.0 3808.0 1589.0 7258.0 30946.5761945
0.0 6769.0 58.0 265.0 1185.83037701
0.0 6776.0 59.0 249.0 1111.44617767
0.0 4047.0 1400.0 6944.0 28674.4018521
0.0 686.0 3143.0 15040.0 62245.2705474
0.0 6728.0 90.0 336.0 1626.27611907
0.0 4138.0 1425.0 6408.0 27555.4515091
0.0 3783.0 1609.0 7295.0 31133.4030667
0.0 4723.0 1097.0 5131.0 21703.6675034
0.0 626.0 3164.0 15166.0 62917.4451039
0.0 1674.0 2685.0 12341.0 52477.6575965
0.0 6784.0 57.0 233.0 1017.05189148
0.0 2587.0 2214.0 10114.0 43282.9608722
0.0 604.0 3179.0 15229.0 63156.3784051
0.0 3686.0 1649.0 7552.0 32028.095543
0.0 4973.0 990.0 4471.0 19180.7540487
0.0 2583.0 2214.0 10129.0 43209.1224992
0.0 1514.0 2715.0 13100.0 53986.9703628
0.0 652.0 3167.0 15068.0 62599.8918808
0.0 1041.0 2941.0 14217.0 58773.3160785
0.0 6640.0 134.0 535.0 2508.00149276
0.0 6765.0 61.0 267.0 1191.85472297
0.0 4231.0 1373.0 6176.0 26605.7033292
0.0 6775.0 62.0 240.0 1123.63576931
0.0 6588.0 156.0 656.0 3068.17442945
0.0 6785.0 58.0 207.0 1044.59208143
0.0 3782.0 1610.0 7295.0 31146.7633933
0.0 6783.0 61.0 200.0 1049.62750101
0.0 6783.0 55.0 227.0 1038.36748271
0.0 2497.0 2257.0 10400.0 44013.7852778
0.0 761.0 3093.0 14830.0 61509.2072751
0.0 6638.0 130.0 549.0 2505.51725243
0.0 6785.0 57.0 212.0 1032.08073297
0.0 686.0 3133.0 15005.0 62334.6162067
0.0 822.0 3071.0 14628.0 60928.9520055
0.0 6748.0 68.0 339.0 1401.1995685
0.0 1303.0 2869.0 13252.0 56150.5576957
0.0 2372.0 2320.0 10686.0 45374.2969529
0.0 6652.0 120.0 510.0 2355.95362735
0.0 627.0 3162.0 15174.0 62911.2494861
0.0 648.0 3144.0 15222.0 62734.2576109
0.0 1963.0 2515.0 11807.0 49350.4528005
0.0 3735.0 1603.0 7507.0 31487.9303562
0.0 5062.0 955.0 4208.0 18334.1926722
0.0 3646.0 1656.0 7737.0 32544.3948272
0.0 1702.0 2618.0 12559.0 52047.2943719
0.0 655.0 3163.0 14985.0 62641.2009175
0.0 2034.0 2463.0 11596.0 48769.1081612
0.0 6788.0 53.0 231.0 973.917238263
0.0 1319.0 2832.0 13366.0 55951.2742854
0.0 4506.0 1229.0 5486.0 23909.0308807
0.0 1242.0 2855.0 13710.0 56712.73097
0.0 3511.0 1707.0 7964.0 33914.7983535
0.0 1446.0 2757.0 13140.0 54616.8933929
0.0 6780.0 58.0 244.0 1088.06229859
0.0 1320.0 2848.0 13274.0 55935.1877961
0.0 6776.0 54.0 289.0 1107.13804552
0.0 4457.0 1257.0 5728.0 24370.2948768
0.0 3295.0 1857.0 8396.0 36097.3956332
0.0 2272.0 2358.0 11010.0 46259.6778562
0.0 2198.0 2385.0 11287.0 47111.3789357
0.0 716.0 3120.0 14912.0 62079.3712663
0.0 3776.0 1604.0 7362.0 31237.2685831
0.0 4494.0 1221.0 5625.0 23953.4679204
0.0 1982.0 2490.0 11692.0 49282.2903396
0.0 6768.0 65.0 244.0 1181.82428296
0.0 6784.0 56.0 216.0 1055.3927694
0.0 6352.0 288.0 1210.0 5374.61529339
0.0 1103.0 2933.0 13948.0 58023.7190338
0.0 3690.0 1655.0 7484.0 32034.9832511
0.0 6645.0 125.0 536.0 2446.710179
0.0 990.0 2974.0 14320.0 59304.3350513
0.0 631.0 3168.0 15100.0 62900.3222305
0.0 730.0 3115.0 14917.0 61901.3708239
0.0 722.0 3113.0 14945.0 61981.9418852
0.0 4802.0 1080.0 4830.0 20850.7755433
0.0 4050.0 1468.0 6666.0 28455.2188485
0.0 3586.0 1660.0 8125.0 32903.4497082
0.0 6767.0 65.0 248.0 1192.73297702
0.0 6784.0 59.0 204.0 1040.22972304
0.0 3362.0 1813.0 8366.0 35424.0266952
0.0 1416.0 2806.0 13025.0 54992.8241759
0.0 630.0 3164.0 15136.0 62861.2305816
0.0 5040.0 965.0 4244.0 18460.6285138
0.0 3648.0 1661.0 7536.0 32235.7687622
0.0 616.0 3170.0 15190.0 62998.5697049
0.0 2458.0 2247.0 10753.0 44512.5692723
0.0 2256.0 2361.0 11117.0 46437.1210761
0.0 2878.0 2044.0 9656.0 40251.9483065
0.0 3876.0 1490.0 7587.0 30296.1705973
0.0 6324.0 291.0 1285.0 5716.7466381
0.0 6773.0 58.0 253.0 1139.04162412
0.0 4208.0 1361.0 6320.0 26805.3692846
0.0 3633.0 1658.0 7924.0 32498.1393354
0.0 1299.0 2827.0 13515.0 56220.795604
0.0 5122.0 929.0 3963.0 17657.3888361
0.0 3772.0 1609.0 7247.0 31161.8274106
0.0 4886.0 1042.0 4676.0 20020.3072518
0.0 3709.0 1625.0 7639.0 31842.6104671
0.0 6670.0 109.0 483.0 2177.05995302
0.0 6768.0 67.0 224.0 1178.40863305
0.0 3982.0 1439.0 7188.0 29201.8951136
0.0 3548.0 1691.0 8018.0 33556.0134755
0.0 6766.0 66.0 251.0 1261.99707687
0.0 4848.0 1050.0 4843.0 20511.1379933
0.0 6581.0 154.0 707.0 3125.04441136
0.0 6767.0 65.0 241.0 1279.67818258
0.0 3484.0 1736.0 8173.0 34144.4685229
0.0 6785.0 60.0 207.0 1033.48533178
0.0 698.0 3127.0 15029.0 62188.5686836
0.0 654.0 3166.0 15053.0 62528.8882018
0.0 1325.0 2818.0 13343.0 55883.592699
0.0 2865.0 2063.0 9535.0 40362.1125478
0.0 2218.0 2398.0 11027.0 46845.2118199
0.0 619.0 3164.0 15250.0 62950.0120889
0.0 1328.0 2836.0 13263.0 55777.0595996
0.0 2738.0 2105.0 10051.0 41723.1975923
0.0 718.0 3130.0 14951.0 61979.3883783
0.0 3653.0 1633.0 7746.0 32346.515792
0.0 622.0 3180.0 15127.0 62946.8490813
0.0 1849.0 2555.0 12217.0 50690.745745
0.0 3861.0 1528.0 7190.0 30365.4188776
0.0 652.0 3155.0 15099.0 62612.596555
0.0 2008.0 2485.0 11748.0 49018.3039309
0.0 621.0 3175.0 15137.0 62985.9780771
0.0 4709.0 1126.0 5073.0 21818.9815553
0.0 6625.0 131.0 589.0 2682.34087502
0.0 3344.0 1816.0 8346.0 35487.9031406
0.0 4369.0 1274.0 5985.0 25256.2841267
0.0 633.0 3159.0 15125.0 62806.7077316
0.0 2625.0 2187.0 10120.0 42852.273859
0.0 615.0 3164.0 15276.0 63066.5863304
0.0 4712.0 1131.0 5081.0 21780.6204136
0.0 2906.0 2057.0 9401.0 40027.8484523
0.0 1822.0 2579.0 12081.0 50855.9047472
0.0 5234.0 862.0 3806.0 16596.4111992
0.0 3093.0 1949.0 8968.0 38233.2465262
0.0 1311.0 2836.0 13419.0 56050.6158446
0.0 2574.0 2190.0 10455.0 43300.7361654
0.0 6767.0 67.0 239.0 1210.13937611
0.0 612.0 3188.0 15124.0 63044.2505167
0.0 3688.0 1614.0 7601.0 32110.4217663
0.0 3041.0 1968.0 9138.0 38620.6356596
0.0 6752.0 75.0 277.0 1360.32781745
0.0 619.0 3168.0 15165.0 62972.801795
0.0 4564.0 1217.0 5298.0 23331.3683477
0.0 2109.0 2451.0 11364.0 48037.2324335
0.0 1959.0 2528.0 11733.0 49432.9826522
0.0 1034.0 2962.0 14155.0 58812.279778
0.0 736.0 3129.0 14733.0 61760.3081607
0.0 707.0 3140.0 14912.0 62031.1596698
0.0 6771.0 59.0 255.0 1148.91764683
0.0 6762.0 62.0 285.0 1239.54747895
0.0 625.0 3176.0 15128.0 62915.0274333
0.0 3699.0 1634.0 7424.0 31966.2471553
0.0 6775.0 59.0 256.0 1110.11779859
0.0 3781.0 1554.0 7604.0 31195.5673938
0.0 6655.0 117.0 514.0 2351.09608915
0.0 3622.0 1661.0 7738.0 32548.207254
0.0 3431.0 1775.0 8101.0 34614.7220045
0.0 2259.0 2380.0 10982.0 46494.3537925
0.0 3797.0 1569.0 7453.0 30951.9489767
0.0 6543.0 179.0 734.0 3524.50742428
0.0 3993.0 1499.0 6740.0 28940.0027738
0.0 1856.0 2567.0 12023.0 50420.7064057
0.0 6774.0 56.0 285.0 1122.51021112
0.0 4555.0 1208.0 5367.0 23303.0752654
0.0 2565.0 2206.0 10234.0 43524.2565783
0.0 3440.0 1732.0 8438.0 34530.4074725
0.0 766.0 3106.0 14775.0 61457.1203521
0.0 1256.0 2858.0 13548.0 56525.4636613
0.0 6739.0 79.0 295.0 1530.71041565
0.0 4682.0 1133.0 5175.0 22081.8213378
0.0 4755.0 1088.0 5081.0 21341.787565
0.0 6661.0 115.0 515.0 2215.42506673
0.0 3602.0 1656.0 7890.0 33035.714936
0.0 3701.0 1606.0 7642.0 32058.1044899
0.0 2497.0 2226.0 10586.0 44280.1547108
0.0 2855.0 2098.0 9477.0 40434.4214714
0.0 623.0 3162.0 15247.0 62952.1886285
0.0 6730.0 78.0 352.0 1577.71432953
0.0 3016.0 1978.0 9073.0 38757.9291533
0.0 4648.0 1141.0 5325.0 22376.5380763
0.0 3849.0 1570.0 7144.0 30369.4727708
0.0 6685.0 106.0 419.0 2071.32945981
0.0 6753.0 73.0 282.0 1357.22271283
0.0 617.0 3171.0 15212.0 62995.0230735
0.0 4568.0 1211.0 5274.0 23304.9926678
0.0 6715.0 82.0 424.0 1757.21477762
0.0 6767.0 70.0 228.0 1195.89723703
0.0 6777.0 54.0 280.0 1100.50031839
0.0 2578.0 2217.0 10222.0 43273.6363181
0.0 1896.0 2549.0 11850.0 50052.5682193
0.0 3666.0 1660.0 7553.0 32239.866122
0.0 4359.0 1270.0 6096.0 25343.645216
0.0 6777.0 61.0 215.0 1114.1178639
0.0 3608.0 1677.0 7863.0 32948.8638904
0.0 3162.0 1920.0 8773.0 37358.2174425
0.0 3897.0 1510.0 7230.0 29920.2117425
0.0 1045.0 2962.0 14102.0 58696.9577018
0.0 3720.0 1629.0 7496.0 32083.0462201
0.0 3797.0 1570.0 7299.0 31002.2175359
0.0 2974.0 2016.0 9348.0 39313.2969122
0.0 3665.0 1632.0 7625.0 32339.0854023
0.0 6768.0 60.0 269.0 1168.60120734
0.0 3415.0 1792.0 8146.0 34914.3594922
0.0 3518.0 1727.0 7941.0 33869.1398182
0.0 6773.0 55.0 290.0 1138.89893809
0.0 4098.0 1411.0 6900.0 28043.3129958
0.0 4018.0 1485.0 6663.0 28847.3253562
0.0 3615.0 1650.0 7877.0 32753.8970345
0.0 6271.0 325.0 1404.0 6283.19185094
0.0 6686.0 108.0 405.0 2020.33824452
0.0 1385.0 2797.0 13170.0 55294.0455299
0.0 6786.0 55.0 226.0 1023.5878934
0.0 631.0 3163.0 15123.0 62840.257712
0.0 6770.0 57.0 275.0 1179.79961497
0.0 6704.0 96.0 386.0 1821.91033164
0.0 4365.0 1275.0 6002.0 25300.0267443
0.0 1323.0 2861.0 13193.0 55865.2810799
0.0 6782.0 55.0 252.0 1053.32108532
0.0 4631.0 1165.0 5282.0 22492.2137038
0.0 923.0 3005.0 14466.0 59922.592108
0.0 6782.0 59.0 216.0 1076.48375327
0.0 624.0 3169.0 15172.0 62886.3327946
0.0 623.0 3168.0 15149.0 62952.8553723
0.0 893.0 3042.0 14501.0 60244.6370201
0.0 3499.0 1700.0 8301.0 33810.4682161
0.0 2414.0 2276.0 10830.0 44912.1674992
0.0 6781.0 56.0 242.0 1046.12384177
0.0 1424.0 2799.0 12993.0 54880.8216355
0.0 6780.0 60.0 212.0 1069.73915653
0.0 6619.0 137.0 600.0 2728.4011096
0.0 6343.0 282.0 1221.0 5514.00036262
0.0 6773.0 66.0 216.0 1145.56049949
0.0 6774.0 58.0 246.0 1111.61003368
0.0 6697.0 105.0 399.0 1940.95001606
0.0 655.0 3152.0 15139.0 62626.7767901
0.0 647.0 3154.0 15145.0 62758.261546
0.0 4920.0 1017.0 4565.0 19660.943992
0.0 3832.0 1589.0 7171.0 30598.7473819
0.0 629.0 3164.0 15146.0 62923.5991685
0.0 4904.0 989.0 4840.0 19939.6212266
0.0 4662.0 1132.0 5291.0 22160.3339215
0.0 6628.0 134.0 562.0 2639.0060162
0.0 3167.0 1910.0 8852.0 37286.9448725
0.0 4630.0 1171.0 5223.0 22752.3055164
0.0 1312.0 2861.0 13261.0 56071.7497865
0.0 6764.0 66.0 255.0 1203.39427066
0.0 6787.0 58.0 203.0 994.813015272
0.0 2331.0 2308.0 11063.0 45684.7553475
0.0 763.0 3097.0 14769.0 61492.8611034
0.0 636.0 3157.0 15181.0 62805.4633191
0.0 1042.0 2961.0 14078.0 58710.0076394
0.0 5032.0 961.0 4304.0 18575.3399439
0.0 3105.0 1950.0 8823.0 37909.3904776
0.0 675.0 3143.0 15006.0 62448.8228296
0.0 6790.0 53.0 216.0 966.217636308
0.0 3680.0 1598.0 7861.0 32158.7347931
0.0 3574.0 1706.0 7761.0 33314.7357057
0.0 3634.0 1633.0 7774.0 32547.4104389
0.0 3183.0 1910.0 8699.0 37072.747876
0.0 2513.0 2245.0 10397.0 44008.0263952
0.0 6572.0 166.0 660.0 3216.27246823
0.0 3809.0 1584.0 7163.0 30750.0522802
0.0 664.0 3157.0 14995.0 62499.0272398
0.0 1667.0 2673.0 12405.0 52474.4729507
0.0 6788.0 52.0 221.0 995.089889143
0.0 6643.0 124.0 537.0 2441.57450882
0.0 6650.0 118.0 543.0 2368.90642242
0.0 1898.0 2548.0 11846.0 50036.3281945
0.0 6617.0 133.0 612.0 2760.48710212
0.0 3600.0 1704.0 7843.0 32915.3975721
0.0 3474.0 1780.0 7926.0 34237.6244709
0.0 2053.0 2466.0 11632.0 48530.5722008
0.0 6764.0 66.0 253.0 1208.79715991
0.0 3627.0 1686.0 7632.0 32671.0495592
0.0 660.0 3154.0 15073.0 62544.4072812
0.0 1143.0 2905.0 13859.0 57653.9008751
0.0 834.0 3073.0 14602.0 60766.8578091
0.0 610.0 3174.0 15217.0 63087.9733865
0.0 5006.0 995.0 4256.0 18787.7210901
0.0 3484.0 1761.0 8006.0 34193.6999671
0.0 1801.0 2578.0 12277.0 51223.0688096
0.0 4161.0 1429.0 6220.0 27456.7732625
0.0 4501.0 1239.0 5597.0 23810.3781996
0.0 3977.0 1494.0 6992.0 29140.5964827
0.0 6775.0 55.0 262.0 1122.40921372
0.0 631.0 3158.0 15185.0 62809.8353263
0.0 1405.0 2798.0 13120.0 55101.8418255
0.0 4753.0 1114.0 4958.0 21455.3609349
0.0 1339.0 2847.0 13173.0 55792.9523978
0.0 711.0 3120.0 15009.0 62039.799864
0.0 1923.0 2569.0 11626.0 49813.2286163
0.0 2342.0 2348.0 10686.0 45687.8124957
0.0 751.0 3106.0 14822.0 61615.1586073
0.0 667.0 3150.0 15075.0 62467.4958813
0.0 668.0 3160.0 15026.0 62488.1941458
0.0 4065.0 1459.0 6573.0 28298.2024322
0.0 4524.0 1224.0 5489.0 23738.7107826
0.0 4023.0 1445.0 6865.0 28890.4873734
0.0 4616.0 1153.0 5362.0 22732.7850351
0.0 6745.0 81.0 299.0 1445.36295989
0.0 634.0 3166.0 15133.0 62794.6990242
0.0 1563.0 2691.0 12821.0 53496.6303116
0.0 3841.0 1556.0 7346.0 30592.8647378
0.0 6772.0 60.0 250.0 1133.04121737
0.0 671.0 3142.0 15059.0 62489.3623752
0.0 627.0 3170.0 15164.0 62855.6225392
0.0 3591.0 1662.0 7890.0 33081.196407
0.0 6789.0 53.0 219.0 980.081269473
0.0 6686.0 102.0 466.0 2009.69095252
0.0 3810.0 1594.0 7133.0 31001.3779324
0.0 4042.0 1484.0 6593.0 28517.9519791
0.0 2850.0 2060.0 9738.0 40545.4544071
0.0 2590.0 2194.0 10388.0 43169.8881777
0.0 3686.0 1613.0 7783.0 31970.9530235
0.0 3549.0 1710.0 7847.0 33256.6352773
0.0 615.0 3173.0 15203.0 63043.0832682
0.0 6782.0 61.0 216.0 1045.31816458
0.0 3329.0 1839.0 8299.0 35824.0402279
0.0 1492.0 2741.0 12873.0 54120.8436099
0.0 1189.0 2892.0 13725.0 57233.2562066
0.0 3681.0 1658.0 7403.0 32160.0294927
0.0 643.0 3160.0 15190.0 62751.4295751
0.0 6773.0 64.0 231.0 1117.68817434
0.0 3327.0 1848.0 8352.0 35730.9066753
0.0 6770.0 59.0 258.0 1182.31182224
0.0 6674.0 108.0 467.0 2167.86568131
0.0 6440.0 235.0 988.0 4511.6497044
0.0 4505.0 1243.0 5499.0 23882.8240179
0.0 2287.0 2374.0 10895.0 46166.4246685
0.0 4894.0 1044.0 4548.0 19922.7754867
0.0 1984.0 2482.0 11790.0 49148.7556654
0.0 2529.0 2264.0 10322.0 43865.8814691
0.0 4746.0 1087.0 5092.0 21437.5320751
0.0 2785.0 2111.0 9529.0 41194.3620044
0.0 689.0 3148.0 14958.0 62278.1417939
0.0 3303.0 1842.0 8517.0 35932.4918886
0.0 2540.0 2236.0 10255.0 43528.0139814
0.0 6764.0 63.0 256.0 1231.5614094
0.0 4091.0 1439.0 6479.0 28203.7862096
0.0 1278.0 2865.0 13392.0 56346.7380399
0.0 6785.0 54.0 224.0 1025.59584141
0.0 3735.0 1616.0 7452.0 31703.3698675
0.0 6769.0 64.0 248.0 1169.42145456
0.0 1055.0 2954.0 14058.0 58611.1489284
0.0 3650.0 1648.0 7738.0 32564.1451265
0.0 6760.0 66.0 265.0 1252.67687928
0.0 6691.0 100.0 428.0 1925.43230103
0.0 2326.0 2308.0 11093.0 45737.5741218
0.0 610.0 3189.0 15132.0 63058.739961
0.0 6624.0 137.0 557.0 2656.69375077
0.0 2327.0 2334.0 10858.0 45830.517339
0.0 6787.0 56.0 210.0 1017.92377551
0.0 4652.0 1116.0 5381.0 22391.2492766
0.0 646.0 3158.0 15119.0 62771.6470076
0.0 4903.0 1001.0 4856.0 19834.6874961
0.0 4529.0 1205.0 5550.0 23629.747708
0.0 6786.0 52.0 231.0 1013.97561908
0.0 2922.0 2029.0 9565.0 39816.8690335
0.0 1006.0 2971.0 14194.0 59155.8156189
0.0 2767.0 2107.0 9731.0 41396.8464782
0.0 1419.0 2802.0 13064.0 54996.1718365
0.0 3835.0 1545.0 7337.0 30781.9740345
0.0 1723.0 2615.0 12522.0 51918.8398117
0.0 2791.0 2108.0 9634.0 41020.149485
0.0 6736.0 79.0 301.0 1543.1481504
0.0 3881.0 1528.0 7282.0 30302.8331963
0.0 6416.0 247.0 1034.0 4786.66826528
0.0 994.0 2980.0 14206.0 59186.8534288
0.0 637.0 3165.0 15121.0 62798.9774101
0.0 940.0 3006.0 14372.0 59849.1019512
0.0 6781.0 59.0 226.0 1089.39430215
0.0 5263.0 832.0 3893.0 16217.1815261
0.0 6444.0 241.0 970.0 4523.67822036
0.0 6417.0 247.0 1033.0 4773.62964234
0.0 4036.0 1457.0 6772.0 28617.3227935
0.0 648.0 3151.0 15104.0 62638.7262992
0.0 6774.0 57.0 267.0 1118.38821577
0.0 2525.0 2212.0 10611.0 43784.5453579
0.0 1627.0 2676.0 12582.0 52812.1483392
0.0 4298.0 1327.0 6090.0 25987.8561064
0.0 6682.0 105.0 446.0 2056.8265843
0.0 2172.0 2422.0 11135.0 47281.3155831
0.0 3676.0 1630.0 7631.0 32137.0215106
0.0 4624.0 1199.0 5110.0 22586.4757652
0.0 4831.0 1047.0 4866.0 20562.4047133
0.0 1663.0 2681.0 12376.0 52447.7006702
0.0 1744.0 2621.0 12218.0 51640.0262331
0.0 6719.0 97.0 345.0 1735.72008118
0.0 3652.0 1649.0 7994.0 32381.0638866
0.0 6767.0 73.0 222.0 1208.0581298
0.0 1800.0 2613.0 12025.0 51012.6170825
0.0 1702.0 2664.0 12335.0 52089.8694554
0.0 2730.0 2159.0 9648.0 41760.8050899
0.0 6787.0 55.0 217.0 1011.03290627
0.0 3777.0 1582.0 7422.0 31194.8667371
0.0 4595.0 1190.0 5241.0 22931.6711106
0.0 4765.0 1117.0 4798.0 21221.1362321
0.0 2705.0 2135.0 10091.0 42073.9111499
0.0 642.0 3162.0 15096.0 62755.9349246
0.0 1769.0 2593.0 12303.0 51463.3742013
0.0 6732.0 83.0 351.0 1586.52689135
0.0 6784.0 56.0 231.0 1030.48892848
0.0 3802.0 1593.0 7430.0 30867.8618656
0.0 4796.0 1094.0 4779.0 20940.1399481
0.0 3824.0 1568.0 7259.0 30867.9104151
0.0 4513.0 1236.0 5444.0 23796.4821641
0.0 2592.0 2189.0 10381.0 43147.4532401
0.0 1381.0 2832.0 13067.0 55298.2201937
0.0 742.0 3117.0 14862.0 61753.471451
0.0 3719.0 1625.0 7500.0 31591.247628
0.0 6772.0 64.0 234.0 1125.09516621
0.0 774.0 3096.0 14766.0 61323.475244
0.0 3551.0 1674.0 8165.0 33502.9005466
0.0 6769.0 64.0 246.0 1240.95507106
0.0 3686.0 1667.0 7493.0 32025.4229986
0.0 3726.0 1624.0 7377.0 31909.0440212
0.0 2226.0 2370.0 11094.0 46757.6254377
0.0 3721.0 1598.0 7549.0 31642.7622666
0.0 620.0 3170.0 15164.0 62997.728824
0.0 1166.0 2920.0 13687.0 57439.3702605
0.0 5131.0 898.0 4077.0 17693.5016589
0.0 2413.0 2295.0 10636.0 44936.6056248
0.0 6631.0 133.0 537.0 2582.16027341
0.0 6254.0 333.0 1444.0 6470.83816798
0.0 620.0 3175.0 15147.0 62997.1331937
0.0 6627.0 131.0 585.0 2673.91041018
0.0 724.0 3129.0 14848.0 61892.5410995
0.0 625.0 3169.0 15114.0 62917.4393461
0.0 761.0 3115.0 14709.0 61598.2240722
0.0 4064.0 1460.0 6573.0 28312.563749
0.0 6773.0 62.0 242.0 1135.90869784
0.0 2021.0 2465.0 11621.0 48854.8909897
0.0 3785.0 1602.0 7174.0 30990.2345881
0.0 2377.0 2318.0 10617.0 45249.1915097
