~~~
0.0 464.0 46.0 147.0 769.012162893
0.0 462.0 35.0 212.0 805.191893613
0.0 463.0 44.0 156.0 841.790222265
0.0 468.0 30.0 221.0 735.64037655
0.0 470.0 28.0 242.0 706.780325758
0.0 466.0 40.0 162.0 755.186889786
0.0 447.0 50.0 243.0 954.471902582
0.0 466.0 33.0 212.0 710.866942691
0.0 470.0 38.0 171.0 695.669827542
0.0 466.0 33.0 199.0 798.516823015
0.0 450.0 41.0 272.0 879.059967909
0.0 472.0 35.0 159.0 711.718854985
0.0 474.0 33.0 161.0 673.835669767
0.0 454.0 40.0 239.0 861.160278268
0.0 456.0 46.0 196.0 847.738218674
0.0 470.0 35.0 177.0 690.239849546
0.0 462.0 34.0 220.0 828.7775085
0.0 480.0 27.0 174.0 620.312229898
0.0 453.0 43.0 234.0 902.434955626
0.0 453.0 45.0 228.0 885.28067519
0.0 464.0 30.0 253.0 787.349643059
0.0 452.0 41.0 243.0 892.338940562
0.0 456.0 37.0 265.0 819.667869019
0.0 476.0 33.0 137.0 654.100740963
0.0 458.0 45.0 195.0 819.956837732
0.0 470.0 29.0 223.0 688.931588655
0.0 447.0 51.0 227.0 971.824189843
0.0 470.0 30.0 218.0 697.965889636
0.0 456.0 35.0 253.0 845.671524876
0.0 466.0 34.0 197.0 748.02952501
0.0 456.0 45.0 198.0 825.283803266
0.0 456.0 38.0 252.0 816.036851809
0.0 458.0 40.0 219.0 814.03451084
0.0 460.0 45.0 160.0 809.096939838
0.0 462.0 43.0 190.0 771.545329967
0.0 444.0 43.0 280.0 951.291739444
0.0 452.0 43.0 246.0 876.5064415
0.0 472.0 29.0 194.0 684.833978985
0.0 452.0 45.0 230.0 851.733965147
0.0 464.0 34.0 204.0 774.044575565
0.0 476.0 31.0 157.0 662.81397791
0.0 446.0 46.0 268.0 927.006297322
0.0 468.0 31.0 215.0 699.737420148
0.0 456.0 40.0 224.0 812.508343976
0.0 470.0 38.0 159.0 715.940833284
0.0 476.0 30.0 177.0 642.302020279
0.0 484.0 30.0 139.0 591.971050466
0.0 466.0 37.0 192.0 732.350408004
0.0 464.0 30.0 254.0 726.001845657
0.0 441.0 55.0 251.0 1020.24061263
0.0 470.0 41.0 145.0 736.369594886
0.0 456.0 38.0 245.0 829.491211306
0.0 456.0 46.0 190.0 855.441063866
0.0 452.0 37.0 284.0 872.774916018
0.0 466.0 39.0 167.0 746.305177572
0.0 460.0 39.0 205.0 828.270984948
0.0 468.0 33.0 196.0 715.485072365
0.0 464.0 42.0 155.0 796.161129335
0.0 464.0 32.0 246.0 750.249993406
0.0 444.0 50.0 245.0 1001.83286944
0.0 454.0 41.0 246.0 846.949229501
0.0 444.0 45.0 276.0 943.13663171
0.0 470.0 37.0 163.0 705.453912885
0.0 461.0 39.0 203.0 828.445271157
0.0 464.0 39.0 193.0 751.183242149
0.0 447.0 47.0 247.0 986.014862858
0.0 449.0 45.0 233.0 962.780175073
0.0 464.0 32.0 237.0 763.482639625
0.0 472.0 31.0 193.0 692.636971579
0.0 456.0 44.0 191.0 869.853038142
0.0 456.0 45.0 217.0 818.696242724
0.0 472.0 28.0 196.0 685.921698566
0.0 453.0 42.0 233.0 938.255660088
0.0 457.0 49.0 178.0 892.390134167
0.0 444.0 47.0 259.0 986.011283366
0.0 454.0 44.0 245.0 828.121138904
0.0 464.0 41.0 187.0 756.624008492
0.0 470.0 33.0 183.0 730.366984325
0.0 466.0 32.0 210.0 731.770914316
0.0 474.0 31.0 199.0 657.362852897
0.0 441.0 49.0 275.0 1007.83491618
0.0 450.0 40.0 257.0 911.720820105
0.0 464.0 35.0 197.0 781.710470771
0.0 456.0 47.0 181.0 847.23097272
0.0 466.0 38.0 161.0 758.645746708
0.0 488.0 28.0 149.0 562.286727558
0.0 454.0 38.0 250.0 859.826610224
0.0 468.0 35.0 206.0 708.364267719
0.0 451.0 44.0 240.0 906.837936126
0.0 480.0 30.0 160.0 604.025109713
0.0 476.0 29.0 201.0 634.007996521
0.0 462.0 42.0 187.0 773.734333681
0.0 460.0 35.0 234.0 785.805489812
0.0 480.0 26.0 204.0 593.165896386
0.0 439.0 52.0 274.0 1062.55227681
0.0 435.0 56.0 270.0 1107.40062296
0.0 468.0 27.0 258.0 739.285340144
0.0 452.0 41.0 241.0 915.686343033
0.0 480.0 31.0 159.0 598.387434155
0.0 453.0 45.0 215.0 928.517127623
0.0 456.0 40.0 220.0 837.327050375
0.0 468.0 32.0 193.0 749.790836844
0.0 450.0 42.0 250.0 884.422748908
0.0 464.0 40.0 192.0 758.109776974
0.0 468.0 32.0 220.0 693.140561208
0.0 474.0 43.0 126.0 671.956141446
0.0 449.0 46.0 239.0 938.710001346
0.0 480.0 32.0 156.0 614.458348157
0.0 478.0 29.0 166.0 615.948956389
0.0 456.0 45.0 196.0 848.594781249
0.0 474.0 28.0 202.0 661.065414167
0.0 468.0 33.0 192.0 747.770121473
0.0 482.0 35.0 135.0 600.275004758
0.0 441.0 47.0 312.0 1015.31190378
0.0 448.0 52.0 235.0 928.9837808
0.0 455.0 37.0 253.0 923.28929233
0.0 478.0 35.0 126.0 666.314518177
0.0 466.0 39.0 157.0 767.997893327
0.0 464.0 33.0 232.0 744.990841983
0.0 460.0 40.0 219.0 766.07601822
0.0 468.0 35.0 215.0 698.549913701
0.0 462.0 38.0 200.0 778.00795586
0.0 441.0 47.0 296.0 1028.76622511
0.0 460.0 36.0 231.0 800.280302733
0.0 472.0 31.0 179.0 715.140360565
0.0 472.0 41.0 152.0 668.906694286
0.0 456.0 41.0 209.0 860.279884286
0.0 452.0 43.0 235.0 891.0489905
0.0 472.0 37.0 183.0 663.789281116
0.0 486.0 27.0 135.0 565.343516375
0.0 460.0 40.0 204.0 783.107482593
0.0 468.0 32.0 200.0 739.240166744
0.0 464.0 36.0 198.0 761.278941363
0.0 468.0 27.0 235.0 765.51256033
0.0 462.0 33.0 224.0 762.733078846
0.0 466.0 32.0 245.0 717.502542652
0.0 452.0 43.0 253.0 847.278577835
0.0 458.0 38.0 234.0 795.54603735
0.0 478.0 27.0 179.0 653.115080065
0.0 448.0 47.0 248.0 889.971302025
0.0 476.0 31.0 168.0 656.080794235
0.0 480.0 34.0 129.0 622.501512442
0.0 462.0 37.0 211.0 769.915252242
0.0 454.0 43.0 227.0 844.665744388
0.0 439.0 50.0 279.0 1068.73756756
0.0 464.0 31.0 240.0 764.53119807
0.0 456.0 44.0 198.0 840.362875766
0.0 450.0 39.0 285.0 873.492981544
0.0 482.0 36.0 127.0 638.909447496
0.0 441.0 55.0 229.0 1035.29004565
0.0 466.0 31.0 255.0 725.390497428
0.0 470.0 29.0 204.0 716.331578387
0.0 478.0 34.0 131.0 662.871447334
0.0 470.0 31.0 195.0 705.284737433
0.0 476.0 31.0 194.0 627.580233493
0.0 452.0 39.0 260.0 877.009568688
0.0 470.0 30.0 213.0 710.070305601
0.0 468.0 35.0 191.0 708.543568228
0.0 480.0 34.0 142.0 619.031892841
0.0 460.0 38.0 214.0 790.631765212
0.0 470.0 36.0 166.0 704.318241161
0.0 470.0 34.0 174.0 707.463140739
0.0 472.0 34.0 199.0 649.773793842
0.0 452.0 47.0 228.0 869.256222155
0.0 453.0 47.0 195.0 929.501623086
0.0 472.0 32.0 211.0 649.783008494
0.0 454.0 44.0 220.0 859.001919937
0.0 453.0 40.0 250.0 919.289805788
0.0 478.0 29.0 203.0 605.260061235
0.0 458.0 41.0 207.0 795.456211063
0.0 466.0 37.0 200.0 716.907133572
0.0 466.0 33.0 202.0 782.216502286
0.0 474.0 25.0 218.0 696.841327698
0.0 472.0 36.0 173.0 670.160786103
0.0 476.0 35.0 134.0 657.573017891
0.0 472.0 37.0 162.0 685.375961532
0.0 449.0 51.0 220.0 945.915663439
0.0 474.0 38.0 164.0 660.382539934
0.0 456.0 34.0 294.0 838.457904548
0.0 446.0 48.0 247.0 940.91335829
0.0 445.0 49.0 231.0 1002.01616755
0.0 474.0 34.0 165.0 671.564462423
0.0 450.0 44.0 257.0 880.813788818
0.0 480.0 24.0 200.0 607.322014857
0.0 474.0 33.0 186.0 639.728036849
0.0 456.0 46.0 205.0 820.580156686
0.0 454.0 40.0 243.0 854.834522844
0.0 472.0 38.0 165.0 684.864560742
0.0 466.0 36.0 198.0 722.595954456
0.0 452.0 38.0 276.0 851.919109937
0.0 462.0 46.0 171.0 790.0621642
0.0 480.0 35.0 136.0 609.954786005
0.0 456.0 38.0 240.0 871.276709769
0.0 452.0 41.0 254.0 870.796027537
0.0 476.0 36.0 166.0 638.772449332
0.0 472.0 40.0 135.0 717.692786261
0.0 468.0 34.0 212.0 699.537512275
0.0 453.0 40.0 243.0 920.15347049
0.0 490.0 25.0 131.0 540.124474089
0.0 472.0 36.0 148.0 703.88857632
0.0 454.0 41.0 222.0 852.642553788
0.0 460.0 42.0 188.0 831.564027855
0.0 464.0 32.0 240.0 762.864825089
0.0 468.0 37.0 200.0 699.838772717
0.0 445.0 50.0 252.0 981.309759833
0.0 472.0 41.0 133.0 720.349102336
0.0 480.0 29.0 154.0 617.084161769
0.0 448.0 42.0 282.0 902.003334267
0.0 462.0 44.0 187.0 765.00197927
0.0 472.0 32.0 173.0 703.790459448
0.0 447.0 52.0 217.0 958.889659082
0.0 480.0 27.0 177.0 609.362410418
0.0 456.0 51.0 176.0 861.28597484
0.0 466.0 37.0 182.0 739.669164388
0.0 446.0 47.0 264.0 942.4589647
0.0 445.0 50.0 257.0 975.471742145
0.0 464.0 39.0 209.0 734.733431394
0.0 472.0 33.0 178.0 664.990310695
0.0 444.0 48.0 268.0 973.18689662
0.0 456.0 39.0 236.0 838.317252042
0.0 450.0 42.0 260.0 879.355608437
0.0 440.0 48.0 297.0 968.171862325
0.0 478.0 26.0 203.0 606.814094382
0.0 456.0 34.0 277.0 845.979875168
0.0 468.0 34.0 208.0 710.402587329
0.0 464.0 33.0 215.0 754.401405123
0.0 472.0 32.0 193.0 676.382652609
0.0 466.0 32.0 225.0 725.053888648
0.0 454.0 35.0 266.0 878.861157355
0.0 470.0 42.0 146.0 719.90185774
0.0 458.0 38.0 241.0 785.115175398
0.0 468.0 33.0 212.0 701.989022505
0.0 470.0 31.0 196.0 690.78454678
0.0 476.0 36.0 156.0 649.030658775
0.0 441.0 52.0 255.0 1034.95937208
0.0 446.0 46.0 261.0 970.028006122
0.0 439.0 55.0 256.0 1052.19493321
0.0 437.0 54.0 273.0 1074.93298326
0.0 449.0 52.0 210.0 963.154254682
0.0 472.0 33.0 167.0 679.817356595
0.0 476.0 37.0 152.0 652.424150751
0.0 458.0 41.0 200.0 849.490614036
0.0 454.0 48.0 188.0 902.43162193
0.0 450.0 44.0 261.0 870.925928188
0.0 468.0 40.0 147.0 739.821876289
0.0 454.0 45.0 225.0 843.2810613
0.0 468.0 29.0 234.0 706.002051004
0.0 478.0 26.0 202.0 638.451221867
0.0 445.0 46.0 266.0 973.559389678
0.0 482.0 28.0 156.0 594.965754282
0.0 454.0 45.0 196.0 856.818154149
0.0 464.0 43.0 170.0 755.146127548
0.0 454.0 40.0 236.0 890.202609976
0.0 470.0 41.0 152.0 719.599606722
0.0 470.0 31.0 192.0 716.541313674
0.0 478.0 30.0 161.0 634.294194508
0.0 484.0 32.0 129.0 599.558172385
0.0 464.0 33.0 211.0 787.406434683
0.0 476.0 29.0 179.0 656.978087731
0.0 470.0 32.0 184.0 702.197292572
0.0 445.0 50.0 243.0 984.857197635
0.0 454.0 44.0 209.0 870.469186434
0.0 453.0 48.0 199.0 928.927369587
0.0 453.0 43.0 229.0 908.284298528
0.0 468.0 37.0 180.0 705.825674215
0.0 456.0 39.0 235.0 885.326956742
0.0 478.0 26.0 191.0 646.057871146
0.0 480.0 31.0 143.0 627.809714002
0.0 464.0 31.0 247.0 746.173344539
0.0 458.0 36.0 241.0 805.215892292
0.0 445.0 48.0 252.0 983.078574994
0.0 450.0 46.0 233.0 883.012928755
0.0 486.0 26.0 144.0 580.665790302
0.0 476.0 32.0 172.0 630.796790156
0.0 460.0 37.0 221.0 797.584534164
0.0 456.0 37.0 255.0 844.735031232
0.0 470.0 38.0 164.0 699.485184878
0.0 484.0 27.0 157.0 558.443531225
0.0 472.0 37.0 151.0 686.258229312
0.0 442.0 48.0 270.0 981.888201048
0.0 439.0 51.0 259.0 1062.56460322
0.0 462.0 39.0 202.0 760.11456461
0.0 460.0 39.0 206.0 790.846840836
0.0 450.0 47.0 219.0 940.54132755
0.0 464.0 41.0 180.0 762.467472472
0.0 482.0 31.0 147.0 597.121838801
0.0 460.0 35.0 220.0 818.36504181
0.0 470.0 40.0 159.0 704.89358009
0.0 470.0 39.0 148.0 720.098363482
0.0 470.0 40.0 142.0 750.366222783
0.0 472.0 34.0 162.0 706.772444767
0.0 466.0 37.0 180.0 740.846487739
0.0 478.0 28.0 172.0 663.858317069
0.0 453.0 44.0 227.0 897.154691699
0.0 445.0 48.0 261.0 979.810265271
0.0 476.0 38.0 117.0 673.117070482
0.0 478.0 35.0 136.0 651.165077485
0.0 480.0 27.0 158.0 632.369151158
0.0 456.0 35.0 266.0 824.960810266
0.0 449.0 40.0 283.0 956.220176747
0.0 474.0 35.0 155.0 661.003046855
0.0 468.0 34.0 187.0 731.478464656
0.0 468.0 31.0 200.0 750.074258641
0.0 453.0 44.0 216.0 915.733925846
0.0 442.0 50.0 265.0 992.770448903
0.0 458.0 43.0 203.0 820.781030711
0.0 460.0 42.0 210.0 782.351594685
0.0 468.0 33.0 200.0 713.796357604
0.0 476.0 28.0 204.0 638.215407437
0.0 460.0 39.0 225.0 768.30924032
0.0 482.0 29.0 154.0 610.969551866
0.0 468.0 43.0 139.0 748.141241828
0.0 460.0 43.0 181.0 783.445322126
0.0 460.0 38.0 206.0 820.873985397
0.0 470.0 30.0 220.0 695.947222461
0.0 453.0 40.0 253.0 892.436894099
0.0 476.0 32.0 147.0 680.239500202
0.0 461.0 46.0 155.0 852.201643033
0.0 460.0 38.0 208.0 808.083787573
0.0 468.0 30.0 240.0 696.94743027
0.0 444.0 44.0 287.0 938.325069026
0.0 472.0 29.0 198.0 672.604654425
0.0 478.0 30.0 145.0 648.675589371
0.0 464.0 44.0 162.0 785.882303182
0.0 447.0 51.0 211.0 985.941035592
0.0 458.0 44.0 187.0 860.194475159
0.0 476.0 31.0 171.0 649.317747338
0.0 458.0 35.0 255.0 803.342340718
0.0 460.0 32.0 249.0 802.348981037
0.0 472.0 34.0 168.0 678.917601525
0.0 466.0 36.0 183.0 766.009772556
0.0 445.0 43.0 273.0 976.505550619
0.0 454.0 40.0 237.0 863.692021747
0.0 468.0 34.0 194.0 712.660176801
0.0 447.0 46.0 254.0 954.254167449
0.0 460.0 43.0 180.0 804.487106802
0.0 478.0 28.0 174.0 661.588585552
0.0 466.0 36.0 187.0 761.50799446
0.0 452.0 40.0 259.0 881.330102506
0.0 454.0 48.0 211.0 836.463459234
0.0 468.0 34.0 176.0 752.332433084
0.0 466.0 39.0 188.0 736.663412494
0.0 451.0 48.0 221.0 932.122595878
0.0 462.0 40.0 186.0 807.613275462
0.0 458.0 43.0 188.0 841.810899434
0.0 451.0 42.0 248.0 911.642830125
0.0 454.0 41.0 248.0 818.36908981
0.0 450.0 53.0 223.0 892.516435897
0.0 450.0 41.0 269.0 894.48138262
0.0 474.0 35.0 168.0 646.24429866
0.0 466.0 31.0 233.0 745.149305422
0.0 464.0 37.0 191.0 778.134690834
0.0 462.0 31.0 269.0 765.137613032
0.0 448.0 44.0 268.0 901.824074787
0.0 470.0 35.0 172.0 708.957951639
0.0 458.0 40.0 200.0 856.996594152
0.0 466.0 36.0 179.0 794.797827179
0.0 462.0 37.0 228.0 759.530004472
0.0 448.0 45.0 242.0 898.893875542
0.0 466.0 40.0 167.0 734.912716027
0.0 458.0 43.0 197.0 826.289422969
0.0 466.0 46.0 149.0 766.996785287
0.0 470.0 30.0 207.0 715.60490662
0.0 453.0 53.0 190.0 927.142249207
0.0 472.0 38.0 140.0 707.017805014
0.0 480.0 36.0 124.0 644.21528549
0.0 464.0 37.0 195.0 769.318067475
0.0 470.0 41.0 142.0 742.589808142
0.0 456.0 40.0 214.0 851.183711828
0.0 444.0 49.0 266.0 958.234871012
0.0 462.0 34.0 240.0 762.039806679
0.0 478.0 34.0 137.0 641.484205081
0.0 454.0 38.0 258.0 833.769707237
0.0 458.0 40.0 228.0 792.476783093
0.0 482.0 29.0 150.0 612.305993433
0.0 446.0 45.0 271.0 913.571403697
0.0 451.0 47.0 217.0 943.291330151
0.0 447.0 50.0 238.0 957.261552118
0.0 476.0 27.0 202.0 661.680441235
0.0 446.0 42.0 276.0 930.663174874
0.0 452.0 49.0 196.0 903.853259341
0.0 464.0 39.0 177.0 770.188783954
0.0 452.0 44.0 228.0 907.07688033
0.0 454.0 41.0 243.0 849.811057146
0.0 450.0 48.0 224.0 886.192429744
0.0 468.0 37.0 199.0 701.025120231
0.0 474.0 29.0 191.0 669.151573889
0.0 470.0 32.0 195.0 678.801859462
0.0 466.0 34.0 201.0 733.639593398
0.0 448.0 42.0 273.0 927.548598681
0.0 458.0 40.0 206.0 834.28776277
0.0 470.0 35.0 163.0 717.49532426
0.0 464.0 36.0 193.0 783.969018607
0.0 460.0 36.0 237.0 769.028853932
0.0 447.0 48.0 227.0 987.252704643
0.0 454.0 39.0 249.0 834.626648078
0.0 468.0 39.0 161.0 727.933573456
0.0 472.0 29.0 212.0 662.761082962
0.0 468.0 42.0 155.0 726.614727626
0.0 452.0 41.0 249.0 872.280542088
0.0 456.0 36.0 256.0 843.052263703
0.0 482.0 32.0 132.0 622.612675405
0.0 451.0 43.0 242.0 937.202057596
0.0 482.0 32.0 143.0 591.434957
0.0 470.0 35.0 191.0 686.381953933
0.0 456.0 38.0 248.0 829.354262887
0.0 449.0 50.0 231.0 936.637125908
0.0 468.0 37.0 213.0 693.115564951
0.0 449.0 44.0 247.0 966.690838166
0.0 474.0 34.0 160.0 673.570090551
0.0 468.0 34.0 180.0 736.868465198
0.0 451.0 50.0 187.0 963.144168832
0.0 480.0 27.0 184.0 587.680039231
0.0 466.0 38.0 199.0 721.235940091
0.0 448.0 39.0 284.0 901.062467543
0.0 448.0 43.0 273.0 902.74223535
0.0 445.0 49.0 242.0 1001.84377677
0.0 466.0 42.0 165.0 744.687832334
0.0 460.0 43.0 209.0 780.297633207
0.0 454.0 37.0 269.0 850.561836013
0.0 452.0 41.0 261.0 856.069316869
0.0 450.0 49.0 220.0 902.915471411
0.0 470.0 38.0 186.0 682.462474884
0.0 451.0 49.0 209.0 940.439786985
0.0 468.0 39.0 170.0 705.326510469
0.0 450.0 40.0 271.0 880.904406212
0.0 446.0 48.0 253.0 937.206793684
0.0 447.0 48.0 238.0 957.673058525
0.0 447.0 45.0 258.0 949.936547562
0.0 482.0 29.0 146.0 624.352621338
0.0 456.0 42.0 213.0 839.202594005
0.0 474.0 32.0 168.0 670.166062358
0.0 480.0 29.0 166.0 608.671265927
0.0 452.0 46.0 210.0 886.930664407
0.0 468.0 31.0 205.0 738.429532014
0.0 462.0 32.0 243.0 786.6345915
0.0 449.0 51.0 210.0 971.758976575
0.0 453.0 44.0 225.0 910.839590303
0.0 464.0 38.0 200.0 742.499864497
0.0 460.0 40.0 189.0 800.137108054
0.0 445.0 41.0 314.0 973.871614471
0.0 482.0 34.0 132.0 622.021972107
0.0 450.0 46.0 245.0 861.866218168
0.0 457.0 39.0 233.0 860.943990958
0.0 447.0 49.0 229.0 961.893375161
0.0 472.0 31.0 194.0 664.188569756
0.0 450.0 45.0 245.0 895.072155043
0.0 458.0 33.0 284.0 786.955085513
0.0 450.0 38.0 282.0 876.981692773
0.0 482.0 33.0 141.0 587.12136688
0.0 445.0 46.0 253.0 1020.7713079
0.0 442.0 50.0 260.0 996.687445781
0.0 454.0 37.0 255.0 872.423452189
0.0 460.0 41.0 198.0 788.053457368
0.0 456.0 35.0 286.0 803.017527056
0.0 466.0 37.0 198.0 721.508825899
0.0 468.0 34.0 191.0 726.237051257
0.0 484.0 26.0 148.0 579.147307102
0.0 470.0 30.0 216.0 707.216367445
0.0 476.0 33.0 159.0 651.809872824
0.0 474.0 30.0 196.0 667.446812892
0.0 474.0 39.0 154.0 660.279415734
0.0 460.0 38.0 224.0 783.348712875
0.0 464.0 42.0 174.0 753.986024528
0.0 476.0 29.0 196.0 646.982643798
0.0 464.0 38.0 186.0 769.186773612
0.0 464.0 31.0 218.0 766.620396325
0.0 454.0 40.0 242.0 855.746471982
0.0 466.0 46.0 158.0 763.127423373
0.0 447.0 44.0 265.0 954.537681837
0.0 458.0 46.0 175.0 813.764692976
0.0 454.0 36.0 286.0 865.892654216
0.0 480.0 28.0 171.0 609.785827655
0.0 458.0 37.0 235.0 794.93973972
0.0 466.0 36.0 193.0 747.692671667
0.0 464.0 38.0 193.0 768.461548348
0.0 480.0 30.0 161.0 598.159999242
0.0 462.0 39.0 190.0 786.400064201
0.0 452.0 40.0 260.0 864.650470489
0.0 464.0 32.0 217.0 765.95902181
0.0 458.0 38.0 226.0 804.731896973
0.0 449.0 48.0 230.0 937.708471983
0.0 455.0 43.0 214.0 911.551495558
0.0 452.0 43.0 227.0 912.251019739
0.0 472.0 40.0 136.0 689.246584131
0.0 458.0 46.0 203.0 802.554111724
0.0 447.0 51.0 226.0 984.732290188
0.0 482.0 25.0 183.0 581.197526768
0.0 462.0 44.0 165.0 805.555712247
0.0 456.0 38.0 244.0 852.153033468
0.0 452.0 45.0 224.0 903.993766165
0.0 451.0 51.0 213.0 921.420139339
0.0 456.0 43.0 205.0 820.86052187
0.0 464.0 42.0 171.0 779.601857853
0.0 452.0 42.0 247.0 861.353229405
0.0 468.0 40.0 152.0 734.584672352
0.0 476.0 29.0 191.0 656.178599338
0.0 464.0 41.0 172.0 774.299886355
0.0 470.0 40.0 154.0 708.441391337
0.0 456.0 46.0 198.0 822.674344698
0.0 476.0 25.0 203.0 650.134161437
0.0 454.0 37.0 277.0 842.552750333
0.0 470.0 34.0 179.0 697.816231354
0.0 451.0 50.0 214.0 931.024099326
0.0 446.0 44.0 276.0 920.371902445
0.0 460.0 32.0 269.0 779.711665806
0.0 456.0 39.0 251.0 827.726323811
0.0 476.0 30.0 172.0 644.593483683
0.0 462.0 46.0 169.0 796.920431855
0.0 450.0 46.0 225.0 902.008185454
0.0 470.0 33.0 173.0 730.590348929
0.0 441.0 48.0 281.0 1031.39184719
0.0 448.0 43.0 248.0 913.890973551
0.0 458.0 38.0 222.0 839.218260993
0.0 444.0 46.0 271.0 951.490957441
0.0 462.0 41.0 178.0 802.152475266
0.0 454.0 39.0 258.0 828.362399652
0.0 462.0 30.0 283.0 781.208118996
0.0 474.0 29.0 235.0 660.164938605
0.0 474.0 35.0 140.0 681.200562502
0.0 484.0 34.0 131.0 586.454995933
0.0 449.0 50.0 217.0 950.895375018
0.0 464.0 39.0 197.0 750.341179815
0.0 466.0 30.0 235.0 758.84323645
0.0 476.0 32.0 187.0 628.355060075
0.0 476.0 38.0 130.0 673.001158165
0.0 474.0 28.0 201.0 673.967556949
0.0 466.0 33.0 203.0 762.806049456
0.0 466.0 35.0 194.0 746.819380243
0.0 474.0 36.0 134.0 672.007626847
0.0 466.0 35.0 200.0 726.428848783
0.0 464.0 40.0 199.0 738.477336746
0.0 476.0 32.0 162.0 640.465616109
0.0 462.0 31.0 248.0 809.622290495
0.0 460.0 38.0 219.0 788.896643168
0.0 466.0 40.0 177.0 730.830559419
0.0 445.0 48.0 262.0 966.437371392
0.0 464.0 37.0 190.0 790.575633831
0.0 480.0 32.0 153.0 622.216669538
0.0 482.0 33.0 134.0 616.190817168
0.0 476.0 30.0 165.0 685.693995988
0.0 454.0 39.0 242.0 866.605218906
0.0 456.0 42.0 204.0 846.924740944
0.0 466.0 35.0 193.0 761.48170075
0.0 470.0 31.0 209.0 680.45429837
0.0 472.0 31.0 189.0 704.778124948
0.0 462.0 39.0 206.0 756.726727255
0.0 464.0 40.0 186.0 758.838400788
0.0 474.0 34.0 146.0 676.494014635
0.0 474.0 32.0 198.0 650.995206806
0.0 458.0 44.0 194.0 824.205536177
0.0 478.0 28.0 190.0 626.388937932
0.0 488.0 31.0 125.0 548.950385488
0.0 459.0 43.0 187.0 872.289030935
0.0 486.0 29.0 142.0 560.643313004
0.0 439.0 55.0 251.0 1057.91217451
0.0 466.0 30.0 245.0 746.082974865
0.0 482.0 26.0 164.0 583.078527001
0.0 466.0 36.0 210.0 718.106407809
0.0 470.0 39.0 153.0 710.846224785
0.0 462.0 44.0 173.0 794.795773633
0.0 476.0 35.0 157.0 653.85737457
0.0 462.0 42.0 179.0 795.865529406
0.0 484.0 30.0 145.0 581.340787582
0.0 452.0 40.0 255.0 888.687561325
0.0 454.0 43.0 238.0 831.487615921
0.0 478.0 34.0 144.0 634.03141185
0.0 468.0 42.0 144.0 745.918201101
0.0 451.0 49.0 205.0 949.884202165
0.0 462.0 46.0 186.0 778.139270728
0.0 446.0 41.0 299.0 956.901948636
0.0 454.0 46.0 217.0 848.8216216
0.0 466.0 31.0 221.0 745.453993949
0.0 452.0 42.0 241.0 884.075875945
0.0 464.0 34.0 215.0 730.892154711
0.0 464.0 34.0 206.0 747.942899003
0.0 460.0 37.0 233.0 789.996628041
0.0 470.0 39.0 160.0 679.983743043
0.0 449.0 48.0 234.0 924.743116985
0.0 456.0 42.0 207.0 840.06333419
0.0 444.0 51.0 252.0 966.415472184
0.0 454.0 38.0 242.0 874.659185204
0.0 451.0 46.0 218.0 937.271243512
0.0 455.0 52.0 182.0 909.25963684
0.0 439.0 50.0 294.0 1047.25978983
0.0 460.0 39.0 218.0 770.355596888
0.0 482.0 29.0 155.0 599.304804524
0.0 453.0 38.0 257.0 892.037002244
0.0 466.0 39.0 189.0 725.641001314
0.0 468.0 42.0 153.0 733.321934519
0.0 462.0 47.0 156.0 793.724140256
0.0 453.0 50.0 191.0 932.288794718
0.0 445.0 52.0 228.0 986.599686949
0.0 443.0 47.0 296.0 1018.68859032
0.0 462.0 35.0 220.0 776.379998279
0.0 472.0 34.0 164.0 688.921290039
0.0 446.0 47.0 265.0 913.426364655
0.0 478.0 28.0 176.0 646.652210135
0.0 464.0 38.0 205.0 736.429406574
0.0 458.0 45.0 189.0 835.688819616
0.0 445.0 47.0 264.0 981.176297037
0.0 474.0 31.0 173.0 658.992813327
0.0 462.0 46.0 167.0 800.733726783
0.0 458.0 40.0 205.0 837.658959853
0.0 448.0 47.0 228.0 941.524297471
0.0 460.0 35.0 248.0 771.666476547
0.0 474.0 32.0 171.0 655.790212127
0.0 447.0 47.0 248.0 971.721715523
0.0 454.0 39.0 250.0 829.356399273
0.0 468.0 28.0 246.0 741.494793282
0.0 454.0 42.0 239.0 847.169984615
0.0 441.0 49.0 268.0 1014.35463515
0.0 462.0 40.0 191.0 771.55727264
0.0 449.0 47.0 238.0 941.263167717
0.0 474.0 33.0 167.0 660.040745454
0.0 482.0 26.0 160.0 641.151822011
0.0 454.0 44.0 234.0 843.585599342
0.0 474.0 39.0 144.0 671.738293103
0.0 462.0 45.0 183.0 778.786186836
0.0 458.0 42.0 194.0 839.525884405
0.0 452.0 44.0 240.0 858.900367477
0.0 462.0 39.0 191.0 780.54609751
0.0 480.0 26.0 186.0 644.171259529
0.0 468.0 36.0 182.0 701.498693985
0.0 456.0 42.0 216.0 837.07495062
0.0 470.0 37.0 190.0 676.704208315
0.0 490.0 29.0 126.0 549.72354381
0.0 462.0 38.0 209.0 753.982458798
0.0 458.0 40.0 208.0 829.463845389
0.0 476.0 25.0 208.0 644.712471866
0.0 466.0 39.0 174.0 739.78752288
0.0 456.0 41.0 237.0 803.970029725
0.0 458.0 36.0 226.0 811.983811924
0.0 462.0 34.0 244.0 754.886406634
0.0 456.0 42.0 220.0 835.912897646
0.0 449.0 41.0 268.0 932.304203236
0.0 453.0 39.0 258.0 888.551698998
0.0 472.0 26.0 224.0 667.566516451
0.0 468.0 31.0 206.0 716.335991517
0.0 439.0 50.0 281.0 1055.94062281
0.0 455.0 44.0 199.0 899.293005231
0.0 478.0 36.0 134.0 628.682303183
0.0 456.0 39.0 244.0 830.108323758
0.0 464.0 42.0 189.0 752.054105408
0.0 452.0 44.0 241.0 854.687010175
0.0 464.0 41.0 190.0 742.579966141
0.0 445.0 49.0 253.0 976.776919269
0.0 478.0 32.0 145.0 624.2048685
0.0 460.0 34.0 248.0 811.900732105
0.0 456.0 34.0 260.0 847.203091401
0.0 460.0 39.0 212.0 785.4008486
0.0 462.0 36.0 211.0 828.29395625
0.0 445.0 55.0 223.0 1016.46422557
0.0 462.0 43.0 172.0 826.864171228
0.0 443.0 49.0 254.0 989.205755606
0.0 440.0 51.0 270.0 952.222518007
0.0 472.0 27.0 215.0 703.790803958
0.0 442.0 51.0 254.0 1023.4945694
0.0 458.0 38.0 230.0 804.513276727
0.0 470.0 28.0 228.0 709.249402895
0.0 454.0 43.0 216.0 865.716073769
0.0 443.0 47.0 283.0 1023.70873653
0.0 478.0 30.0 174.0 614.139377082
0.0 458.0 34.0 251.0 835.130613418
0.0 452.0 44.0 229.0 876.065330671
0.0 458.0 35.0 241.0 828.728072984
0.0 472.0 32.0 185.0 686.19918415
0.0 456.0 37.0 243.0 858.195480622
0.0 460.0 36.0 230.0 806.50318173
0.0 470.0 29.0 217.0 698.191354772
0.0 458.0 41.0 198.0 850.599131751
0.0 437.0 50.0 286.0 1059.96357787
0.0 456.0 43.0 202.0 854.522707313
0.0 468.0 35.0 164.0 710.26291985
0.0 458.0 39.0 214.0 827.635810947
0.0 472.0 34.0 188.0 663.875856809
0.0 460.0 43.0 179.0 857.325535898
0.0 455.0 43.0 209.0 931.951132943
0.0 492.0 25.0 126.0 501.406409733
0.0 445.0 49.0 251.0 989.588239379
0.0 460.0 39.0 217.0 781.531129654
0.0 447.0 47.0 255.0 944.570724549
0.0 474.0 32.0 179.0 653.602572028
0.0 464.0 35.0 205.0 741.582525106
0.0 470.0 37.0 151.0 725.372196254
0.0 433.0 56.0 285.0 1113.14702061
0.0 468.0 32.0 212.0 702.397206516
0.0 462.0 40.0 196.0 766.534784582
0.0 458.0 33.0 259.0 810.516248016
0.0 441.0 46.0 301.0 1033.35729896
0.0 452.0 39.0 266.0 858.558377464
0.0 453.0 41.0 239.0 898.000470324
0.0 452.0 48.0 222.0 881.414442299
0.0 458.0 41.0 201.0 832.435055052
0.0 470.0 36.0 159.0 719.618246099
0.0 452.0 41.0 255.0 863.210893426
0.0 437.0 52.0 279.0 1087.01332159
0.0 449.0 42.0 264.0 942.893690621
0.0 468.0 36.0 201.0 698.730970453
0.0 458.0 45.0 164.0 844.736187215
0.0 454.0 44.0 224.0 848.826588637
0.0 480.0 32.0 136.0 646.701140633
0.0 474.0 35.0 147.0 671.702403988
0.0 474.0 28.0 188.0 685.795888595
0.0 443.0 52.0 249.0 1016.12988197
0.0 450.0 44.0 222.0 914.538836915
0.0 462.0 37.0 197.0 793.951306073
0.0 460.0 36.0 254.0 768.366900481
0.0 453.0 40.0 237.0 920.460904899
0.0 464.0 39.0 187.0 760.310589297
0.0 443.0 47.0 293.0 1019.45472741
0.0 452.0 42.0 242.0 876.707015599
0.0 476.0 28.0 198.0 660.04131727
0.0 452.0 37.0 303.0 869.934417428
0.0 466.0 38.0 189.0 735.354249102
0.0 478.0 36.0 131.0 659.781229501
0.0 450.0 41.0 251.0 903.397719627
0.0 448.0 53.0 204.0 960.188230712
0.0 445.0 50.0 237.0 996.937420031
0.0 470.0 42.0 140.0 723.945603825
0.0 462.0 42.0 182.0 779.112880737
0.0 464.0 40.0 176.0 785.976980546
0.0 439.0 51.0 296.0 1041.64533902
0.0 461.0 42.0 187.0 856.568583177
0.0 468.0 29.0 223.0 714.858240699
0.0 457.0 46.0 189.0 886.041489482
0.0 454.0 49.0 189.0 891.20343709
0.0 470.0 35.0 196.0 672.427665594
0.0 474.0 31.0 200.0 652.799468628
0.0 460.0 38.0 230.0 773.323106897
0.0 462.0 37.0 203.0 773.52866953
0.0 462.0 36.0 215.0 777.791120373
0.0 474.0 26.0 238.0 651.824439554
0.0 468.0 39.0 198.0 698.349435437
0.0 474.0 30.0 182.0 674.600917706
0.0 480.0 33.0 140.0 631.804264833
0.0 452.0 41.0 246.0 877.783308685
0.0 462.0 38.0 211.0 739.29551246
0.0 451.0 47.0 208.0 949.698949355
0.0 449.0 46.0 231.0 961.295944316
0.0 462.0 32.0 246.0 785.928117953
0.0 441.0 50.0 264.0 1022.56060479
0.0 462.0 41.0 183.0 780.205785601
