4.0 0.0 27.0 89.0 441.0 
12.0 25.0 2.0 89.0 203.0 
0.0 45.0 2.0 9.0 40.0 
2.0 43.0 2.0 9.0 57.0 
0.0 45.0 2.0 9.0 40.0 
14.0 18.0 27.0 14.0 292.0 
34.0 12.0 20.0 62.0 324.0 
4.0 0.0 27.0 89.0 441.0 
1.0 44.0 3.0 9.0 46.0 
3.0 41.0 6.0 9.0 70.0 
4.0 39.0 8.0 9.0 88.0 
9.0 30.0 3.0 66.0 165.0 
25.0 25.0 18.0 19.0 218.0 
5.0 21.0 7.0 84.0 243.0 
24.0 29.0 17.0 11.0 180.0 
11.0 38.0 9.0 9.0 92.0 
6.0 26.0 8.0 64.0 191.0 
13.0 26.0 4.0 77.0 190.0 
15.0 33.0 14.0 9.0 144.0 
10.0 2.0 27.0 82.0 422.0 
33.0 13.0 19.0 62.0 318.0 
19.0 20.0 25.0 12.0 270.0 
14.0 37.0 10.0 9.0 97.0 
22.0 22.0 22.0 15.0 244.0 
15.0 6.0 25.0 73.0 393.0 
2.0 43.0 4.0 9.0 52.0 
29.0 18.0 19.0 44.0 262.0 
3.0 1.0 26.0 89.0 429.0 
21.0 24.0 5.0 81.0 218.0 
31.0 15.0 18.0 55.0 295.0 
30.0 14.0 21.0 48.0 309.0 
14.0 34.0 12.0 12.0 129.0 
17.0 21.0 6.0 89.0 249.0 
2.0 2.0 25.0 89.0 415.0 
22.0 27.0 19.0 11.0 207.0 
26.0 16.0 19.0 44.0 281.0 
1.0 8.0 19.0 89.0 357.0 
2.0 10.0 18.0 87.0 335.0 
1.0 3.0 24.0 89.0 407.0 
8.0 9.0 20.0 78.0 347.0 
5.0 22.0 7.0 80.0 238.0 
3.0 42.0 5.0 9.0 58.0 
2.0 8.0 20.0 81.0 374.0 
27.0 23.0 12.0 50.0 222.0 
3.0 14.0 13.0 89.0 304.0 
3.0 13.0 14.0 89.0 320.0 
3.0 5.0 22.0 89.0 390.0 
22.0 19.0 19.0 42.0 259.0 
26.0 24.0 17.0 32.0 215.0 
1.0 4.0 23.0 89.0 396.0 
3.0 16.0 11.0 89.0 286.0 
3.0 18.0 9.0 89.0 274.0 
4.0 11.0 18.0 80.0 337.0 
8.0 16.0 17.0 71.0 301.0 
2.0 12.0 15.0 89.0 326.0 
5.0 15.0 12.0 89.0 297.0 
6.0 35.0 4.0 46.0 116.0 
20.0 14.0 19.0 57.0 303.0 
28.0 15.0 24.0 40.0 303.0 
27.0 15.0 16.0 67.0 290.0 
32.0 19.0 18.0 45.0 255.0 
4.0 3.0 25.0 87.0 414.0 
24.0 18.0 21.0 27.0 277.0 
17.0 17.0 18.0 48.0 286.0 
3.0 6.0 21.0 89.0 375.0 
9.0 1.0 27.0 83.0 432.0 
5.0 42.0 3.0 16.0 63.0 
31.0 20.0 17.0 45.0 243.0 
18.0 7.0 23.0 73.0 372.0 
1.0 9.0 19.0 85.0 352.0 
18.0 30.0 12.0 20.0 185.0 
5.0 37.0 6.0 22.0 118.0 
7.0 36.0 6.0 30.0 111.0 
3.0 32.0 9.0 35.0 150.0 
32.0 13.0 20.0 49.0 310.0 
12.0 30.0 15.0 21.0 174.0 
3.0 31.0 10.0 35.0 161.0 
9.0 27.0 11.0 54.0 202.0 
19.0 21.0 23.0 15.0 267.0 
24.0 19.0 24.0 24.0 273.0 
14.0 33.0 13.0 11.0 150.0 
18.0 20.0 26.0 9.0 279.0 
31.0 14.0 20.0 51.0 299.0 
18.0 28.0 8.0 59.0 172.0 
18.0 26.0 14.0 25.0 205.0 
4.0 40.0 3.0 17.0 82.0 
8.0 20.0 15.0 63.0 262.0 
10.0 36.0 9.0 18.0 106.0 
28.0 19.0 19.0 44.0 254.0 
23.0 21.0 20.0 21.0 245.0 
4.0 18.0 10.0 82.0 270.0 
5.0 40.0 7.0 9.0 77.0 
9.0 27.0 4.0 75.0 187.0 
5.0 29.0 6.0 60.0 167.0 
7.0 32.0 7.0 43.0 143.0 
7.0 35.0 6.0 32.0 122.0 
14.0 25.0 20.0 11.0 220.0 
17.0 4.0 27.0 69.0 407.0 
5.0 41.0 3.0 10.0 73.0 
20.0 23.0 17.0 29.0 232.0 
