111111111111111111111111111111111111111111111111111111111111111111111111111111111111111111111111111111111111111111111111111111101111111111111111111111111111111111111111111111111111111111111111111111101111111111111111111111111111111111111111111111111111111111111111111111111111111111111111111111111111111111111111111111111111111111
110000000000000000000000000000000000000000000001111001100000000000000000000000000000000000000000000000011000000011110011100010000001100000000000000000011001111000100000000000000011010011110000000000000000000000111100000000000000000000000100000000000000000000000000000000000000000000000000000000000000000000000000000000001111101111
110000000000000000000000000000000000000000000001111001100000000000000000000000000000000000000000000000011000000011111011100010000001100000000000000000011001111100000000000000000011100011100000000000000000000000111100000000000000000000000100000000000000000000000000000000000000000000000000000000000000000000000000000000001111101111
110000000000000000000000000000000000000000000001111001100000000000000000000000011000000000000000000000011000000011110011100010000001100000000000000000011010111010000000000000000011000111100000000000000000000000111100000000000000000000000100000000000000000000000000000000000000000000000000000000000000000000000000000000001111101111
111111111111111111111111111111111111111111111111111111111111111111111111111111111111111111111111111111111111111111111111111111111111111111111111111111111111111111111111111111111111111111111111111111111111111111111111111111110111111111111111111111111111111111111011111111111111111111111111111111111111111111111111111111111111111111
111111111011100000000000000000000000000000000001111001101011111110101110110000111111100001101111000010111000000011111011100010000001111110000000000111011111111000101001011101010011011011101100011111011110000000111100000000000000000000111101111001011010111110111100001111011100100110101110001111011101111101110000001101011111101111
111111111111111111111111111111111111111111111111111111111111111111111111111111111111111111111111111111111111111111111111111111111111111111111111111111111111111011111111111111110111111111111111111111111111111111111111111111111111111111111111111111111111111111111111111111111111111111111111111111111111111111111111111111111111111111
110000000000001111001100000000000000000000000001111100100000000000000000000100000000000000000000000000000000000011111011100010000001111110000000000110100000111000100000000000000011000111100000000000000000000000111100000000000000000000111000000000000000000000000000000000000000000000000000000000000000000000000000000000001111101111
111111110111111111111111111111011101111110011011111101100000000000000000011101011111111101111000000000011101111111111011111101011111111111111011011110111111111000111100100000000011101011110000000000000000111101111111111111110001110001111110111010010101111111111111011111111111100111001110110011011111111100000011110000001111111111
111111111111111111111111111111111111111111111111111111111111111111111111010111111111111111111111111111111111111111111111111111111111111111111111111111111111111111111111111111111111111111111111111111111111111111111111111111111111111111111111111111111111111111111111111111111111111111111111111111111111111111111111111111111111111111
111111111111111111111111111111111111111111111111111111111111111111111111111111111111111111111111011111111111111111111111111111111111111111111111111111111111111111111111111111111111111111111111111111111111111111111111111111111111111111111111111111111111111111111111011111111111111111111111111111111111111111111111111111111111111111
111111111111111111111111111111111111111111111101111111111111111111111111111111111111111111111111111111111111111111111111111111111111111111111111111111111111111111111111111111111111111111111111111111111111111111111111111111111111111111111111111111111011111111111111111111111111111111111111111111111111111111111111111111111111111111
110000000000000000000000000000000000000000000001111001100000000000000000000000000000000000000000000000011000000011110011100010000001111110000000000111000000111100000000000000000011001011110000000000000000000000111100000000000000000000000100000000000000000000000000000000000000000000000000000000000000000000000000000000001111101111
110000000000000000000000000000000000000000000001111001100000000000000000000100000000000000000000000000011000000011110011100010000001100000000000000000011001111000001000000000000011001011100000000000000000000000111100000000000000000000000100000000000000000000000000000000000000000000000000000000000000000000000000000000001111101111
111111111111111111111111111111111111111111111111111111111011111111111111111111111111111111111111111111111111111111111111111101111111111111111111111111111111111111111111111111111111111111111111111111111111111111111111111111111111111111111111111111111111111111111111111111111111111111111111111111111111111111111111111111111111111111
111111111111111111111111111111111111011111111111111111111111111111111111111111111111111111111111111111111111111111111111111111111111111111111111111111111111111111111111111111111111111111111111111111111111111111111111111111111111111111111111111111111111111111111111111111111111111111111110111111111111111111111111111111111111111111
110000000000000000000000000000000000000000000001111001100000000000000000000000000000000000000000000000011000000011110011100010000001100000000000000000011100111010000000000000000011000111100000000000000000000000111100000000000000000000000100000000000000000000000000000000000000000000000000000000000000000000000000000000001111101111
111111111111111111111111111111111111111111111111111111111111111111111111111111111111111111111111111110111111111111111111111111111111111111111111111111111111111111111111111111111111111111111111111111111111111111111111111111111111111111111111111111111011111111111111111111111111111111111111111111111111111111111111111111111111111111
110000000000000000000000000000000000000000000001111001100000000000000000000000000000000000000000000000011000000011110011100010000001100000000000000000011100111000010001000000000011010011100000000000000000000000111100000000000000000000000100000000000000000000000000000000000000000000000000000000000000000000000000000000001111101111
111111111111111111111111111111111110111111111111111111111111111111111111111111111111111111111111111111111111111111111111111011111111111111111111111111111111111111111111111111111111111111111111111111111111111111111111111111111111111111111111111111111111111111111111111111111111111111111111111111111111111111111111111111111111111111
110000000000000000000000000000000000000000000001111010100000000000000000000110000000000000000000000000011000000011110011100010000001100000000000000000011010111010000000000000000011000111100000000000000000000000111111111110000000000000000000000000000000000000000000000000000000000000000000000000000000000000000000000000001111101111
110000000000001111101100110000011010001101100001111110111111011110011001010110111100111011110000000010011111110111110111100011100111111101111000000111000000111010110011100000000011001011101111100000001101000000111111111111110001111111111110111101100001111111111011011111111101101111101000000011011100000000000011111101111111111111
111110000000001110101110101111100000000000011111111101111011111110101010100111100000111100000000000011000000000011110111111100000001111110000000000110111100111100010010111110111011110111111100000000001110111011111100000000000000000000111100111011000101111111011111111111111001111110111000000011110000111100000011111101001111111111
110000000000001110101110000000011111011110111001111001110011100000000000011011111110000001111111100111111001101011111111111111001011111110000000000111000000111100000111111000111111101111101100100000001101000000111111111110000000000000111111000000000000000000000000000000000000000000000000000000000000111101111111111101001111101111
111101111011111111111111111111000000001100101101111001111011011000000001000010111110000001100000000010111100000011111111111100000001111110000000000111011011111100010011011101001111100111111100000000001101000000111111111111100110000000000110111111100010111111011100101111111001111111001110111111011010000110000000001111001111111111
111111111111111111111111111111111111101111101111111111111111111111111111111111111111111111111111111111111111111111111111111111111111111111111111111111111111111111111111111111111111111111111111111111111111111111111111111111111111111111111111111111111111111111111111111111111111111111111111111111111111111111111111111111111111111111
110000000000000000000000000000000000000000000001111100100000000000000000000100000000000000000000000000011010000011110011100010000001100000000000000000011001111000010000000000000011001011100000000000000000000000111100000000000000000000111000000000000000000000000000000000000000000000000000000000000000000000000000000000001111101111
111111111111111111111111111111111111111111111111111111111111111111111111111111111111111111111111111111111111111111111111111111111111111111111111111111111111111111111111111111111111111111111111111111111111111111111111111111111111111011111111111111011111111111111111111111111111111111111111111111111111111111111111111111111111111111
111111111111111111111111111111111111111111111111111110111111111111111111111111111111111111111111111111111111111111111111111111111111111111111111111111111111111111111111111111111111111111111111111111111111111111111111111111111111111111111111111111111111111111111111111111111111111111101111111111111111111111111111111111111111111111
110000000000001111111100001111011101101111111111111001100111100000000000010010011000100001111000000011111101110111111111100011110011100000000000000000011101111001110100111010010011000111101111111101111111111110111111110000000001110100000100111010010110111111111100101111111101100111011110001111100001000001110000000000001111101111
110000000000000000000000000000000000000000000001111100100000000000000000000110000000000000000000000000011000000011110011100010000001100000000000000000011001111001000000000000000011010011100000000000000000000000111100000000000000000000111000000000000000000000000000000000000000000000000000000000000000000000000000000000001111101111
111111111111111111111111111111111110111111111111111111111111111111111111111111111111111111111111111111111111111111111111111111111111111111111111111111111111111111111111111101111111111111111111111111111111111111111111111111111111111111111111111111111111111111111111111111111111111111111111111111111111111111111111111111111111111111
111111111011111111111111111111111111111111111111111111111111111111111111111111111111111111111111111111111111111111111111111111111111111111111111111111111111111111111111111111111111111111111111111111111111111111111111111111111111111111111111111111111111111111111011111111111111111111111111111111111111111111111111111111111111111111
110000000000001110011100001111011101101111000101111001110111100000000000010111111111011010000000000010111101111111110011100010000001111111111100000111011100111100110000000000000011110111111111100000000000000000111111111110000001110111000110111100011010111111011111001111111101101111011111110011011010000111110000000000001111101111
110000000000000000000000000000000000000000000001111001100000000000000000000010000000000000000000000000011000000011110011100010000001100000000000000000011001111000000010000000000011000111100000000000000000000000111100000000000000000000000100000000000000000000000000000000000000000000000000000000000000000000000000000000001111101111
111111111111111111111111111111111111111111111111111111111111111111111111111111111111111111111111111111111011111111111111111111111111111111111111111111111111111111111111111111111111111111111111111111111111111111111111111111111111111111111111111111111111111111111111011111111111111111111111111111111111111111111111111111111111111111
111110000000001111111110001111111000101100101011111001101111011111100101000100011111011110000000000011111001101011110011111000000001100000000000000000011011111101011010111100000011011111110000000000000000111011111100000000000000000000000101111100100110111111111011001111111001100110101111001111100001000000000011111101111111111111
111110000000000000000000000000000000000000000001111001101111111000000000111010011101100001100000000011011010000011111011100010000001111111111011101110111001111100111001011000101111110011111111011110000000111011111111110000000001111100111100111010111101111110111011001111111001101110101111111111100000000000000011111100101111111111
110000000000000000000000000000000000000000000001111100100000000000000000000100000000100000000000000000011000000011110011100010000001100000000000000000011001111001000000000000000011100011100000000000000000000000111100000000000000000000111000000000000000000000000000000000000000000000000000000000000000000000000000000000001111101111
111111111111111111111111111111111111111111111111111111111111011111111111111111111111111111111111111111111111111111111111111111111111111111111111111111111111111111111111111111111111111111111111011111111111111111111111111111111111111111111111111111111111111111111111111111111111111111111111111111111111111111111111111111111111111111
111111111111111111111111111111111111111111111111111111111111111111111111011111111111111111111111111111111111111111111111111111111111111111111111111111111011111111111111111111111111111111111111111111111111111111111111111111111111111111111111111111111111111111111111111111111111111111111111111111111111111111111111111111111111111111
111111111111111111111110111111111111111111111111111111111111111111111111111111111111111111111111111111111111111111111111111101111111111111111111111111111111111111111111111111111111111111111111111111111111111111111111111111111111111111111111111111111111111111111111111111111111111111111111111111111111111111111111111111111111111111
111111111111111111111110111111111111111111111111111111111111111111111111111111111111111111111111111111111111111111111111111111111111111111111111111111111111111111111111111111111111111111111111111111111111111111111111111111111111111111111111111011111111111111111111111111111111111111111111111111111111111111111111111111111111111111
111111111111111111111111111111111111111111111111111111111111111111111111111111111111111111111111111111111111111111111111111111111111111111111111111111111111111111111111111111111111011111111111111111111111111111111111111111111111111111111111111111111111111111111111111111111111111111111111111111111111111111111111111111111111101111
111101111011101111101111110000011011101110101111111011111111011111111001111111011100000001101111111010111011110011110011111010000001111110000000000111111001111011001011011001110111010111101100111101001101111111111111111111110011110010000110111000001111111110111011111111011110110111011110001111011011111110000011111101101111111111
111101111111111111111111111111111111111111111111111111111111111111101111111111111111111111111111111111111111111111111111111111111111111111111111111111111111111111111111111111111111111111111111111111111111111111111111111111111111111111111111111111111111111111111111111111111111111111111111111111111111111111111111111111111111111111
111111111111111111111111111111011110111111111111111111111111111111111111111111111111111111111111111111111111111111111111111111111111111111111111111111111111111111111111111111111111111111111111111111111111111111111111111111111111111111111111111111111111111111111111111111111111111111111111111111111111111111111111111111111111111111
111111111111111111111111111111111111111111111111111111111111111111111111111111111111111111111111111111111111111111111111111111111111111111111111111111111111111111111111111110111111111111111111011111111111111111111111111111111111111111111111111111111111111111111111111111111111111111111111111111111111111111111111111111111111111111
111101111011101111001100101111100000010000000101111011100011111110100111111110100000011011101110110011011101111011110111100010000001111101111111111110100000111111100111111110111011001011101111011111101101111010111111111111101111111000000110111001001110110000000000000000000000000000000111110011111011111001110000001101101111111111
111111110111011111101100110000011000101110101011111010101011111111111100100110111000011011111111010100011001101011110011111101010111111110000000000111011001111010010001111111000011110111111100011101001111111001111111111111110011111011000111111000101011111110111011101111111011101111101111110011100000111100000011110000001111111111
110000000000001110011100000000000000000000000001111100100000000000000000000100000000000000000000000000000000000011110011100010000001100000000000000000011100111010000000000000000011000111100000000000000000000000111100000000000000000000111000000000000000000000000000000000000000000000000000000000000000000000000000000000001111101111
111111111011111110101110001111111100011101101101111001101111100000000000000011011000100000000000000000011001101011110111111110000001111111111111010110111110111000100010111110010011000111101110000000000000000000111100000000000000000000000111111011111011110000000000000000000000000000000111001111101010000101111111110000001111101111
111111111111111111111111101111111111111111111111111111111111111111111111111111111111111111111111111011111111111111111111111111111111111111111111111111111111111111111111111111111111111111111111111111111111111111111111111111111111111111111111111111111111111111111111111111111111111111111111111111111111111111111111111111111111111111
110000000000000000000000000000000000000000000001111100100000000000000000000100000000000000000000000000011000000011110011100010000001100000000000000000011100111001000000000000000011000111100000000000000000000000111100000000000000000000111000000000000000000000000000000000000000000000000000000000000000000000000000000000001111101111
110000000000001110101100000000000000000000000001111001100000000000000000000000000000000000000000000000000000000011110011110000000001111110000000000111000000111000000001000000000011010011100000000000000000000000111100000000000000000000000100000000000000000000000000000000000000000000000000000000000000000000000000000000001111101111
110000000000000000000000000000000000000000000001111100100000000000000000000100000000000000000000000000011000000011110011100010000001111110000000000111000000111100000000000000000011000111100000000000000000000000111100000000000000000000111000000000000000000000000000000000000000000000000000000000000000000000000000000000001111101111
111111111111111111111111111111111111111111111111111111111111111111111111111110111111111111111111111111111111111111111111111111111111111111111111111111111111111111111111111111111111111111111111111111111111111110111111111111111111111111111111111111111111111111111111111111111111111111111111111111111111111111111111111111111111111111
111101111011011110101100110000011101100000001001111001110111011111000010000011011000100001111110000100011100000011111111110011111111111111111111001110111101111011011010111010000011111111111111000000001101000000111111110000000001100110111101000000000000000000000000000000000000000000000000000000000000000110000000001100011111111111
110000000000000000000000000000000000000000000001111010100000000000000000000110000000000000000000000000011000000011110011100010000001100000000000000000011100111010000000000000000011010011100000000000000000000000111111111110000000000000000000000000000000000000000000000000000000000000000000000000000000000000000000000000001111101111
111110000000001111101111001111000000011101100001111001110111011110000110010000011101011011111000000011011110000011110111110010000001111111111111011110111111111111011111111110001011111111111110000000001110111001111111111110000001101101111100000000000000000000000000000000000000000000000000000000000000111110000011111101001111111111
111111111111111111111111111111111111111111011111111111111111111111111111111111111111111111111111111111111111111111111111111111111111111111111111111111111111111111110111111111111111111111111111111111111111111111111111111111111111111111111111111111111111111111111111111111111111111111111111111111111111111111111111111111111111111111
110000000000000000000000000000000000000000000001111001100000000000000000010000000000000000000000000000011000000011110011100010000001111110000000000111000000111000001000000000000011001011100000000000000000000000111100000000000000000000000100000000000000000000000000000000000000000000000000000000000000000000000000000000001111101111
110000000000001110101100000000000000000000000001111001100000000000000000000000000000000000000000000000000000000011110011110000000001111110000000000111000000111000000010000000000011100011100000000000000000000000111100000000000000000000000100000000000000000000000000000000000000000000000000000000000000000000000000000000001111101111
110000000000000000000000000000000000000000000001111100100000000000000000000100000000000000000000000000011000000011110011100010000001100000000000000000011100111000000001000000000011001011100000000000000000000000111100000000000000000000111100000000000000000000000000000000000000000000000000000000000000000000000000000000001111101111
111111111111111111111111111111111111111111111111111111111111111111111111111111111111111111111111111111111111111011111111111111111111111111111111111111111111111111111111111111111111111111111111111111111111111111111111111111111111101111111111111111111111111111111111111111111111111111111111111111111111111111111111111111111111111111
111111110111011110011111100000000000001100111011111001101000000000000000011001111111000000000000000000011100000011110111100011011111111111111000000111000000111111011110100000000011011111101100011110111101111001111111110000000001110001111100111001000010111110111111101111011101100110101000000011101000000110000000001110001111111111
111111111011111111111111000000011011101110101011111001111111111111110101110010111101011101111111110111111011111011111011100010000001100000000000000000011100111100000100111000011011000111111110111111001101111111111100000000000000000000111110000000000000000000000000000000000000000000000000000000000000111001111111111111111111101111
110000000000000000000000000000000000000000000001111001100000000000000000000000000000000000000000000000011000000011110011100010000001100000000000000000011100111000001000000000000011001111100000000000000000000000111100000000000000000000000100000000000000000000000000000000000000000000000000000000000000000100000000000000001111101111
111101111011101110011100001111011110011111010011111010110011111111011011000111111100111011101110011111000000000011111111100011011111100000000000000000011010111010101010111111110111001111101100100000001110111110111111111111111111101111000000111110010110110000000000001111011010110111011110111111100000000101110000000000001111111111
110000000000000000000000000000000000000000000001111001100000000000000000000000000000000000000000000000011000000011110011100010000001100000000000000000011100111000100000000000000011000111100000000000000000000000111100000000000000000000000101000000000000000000000000000000000000000000000000000000000000000000000000000000001111101111
111101111111011110101100111111100000010000011001111010100111011110111100000110111101011111101110010111111011110011110011100011111011111101111111111111100000111110101011000000000011011111111111111110101101000000111111111110000000000000000000111011011000111110111011111111111001101111011111111111001001111111111111111111101111101111
111111111111111111111111111111111111111111111111111111111111111111111111111111111111111111111111111111111111111111111111111111111111111111111111101111111111111111111111111111111111111111111111111111111111111111111111111111111111111111111111111111111111111111111111111111111111111111111111111111011111111111111111111111111111111111
110000000000001111001100000000011111111111100101111010101111011111110011010110011110100001111110001110111001111011110111100011101011111101111011101111111001111111100001011001101111110111101100111100111101000000111111111110000000000000000110111100001000111111111011001111111101111111001111111111011110000110000011111100101111101111
111110000000001111101110000000011101000000011111111011100111111111110111100111011110011111110000000011111101111011111011111011110111100000000000000000011011111011111111111100110111011011101110100000000000111001111111111111111001101011000111111011001010111110111011110000000000000000000111110011111011111101110000001100011111111111
111111111111111111111111111111111111111111111111111111111111111111111111111111111111111111111111111111111111111111111111111111111111111111111111111111111111111111111111111011111111111111111111111111111111111111111111111111111011111111111111111111111111111111111111111111111111111111111111111111111111111111111111111111111111111111
111111111111111111111111111111111111111111111111111111111111111111111111111111111111111111101111111111111111111111111111111111111111111111111111111111111111111111111111111111111111111111111111111111111111111111111111111111111111111111111111111111111111111111111111111111111111111111111111111111111111111111111111111101111111111111
111111111111111111111111111111111111111111111111111111111111111111111111111111111111111111111111111111111111111111111111111111111111111111111111111110111111111111111111111111111111011111111111111111111111111111111111111111111111111111111111111111111111111111111111111111111111111111111111111111111111111111111111111111111111111111
111111111111111111101111111111111111111111111111111111111111111111111111111111111111111111111111111111111111111111111111111111111111111111111111111111111111111111111111111011111111111111111111111111111111111111111111111111111111111111111111111111111111111111111111111111111111111111111111111111111111111111111111111111111111111111
111110000000001110111111101111011111101110111011111001100000000000000000010000000000011101100000000000011010000011111111111001111011111111111111011111011001111001001111111001111111010011101111000000000000111010111111111110000001100101111100111111111011111110111100111111111010101111101110001111101100111111110011111110101111101111
111101111111101111111111111111111110001110011001111001101100000000000000000000111100000001111110000110011111110111111111111010000001111101111000000111111001111000111010011101111011101111111111011111000000000000111100000000000000000000111111111000000011110000000000001111011110101111011111110011111110111110000000001111001111111111
110000000000000000000000000000000000000000000001111001100000000000000000000000000000000000000000000000011000000011110011100010000001111110000000000111000000111000100000000000000011100011110000000000000000000000111100000000000000000000000100000000000000000000000000000000000000000000000000000000000000000000000000000000001111101111
111111111111111111111111111111111111111111111111111111111111111111111111111111111111111111111111111111111111111111111111111111111111111111111111111111111111111111111111111111111111111111111111011111111111111111111111111111111111111111111111111111011111111111111111111111111111111111111111111111111111111111111111111111111111111111
110000000000001110011111001111011111011111000001111001101011111110000110111011100000000000000000000011011011111111110111100011100011100000000000000000011010111101011011011101100111010011101100111111111110000000111111110000000001101111000100000000000000000000000000000000000000000000000000000000000000000111111100001110001111111111
111111111111111111111111111111111111111111111111111111111111111111111110111111111111011111111111111111111111111111111111111111111111111111111111111111111111111111111111111111111111111111111111111111111111111111111111111111111111111111111111111111111111111111111111111111111111111111111111111111111111111111111111111111111111111111
110000000000001110101100000000000000000000000001111001100000000000000000000000000000000000000000000000000000000011110011110000000001100000000000000000011001111000001001000000000011100011100000000000000000000000111100000000000000000000000100000000000000000000000000000000000000000000000000000000000000000000000000000000001111101111
111111110111011111101111101111111101011110010101111001101111111111110010010101011000000001101110110110111101101111110011110000000001111110000000000110100000111001110000011010111011001011111110011100110000000000111111111111110111101100000110111110011000110000000000001111011100111111101111110011100000111111111111111110011111111111
111111111111111111111111111111111111111111111111111111111111111111111111111111111111111111111111111111111111101111111111111111111111111111111111111111111111111111111111111111111111111111111111111111111111111111111111111111111111111111111111111111111111111111111111011111111111111111111111111111111111111111111111111111111111111111
111101110111111110111111001111111101000000011011111001110100000000000000000110011000011111111111111011000000000011110011111100000001111111111000000110111111111111010100111111101011011011101100111111111111111100111100000000000000000000111101111011110110111111011111001111111010110111111111110011001111000101111111111111001111111111
111111111111111111111111111111111111111111111111111111111111111111111111111111111111111111111111111111111111111111111111111111111111111111111111111111111111111111111111111111111111111111111111111111111111111111111111111111111111111111111111111111110101111111111111111111111111111111111111111111111111111111111111111111111111111111
111111111111111111111111111111111111111111111111111111111111111111111111111111111111111111111111111111111111111111111111111111111111111111111111101111111111111111111111111111111111111111111111111111111111111011111111111111111111111111111111111111111111111111111111111111111111111111111111111111111111111111111111111111111111111111
111111111111111111111111111111111111111111111111111111111111111111111111111111111111111111111111111111111111111111111111111111111111111111111111111111111111111111111111111111110111111111111111111111111111111111111111111111111111111111111111111111111111111111111111111111111111111111111111111111111101111111111111111111111111111111
111110000000001111001111000000000000001110011101111110101011100000000000000111111101111111111110001010011011101011111011100011000011100000000000000000011110111110111010111110011011100011111111000000000000000000111111110000000001101100111000111110101010111110111100010000000000000000000110001111001110000111110000001101111111111111
111110000000001110101111101111100000010000011111111001101111111110100011111011111110111111111000000011011011111111111011111011110011100000000000000000011001111101100110111110000011001111110000000000000000111100111111111111111111110100000100111011000110111110111100011111111111101111111110111111011101111101111111111111001111101111
111111111111110000000000000000000000000000000001111110110011011110100011100111100000000000000000000011011010000011110111100011100011100000000000000000011111111100100011111111011111110011100000000000000000000000111111110000000001111100111100111001011011111111011011001111011001110110101000000011101101111101111100001101111111111111
110000000000000000000000000000000000000000000001111001110000000000000000000000000000000000000000000000011000000011110011100010000001111110000000000111000000111000000001000000000011001011100000000000000000000000111100000000000000000000000100000000000000000000000000000000000000000000000000000000000000000000000000000000001111101111
110000000000000000000000000000000000000000000001111001100000000000000000000000000000000000000000000000011000000011110011100010000001111110000000000111000000111000010000000000000011010011100000000000000000000000111100000000000000000000000100000000000000000000000000000000000000000000000000000000000000000000000000000000001111101111
110000000000001110101100101111011011001110110011111100100111011111011011111101000000000000000000000000011011101111110011100010000001111111111011001111011110111100111010011100011011101111111111011111001110111101111111110000000001100111111101111011001010110000000000001111111011110111011111111111111110000111110000000000001111111111
111111111111111111111111111111111111111111111111111111111111111111101111111111111111111111111111111111111111111111111111111111111111111111111111111111111111111111111111111111111011111111111111111111111111111111111111111111111111111111111111111111111111111111111111111111111111111111111111111111111111111111111111111111111111111111
111101111011101110011111000000000000000000000011111011101000000000000000011110100000111111101111100111011100000011110111100011010011111111111111001111100000111100001100100000000011001011111111011111001111111010111111110000000001101010111110111001000101110000000000000000000000000000000111000011010001111001111100001110101111111111
110000000000001110101100000000000000000000000001111001100000000000000000000000000000000000000000000000000000000011110011100010000001111101111000000110100000111000001000000000000011000111100000000000000000000000111100000000000000000000000100000000000000000000000000000000000000000000000000000000000000000000000000000000001111101111
111111111111111111111111111111111111111111111111111111111111111111111111111111111111111111111111111111111111111111111111111111111111111111111111111111111111111111111111011111111111111111111111111111111111111011111111111111111111111111111111111111111111111111111111111111111111111111111111111111111111111111111111111111111111111111
110000000000000000000000000000000000000000000001111001100000000000000000010000000000000000000000000000011000000011110011100010000001100000000000000000011010111000100000000000000011010011100000000000000000000000111100000000000000000000000100000000000000000000000000000000000000000000000000000000000000000000000000000000001111101111
110000000000000000000000000000000000000000000001111010100000000000000000000110000000000000000000000000011000000011110011100010000001111110000000000111000000111000100000000000000011000111100000000000000000000000111111111110000000000000000000000000000000000000000000000000000000000000000000000000000000000000000000000000001111101111
111111111111111111111111111111111111111111111111111111111111111111111111111111111111111111111111111111111111111111111111111111111111111111111111111111111111111111111111111111111111111111111111111111111110111111111111111111111111111111111111111111111111111111111111111111111111111111111111111111111111111111111111111111011111111111
110000000000000000000000000000000000000000000001111001100000000000000000000000000000000000000000000000011000000011110011100010000001111110000000000111000000111000000001000000000011101011100000000000000000000000111100000000000000000000000100000000000000000000000000000000000000000000000000000000000000000000000000000000001111101111
110000000000000000000000000000000000000000000001111001100000000000000000000000000000000000000000000000011000000011110011100010000001111101111000000110100000111000000001000000000011000111100000000000000000000000111100000000000000000000000100000000000000000000000000000000000000000000000000000000000000000000000000000000001111101111
111111111111111111111111111111111111111111111111111111111111111111111111111111111111111111111111111111111111111111111111111111111111111111111111111111111111111111111111111111111111111111101111111111111111111111111111111111111111111111111111111111111111111111111111111111111111111111111111111111111110111111111111111111111111111111
111101111011011110111111101111011111110000000011111101100000000000000000000101111000000001110000000000000000000011110111110011000011111101111111101111000000111010111111011101010111010111111100100000000000111100111111111111110111111011111101111010000110110000000000001111011111111111011110001111001001111110000000001110101111101111
111110000000001111101100110000000000010000001001111001111111111111000011010000011111011101111111011111011001111011111011111111101111111110000000000111000000111010011100011011011111101011111100111101110000111100111111111111100111101110111101111000100011111111011011010000000000000000000110001111100001111000000011111100011111111111
111111111111111111111111111111111111111111111111111111111111111111111111111111111111111111111111111111111111111111111111111111111111111111111111111111111101111110111111111111111111111111111111111111111111111111111111111111111111111111111111111111111111111111111111111111111111111111111111111111111111111111111111111111111111111111
111110000000001111011111111111011010110000001001111100110011011110010000000100111101011011111110010111111101100111111111100011100011111110000000000110111111111101110001100000000011111011111110011111100000111011111111110000000001110001111000111010011110111111011011011111011010101110111000000011111001000001110000000000001111111111
110000000000000000000000000000000000000000000001111001100000000000000000000000000000000000000000000010011000000011110011100010000001100000000000000000011010111000001000000000000011000111100000000000000000000000111100000000000000000000000100000000000000000000000000000000000000000000000000000000000000000000000000000000001111101111
111111111111011110111111001111011101111101101001111001111011011111110010010011111110011011111110100010011001111111111011111110000001100000000000000000011101111110000001111011011011110111100000000000000000111010111111111111100011111110000101111101100001111110111100111111111111100111001111001111111111111100000011111111011111111111
111111111011011110111100000000011111101101111011111010100000000000000000011110000000000001100000000011111011100111111111111111101111100000000000000000011001111110000101100000000011000111101111111101110000111111111111110000000001101000111100111110101101111111011011110000000000000000000111110011011010111001110011111111101111101111
111111111111111110111111111111111111111111111111111111111111111111111111111111111111111111111111111111111111111111111111111111111111111111111111111111111111111111111111111111111111111111111111111111111101111111111111111111111111111111111111111111111111111111111111111111111111111111111111111111111111111111111111111111111111111111
110000000000000000000000000000000000000000000001111001100000000000000000000000000000000000000000000000011000000011110011100010000001111110000000000111000000111010000000000000000011010011100000000000000000000000111100000000000000000000000110000000000000000000000000000000000000000000000000000000000000000000000000000000001111101111
111101111011111111011100100000011011101100111111111010101011011110100011111110100000100001101000000000000000000011110011100010000001111111111111100111000000111000101001111101110111100011110000000000000000111010111111111111111111101011111110111100010000111110111011100000000000000000000111110011011010111001110011110000001111101111
111111110111111111111111111111111111111111111111111111111111111111111111111111111111111111111111111111111111111111111111111111111111111111111111111111111111111111101111111111111111111111111111111111111111111111111111111111111111111111111111111111111111111111111111111111111111111111111111111111111111111111111111111111111111111111
110000000000000000000000000000000000000000000001111100100000000000000000000100000000000000000000000000011000000011110011100010000001100000000000000000011100111100000000000000000011100011100000000000000000000000111100000000000000000000111000000000000000000000000000000000000000000000000000000000000000000100000000000000001111101111
111111111111111111111111111111111111111111111111111111111111111111111111111111111111111111111111111111111111111111111111111111111111111111111111110111111111111111111111111111111111111111111111111111111111111111111111111111111111111111111111111111111011111111111111111111111111111111111111111111111111111111111111111111111111111111
111101111011011110111111111111011110110000011111111101110111011111000111010100111110111110000000000011100000000011110111111011000111111110000000000111111011111011110110111101011111010011111111011101011110111111111111110000000001101101111111111011110010111110111100101111111110111111111000000011001011111001111111111110101111111111
111111111111111111111111111111111111111111111111111111111111111111111111111111111111111111111111111111111111111111111111111111111111111111111111111111111111111111111111111111111111111111111111111111111101111111111111111111111111111111111111111111111111111111111111111111111111111111111111111111111110111111111111111111111111111111
110000000000001111101110111111100000010000001001111011100011111111101101000111111111111101111111001011111001111011110111111111111111100000000000000000011101111100111001011010000011000111111111011110011111000000111111111111100101100011111101111001101010111110111111101111111011101110111000000011101001111101111111111100011111111111
110000000000001110101100000000000000000000000001111100101000000000000000000100000000000000000000000000000000000011110011110000000001100000000000000000011100111000100000000000000011000111100000000000000000000000111100000000000000000000111000000000000000000000000000000000000000000000000000000000000000000000000000000000001111101111
111111111111111111111111111111111111111111111111111111111111111111111111111111011111111111111111111111111111111111110111111111111111111111111111111111111111111111111111111111111111111111111111111111111111111111111111111111111111111111111111111111111111111111111111111111111111111111111111111111111111111111111111111111111111111111
110000000000001110101100000000000000000000000001111100100000000000000000000100000000000000000000000000000000000011110011100010000001111110000000000111000000111001000000000000000011000111100000000000000000000000111100000000000000000000111000000000000000000000000000000000000000000000000000000000000000000000000000000000001111101111
110000000000001110011100000000000000000000000001111001100000000000000000000000000000000000000000000000000000000011110011100010000001111110000000000111000000111000000001000000000011000111100000000000000000000000111100000000000000000000000100000000000000000000000000000000000000000000000000000000000000000000000000000000001111101111
111111111111111111111111111111111111111111111111111111111111111111111111111111111111111111111111111111111111111111111111111111111111111111111111111111111111111111111111111111111111111111111111111111111101111111111111111111111111111111111111111111111111111111111111111111111111111111011111111111111111111111111111111111111111111111
110000000000001110011100000000000000000000000001111010100000000000000000000110000000000000000000000000000000000011110011100010000001100000000000000000011001111100000000000000000011001011100000000000000000000000111111111110000000000000000000000000000000000000000000000000000000000000000000000000000000000000000000000000001111101111
111111111111111111111111111111111111111111111111111111111111111111111111111111111111111111111111111111111111111111111111111111111111111111111111111111111111111111111111111111101111111111111111111111111111111111111111111111111111111111111111111011111111111111111111111111111111111111111111111111111111111111111111111111111111111111
111111111011111111111111000000011001010000011111111011100011111110010101111110011110011011111110100011100000000011110011111111011111111111111111101110100000111000111001000000000011010111111110011110000000111100111111111111100101111110111110111000110101111110111100111111011100101111111110110011011111111001111100001111101111111111
111111111111111111111111111111111111111111111111111111111111111111111111111111111111111111111111111111111111111111111111111111011111111111111111111111111111111111111101111111111111111111111111111111111111111111111111111111111111111111111111111111111111111111111111111111111111111111111111111111111111111111111111111111111111111111
110000000000001110011111111111111000101101100101111110101111011110110010000110111000011011111110100011111001100111111011100011101111100000000000000000011101111100010110111101111111100011101110100000000000000000111111111111101111100001111110111010001011111111111011000000000000000000000111110011111110000110000000001101111111111111
110000000000000000000000000000000000000000000001111100100000000000000000000100000000000000000000000000011000000011110011100010000001100000000000000000011010111010000000000000000011001011100000000000000000000000111100000000000000000000111000000000000000000000000000000000000000000000000000000000000000000000000000000000001111101111
111111111111111111111111111111111111111111111111111011111111111111111111111111111111111111111111111111111111111111111111111111111111111111111111111111111111111111111111111111111111111111111111111111111111111111111111111111111111111111111111111111111111111111111111111111111111111111011111111111111111111111111111111111111111111111
111111111011101110111110110000000000011101111011111001101111011111100100110110111111011111101110101010111011100111111011111100000001111111111011010111011011111001000111111111101011110111101111011110101111111010111100000000000000000000000101111001110110110000000000000000000000000000000111000011101011000101110000001111101111111111
110000000000001110011100000000000000000000000001111001100000000000000000000000000000000000000000000000000000000011110011100010000001100000000000000000011001111000000100000000000011100011100000000000000000000000111100000000000000000000000100000000000000000000000000000000000000000000000000000000000000000000000000000000001111101111
110000000000001110101100000000000000000000000001111001100000000000000000000000000000000000000000000000000000000011110011110000000001111110000000000111000000111010000000000000000011000111100000000000000000000000111100000000000000000000000100000000000000000000000000000000000000000000000000000000000000000100000000000000001111101111
110000000000000000000000000000000000000000000001111001100000000000000000000000000000000000000000000000011000000011110011100010000001100000000000000000011001111000010000000000000011100011100000000000000000000000111100000000000000000000000110000000000000000000000000000000000000000000000000000000000000000000000000000000001111101111
111111111111111111111111111111111111111111111111111111111111111111111111111111111111111111111111111111111111111111111111111111111111111111111111110111111111111111111111111111111111111111111111111111111111111111111111111111111111111111111101111111111111111111111111111111111111111111111111111111111111111111111111111111111111111111
111111111111111111111111111111111111111111111111111111111111111111111111111111111111111111111111111111111111111111111111111111111111111111111111111111111111111111111111111110111111111111111111111111111111111111111111111111111111111111111111111111101111111111111111111111111111111111111111111111111111111111111111111111111111111111
111110000000001111111111110000000000001110011001111001111111111111101111100011000000011110000000000000000000000011111011111101110011111101111011100110111010111101001001111101011111010011111111000000001101111101111111111111110011101011000111111010100011110000000000000000000000000000000110110011111110111101110011111101011111101111
110000000000000000000000000000000000000000000001111100100000000000000000000100000000000000000000000000011000000011111011100010000001100000000000000000011001111001000000000000000011100011100000000000000000000000111100000000000000000000111000000000000000000000000000000000000000000000000000000000000000000000000000000000001111101111
110000000000000000000000000000000000000000000001111001100000000000000000000000000000000000000000000000011000000011110011100010000001111110000000000111000000111010000000000000000011010011100000000000000000000000111100000000000000000000000100000000000000000000000000000000000000000000000000000000000000000000000000000000001111101111
110000000000001110101100000000000000000000000001111100100000000000000000000100000000000000000000000000000000000011110011110000000001100000000000000000011100111000000001000000000011010011100000000000000000000000111100000000000000000000111000000000000000000000000000000000000000000000000000000000000000000000000000000000001111111111
110000000000000000000000000000000000000000000001111100101000000000000000000100000000000000000000000000011000000011110011100010000001100000000000000000011010111000010000000000000011001011100000000000000000000000111100000000000000000000111000000000000000000000000000000000000000000000000000000000000000000000000000000000001111101111
111111111111111111111111111111111111111111111011111111111111111111111111111111111111111111111111111111111111111111111111111111110111111111111111111111111111111111111111111111111111111111111111111111111111111111111111111111111111111111111111111111111111111111111111111111111111111111111111111111111111111111111111111111111111111111
110000000000000000000000000000000000000000000001111100100000000000000000000100000000000000000000000000011000000011110011100010000001111101111000000110100000111000000001000000000011000111100000000000000000000000111100000000000000000000111000000000000000000000000000000000000000000000000000000000000000000000000000000000001111101111
111111111111111111111111111111111111111111111111111111111111111111111111111111111111111111111111111111111111111111111111111111111111111111111111111111111111111111111111111111111111001111111111111111111111111111111111111111111111111111111111111111111111111111111111111111111111111111111111111111111111111111111111111111111111111111
111110000000001111101110111111000000000000011001111001111100000000000000000011011101111101101110010000011111100111110111111101100111111101111000000111011101111111111010111110000111010111101110011101101101111001111111111111101111110010111100111011111000111111111100001111011010100111011000000011101110111101111111111110101111111111
111111111111111111111111111111111111011111111111111111111111111111111111111111111111111111111111111111111111111111111111111111111111111111111111111111111111111111111111111111111111111111111111111111111111111111111111111111111111111111111111111111111111111111111111111111111111111111111111111111111111111111111111111111111111101111
111101111011101111001100111111111010001101110001111001101011011110000101011100100000111101101111011100011011110111111011100011111011111101111111111110111111111100101010100000000011100011101100011110001101000000111111110000000001101011000101000000000000000000000000000000000000000000000000000000000000111110000011110000001111101111
110000000000000000000000000000000000000000000001111001100000000000000000000000000000000000000000000000011000000011110011100010000001100000000000000000011010111100000010000000000011001011100000000000000000000000111100000000000000000000000100000000000000000000000000000000000000000000000000000000000000000000000000000000001111101111
111111111011111110111100110000000000000000001011111001101011111110110001011010111101011111110000000000000000000011111111111100000001111101111100000110100000111111001110011011000111101111111100111100111101111110111111111111110001111110000101111011110110111111011111100000000000000000000000000011010000111111111100001101111111101111
111101110111011111111111101111011111010000001001111001100111111111010000000000011000011110000000000000011010000011110111100011100011100000000000000000011101111111110110100000000011111011111100011101001101111010111111111110000000000000111110111001011111111110111011101111011010111110111111001111001001111000000000000000001111101111
110000000000000000000000000000000000000000000001111001100000000000000000000000000000000000000000000010011000000011110011100010000001100000000000000000011010111000010000000000000011001011100000000000000000000000111100000000000000000000000100000000000000000000000000000000000000000000000000000000000000000000000000000000001111101111
~~~
0.0 2.0 179.0 613.0 3308.0
0.0 282.0 26.0 96.0 490.0
0.0 282.0 26.0 100.0 476.0
0.0 281.0 26.0 103.0 486.0
0.0 2.0 178.0 619.0 3306.0
0.0 162.0 93.0 322.0 1715.0
0.0 2.0 178.0 622.0 3302.0
0.0 271.0 30.0 128.0 589.0
0.0 111.0 118.0 416.0 2172.0
0.0 2.0 179.0 618.0 3305.0
0.0 2.0 178.0 625.0 3307.0
0.0 2.0 179.0 616.0 3304.0
0.0 278.0 26.0 108.0 510.0
0.0 282.0 27.0 96.0 474.0
0.0 2.0 178.0 624.0 3297.0
0.0 2.0 177.0 626.0 3301.0
0.0 283.0 25.0 101.0 460.0
0.0 2.0 178.0 623.0 3302.0
0.0 282.0 25.0 104.0 477.0
0.0 2.0 179.0 622.0 3307.0
0.0 275.0 32.0 103.0 537.0
0.0 137.0 100.0 375.0 1913.0
0.0 153.0 100.0 350.0 1817.0
0.0 178.0 82.0 284.0 1535.0
0.0 143.0 104.0 324.0 1897.0
0.0 2.0 179.0 616.0 3299.0
0.0 279.0 28.0 108.0 507.0
0.0 2.0 178.0 626.0 3304.0
0.0 2.0 178.0 622.0 3299.0
0.0 149.0 92.0 363.0 1804.0
0.0 279.0 28.0 107.0 520.0
0.0 2.0 178.0 622.0 3306.0
0.0 2.0 179.0 618.0 3307.0
0.0 152.0 92.0 354.0 1736.0
0.0 282.0 27.0 96.0 475.0
0.0 2.0 179.0 624.0 3304.0
0.0 161.0 95.0 317.0 1715.0
0.0 156.0 99.0 327.0 1747.0
0.0 279.0 28.0 107.0 511.0
0.0 2.0 179.0 616.0 3303.0
0.0 2.0 179.0 614.0 3304.0
0.0 2.0 177.0 626.0 3298.0
0.0 2.0 178.0 620.0 3306.0
0.0 2.0 178.0 626.0 3299.0
0.0 101.0 127.0 415.0 2328.0
0.0 2.0 178.0 621.0 3303.0
0.0 2.0 179.0 613.0 3298.0
0.0 2.0 178.0 619.0 3298.0
0.0 131.0 117.0 341.0 1994.0
0.0 113.0 119.0 399.0 2166.0
0.0 276.0 28.0 122.0 528.0
0.0 173.0 88.0 281.0 1588.0
0.0 2.0 178.0 621.0 3301.0
0.0 280.0 26.0 112.0 494.0
0.0 275.0 27.0 117.0 538.0
0.0 276.0 27.0 116.0 525.0
0.0 2.0 177.0 626.0 3296.0
0.0 175.0 86.0 292.0 1578.0
0.0 275.0 32.0 106.0 535.0
0.0 161.0 96.0 316.0 1705.0
0.0 2.0 178.0 625.0 3299.0
0.0 278.0 26.0 106.0 509.0
0.0 275.0 28.0 114.0 533.0
0.0 279.0 26.0 116.0 494.0
0.0 2.0 178.0 620.0 3303.0
0.0 158.0 90.0 327.0 1718.0
0.0 159.0 96.0 331.0 1767.0
0.0 281.0 27.0 101.0 476.0
0.0 134.0 107.0 363.0 1988.0
0.0 282.0 24.0 109.0 480.0
0.0 111.0 120.0 427.0 2176.0
0.0 2.0 177.0 626.0 3307.0
0.0 124.0 109.0 424.0 2070.0
0.0 134.0 112.0 350.0 2002.0
0.0 2.0 179.0 617.0 3299.0
0.0 2.0 179.0 623.0 3302.0
0.0 2.0 178.0 624.0 3306.0
0.0 2.0 179.0 618.0 3295.0
0.0 126.0 112.0 376.0 2021.0
0.0 141.0 103.0 338.0 1956.0
0.0 278.0 26.0 104.0 520.0
0.0 2.0 178.0 619.0 3299.0
0.0 188.0 74.0 265.0 1445.0
0.0 2.0 177.0 626.0 3304.0
0.0 278.0 28.0 109.0 510.0
0.0 126.0 110.0 358.0 2109.0
0.0 2.0 178.0 625.0 3308.0
0.0 120.0 112.0 427.0 2175.0
0.0 2.0 178.0 619.0 3302.0
0.0 2.0 178.0 621.0 3305.0
0.0 2.0 177.0 626.0 3302.0
0.0 167.0 92.0 314.0 1609.0
0.0 119.0 114.0 413.0 2117.0
0.0 169.0 98.0 241.0 1628.0
0.0 278.0 26.0 107.0 508.0
0.0 279.0 26.0 104.0 510.0
0.0 138.0 99.0 403.0 1926.0
0.0 2.0 178.0 621.0 3299.0
0.0 164.0 96.0 279.0 1639.0
0.0 272.0 30.0 126.0 576.0
0.0 2.0 178.0 621.0 3305.0
0.0 282.0 24.0 100.0 488.0
0.0 271.0 32.0 109.0 573.0
0.0 2.0 177.0 626.0 3307.0
0.0 278.0 26.0 107.0 506.0
0.0 276.0 27.0 119.0 532.0
0.0 2.0 178.0 625.0 3302.0
0.0 144.0 101.0 329.0 1859.0
0.0 137.0 109.0 350.0 1953.0
0.0 2.0 179.0 621.0 3295.0
0.0 138.0 107.0 329.0 1913.0
0.0 282.0 26.0 98.0 482.0
0.0 115.0 122.0 353.0 2155.0
0.0 153.0 100.0 316.0 1774.0
0.0 2.0 177.0 626.0 3308.0
0.0 278.0 27.0 104.0 511.0
0.0 150.0 98.0 331.0 1824.0
0.0 2.0 177.0 626.0 3298.0
0.0 279.0 27.0 113.0 495.0
0.0 2.0 179.0 614.0 3303.0
0.0 104.0 127.0 424.0 2318.0
0.0 2.0 178.0 625.0 3311.0
0.0 118.0 120.0 392.0 2096.0
0.0 275.0 28.0 122.0 542.0
0.0 2.0 178.0 624.0 3305.0
0.0 272.0 29.0 125.0 573.0
0.0 275.0 26.0 120.0 533.0
0.0 2.0 177.0 626.0 3312.0
0.0 271.0 33.0 118.0 569.0
0.0 2.0 178.0 620.0 3311.0
0.0 108.0 120.0 399.0 2226.0
0.0 2.0 178.0 626.0 3305.0
0.0 147.0 103.0 333.0 1868.0
0.0 280.0 27.0 106.0 499.0
0.0 2.0 178.0 621.0 3311.0
0.0 139.0 104.0 366.0 1956.0
0.0 279.0 26.0 113.0 506.0
0.0 274.0 29.0 114.0 543.0
0.0 282.0 27.0 96.0 478.0
0.0 2.0 178.0 617.0 3311.0
0.0 2.0 178.0 626.0 3304.0
0.0 145.0 102.0 376.0 1917.0
0.0 279.0 28.0 107.0 514.0
0.0 279.0 26.0 104.0 505.0
0.0 275.0 28.0 122.0 543.0
0.0 279.0 27.0 109.0 514.0
0.0 2.0 177.0 626.0 3294.0
0.0 273.0 29.0 127.0 562.0
0.0 2.0 177.0 626.0 3299.0
0.0 120.0 117.0 363.0 2107.0
0.0 2.0 178.0 626.0 3300.0
0.0 166.0 89.0 341.0 1631.0
0.0 282.0 25.0 102.0 470.0
0.0 140.0 107.0 358.0 1920.0
0.0 149.0 99.0 343.0 1832.0
0.0 282.0 26.0 98.0 488.0
~~~
14.4205880165
