111111111011011110101111001111111110001111111101111010100011011000000001100111011111011101111111110111011001110111110011111111001011100000000000000000011001111000000110111101110011000111101111011111100000000000111111111111100101100010000101111111001011111110111011000000000000000000000111000011100000111101110011111111011111111111
111111111111011111111111111111111111111111111111111111111111111111111111111111111111111111111111111111111011111111111111111111111111111111111111111111111111111111111111111111111111111111111111111111111111111111111111111111111111111111111111111111111111111111111111111111111111111111111111111111111111111111111111111111111111111111
111111111111111111111111111111111111111111111111111111111111111111111111111111111111111111111111111111111111111111111111111111111111111111111111111111111111111111111111111111111111111111111111111111111111111111111111111111111011111111111111111111111111111111111111111111111111111111111111111111111111111111111111111111101111111111
111110000000001111101111110000011011011110111001111010110011011111110110000110111101000001110000000010111111110011111011110001101111111101111111011111011010111000101000011111000011010111101111111101111101000000111111111110000001100101000000111000101000111111011011111111111001110110111000000011111011111001111100000000001111111111
110000000000000000000000000000000000000000000001111001100000000000000000000000000000000000000000000000011010000011110011100010000001100000000000000000011001111000000100000000000011000111100000000000000000000000111100000000000000000000000100000000000000000000000000000000000000000000000000000000000000000000000000000000001111101111
110000000000001110101111111111100000000000000111111001111111011111111001011110000000000000000000000011011100000011110011110001101111111110000000000110111111111110110111011000011111111111101100111110010000111101111111111111110111101110111110111010101011111110111100110000000000000000000110110011101010000001110011111111001111111111
111111111111111111111111111111111111111111111111111111111111111111111111111111111111111111111111111111111011111111111111111111111111111111111111111111111111111111111111111111111111111111111111111111111111111110111111111111111111111111111111111111111111111111111111111111111111111111111111111111111111111111111111111111111111111111
111111111111111111111110111111111111111111111111111111111111111111111111111111111111011111111111111111111111111111111111111111111111111111111111111111111111111111111111111111111111111111111111111111111111111111111111111111111111111111111111111111111111111111111111111111111111111111111111111111111111111111111111111111111111111111
110000000000001111101110001111111010101101000101111011101111011000000001110111111110011111111110010010111001111011111011100011011111111110000000000110100000111010011101000000000011100111101111011110011101000000111111111111110000000000000110111100011010111111111111100000000000000000000000000011010001111111111111111111101111111111
110000000000000000000000000000000000000000000001111001100000000000000000000000000000000000000000000000011000000011110011100010000001100000000000000000011001111000000010000000000011000111100000000000000000000000111100000000000000000000000100000000000000000000000000000000000000000000000000000000000000000000000000001101001111101111
111101111011011110111111101111011100111111101111111011110111011000000001000110111110100000000000000011011010000011110111111111100111111110000000000110111011111000010101111111111111010111101100011111100000111010111111111111111111111101111111111111101001111111011011101111111100110111011111000011011011000001110000001111011111111111
111111111111111111111111111111111111111111111111111111111111111111111111111111111111111111111111111111111111111111111111111111111111111111111111111111111111111111111111111111110111111111111111111111011111111111111111111111111111111111111111111111111111111111111111111111111111111111111111111111111111111111111111111111111111111111
110000000000000000000000000000000000000000000001111001100000000000000000011000000000000000000000000000011000000011110011100010000001100000000000000000011100111000100000000000000011010011100000000000000000000000111100000000000000000000000100000000000000000000000000000000000000000000000000000000000000000000000000000000001111101111
111111111111111111111111111111111111111111111111111111111111111111111111111111111111111111111111111111111111111111111111111111111111111111111111111111111111111111111111111111111111111111111111111111111111111111111111111111111111111111111111111111111111111111111111111111111111111111101111111111111111111101111111111111111111111111
111101111011111111001100001111100000011100110101111100111011111111010100111100011111000001101110110110111011110111111011100011000111100000000000000000011001111101010100011100011111011011111111000000001101000000111111111110000001111110111000111100110010111110111111011111011101101111101111001111111100000001110011111101001111111111
110000000000001110101100000000000000000000000001111001100000000000000000000000000000000000000000000000000000000011110011110000000001100000000000000000011010111000001000000000000011001011100000000000000000000000111100000000000000000000000100000000000000000000000000000000000000000000000000000000000000000000000000000000001111101111
111101110111011111101110001111111001100000001111111100100111011111011101000110011101111011111110011000011101100111111111111000000001111101111100000111011011111101000000011110100111101111101100111101001110111101111100000000000000000000111110111010110110110000000000001111011100111111111111001111111111000001111111110000001111111111
111111111111101111111111111111111111111111111111111111111111111111111111111111111111111111111111111111111111111111111111111111111111111111111111111111111111111111111111111111111111111111111111111111111111111111111111111111111111111111111111111111111111111111111111111111111111111111011111111111111111111111111111111111111111111111
111111111111111111111111111111111111111111111111111111111111111111111111011111111111111111111111111111111111111111111111111111111111111111111111111111111111111111111111111111111111111111111111111111111111111101111111111111111111111111111111111111111111111111111111111111111111111111111111111111111111111111111111111111111111111111
111111111111111111111111111111111111111111111111111111111111111111110111111111111111111111111111111111111111111111111111111111111111111111111111111111111111111111111111111111101111111111111111111111111111111111111111111111111111111111111111111111111111111111111111111111111111111111111111111111111111111111111111111111111111111111
111111111111111111111111111111111111111111111111111111111111111111111111111111111111111111111111111111111111111111111111111111111111111111111111111111111111111111111111111111101111111111111111111111111111111111111111111111111111110111111111111111111111111111111111111111111111111111111111111111111111111111111111111111111111111111
110000000000000000000000000000000000000000000001111001100000000000000000000000000000000000000000000000011000000011111011100010000001111110000000000110100000111001000000000000000011000111100000000000000000000000111100000000000000000000000100000000000000000000000000000000000000000000000000000000000000000000000000000000001111101111
110000000000000000000000000000000000000000000001111001100000000000000000000000000000100000000000000000011000000011110011100010000001100000000000000000011001111001000000000000000011001011100000000000000000000000111100000000000000000000000100000000000000000000000000000000000000000000000000000000000000000000000000000000001111101111
111110000000000000000000000000000000000000000001111100110011011110100001100110011101011110000000000011111000000011111111100010000001100000000000000000011110111001110010111101100111001011111100000000001101111101111111111111111111101100111000111011100110111110111100101111111001110111101110110011110000000001111100000000001111111111
111111111011011111001111100000011010001111100001111010110011111000000001110111011110011011101111101111011111100111110111100011000011111110000000000110111100111101100010100000000011011111111111011100111101111010111111111110000000000000000000111110110111111110111011010000000000000000000110110011111101111101111111111101011111101111
111111111111111111111111111111111111111111111111111111111111111111111111111111111111111111111111111111111111111111110111111111111111111111111111111111111111111111111111111111111111111111111111111111111111111111111111111111111111111110111111111111111111111111111111111111111111111111111111111111111111111111111111111111111111111111
110000000000001110101111000000011010011101110001111101101011111000000001000111011100011011101000000010111111101111111111110001010111111111111011100110111111111100101001011001101111001111111111100000001110111101111111111111101011111110111100111101010011111111011011000000000000000000000000000011111110000111111111110000001111101111
111110000000001110101111110000011101001100110101111100100100000000000000011101111000000001101110100011111101110011110111100011101111111111111111011111000000111001010011111000010111110111101111011101100000000000111111111111101001111100111000111001010011110000000000001111011001110110101110111111011000000110000000001101001111101111
110000000000001110101111000000011100101100101011111001101100000000000000011011111100011110000000000011111010000011111111111000000001111101111111010110100000111101100101111010101111011111101100000000001111111010111111111111110011100101000110111100001111111111011111001111011111101111011110001111001010111101110000000000001111101111
110000000000001110101100000000000000000000000001111100100000000000000000000100000000000000000000000000000000000011110011100010000001111110000000000110100000111000000010000000000011100011100000000000000000000000111100000000000000000000111000000000000000000000000000000000000000000000000000000000000000000000000000000000001111101111
110000000000000000000000000000000000000000000001111010100000000000000000000110000000000000000000000000011000000011110011100010000001100000000000000000011001111100000000000000000011001011100000000000000000000000111111110000000001101000000000000000000000000000000000000000000000000000000000000000000000000000000000000000001111101111
111111111111111111111111111111111111111111111111111111111111111111111111111111111111111111111111111111111111111111111111111111111111111111111111111111111111111111111111111111111111111111111111011111111111111111111111111111111111111111111111111111111111111111111111111111111111111111111111111111111111111111111111111111111111111111
111111111111111111111111111111111111111111111111111111111111111111111111111111111111111111111111111111111111111111110111111111111111111111111111111111111111111111111111111111111111111111111111111111111111111111111111111111111111111111111111111111111111111111111111111111111111111111111110111111111111111111111111111111111111111111
110000000000000000000000000000000000000000000001111100101000000000000000000100000000000000000000000000011000000011110011100010000001100000000000000000011001111000010000000000000011000111100000000000000000000000111100000000000000000000111000000000000000000000000000000000000000000000000000000000000000000000000000000000001111101111
111111111011101111001100101111111111111110000011111001110100000000000000000100111101011101101000000011100000000011110111100010000001111111111111010111100000111101100101111000011011111011110000000000000000111111111100000000000000000000000111111100100011110000000000000000000000000000000110110011011111000000000011110000001111111111
111111111111111111111111111111111111111111111111111111111111111111111111111111111111111111111111111111111111111111111111111111111111111111111111111111111110111111111111111111111111111111111111111111111111111111111111111111101111111111111111111111111111111111111111111111111111111111111111111111111111111111111111111111111111111111
111111111111111111111111111111111111111111111111111111111111111111111111111111111111111111111111110111111111111111111111111111111111111111111111111111111111111111111111111111111011111111111111111111111111111111111111111111111111111111111111111111111111111111111111111111111111111111111111111111111111111111111111111111111111111111
111111111111111111111111111111111111111111111111111111111111111111111111111111111111111111111111111111111111101111111111111111111111111111111111111111111111111111111111111111111111111111111111111111111111111111111111111111111101111111111111111111111111111111111111111111111111111111111111111111111111111111111111111111111111111111
111111111011111110011110101111111000111101001101111011111011100000000000000111111100000001101111110111011001110011111111100011001111111111111111011110111111111000111011011111110111010011111111111110001110111100111111111111110000000000111110111101001100111111011011000000000000000000000000000011101110000101111111111111001111101111
111111111111111111111111111111111111111111111111111111111111111111111111111111111111111111111111111111111111111111111111111111111111111111111111111111111111111111111111111111111111111111111111111111111111111111111111111111111111111111111111111101111111111111111111111111111111111111111110111111111111111111111111111111111111111111
110000000000000000000000000000000000000000000001111001100000000000000000000010000000000000000000000000011000000011110011100010000001100000000000000000011010111000000100000000000011000111100000000000000000000000111100000000000000000000000100000000000000000000000000000000000000000000000000000000000000000000000000000000001111101111
110000000000000000000000000000000000000000000001111010100000000000000000000110000000100000000000000000011000000011110011100010000001100000000000000000011010111100000000000000000011010011100000000000000000000000111111111110000000000000000000000000000000000000000000000000000000000000000000000000000000000000000000000000001111101111
110000000000000000000000000000000000000000000001111100100000000000000000000100000000000000000000000000011000000011110011100010000001111110000000000111000000111000000001000000000011001011100000000000000000000000111100000000000000000000111000000000000000000000000000000000000000000000000000000000000000000000000000000000001111101111
110000000000000000000000000000000000000000000001111001101000000000000000000000000000000000000000000000011000000011110011100010000001100000000000000000011100111000010000000000000011100011100000000000000000000000111100000000000000000000000100000000000000000000000000000000000000000000000000000000000000000000000000000000001111101111
111111111111111111111111111111111111111111111111111111111111111111111111111111111111111111111111111111111011111111111111111111111111111111111111111111111111111111111111111111011111111111111111111111111111111111111111111111111111111111111111111111111111111111111111111111111111111111111111111111111111111111111111111111111111111111
110000000000000000000000000000000000000000000001111001100000000000000000000000000000000000000000000000011000000011110011100010000001100000000000000000011001111000010001000000000011010011100000000000000000000000111100000000000000000000000100000000000000000000000000000000000000000000000000000000000000000000000000000000001111101111
110000000000000000000000000000000000000000000001111100100000000000000000000100000000000000000000000000011010000011110011100010000001111110000000000111000000111100000000000000000011010011100000000000000000000000111100000000000000000000111000000000000000000000000000000000000000000000000000000000000000000000000000000000001111101111
111111111111111111111110111111111111111111111111111111111111111111111111111111111111111111111111111111111111111111111111111111111111111111111111111111111111111110111111111111111111111111111111111111111111111111111111111111111111111111111111111111111111111111111111111111111111111111111111111111111111111111111111111111111111111111
111111111111111111111111111111111111111111111111111111111111111111111111111111111111111111111111111111111111111111111111111111111111111111111111111111111111111111111011111111111111111111111111011111111111111111111111111111111111111111111111111111111111111111111111111111111111111111111111111111111111111111111111111111111111111111
110000000000001110101110001111000000001111001011111011101011100000000000011111111111111011111110011100011011110111110011111001010011100000000000000000011111111010111001000000000011111011101111111101001110111100111111111111100110000000000111111000100011111110111100111111011001111111001110111111111010000111111111110000001111111111
110000000000000000000000000000000000000000000001111001100000000000000000000000000000000000000000000000011000000011110011100010000001100000000000000000011001111000000100000000000011010011100000000000000000000000111100000000000000000000000100000000000000000000000000000000000000000000000000000000000000000000000000000000001111111111
110000000000000000000000000000000000000000000001111010111011111110010001100110011111100001101111101010111000000011111011100011011111111101111011001111011101111001111100111101101111101111111100111101111110111110111111111110000000000000111100000000000000000000000000000000000000000000000000000000000000111001110011110000001111101111
111111111111111111111111111111111111111111111111111111111111111111111111111111111111111111111111111111111111111111111111111111111111111111111111111111111111111111111111111111111111111111111111011111111111111111111111111111111111111111111111111011111111111111111111111111111111111111111111111111111111111111111111111111111111111111
111111111011011111101111111111111110111110110101111010101111011111001111010111100000111011101111100000011101110111110011100011101011111101111100000111100000111101111101111011110111010111101100100000000000000000111111111111111001110011111000111100010000110000000000001111011101111111001000000011111110111111111111110000001111111111
111101110111110000000000000000000000000000000001111011110111111111011000010111100000011010000000000011111010000011110011100011111011111111111011110110111100111000011111000000000011111011111111100000001111111010111111111111111011100100000111111000010110110000000000001111111101111111101000000011110000000110000011111100011111111111
111111111111111111111111111111111111111111111111111101111111111111111111111111111111111111111111111111111111111111111111111111111111111111111111111111111111111111111111111111111111111111111111111111111111111011111111111111111111111111111111111111111111111111111111111111111111111111111111111111111111111111111111111111111111111111
111111111111111111111111111111111111111111111111111101111111111111111111111111111111111111111111111111111111111111111111111111111111111111111111111111111111111111111111111111111111111111111111111111111111111111111111111111111111111111111111111111111111111111111111111111111111111111111111111111111111111111111111111101111111111111
111101111011011111111111110000011100001100101001111100110111111111111110110100011101011101111111110011000000000011110111111111101111111111111011011111000000111101101011011011111111011111111111100000000000000000111111110000000001111000111000111111010010111111011011100000000000000000000110110011011101111101110000001111101111101111
111101111011011111101110111111011111110000011001111010111111011110000100111111111110011101111111111111111111101111111111111101010011111110000000000111011001111010101000000000000011001111101110111100100000111111111111110000000001110011000111111010110101111111011100010000000000000000000111110011001100111111111100001101001111101111
111111111111111111111111111111111111111111111111111111111111111111111111111111111111111111111111111111111111111111111111111111101111111111111111111111111111111111111111111101111111111111111111111111111111111111111111111111111111111111111111111111111111111111111111111111111111111111111111111111111111111111111111111111111111111111
110000000000000000000000000000000000000000000001111001100100000000000000000000000000000000000000000000011000000011110011100010000001111110000000000111000000111000000001000000000011000111100000000000000000000000111100000000000000000000000100000000000000000000000000000000000000000000000000000000000000000000000000000000001111101111
110000000000001110101100000000000000000000000001111010100000000000000000000110000000000000000000000000000000000011110011110000000001100000000000000000011001111000001000000000000011001011100000000000000000000000111111111110000000000000000000000000000000000000000000000000000000000000000000000000000000000000000000000000001111101111
111111111111111111111111111111111111111111111111111111111111111111111111111111111111111111111111111111111111111111111111111111111111111111111111111111111111111111111101011111111111111111111111111111111111111111111111111111111111111111111111111111111111111111111111111111111111111111111111111111111111111111111111111111111111111111
110000000000000000000000000000000000000000000001111001100000000000000000000000000000000000000000000000011000000011110011100010000001100000000000000000011010111000000010000000000011100011100000000000000000000000111100000000000000000000000110000000000000000000000000000000000000000000000000000000000000000000000000000000001111101111
110000000000001110011110101111111100000000011001111100111011100000000000010110111100011011110000000000011100000011110111100010000001111111111000000110100000111011010111011111010111001111101110000000001111111111111111111111101111100110111000111011111000110000000000000000000000000000000111000011110000111001111111111100101111111111
111110000000001110111100001111111111001110111111111101111100000000000000000100111100000001101110110011011011110111110111111101101111100000000000000000011110111000101100011010000011001111111110011100111101111011111111111111110111101010111101111010100101111110111011001111011011110111011111110011101101111001111111110000001111111111
111101110111101110111111111111011110110000000001111110100111100000000000000111111110111011111110111011111111100111110111110001010011111101111111110110100000111011011111011001001111100011111111100000000000111100111111111111111111100101111101111000010011111111011011111111111011111111111110111111101111000100000000000000001111101111
110000000000000000000000000000000000000000000001111001100000000000000000000000000000000000000000000000011000000011111011100010000001111110000000000111000000111000001000000000000011001011100000000000000000000000111100000000000000000000000100000000000000000000000000000000000000000000000000000000000000000000000000000000001111101111
111110000000001111111100000000000000011110001111111101111111111111100111110110100000100001101111001011011011110011110111111101110011111101111111110111011110111000100111100000000011111011101110111100111110111101111111111111100100000000111101111110101100111111011100001111111100111111101111110011110000111001110011111111101111111111
110000000000001110101100000000000000000000000001111001100000000000000000000000000000000000000000000000000000000011110011100010000001100000000000000000011010111000000001000000000011010011100000000000000000000000111100000000000000000000000100000000000000000000000000000000000000000000000000000000000000000000000000000000001111101111
111111111011111110111110101111111010101110110111111011110011111111101010111110011000000001101111101100011011111111111011110001110111100000000000000000011110111100111101011101010111110011101100111111000000111100111111110000000001111100111100111000100111110000000000001111111010111111001110110011100000111100000000001110011111101111
111111111111111111111111111111111111111111111111111011111111111111111111111111111111111111111111111111111111111111111111111111111111111111111011111111111111111111111111111111111111111111111111111111111111111111111111111111111111111111111111111111111111111111111111111111111111111111111111111111111111111111111111111111111111111111
111111110111101110111100110000011011100000011111111111111111111111011011111110011111000001111110100000011110000011110111111111110011111110000000000111100000111000100110111010011011011111111100111111011111111011111111110000000001101111111111111011111111111111111100111111011111110110101000000011001101000001110011110000001111101111
111111111111101111001111110000011010101101100001111100101000000000000000000100011101100001101111111111111111110111111011100011100111111110000000000111000000111010101001011111101011001111101100100000001101111110111111110000000001100010111110111011100101111111011111001111011011110111011110110011001010111001111100001101111111101111
111111111111111111111111111111111111111111111111111111111111111110111111111111111111111111111111111111111111111111111111111111111111111111111111111111111111111111111111111111111111111111111111111111111111111111111111111111111111111111111111111111111111111111111111111111111111110111111111111111111111111111111111111111111111111111
110000000000000000000000000000000000000000000001111001100000000000000000000000000000000000000000000000011000000011110011100010000001111110000000000110100000111000100000011100000011000111100000000000000000000000111100000000000000000000000100000000000000000000000000000000000000000000000000000000000000000000000000000000001111101111
110000000000000000000000000000000000000000000001111100100000000000000000000100000000000000000000000000011000000011110011100010000001111110000000000111000000111000000010000000000011001011100000000000000000000000111100000000000000000000111000000000000000000000000000000000000000000000000000000000000000000000000000000000001111101111
111101111111111111011111111111100000011111110111111001110011111110001000100100011101011101111111110100011101100111110111100011011111100000000000000000011110111000000101011111001111101011111111000000000000111110111111111111111001101111000100111110001110110000000000001111111001101111001110110011001011111001111111111101111111111111
110000000000000000000000000000000000000000000001111001100000000000000000000000000000000000000000000000011000000011110011100010000001100000000000000000011100111010000000000000000011001011100000000000000000000000111100000000000000000000000100000000000000000000000000000000000000000000000000000000000000000000000000000000001111101111
110000000000000000000000000000000000000000000001111100100000000000000000000100000000000000000000000000011000000011110011100010000001100000000000000000011100111000110000000000000011010011100000000000000000000000111100000000000000000000111000000000000000000000000000000000000000000000000000000000000000000000000000000000001111101111
110000000000001111001100000000000000000000000001111001100000000000000000000000000000000000000000000000000000000011110011100010000001100000000000000000011010111100000000000000000011100011100000000000000000000000111100000000000000000000000100000000000000000000000000000000000000000000000000000000000000000000000000000000001111101111
110000000000000000000000000000000000000000000001111100100000000000000000000100000000000000000000000000011000000011110011100010000001100000000000000000011100111000000100000000000011000111100000000000000000000000111100000000000000000000111000000000000000000000000000000000000000000000000000000000000000000000000000000000001111101111
111111111111111111111111111111111111111111111111111111111111111111101111011111111111111111111111111111111111111111111111111111111111111111111111111111111111111111111111111111111111111111111111111111111111111111111111111111111111111111111111111111111111111111111111111111111111111111111111111111111111111111111111111111111111111111
111111111111111111111111111111111111111111111111111111110111111111111111111111111111111111111111111111111111111111111111111111111111111111111111111111111111111111111111111111111111111011111111111111111111111111111111111111111111111111111111111111111111111111111111111111111111111111111111111111111111111111111111111111111111111111
111101111011011111101100000000011101111110111011111001110100000000000000010010000000111111101111110111011111111111110011100010000001111111111011111110111110111001011110111111101011001011111111000000001110111111111100000000000000000000000100111110000110111111111111010000000000000000000000000011011100000111111100000000001111101111
111111111111111111111111001111111100110000001111111010111100000000000000000110111111011101101110111110000000000011110011111100000001111111111011111110111101111111011001111100000011001011110000000000000000111011111111111111111111101101000000111011000110111111111100001111011010101110101110111111001001111001111100001111111111101111
110000000000000000000000000000000000000000000001111001100000000000000000000000100000000000000000000000011000000011110011100010000001100000000000000000011100111000001000000000000011001011100000000000000000000000111100000000000000000000000100000000000000000000000000000000000000000000000000000000000000000000000000000000001111101111
111110000000001110111100111111011011000000011101111100110111111111000010010111011101111011110000000010100000000011110011111100000001111101111111100111011111111111111000111000011111001111101111011110011111111110111100000000000000000000111101111000100111110000000000001111111011110110111000000011010000111111110000001101001111111111
111110000000001110111110101111111110111110001001111001100111011000000001100010011000011111111110101000000000000011110011110010000001100000000000000000011100111010000111011111001011000111110000000000000000111100111100000000000000000000000100000000000000000000000000000000000000000000000000000000000000111110000011111110101111111111
110000000000000000000000000000000000000000000001111001100000000000000000000000000000000000000000000010011000000011110011100010000001100000000000000000011001111000000001000000000011010011100000000000000000000000111100000000000000000000000100000000000000000000000000000000000000000000000000000000000000000000000000000000001111101111
111111111111111111111111111111111111111111111111111111111111111111111111111111111111111111111111111111111111101111111111111111111111111111111111111111111111111101111111111111111111111111111111111111111111111111111111111111111111111111111111111111111111111111111111111111111111111111111111111111111111111111111111111111111111111111
111111111111111111111111111111111111111111111111111111111111111111111111111111111111111111111111111111111111111111111111111111111111111111111111111111111111111111111111111111111111111111111111111111111111111111111111111111111111111111111111111111111111111111111111111111111110111111111111111111111110111111111111111111111111111111
111101111011101111001111001111000000000000000101111001101011011110100000111000000000111101101111011111111101110111110111100010000001111101111011010110111010111110011111111010010011011011111100011101010000000000111111111111111111110010000111111000001011111111111100101111011110101111101110111111001111111001110011110000001111101111
110000000000000000000000000000000000000000000001111100110000000000000000000100000000000000000000000000011000000011110011100010000001100000000000000000011100111010000000000000000011000111100000000000000000000000111100000000000000000000111000000000000000000000000000000000000000000000000000000000000000000000000000000000001111101111
110000000000001110011100000000000000000000000001111100100000000000000000000100000000000000000000000000000000000011110011100010000001100000000000000000011001111000000001000000000011001011100000000000000000000000111100000000000000000000111000000000000000000000000000000000000000000000000000000000000000000000000000000000001111101111
111111111111111111111111111111111111111111111111111111111111111111111111111111111111111111111111111111111111111111111111111111111111111111111111111111111111111111111111111111111111111111111111111111111111111111111111111111111111110111111111111111111111111111011111111111111111111111111111111111111111111111111111111111111111111111
110000000000001110101100000000000000000000000001111001100000000000000000000000000000000000000000000000000000000011110011110000000001100000000000000000011100111100000000000000000011100011100000000000000000000000111100000000000000000000000100000000000000000000000000000000000000000000000000000000000000000000000000000000001111101111
110000000000000000000000000000000000000000000001111001100000000000000000000000000000000000000000000000011000000011110011100010000001100000000000000000011100111000100000100000000011000111100000000000000000000000111100000000000000000000000100000000000000000000000000000000000000000000000000000000000000000000000000000000001111101111
111111111111111111111111111111111110111111111011111111111111111111111111111111111111111111111111111111111111111111111111111111111111111111111111111111111111111111111111111111111111111111111111111111111111111111111111111111111111111111111111111111111111111111111111111111111111111111111111111111111111111111111111111111111111111111
111110000000001110111100111111011110110000011101111001110111111111111000011001111101011111111111001011011011101011111011111010000001111110000000000110111111111111101101111011101111011111111100111100100000111110111100000000000000000000000100111001000100111111011111101111111010101111011111111111110000111100000000001100101111111111
111111111011010000000000000000000000000000000001111001100011111110110111000001100000011010000000000000011010000011110111100010000001111101111111100110100000111110111100111001100011100111101111011110011110111110111111111111111001100111000111111011101011110000000000000000000000000000000111000011011101111100000011111101101111101111
110000000000001110101100000000000000000000000001111010100000000000000000000110000000000000000000000000000000000011110011110000000001100000000000000000011100111001000000000000000011001011100000000000000000000000111111111110000000000000000000000000000000000000000000000000000000000000000000000000000000000000000000000000001111101111
110000000000001110101100000000000000000000000001111100100000000000000000000100000000000000000000000000000000000011110011110000000001100000000000000000011100111000000100000000000011100011100000000000000000000000111100000000000000000000111000000000000000000000000000000000000000000000000000000000000000000000000000000000001111101111
111111111111111111111111111111111111111111111111111111111111111111111111111111111111111111111111111111111111111111111111111111111111111101111111111111111111111111111111111111111111111111111111111111111111111111111111111111111111111111111111111111111111111111111111111111111111111111111111111111111111111111111111111101111111111111
110000000000000000000000000000000000000000000001111001101000000000000000000100000000000000000000000000011000000011110011100010000001100000000000000000011100111000100000000000000011100011100000000000000000000000111100000000000000000000000100000000000000000000000000000000000000000000000000000000000000000000000000000000001111101111
110000000000000000000000000000000000000000000001111001100000000000000000000000000000000000000000000000011000000011111011100010000001100000000000000000011100111100000000000000000011010011100000000000000000000000111100000000000000000000000100000000000000000000000000000000000000000000000000000000000000000000000000000000001111101111
110000000000000000000000000000000000000000000001111001100000000000000000000000000000000000000000000010011000000011110011100010000001100000000000000000011100111000100000000000000011001011100000000000000000000000111100000000000000000000000100000000000000000000000000000000000000000000000000000000000000000000000000000000001111101111
110000000000001111001100000000000000000000000001111001100000000000000000000000000000000000000000000000000000000011110011100010000001100000000000000000011010111010000000000000000011010011100000000000000000000000111100000000000000000000000100000000000000000000000000000000000000000000000000000000000000000000000000000000001111101111
110000000000001110101100000000000000000000000001111100100000000000000000000100000000000000000000000000000000000011110011110000000001100000000000000000011100111000000010000000000011010011100000000000000000000000111100000000000000000000111000000000000000000000000000000000000000000000000000000000000000000000000000000000001111101111
111111111111111111101111111111111110111111111111111111111111111111111111111111111111111111111111111111111111111111111111111111111111111111111111111111111111111111111111111111111111111111111111111111111111111111111111111111111111111111111111111111111111111111111111111111111111111111111111111111111111111111111111111111111111111111
111101110111101111101100100000011001100000011101111001110111011111010101000101100000100000000000000010111011110011111111100010000001111111111111100111111100111110110111111011001111101011101100011110110000111011111100000000000000000000000110111011101100110000000000001111111110101110101111111111100000111101111111111111111111101111
111111111011100000000000000000000000000000000001111110111100000000000000011111111100011111101110110110111010000011111011100011101111111110000000000110111010111111111111011100111011111011101100000000001101111100111111110000000001111100111000111011011111110000000000001111011111101110111110110011001011000100000011111101101111111111
110000000000000000000000000000000000000000000001111100100000000000000000000100000000011100000000000000011000000011110011100010000001100000000000000000011010111010000000000000000011100011100000000000000000000000111100000000000000000000111000000000000000000000000000000000000000000000000000000000000000000000000000000000001111101111
110000000000001110101111111111000000011111011001111001101111011111000100110111011111011010000000000011111000000011111111111110000001100000000000000000011011111000000110111010010111111011111111011111110000000000111111111111111101111001000100111001111011111111111111011111011110111111011111111111011111111111111100001101001111101111
111101111011101111001100100000011111111110100101111110110111011111101101110110011111111101111110110111111010000011111011100011110111111110000000000110111010111000011011111011111011111111101100011100101111111111111111110000000001111000111111000000000000000000000000000000000000000000000000000000000000111000000000001111011111111111
111111111111111111111111111111111111111111111111111111111111111111111111111111111111111111111111111111111111111111111111111111111011111111111111111111111111111111111111111111111111111111111111111111111111111111111111111111111111111111111111111111111111111110111111111111111111111111111111111111111111111111111111111111111111111111
111111111011110000000000000000000000000000000001111100100011111110101011011111011110011011111110100100011000000011111111100011001111111110000000000111011001111101001010100000000011000111111111111101001101111110111111111111100011111010111111111011110100111111111011110000000000000000000110111111101000111101111111111111101111101111
111111111111111111111111111111111111111111111111111111111111111111111111111111011111111111111111111111111111111111111111111111111111111111111111111110111111111111111111111111111111111111111111111111111111111111111111111111111111111111111111111111111111111111111111111111111111111111111111111111111111111111111111111111111111111111
110000000000000000000000000000000000000000000001111001100000000000000000000000000000000000000000000000011000000011110011100010000001100000000000000000011010111000010000000000000011010011100000000000000000000000111100000000000000000000000100000000000000000000000000000000000000000000000000000000000000000000000000000000001111101111
111111111111111111111111111111111111111111111111111111111111111111111111111111111111111011111111111111111111111111111111111111111111111111111111111111111111111111011111111111111111111111111111111111111111111111111111111111111111111111111111111111111111111111111111111111111111111111111111111111111111111111111111111111111111111111
110000000000001110011100000000000000000000000001111100100000000000000000000100000000000000000000000000000000000011110011100010000001100000000000000000011001111000100000000000000011100011100000000000000000000000111100000000000000000000111000000000000000000000000000000000000000000000000000000000000000000000000000000000001111101111
111111111111111111111111111111111111111111111111111111111111111111111111111111111111111111111111111111111111111111111111111111111111111111111111111111111111111111111111111111111111110111111111111111111111111111111111111111111111111111111111111111111111111111011111111111111111111111111111111111111111111111111111111111111111111111
110000000000000000000000000000000000000000000001111001100000000000000000000000000000000000000000000000011000000011110011100010000001111110000000000110100000111000001000000000000011001011100000000000000000000000111100000000000000000000000100000000000000000000000000000000000000000000000000000000000000000100000000000000001111101111
111110000000001111101100001111111110101110011001111001100100000000000000011001011110111100000000000000011111111011111111110001111111111111111111011111011110111111100110011000101011101111110000000000000000111100111111111111110111111010000100111000101110110000000000001111011110101110111111001111011010000111110000001110011111101111
111111111111111111111111111111111111111111111111111111111111111111111111111111111111111111111111111111111111111111111111111111111111111111111111111111011111111111111111111111111111111111111111111111111111111111111111111111111111111111111111111101111111111111111111111111111111111111111111111111111111111111111111111111111111111111
111111111111111111111111111111111111111111111111111111111111111111111111111111111111111111111111111111111111111111111111111111111111111111111111111111111111111111111111111111111111111111111111111111111111111111111111111111111111111111111101111111101111111111111111111111111111111111111111111111111111111111111111111111111111111111
111111111111111111111111111111111111111111111111111111111111111111111111111111111111111111111111111111011111111111111111111111111111111111111111111111111111111111111111111111101111111111111111111111111111111111111111111111111111111111111111111111111111111111111111111111111111111111111111111111111111111111111111111111111111111111
111101111111111111111111111111111111111111111111111111111111111111111111111111111111111111111111111111111111111111111111111111111111111111111111111111111111111111111111111111111111111111111111111111111111111111111111111111111111111111111111111111111111111111111111101111111111111111111111111111111111111111111111111111111111111111
110000000000000000000000000000000000000000000001111001100000000000000000000000000000000000000000000000011000000011110011100010000001100000000000000000011100111000000100000000000011010011110000000000000000000000111100000000000000000000000100000000000000000000000000000000000000000000000000000000000000000000000000000000001111101111
111101111011011110111111101111011010010000011001111110110111111000000001110110011111011101111110001110011101100111110011111011101111111111111011010111000000111101101011111011110011011011111110011111111111000000111111111111101001101011111000000000000000000000000000000000000000000000000000000000000000111111110011110000001111101111
111101111011011111101110111111011111011101001011111010111000000000000000010111111100000001101111010010011101101111110011111000000001111111111000000110111011111000010110011001101111011111111111011101010000111100111111111110000000000000000000111110001001110000000000000000000000000000000111111111111011111101110000000000001111111111
110000000000000000000000000000000000000000000001111001100000000000000000000000000000000000000000000010011000000011110011100010000001111110000000000111000000111000000001000000000011000111100000000000000000000000111100000000000000000000000100000000000000000000000000000000000000000000000000000000000000000000000000000000001111101111
111111111111111111111111111111111111111111111111111111111111111111111111111111111110111111111111111111111111111111111111111111111111111111111111111111111111111111111111111111111111111111111111111110111111111111111111111111111111111111111111111111111111111111111111111111111111111111111111111111111111111111111111111111111111111111
111111111011010000000000000000000000000000000001111011101111011111110010100110000000011101101000000000011010000011110011100011001111100000000000000000011001111000001001111010100111011011101110111110011110111010111111110000000001110100000100111010000111110000000000001111111100100110101111000011101000111001110011110000001111101111
110000000000001110101100000000000000000000000001111001100000000000000000000000000000000000000000000000000000000011110011110000000001100000000000000000011100111010000000000000000011001011100000000000000000000000111100000000000000000000000100000000000000000000000000000000000000000000000000000000000000000000000000000000001111101111
110000000000001111001100000000000000000000000001111001100000000000000000000000000000000000000000000000000000000011110011100010000001100000000000000000011100111000100000000000000011100011110000000000000000000000111100000000000000000000000100000000000000000000000000000000000000000000000000000000000000000000000000000000001111101111
110000000000000000000000000000000000000000000001111001100000000000000000000000000000000000000000000010011000000011110011100010000001100000000000000000011100111000010000000000000011000111100000000000000000000000111100000000000000000000000100000000000000000000000000000000000000000000000000000000000000000000000000000000001111101111
110000000000001110101100000000000000000000000001111001100000000000000000000000000000000000000000000000000000000011110011110000000001111110000000000111000000111000000100000000000011001011100000000000000000000000111100000000000000000000000100000000000000000000000000000000000000000000000000000000000000000000000000000000001111101111
110000000000001110101110000000000000000000000001111001100000000000000000000000000000000000000000000000000000000011110011110000000001100000000000000000011010111010000000000000000011010011100000000000000000000000111100000000000000000000000100000000000000000000000000000000000000000000000000000000000000000000000000000000001111101111
111111111111111111111111111111111111111111111111111111111111111111111111111111111111111111111111111111111111111111111111111111111111111111111111111111111111111111111111111110111111111111111111111111111111111111111111111111111111111111111111111110111111111111111111111111111111111111111111111111111111111111111111111111111111111111
110000000000001110101100110000000000011110101101111100101011111111011110100100100000000001101110111011111000000011111111110001100111111101111111110110111001111010001111111100101111101011101100111111010000111110111111111111110001100010111101000000000000000000000000000000000000000000000000000000000000111000000000001110011111111111
110000000000001110011100000000000000000000000001111100100000000000000000000100000000000000000000000000000000000011110011100010000001100000000000000000011001111000010000000000000011100011100000000000000000000000111100000000000000000000111000000000000000000000000000000000000000000000000000000000000000000000000000000000001111101111
110000000000001110101100000000000000000000000001111001100000000000000000000000000000000000000000000000000000000011110011100010000001111110000000000111000000111000000001000000000011010011100000000000000000000000111100000000000000000000000100000000000000000000000000000000000000000000000000000000000000000000000000000000001111101111
111111111111111111111111111111111111111111111111111111111111011111111111111111111111111111111111111111111111111011111111111111111111111111111111111111111111111111111111111111111111111111111111111111111111111111111111111111111111111111111111111111111111111111111111111111111111111111111111111111111111111111111111111111111111111111
110000000000001110101100000000000000000000000001111001100000000000000000000000000000000000000000000000000000000011110011100010000001111110000000000111000000111000100000000000000011010011100000000000000000000000111100000000000000000000000100000000000000000000000000000000000000000000000000000000000000000000000000000000001111101111
111111111111111111111111111111111111111111111111111111111111111111110111111111111111111111111111111111111111111111111111111111111111111111111111111111111111111111111111111111111111111111111111111111101111111111111111111111111111111111111111111111111111111111111111111111111111111111111111111111111111111111111111111111111111111111
111111111011111110011111110000000000011110001001111101111011011111000110100101100000000001101111010011011010000011110111100010000001111101111100000111100000111001001000011101110111000111111100111101111110000000111111110000000001101011111110111011100011111111011111011111011001110111011110001111110001000111111100000000001111111111
111110000000001111111100001111111101101101000101111010100111111110011100110111000000100001101111110011111101110011111011110000000001111110000000000110111100111000000010011001100011000111101111111111001101111100111111110000000001111101111110111111001010111111011011001111011101100111001110111111011010000101111100001101111111111111
110000000000000000000000000000000000000000000001111100100000000000000000000100000000000000000000000000011000000011110011100010000001100000000000000000011010111000010000000000000011100011110000000000000000000000111100000000000000000000111000000000000000000000000000000000000000000000000000000000000000000000000000000000001111101111
111111111011101111011100111111111111100000000011111110110011011111000001100110111110111111101111100111111011101111110011100011110111111110000000000111011001111010011000111101101111110111111111000000000000111110111111111111110111111010111000111001111001111111111100101111111001110111101111000011100000000110000000001110101111101111
110000000000000000000000000000000000000000000001111001100000000000000000000000000000000000000000000000011000000011110011100010000001100000000000000000011001111000000010000000000011000111100000000000000000000000111100000000000000000000000100000000000000000000000000000000000000000000000000000000000000000000000000000000001111101111
110000000000001110111111110000011011110000000101111100110011111110111101011101111111000001101000000011000000000011110111110011100111111101111111111111011011111000000111111000011011001111101100111110001101111011111111111110000000000000111000000000000000000000000000000000000000000000000000000000000000000100000000001110101111111111
110000000000000000000000000000000000000000000001111001100000000000000000000000000000000000000000000010011000000011110011100010000001100000000000000000011001111000100000000000000011000111100000000000000000000000111100000000000000000000000100000000000000000000000000000000000000000000000000000000000000000000000000000000001111101111
110000000000000000000000000000000000000000000001111001100000000000000000000000000000000000000000000000011000000011110011100010000001100000000000000000011100111000010000000000000011001011110000000000000000000000111100000000000000000000000100000000000000000000000000000000000000000000000000000000000000000000000000000000001111101111
110000000000000000000000000000000000000000000001111010100100000000000000000110000000000000000000000000011000000011110011100010000001100000000000000000011001111000000001000000000011100011100000000000000000000000111111111110000000000000000000000000000000000000000000000000000000000000000000000000000000000000000000000000001111101111
110000000000001111101111001111111100001101111101111010111011011110010001100110111000111110000000000000011001111011110011100011111111100000000000000000011110111000011001111011010011100011101110111110001110111001111111111111110111101011000111111011111000111111011011011111011011110111001000000011111111111101110011111101001111101111
~~~
0.0 135.0 114.0 350.0 2009.0
0.0 2.0 178.0 625.0 3299.0
0.0 2.0 178.0 622.0 3306.0
0.0 129.0 111.0 357.0 2015.0
0.0 282.0 25.0 104.0 472.0
0.0 143.0 103.0 352.0 1919.0
0.0 2.0 178.0 625.0 3300.0
0.0 2.0 177.0 626.0 3301.0
0.0 145.0 102.0 356.0 1857.0
0.0 280.0 28.0 96.0 500.0
0.0 110.0 124.0 362.0 2250.0
0.0 2.0 178.0 625.0 3295.0
0.0 281.0 24.0 104.0 485.0
0.0 2.0 178.0 622.0 3303.0
0.0 127.0 111.0 404.0 2042.0
0.0 279.0 27.0 108.0 506.0
0.0 128.0 107.0 407.0 2060.0
0.0 2.0 178.0 618.0 3302.0
0.0 2.0 178.0 619.0 3299.0
0.0 2.0 178.0 624.0 3305.0
0.0 2.0 177.0 626.0 3310.0
0.0 278.0 26.0 113.0 523.0
0.0 282.0 26.0 99.0 480.0
0.0 167.0 91.0 321.0 1678.0
0.0 133.0 106.0 405.0 1989.0
0.0 2.0 178.0 624.0 3298.0
0.0 136.0 105.0 390.0 1944.0
0.0 148.0 101.0 287.0 1807.0
0.0 145.0 97.0 351.0 1834.0
0.0 272.0 30.0 128.0 573.0
0.0 275.0 33.0 101.0 526.0
0.0 1.0 179.0 619.0 3308.0
0.0 2.0 177.0 626.0 3297.0
0.0 279.0 28.0 107.0 510.0
0.0 176.0 85.0 297.0 1555.0
0.0 2.0 178.0 622.0 3303.0
0.0 2.0 178.0 617.0 3304.0
0.0 2.0 178.0 625.0 3305.0
0.0 119.0 121.0 391.0 2138.0
0.0 2.0 177.0 626.0 3298.0
0.0 282.0 25.0 102.0 484.0
0.0 274.0 32.0 107.0 549.0
0.0 276.0 27.0 115.0 526.0
0.0 282.0 25.0 104.0 477.0
0.0 2.0 178.0 625.0 3300.0
0.0 282.0 26.0 99.0 482.0
0.0 275.0 27.0 120.0 537.0
0.0 2.0 178.0 623.0 3297.0
0.0 2.0 179.0 615.0 3297.0
0.0 136.0 102.0 403.0 1908.0
0.0 282.0 25.0 100.0 486.0
0.0 181.0 86.0 309.0 1521.0
0.0 2.0 179.0 613.0 3303.0
0.0 118.0 121.0 351.0 2163.0
0.0 152.0 99.0 339.0 1794.0
0.0 2.0 178.0 621.0 3309.0
0.0 2.0 178.0 625.0 3306.0
0.0 128.0 112.0 359.0 2054.0
0.0 125.0 114.0 372.0 2067.0
0.0 2.0 178.0 621.0 3311.0
0.0 278.0 25.0 109.0 508.0
0.0 271.0 35.0 111.0 572.0
0.0 2.0 177.0 626.0 3307.0
0.0 282.0 26.0 98.0 471.0
0.0 160.0 92.0 322.0 1707.0
0.0 124.0 107.0 396.0 2090.0
0.0 111.0 117.0 410.0 2147.0
0.0 278.0 27.0 104.0 513.0
0.0 112.0 113.0 433.0 2185.0
0.0 279.0 26.0 111.0 510.0
0.0 130.0 110.0 363.0 2052.0
0.0 2.0 179.0 620.0 3310.0
0.0 112.0 118.0 409.0 2188.0
0.0 131.0 111.0 345.0 1995.0
0.0 2.0 177.0 626.0 3301.0
0.0 276.0 26.0 119.0 552.0
0.0 276.0 28.0 112.0 525.0
0.0 121.0 110.0 406.0 2138.0
0.0 283.0 25.0 101.0 461.0
0.0 279.0 27.0 109.0 516.0
0.0 279.0 26.0 112.0 501.0
0.0 280.0 26.0 113.0 491.0
0.0 2.0 179.0 614.0 3299.0
0.0 2.0 178.0 623.0 3305.0
0.0 152.0 96.0 378.0 1808.0
0.0 121.0 116.0 380.0 2111.0
0.0 282.0 25.0 103.0 466.0
0.0 142.0 107.0 352.0 1939.0
0.0 207.0 66.0 246.0 1241.0
0.0 282.0 26.0 99.0 481.0
0.0 2.0 177.0 626.0 3307.0
0.0 2.0 178.0 625.0 3310.0
0.0 122.0 116.0 396.0 2079.0
0.0 279.0 28.0 109.0 502.0
0.0 276.0 28.0 120.0 530.0
0.0 2.0 178.0 619.0 3309.0
0.0 279.0 26.0 115.0 495.0
0.0 282.0 25.0 101.0 476.0
0.0 2.0 178.0 622.0 3297.0
0.0 127.0 109.0 384.0 2058.0
0.0 165.0 96.0 307.0 1682.0
0.0 271.0 33.0 119.0 571.0
0.0 276.0 28.0 123.0 530.0
0.0 2.0 179.0 621.0 3305.0
0.0 281.0 25.0 104.0 485.0
0.0 282.0 25.0 105.0 475.0
0.0 282.0 25.0 101.0 480.0
0.0 279.0 27.0 108.0 509.0
0.0 276.0 29.0 119.0 528.0
0.0 2.0 179.0 619.0 3299.0
0.0 137.0 111.0 338.0 1953.0
0.0 149.0 102.0 320.0 1842.0
0.0 277.0 28.0 123.0 532.0
0.0 127.0 116.0 374.0 2045.0
0.0 150.0 106.0 316.0 1845.0
0.0 2.0 178.0 624.0 3304.0
0.0 137.0 111.0 354.0 1936.0
0.0 2.0 179.0 622.0 3311.0
0.0 283.0 25.0 98.0 479.0
0.0 2.0 179.0 618.0 3297.0
0.0 276.0 28.0 117.0 540.0
0.0 2.0 178.0 619.0 3306.0
0.0 278.0 27.0 110.0 514.0
0.0 139.0 103.0 338.0 1882.0
0.0 2.0 178.0 618.0 3297.0
0.0 2.0 178.0 626.0 3308.0
0.0 2.0 177.0 626.0 3308.0
0.0 2.0 177.0 626.0 3306.0
0.0 282.0 25.0 105.0 481.0
0.0 145.0 103.0 346.0 1861.0
0.0 152.0 103.0 315.0 1799.0
0.0 278.0 26.0 107.0 509.0
0.0 2.0 177.0 626.0 3309.0
0.0 175.0 94.0 289.0 1603.0
0.0 279.0 27.0 111.0 498.0
0.0 278.0 27.0 111.0 516.0
0.0 282.0 26.0 101.0 479.0
0.0 275.0 27.0 118.0 538.0
0.0 278.0 27.0 108.0 525.0
0.0 2.0 177.0 626.0 3300.0
0.0 169.0 87.0 311.0 1628.0
0.0 276.0 29.0 117.0 540.0
0.0 275.0 27.0 117.0 541.0
0.0 2.0 179.0 617.0 3306.0
0.0 275.0 27.0 114.0 550.0
0.0 2.0 179.0 616.0 3303.0
0.0 136.0 108.0 354.0 1967.0
0.0 129.0 114.0 376.0 2005.0
0.0 279.0 28.0 106.0 519.0
0.0 114.0 125.0 376.0 2147.0
0.0 283.0 26.0 96.0 460.0
0.0 178.0 84.0 286.0 1524.0
0.0 282.0 26.0 96.0 484.0
0.0 282.0 26.0 101.0 480.0
0.0 274.0 32.0 106.0 545.0
0.0 130.0 112.0 368.0 1999.0
~~~
15.133877039
