111111111111111111111111111111111111111111111111111111111111111111111111111111111111111111111111111111111111111111111111111111111111111111111111111111111111111111111111111111111011111111111111111111111111111111111111111111111111111111111111111111111111111111111111111111111111110111111111111111111111111111111111111111111111111111
111101111011101111011111111111011111101100101001111111101011011110100011100110000000100001101111000000011100000011111111100010000001111111111011111110111001111110111001011111010111101011101111111100100000000000111111111111110101100101111101111001101001111111011100110000000000000000000110111111001101000001111111111111001111111111
111110000000001111111100100000011101101110001001111100101011011111010110100100111100011011110000000010011111111011110111111101000111111111111000000110111011111111000101011100001111111011101100111101101111111011111111111111110001101111111000111110101010111110111011001111011001111110111111111111111100000100000011110000001111101111
111111111111111111111110111111111111111111111111111111111111111111111111111111111111111111111111111111111111111111111111111111111111111111111111011111111111111111111111111111111111111111111111111111111111111111111111111111111111111111111111111111111111111111111111111111111111111111111111111111111111111111111111111111111111111111
111111111111111111111111111111111111111111111111111111111111111111111111111111111111111111111111111111111111111111111111111111111111111111111111110111111111111111111111111111011111111111111111111111111111111111111111111111111111111111111111111111111111111111111111111111111111111111111111111111111111111111111111111111111111111111
111111111011111110111110101111011100000000011101111001111000000000000000011101011111100001110000000011111100000011111011111101110011100000000000000000011001111010101000111101001111110111110000000000000000111111111111111111100010000000000110111010100110110000000000000000000000000000000110001111011011111100000011111101101111101111
110000000000001111001100000000000000000000000001111100100000000000000000000100000000000000000000000000000000000011110011100010000001100000000000000000011010111010000000000000000011001011100000000000000000000000111100000000000000000000111000000000000000000000000000000000000000000000000000000000000000000000000000000000001111101111
111111111111111111111111111111111111011111111111111111111111011111111111111111111111111111111111111111111111111111111111111111111111111111111111111111111111111111111111111111111111111111111111111111111111111111111111111111111111111111111111111111111111111111111111111111111111111111111111111111111111111111111111111111111111111111
110000000000001111001100000000000000000000000001111001100000000000000000000000000000000000000000000000000000000011110011100010000001100000000000000000011010111000000100000000000011000111100000000000000000000000111100000000000000000000000100000000000000000000000000000000000000000000000000000000000000000000000000000000001111101111
111111111111111111111111111111111111111111111111111111111111111111111111111111111111111111111111111111111111111111111111111111111111111111111111111111111111111111111111111111111111111111111111111111111111111111111111111111111111111111111111111101111110111111111111111111111111111111111111111111111111111111111111111111111111111111
111111111111111111111111111111111111111111111111111111111111111111111111111111111111111111111111111111111111111111111111111111111111111111111111111111111111111111111111111111111111011111111111111111111111111111111111111111111111111111111111111011111111111111111111111111111111111111111111111111111111111111111111111111111111111111
111111111111111111111111111111111111111111111111111111111111111111111110111111111111111111111111111111111111111111111111111111111111111111111111111111111111111111111111111111111111111111111111111111111111111111111111111111111111111111111111111111111111111111111111011111111111111111111111111111111111111111111111111111111111111111
110000000000000000000000000000000000000000000001111001101000000000000000000000000000000000000000000000011000000011110011100010000001100000000000000000011010111000010000000000000011010011100000000000000000000000111100000000000000000000000100000000000000000000000000000000000000000000000000000000000000000000000000000000001111101111
111111111111111111111111111111111111111111111111111111111111111111111111111111111111011111111111111111111111111111111111111111111111111111111111111111111111111111111111111111111111111111111111111111111111111111111111111111111111111111111111111111111111111111111111111111111111111111111111111111111111111111111111111111111111111111
111111111111111111111111111111111111111111111111111111111111111111111111111111111111111111111111111111111111111111111111111111111111111111111111111111111111111111111111111111111111111111111111111111111111111111111111111111111111111111111111111111111101111111111111111111111111111111111111111111111110111111111111111111111111111111
110000000000000000000000000000000000000000000001111001100000000000000000000000000000000000000000000000011000000011110011100010000001100000000000000000011010111101000000000000000011000111100000000000000000000000111100000000000000000000000100000000000000000000000000000000000000000000000000000000000000000000000000000000001111101111
111101111011111111111110001111011111011101011101111010101011111110111110110110000000111110000000000011011000000011111011111101000011111111111111111111011011111010100001111001101111111011101100000000001101000000111111111111111111101100000100111101101000111111111100101111111110110110111111001111111011000100000000001100101111111111
110000000000000000000000000000000000000000000001111100100000000000000000000100000000000000000000000000011000000011110011100010000001100000000000000000011001111000100000000000000011100011100000000000000000000000111100000000000000000000111000000000000000000000000000000000000000000000000000000000000000000000000000000000001111101111
110000000000000000000000000000000000000000000001111100100000000000000000000100000000000000000000000000011000000011110011100010000001100000000000000000011001111010000000000000000011000111100000000000000000000000111100000000000000000000111000000000000000000000000000000000000000000000000000000000000000000000000000000000001111101111
111111111111111111111111111111111111111111111111111111111111111111111111111111111111111111111111111111111111111111111111111111111111111111111111111111111110111111111111111111111111111111111111111111111111111110111111111111111111111111111111111111111111111111111111111111111111111111111111111111111111111111111111111111111111111111
111101111011011110111100101111011111010000001101111001110111111110000110100001111101011111111110011000011011111111111011110000000001111110000000000111111001111110000011111110011111011011101100000000001111111111111111111111110001110000000101000000000000000000000000000000000000000000000000000000000000000100000011110000001111111111
111111111111111111101111111111111111111111111111111111111111111111111111111111111111111111111111111111111111111111111111111111111111111111111111111111111011111111111111111111111111111111111111111111111111111111111111111111111111111111111111111111111111111111111111111111111111111111111111111111111111111111111111111111111111111111
110000000000001110101100000000000000000000000001111001100000000000000000000000000000000000000000000000000000000011110011110000000001100000000000000000011100111000010000000000000011010011100000000000000000000000111100000000000000000000000100000000000000000000000000000000000000000000000000000000000000000000000000000000001111101111
110000000000001110111110000000011100000000001101111001101100000000000000000011011101011111101111101111000000000011110011110000000001111111111100000110111011111000111010111000001111001111101100011111100000000000111100000000000000000000000100000000000000000000000000000000000000000000000000000000000000111100000011111110001111111111
111111111111111111111111111111111111111111111111111111111111111111111111111111111110111111111111111111111111111111111111111111111111111111111111111111111111111111111111111111111111111111111111111111111111111101111111111111111111111111111111111111111111111111111111111111111111111111111111111111111111111111111111111111111111111111
111111111111111111101110101111000000001101000111111100101011011111111000010111111111111010000000000010100000000011111111110001000011100000000000000000011010111001000110000000000011101111111111111111001101111100111111111110000000000000111000111011010110111111011111001111111100100110101000000011111100000100000011111111011111101111
110000000000001110101100000000000000000000000001111001100000000000000000000000000000000000000000000000000000000011110011100010000001100000000000000000011001111000001000000000000011000111100000000000000000000000111100000000000000000000000100000000000000000000000000000000000000000000000000000000000000000000000000000000001111101111
111111111111111111111111111111111011111111111111111111111111111111111111111111111111111111111111111111111111111111111111111111111111111111111111111111111011111111111111111111111111111111111111111111111111111111111111111111111111111111111111111111111111111111111111111111111111111111111111111111111111111111111111111111111111111111
111110000000001111101111111111111110111101110101111001111011011110000100011110011111111111101111010110011000000011110111100011101011111110000000000110111110111100111101011011100011111111111111011110111110111001111111110000000001101010000111111100110000110000000000001111011110100111111111111111101011111000000000001101001111101111
110000000000001110011111001111111101100000011001111001110011111111010000110011011000000001101110000110000000000011110111100010000001111111111100000110100000111100011101011000100011110011111110011111101101000000111111110000000001101010000100111011100011111111011011111111111010111111011111111111111110000101110000001100111111111111
110000000000000000000000000000000000000000000001111001100000000000000000000000000000000000000000000000011000000011110011100010000001111110000000000111000000111001000000000000000011001011100000000000000000000000111100000000000000000000000100000000000000000000000000000000000000000000000000000000000000000000000000000000001111111111
111111111111111111111111111111111111111111111111111111111111111111101111111111111111111111111111111111111111111111111111111111111111111111111111111111111111111111111111111111111111111111111111111111111111111111111111111111111111111111111111111111111111111111111111111111111111111110111111111111111111111111111111111111111111111111
111111111111111111101111111111111111111111111111111111111111111111111111111111111111111111111111111111111111111111111111111111111111111111111111111111111111111111111111111111111111111111111111111111111111111111111111111111111111111110111111111111111111111111111111111111111111111111111111111111111111111111111111111111111111111111
111111111011011111101100110000011110011101001111111001110111011110000111010001111000111011110000000010111101101111111011111101001111100000000000000000011001111101110101011100101111011011110000000000000000111101111111111111100110000000111100111101100101111110111100101111111010110110111110110011100000111110000000001100111111111111
111111111011011111101110000000000000000000001001111001111111100000000000000010011000000001101110011011100000000011110111111100000001111110000000000111100000111101111111011000100111101011101111011101010000000000111111111110000001100111000110111000000010111111111111110000000000000000000110111111101101111001111100001110011111101111
111111111111111111111111111111111011111111111111111111111111111111111111111111111111111111111111111111111111111111111111111111110111111111111111111111111111111111111111111111111111111111111111111111111111111111111111111111111111111111111111111111111111111111111111111111111111111111111111111111111111111111111111111111111111111111
110000000000001110011100000000000000000000000001111010100000000000000000000110000000000000000000000000000000000011110011100010000001100000000000000000011001111000000010000000000011100011100000000000000000000000111111110000000001101000000000000000000000000000000000000000000000000000000000000000000000000000000000000000001111101111
111111111111111111111111111111111111111111111111111111111111111111111111111111111111111111111110111111111111111111111111111111111111111111111111111111111111111111111111111111111111111111111111111111111111111111111111111111111111111101111111111111111111111111111111111111111111111111111111111111111111111111111111111111111111111111
111111111111111111111111111111111111111111111111111111111111111111111111111111111111111111111111111111111111111111111111111111011111111111111111111111111111111111111111111111111111111111111111111111111111111111111111111111111111111111111111111111111011111111111111111111111111111111111111111111111111111111111111111111111111111111
111111111111111111111111111111111110111111111111111111111111111111111111111111111111111111111111111111111111111111111111111111110111111111111111111111111111111111111111111111111111111111111111111111111111111111111111111111111111111111111111111111111111111111111111111111111111111111111111111111111111111111111111111111111111111111
110000000000001110101111001111111111001101011101111011101000000000000000011110100000100000000000000010011011110011110111100011110011111101111111011111111001111000100000011101011111010111101111000000001111000000111111111110000001101011000110111100101010111111111111111111111101100110101111110011011101000000000011111110011111111111
111101111011101110101100110000011110001110101001111100100100000000000000000100011100111011111110110010111101111111111011110001101111111110000000000110111001111111000000111010110111000111101110111101101111111111111111111111110110000000111000111011111101110000000000001111011001110111001000000011101111111001110000000000001111101111
110000000000000000000000000000000000000000000001111001100000000000000000000000000000000000000000000000011000000011110011100010000001100000000000000000011001111000100000000000000011000111100000000000000000000000111100000000000000000000000101000000000000000000000000000000000000000000000000000000000000000000000000000000001111101111
110000000000000000000000000000000000000000000001111001100000000000000000000000000000000000000000000000011000000011110011100010000001100000000000000000011100111000000100100000000011000111100000000000000000000000111100000000000000000000000100000000000000000000000000000000000000000000000000000000000000000000000000000000001111101111
111111111111111111111111111111111111111111111111111111111111111111111111111111111111111111111111011111111111111111111111111111111111111111111111111111111111111111111111111111111111111111111111111111111111111111111111111111111111111111111111111111111111111111111111111111111111111111111111111111111111111111111111111111111111111111
111110000000001111111111111111111101011111101101111010110000000000000000000110100000111011101110011000000000000011111011111111111011111110000000000110111101111011110011011110010111010011110000000000000000111001111111111111110100000000000110111111110010110000000000000000000000000000000110111111011101000111111111111110001111111111
110000000000000000000000000000000000000000000001111100100000000000000000000100000000000000000000000000011000000011110011100010000001100000000000000000011100111000100000000000000011001011100000000000000000000000111100000000000000000000111000000000000000000000000000000000000000000000000000000000000000000000000000000000001111101111
111111111111111111111111111111111111111111111111111111111111111111111111111111111111111111111111111111111111111111111111111111111111111111111111111111111111111111111111111111111111111111111111111111111101111111111111111111111111111111111111111111111111111111111111111111111111111111111111111111111011111111111111111111111111111111
110000000000000000000000000000000000000000000001111010100000000000000000000110000000000000000000000000011000000011110011100010000001100000000000000000011100111000000001000000000011001011100000000000000000000000111111110000000001101000000000000000000000000000000000000000000000000000000000000000000000000000000000000000001111101111
111111111011111110101100001111111111011101101011111001100000000000000000010011111111111111101111110010111111111111110011111010000001111111111111101111100000111001001011111010100011100111101110100000000000111001111100000000000000000000000111111000001011111111011111011111111010111110111000000011001111111101110011111110111111101111
110000000000000000000000000000000000000000000001111010100000000000000000000110000000000000000000000000011000000011111011100010000001111110000000000110100000111000000010000000000011001011100000000000000000000000111111111110000000000000000000000000000000000000000000000000000000000000000000000000000000000000000000000000001111101111
111111111111111111111111111111111111111111111111111111111111111111111111111111111110111111111111111111111111111111110111111111111111111111111111111111111111111111111111111111111111111111111111111111111111111111111111111111111111111111111111111111111111111111111111111111111111111111111111111111111111111111111111111111111111111111
110000000000000000000000000000000000000000000001111001100000000000000000000000000000100000000000000000011000000011110011100010000001100000000000000000011010111000000001000000000011001011100000000000000000000000111100000000000000000000000100000000000000000000000000000000000000000000000000000000000000000000000000000000001111101111
111111111011101110101111101111100000011111010011111010100011111110010101011111011101000001101110100010111101111011110111110011001111111110000000000111011001111001001111011001011011010011101110011111111110111001111111111111111111101101111101111011010010111111011111010000000000000000000000000011010000000110000000001110001111111111
110000000000000000000000000000000000000000000001111001100000000000000000000000000000000000000000000000011000000011110011100010000001100000000000000000011100111000000110000000000011000111100000000000000000000000111100000000000000000000000100000000000000000000000000000000000000000000000000000000000000000000000000000000001111101111
111101111111111110111111101111011011111110001111111001100000000000000000010101111100000001101000000010011001110111110111111110000001100000000000000000011101111001001111011100100111110111111110000000001111111110111100000000000000000000000110111000110110110000000000001111011101100111101111000011010001000111110000001110001111101111
111111111011111111101111111111111110001101001111111001100111111000000001011110111101011111101000000010111101111011111111100011011111111111111100000110111111111100010100011111011111111111111110111110010000111101111111111111110101111001111100111001001011111111011011110000000000000000000111000011110001000000000000001110101111101111
110000000000001110011111111111111110100000010101111010101111100000000000011111000000111111100000000010111011101011110111100011011011111101111011101111100000111011010100011110111011001011111111111101111111000000111111111111111110000000000101111001111000111111011011101111111100110110101111110011011000000100000011111110001111101111
110000000000000000000000000000000000000000000001111001100000000000000000000000000000000000000000000000011000000011110011100010000001111110000000000111000000111000100000000000000011100011100000000000000000000000111100000000000000000000000100000000000000000000000000000000000000000000000000000000000000000000000000000000001111111111
111111111111111111111111111111111111111111111111111111111111111111111111111111111111111111111111111111111111111111111111111111111111111111111111111111111111111111111111111111111111111111111111111111111110111111111111111111111111111011111111111111111111111111111111111111111111111111111111111111111111111111111111111111111111111111
111101111011011111101110001111011010010000001011111101101111100000000000010101011110011011101111101000011111110111110111111010000001111101111100000111111011111001110011111000101111101111101110011101101110111110111111111111110001101010111111111010011011110000000000001111111010101110111111111111100000000111111111111111001111111111
111111110111101111001100001111000000001111101101111100110011011111011010010100111110111011111110010110111001100111110111100011001111111111111111001111000000111110000011111101000111100011111111111101011110000000111111111111111111100110111000111000010011111111111100001111011111110110111110110011111000000111111100001110101111111111
111111111111111111111111111111111111111111111111111111111111111111110111111111111111111111111111111111111111111111111111111111111111111111111111111111111111111111111111111111111111111111111111111111111111111111111111111111111111111111111111111111111111111111111111111111111111111111111111111111111111111111111111111111111111111111
110000000000000000000000000000000000000000000001111001100000000000000000000000000000000000000000000000011000000011110011100010000001100000000000000000011010111100000000000000000011000111100000000000000000000000111100000000000000000000000100000000000000000000000000000000000000000000000000000000000000000000000000000000001111101111
111111111111111111111111111111111111111111111111111111111111111111111111111111111111111111111111111111111111111111111111111111111111111111111111111111111011111111111111011111111111111111111111111111111111111111111111111111111111111111111111111111111111111111111111111111111111111111111111111111111111111111111111111111111111111111
110000000000000000000000000000000000000000000001111001100000000000000000000000000000000000000000000000011000000011111011100010000001100000000000000000011001111001000000000000000011000111100000000000000000000000111100000000000000000000000100000000000000000000000000000000000000000000000000000000000000000000000000000000001111101111
111111111111111111111111111111111111111111111111111111111111111111111111111111111111111111111111111111111111111111111111111111111111111111111111111111111111111111111111111111111011111111111111111111111111111111111111111111111111111111111111111111111111111111111111111111111111111111111111111111111111111111111111111101111111111111
110000000000001111101111001111011110111111101111111011101111111111101011000111111111011010000000000000011111101011110111100011001111111101111111111111011010111011001100011110011111001011101110000000001101111001111111111111110010000000000111111010100011111111011111100000000000000000000000000011010001000101110011110000001111101111
111111111111111111111111111111111111111111111111111111111111111111111101111111111111111111111111111111111111111111111111111111111111111111111111111111111111111111111111111111101111111111111111111111111111111111111111111111111111111111111111111111111111111111111111111111111111111111111111111111111111111111111111111111111111111111
111111111011101111101100111111111100101101000101111001101111011110101100011000111110100001111111001100011001111011111111100010000001111101111011111111011010111011011011011101111011001111101110011110011101111111111111111111110001100110111110111010100001111111011011000000000000000000000000000011001011000000000000001110101111111111
110000000000000000000000000000000000000000000001111001100000000000000000000000000000000000000000000000011000000011110011100010000001111101111000000111000000111000001000000000000011100011100000000000000000000000111100000000000000000000000100000000000000000000000000000000000000000000000000000000000000000000000000000000001111101111
111111111111111111111110111111111111111111111111111111111111111111111111111111111111111111111111111111111111111111111111111111111111111111111111111111111111111111111111111111111111111111111111111111111111111111111111111111111111111111111111111101111111111111111111111111111111111111111111111111111111111111111111111111111111111111
111111111111111111111111111111111111111111111111111111111111111111111111111111111111111111111111111111111111111111111111111111111111111111111111111111111111111111111111111111111111111111111111111111111111111111111111111111111111110101111111111111111111111111111111111111111111111111111111111111111111111111111111111111111111111111
111101111011110000000000000000000000000000000001111001111111111110111100110000000000000001101000000000011000000011111011100011111111111111111100000111011111111101010011111101110011011111101100111100110000111111111111111111111111111100000111111011011100110000000000000000000000000000000110110011010000111000000011111110011111111111
110000000000001110101110000000000000001110100111111001100111011111001011000110011000000001111111011010100000000011110011110011100011111110000000000110111011111000010101000000000011100111111111000000001111111100111111111111110001110101000111000000000000000000000000000000000000000000000000000000000000000110000011111111111111101111
110000000000000000000000000000000000000000000001111100100000000000000000000100000000000000000000000000011000000011110011100010000001111101111000000110100000111010000000000000000011001011100000000000000000000000111100000000000000000000111000000000000000000000000000000000000000000000000000000000000000000000000000000000001111101111
110000000000001110101100000000000000000000000001111100100000000000000000000100000000000000000000000000000000000011110011110000000001111101111000000111000000111100000000000000000011000111100000000000000000000000111100000000000000000000111000000000000000000000000000000000000000000000000000000000000000000000000000000000001111101111
111111111111111111111111111111111111111111111111111111111111111111111111111111111111111111111111111111111111111111111111111111111111111111111111111111111110111111111111111111111111111111111111111111111111111111111111111111111111111111111111111111111111111111111111111111111111111111111111111111111111111111111111111110111111111111
110000000000001110101100000000000000000000000001111001100000000000000000000000000000000000000000000000000000000011110011100010000001100000000000000000011100111010000000000000000011000111100000000000000000000000111100000000000000000000000101000000000000000000000000000000000000000000000000000000000000000000000000000000001111101111
111111111111111111111111111111111111111111111111111111111111111111111111111111111111111111111111111111111111111111111111111111111111111111111111111111111111111111111101111111111111111111111111111111111110111111111111111111111111111111111111111111111111111111111111111111111111111111111111111111111111111111111111111111111111111111
111111111011101111001110110000000000011111101111111011111000000000000000011110111101000000000000000000011101100111111111100010000001111111111111010110111011111110101101011000010011101011110000000000000000111100111111111111100011100010111100111011011011111111111011111111011011111111011110001111010001111001111100001101101111111111
110000000000001111001100000000000000000000000001111100100000000000000000000100000000000000000000000000000000000011110011100010000001100000000000000000011100111000010000000000000011010011100000000000000000000000111100000000000000000000111000000000000000000000000000000000000000000000000000000000000000000000000000000000001111101111
110000000000001111001100000000000000000000000001111100100000000000000000000100000000000000000000000000000000000011110011100010000001100000000000000000011001111000010000000000000011100011100000000000000000000000111100000000000000000000111000000000000000000000000000000000000000000000000000000000000000000000000000000000001111101111
110000000000000000000000000000000000000000000001111001110111111110100110010000111100100001111110111100011010000011111011100011000111111101111100000111011110111111101000000000000011011111100000000000000000111101111111111111100111111100111101111011101100111111111011011111111111110111101111000011001001000001110011111100101111111111
111101111011101110101110110000000000000000010101111001110011100000000000010101000000000001100000000000000000000011110011100010000001100000000000000000011110111010000011100000000011100011111100111111011101111101111111111111101100000000111100111010100010111111111100011111111110101111111000000011111001000110000011111101101111111111
110000000000001110101100000000000000000000000001111001100000000000000000000000000000000000000000000000000000000011110011110000000001100000000000000000011001111000100000000000000011001011100000000000000000000000111100000000000000000000000100000000000000000000000000000000000000000000000000000000000000000000000000000000001111111111
111111111111111111111111111111111111111111111111111111111111111111111111111111111111111111111111111111111111111111111111111111111111111111111111111111111111111011111111111111101111111111111111111111111111111111111111111111111111111111111111111111111111111111111111111111111111111111111111111111111111111111111111111111111111111111
110000000000000000000000000000000000000000000001111001100100000000000000000000000000000000000000000000011000000011110011100010000001100000000000000000011001111000001000000000000011010011100000000000000000000000111100000000000000000000000100000000000000000000000000000000000000000000000000000000000000000000000000000000001111101111
110000000000001110111110000000011100001110000101111111101111111111111001110111111000000001110000000010111111101011110011100011111011111111111011111111011100111111011111111001111011101011101111111111000000111011111111111110000000000000111111111001101101110000000000001111111011111110101111000011111100000100000000001100111111101111
110000000000001111001110110000000000011111110011111001110011011111110110011000111000000001100000000000000000000011111111100011000011100000000000000000011110111000100000111011010111101111100000000000000000111011111111111111111001111010000110111001010101111111011011100000000000000000000110001111111110000001111100001111101111111111
111101110111100000000000000000000000000000000001111001110111111111110011010100100000111010000000000011011000000011110111100010000001111101111011110111111111111111000101011000100111001011111111000000000000111110111100000000000000000000000101111000001001110000000000001111111100100111011111000011111000111001111111111101001111101111
111111111111111111111111111111111111111111111111111111111111111111111111111111111111111111111111111111111101111111111111111111111111111111111111111111111111111111111111111111111111011111111111111111111111111111111111111111111111111111111111111111111111111111111111111111111111111111111111111111111111111111111111111111111111111111
110000000000000000000000000000000000000000000001111001100000000000000000000010000000000000000000000000011000000011110011100010000001100000000000000000011010111100000000000000000011100011100000000000000000000000111100000000000000000000000100000000000000000000000000000000000000000000000000000000000000000000000000000000001111101111
110000000000001111001111101111011110101100111011111001100000000000000000000011111000100001101111011010011011101111111011100011001111111101111111010111100000111101000001011000001011011011101100011101011101111011111111110000000001100100111111000000000000000000000000000000000000000000000000000000000000111111111111111101111111101111
111110000000001110111111111111111101001101011101111100101111011000000001011110011111100001111111111111111111101111111011100010000001111110000000000111011010111000110101100000000011101011101100100000001101111001111100000000000000000000111100000000000000000000000000000000000000000000000000000000000000000001110000000000001111101111
111111111111101111101100101111011111011101101001111001111111100000000000010000011101100000000000000000011101111111111111110011000011100000000000000000011110111000010000011001111011001011110000000000000000000000111111110000000001111000000100111011001010110000000000001111111111111111011110110011111000111111111111110000001111101111
110000000000001110101111111111100000001110100111111111111011111110101110110111011101011111101111010111011111110011111111110001110111111111111111011111111110111100101100111011001111110111101110111110011111111101111111111111111001101111111100111010010110111111111100011111111011111111111000000011001001111100000011110000001111111111
111110000000001111001100110000011111011110110101111011110111011111011010111111111110011011101110100110011011110011111111100010000001111110000000000111111101111100100111111101100011100111111100011101000000111110111111111111100110000000000111111000011100110000000000001111111001100111101110001111100001000101110000000000001111101111
111111111111111111111111111111111111111111111111111111111111111111111111111111111111011111111111111111111111111111111111111111111111111111111111111111111101111111111111111111111111111111111111111111111111111111111111111111111111111111111111111111111111111111111111111111111111111111111111111111111111111111111111111111111111111111
111101111011011110101100001111011010101100101111111100110011011111010011011110111000011111100000000000011011100111111111100011011111111110000000000111100000111101001011011110110111101111111111111111111111111111111111111111100101111000111101111100100110111110111100011111111110111110111111000011111010111100000000001100101111101111
111111111111111111111111111111111111111111111111111111111111111111111111111111011111111111111111111111111111111111111111111111111111111111111111111111111111111111111111111111111111111111111111111111111111111111111111111111111111111111111111111111111111111111111111111111111111111111111111111111111111111111111111111111111111111111
111111110111111111111111111111111111111111111111111111111111111111111111111111111111111111111111111111111111111111111111111111111111111111111111111111111111111111111111111011111111111111111111111111111111111111111111111111111111111111111111111111111111111111111111111111111111111111111111111111111111111111111111111111111111111111
111111111011111110101110100000000000011110101011111111111111011111100010111110011111011101101110101000011011110011110111111101001011111110000000000110111101111101101111111001000111000111111110100000000000111011111111110000000001101011111101111100001011111111011100110000000000000000000000000011001100000111111100000000001111101111
110000000000001111101100000000011111000000001001111010110011011111101110010110011111011101101111001111011111100111110011111000000001100000000000000000011001111101100011111000011111010111100000000000000000000000111111110000000001110010000000111010110000111111011011000000000000000000000111001111001010000000000000001100011111101111
111111111111111111111111111111111111111111111111111111101111111111111111111111111111111111111111111111111111111111111111111111111111111111111111111111111111111101111111111111111111111111111111111111111111111111111111111111111111111111111111111111111111111111111111111111111111111111111111111111111111111111111111111111111111111111
111111111011101111101111000000011001011101011011111001111111111111111010000100000000011011101111101100011011101011111111111100000001111101111011111110111010111010101101011001110111100111111110011101010000111011111100000000000000000000111100111010011111110000000000000000000000000000000111111111011111000001111100001110011111101111
111111111111111111111111101111111111111111111111111111111111111111111111111111111111111111111111111111111111111111111111111111111111111111111111111111111111111111111111111111111111111111111111111111111111111111111111111111111111111111111111111111111111111111111111111111111111111111111111111111111111111111111111111111111111111111
110000000000000000000000000000000000000000000001111100100000000000000000000100000000000000000000000000011000000011111011100010000001100000000000000000011001111000010000000000000011010011100000000000000000000000111100000000000000000000111000000000000000000000000000000000000000000000000000000000000000000000000000000000001111101111
110000000000001110101100000000000000000000000001111100100000000000000000000100000000000000000000000000000000000011110011100010000001111110000000000111000000111100000000000000000011010011100000000000000000000000111100000000000000000000111000000000000000000000000000000000000000000000000000000000000000000000000000000000001111101111
110000000000001110101100000000000000000000000001111001100000000000000000000000000000000000000000000000000000000011110011100010000001111101111000000110100000111000000001000000000011100011100000000000000000000000111100000000000000000000000100000000000000000000000000000000000000000000000000000000000000000000000000000000001111101111
111101111111111111111111111111111111111111111111111111111111111111111111111111111111111111111111111111111111111111111111111111111111111111111111111111111111111111011111111111111111111111111111111111111111111111111111111111111111111111111111111111111111111111111111111111111111111111111111111111111111111111111111111111111111111111
111111111111111111111111111111111111111111111111111111111111111111111111111111111111111111111111111111111111111111111111111111111111111111111111111111111111111111111111111111111111111111111111111111111111111111111111111111111111111111111111111011111011111111111111111111111111111111111111111111111111111111111111111111111111111111
111111111111111111111111111111111111111111111111111111111111111111111111111111111111111111101111111111111111111111111111111111111111111111111111111111111111111111111111111111111111011111111111111111111111111111111111111111111111111111111111111111111111111111111111111111111111111111111111111111111111111111111111111111111111111111
111101111011111111111111100000011101101111101101111001111111011111111011110001111101111101111110001000011110000011110111110001011011100000000000000000011010111101001100011001111011100111110000000000000000000000111111111111110110000000000101111111111000111111111100111111011001100111011000000011001010111101110011110000001111101111
111111111111111111111111111111111111111101111111111111111111111111111111111111111111111111111111111111111111111111111111111111111111111111111111111111111111111111111111111111111111111111111111111111111111111111111111111111111111111111111111111111111111111111111111111111111111111111111111111111111111111111111111111110111111111111
111111111111111111111111111111111111111111111111111111111111111111111111111111111111111111111111111111111111111111111111111111111111111111111111111111011111111111111111111111111111111111111111111111111111111111111111111111111111110111111111111111111111111111111111111111111111111111111111111111111111111111111111111111111111111111
110000000000001111101111110000011010001111001101111001101100000000000000000001111101011111111110111011011111110011111111111111100011111111111111111111011100111011110010100000000011001011111100111100101101111110111111111111110001110011000100000000000000000000000000000000000000000000000000000000000000000110000011111111001111101111
111111111111111111111111111111111111111111111111111111111111011111111111111111111111111111111111111111111111111111111111111111111111111111111111111111111111111111110111111111111111111111111111111111111111111111111111111111111111111111111111111111111111111111111111111111111111111111111111111111111111111111111111111111111111111111
110000000000000000000000000000000000000000000001111010100000000000000000000110000000000000000000000000011000000011110011100010000001100000000000000000011001111000010000000000000011100011100000000000000000000000111111110000000001100100000000000000000000000000000000000000000000000000000000000000000000000000000000000000001111101111
110000000000001111111111111111111110001110000101111010110111011110111101010110011000011111111111000110011001110011111111110001101011111111111111110111011111111100110011100000000011011111110000000000000000000000111111110000000001110000000000111111000011111110111100000000000000000000000111111111011010111100000000001111001111101111
111111111111111111111111111111111111111111111111111111111111111111111111111111111111111111111111111111111111111111111111111111011111111111111111111111111111111111111111111111111111111111111111111111111111111111111111111111111111111111111111111111111111111111111111111111111111111111111111111111111111111111111111111111111111101111
110000000000000000000000000000000000000000000001111100100000000000000000000100000000000000000000000000011000000011110011100010000001100000000000000000011010111000000010000000000011010011100000000000000000000000111100000000000000000000111000000000000000000000000000000000000000000000000000000000000000000000000000000000001111101111
110000000000000000000000000000000000000000000001111001100000000000000000000000000000000000000000000000011000000011111011100010000001100000000000000000011001111010000000000000000011010011100000000000000000000000111100000000000000000000000100000000000000000000000000000000000000000000000000000000000000000000000000000000001111101111
111111111111111111111111111111111111111111111111111111111111111111111111111111111111111111111111111111111111110111111111111111111111111111111111111111111111111111111111111111111111111111111111111111111111111111111111111111111111111111111111111111111111111111111111111111111111110111111111111111111111111111111111111111111111111111
111110000000001110011100100000011001011110101111111001111011111111101101111010111100100000000000000010111011100111110111100011000011111101111011010110111110111011010110111110010011010011111100011101001110111011111111111111110100000000111101111100100011111110111100110000000000000000000111001111101000000000000000001101001111111111
110000000000001111111111111111011110101110001101111001110011100000000000011011000000011110000000000011100000000011111011111000000001111111111000000111011010111101100000111011111111011011111111111110010000111011111111111111110011101101111110111111110010111111111100000000000000000000000110111111001101000101111100001100101111111111
110000000000001110101100000000000000000000000001111001100000000000000000000000000000000000000000000000000000000011110011110000000001100000000000000000011001111010000000000000000011000111110000000000000000000000111100000000000000000000000100000000000000000000000000000000000000000000000000000000000000000000000000000000001111101111
111101111011011110111111100000011010100000001001111001111111011110101001000010000000111101101111110000011101100111110111111000000001111111111111011111011111111110101011100000000011101111101100000000001111111010111100000000000000000000111101111011010100111111111100000000000000000000000110111111010000111000000000001100101111101111
111101111111111111111111111111111111111111111111111111111111111111111111111111111111111111111111111111111111111111110111111111111111111111111111111111111111111111111111111111111111111111111111111111111111111111111111111111111111111111111111111111111111111111111111111111111111111111111111111111111111111111111111111111111111111111
110000000000001110101100000000000000000000000001111100100000000000000000000100000000000000000000000000000000000011110011110000000001100000000000000000011001111000001000000000000011001011100000000000000000000000111100000000000000000000111000000000000000000000000000000000000000000000000000000000000000000000000000000000001111101111
111111111111111111111111111111111111111111111111111111111111111111111111111111111111111111111111111111111111111111111111111111111111111111111111111111111111111111111111111011111111111111111111111111111111111111111111111111111111111111111111111111111111111111111111111111111111111111011111111111111111111111111111111111111111111111
110000000000001110101111100000011011001110101111111011100111111111011110100111011111111101111111001011111101110111111011110001101011111101111111111111100000111111010101111100101111100011100000000000000000111110111111111111111111110010000110111101000010111110111011111111011111111110111111000011111001000101110011111101001111101111
111111111111111111111111111111111111111101111111111111111111111111111111111111111111111111111111111111111111111111111111111111111111111111111111111111111111111111011111111111111111111111111111111111111111111111111111111111111111111111111111111111111111111111111111111111111111111111111111111111111111111111111111111111111111111111
110000000000000000000000000000000000000000000001111100100000000000000000010100000000000000000000000000011000000011110011100010000001100000000000000000011100111010000000000000000011100011100000000000000000000000111100000000000000000000111000000000000000000000000000000000000000000000000000000000000000000000000000000000001111101111
110000000000000000000000000000000000000000000001111100101000000000000000000100000000000000000000000000011000000011110011100010000001100000000000000000011100111000000010000000000011010011100000000000000000000000111100000000000000000000111000000000000000000000000000000000000000000000000000000000000000000000000000000000001111101111
111111111111111111111111111111111111111111111111111111111111111111111111011111111111111111111111111111111111111111111111111111111111111111111111111111111111111111111111111111111111111111111111111111111111111111111111111111111111111111111111111111111111111111111111111111111111111111011111111111111111111111111111111111111111111111
111111111111111111101111111111111111111111111111111111111111111111111111111111111111111111111111111111111111111111111111111111111111111111111111111111111111111110111111111111111111111111111111111111111111111111111111111111111111111111111111111111111111111111111111111111111111111111111111111111111111111111111111111111111111111111
110000000000000000000000000000000000000000000001111100100000000000000000000100000000000000000000000000011000000011110011100010000001111110000000000111000000111000000010000000000011000111100000000000000000000000111100000000000000000000111000000000000000000000000000000000000000000000000000000000000000000000000000000000001111111111
111110000000001110111111110000011110110000011001111001111011111000000001111001111101011101101110010100011011110011111111110001011111100000000000000000011011111101010110000000000011111111101111011110011111000000111111111111100011110011111100111000101010111111111111101111111101110111111110110011110001111110000011111101001111101111
110000000000001110101100000000000000000000000001111001100000000000000000000000000000000000000000000000000000000011110011110000000001100000000000000000011010111010000000000000000011010011100000000000000000000000111100000000000000000000000100000000000000000000000000000000000000000000000000000000000000000000000000000000001111101111
111110000000001110111110101111011001001110111111111101100111011111101101111100000000111111100000000000011110000011111011110001110011100000000000000000011010111100000010011000001011010011110000000000000000111010111111111111100010000000111111111001011010111110111011101111011011101111001000000011011101000000000011110000001111111111
110000000000000000000000000000000000000000000001111100100000000000000000000100000000000000000000000000011010000011110011100010000001100000000000000000011010111000010000000000000011000111100000000000000000000000111100000000000000000000111000000000000000000000000000000000000000000000000000000000000000000000000000000000001111101111
110000000000000000000000000000000000000000000001111001100000000000000000000000100000000000000000000000011000000011110011100010000001100000000000000000011010111000000010000000000011001011100000000000000000000000111100000000000000000000000100000000000000000000000000000000000000000000000000000000000000000000000000000000001111101111
111111111111111111111111111111111111111111111111111111111111111111111111111111111111111111111111111111111111111111111111111111111111111111111111111111111111111011111111111111111111111111111111111111111111111111111111111111111111111111111111111111111111111111111111111111111011111111111111111111111111111111111111111111111111111111
111111111111011111001100001111111101111101000001111001111011011111110000000001011000111011111110110010011011101011111011100011000011111101111011100111100000111011100101011011111111001011101110111110111110111110111111110000000001111111000111111100101010110000000000001111111001101110111000000011110001111101111100001111001111101111
111111111111111111111111111111111111111111111111111111111111111111111111111111111111111111111111111111111111111111111111111111110111111111111111111111111111111111111111111111111111111111111111111111111111111111111111111111111111111111111111111111111111111111111011111111111111111111111111111111111111111111111111111111111111111111
111111111111111111111111111111111111111111111111111111111111111111111111110111111111111111111111111111111111111111111111111111111111111111111111111111111111111111111111111111111111111111111111111111111111111111111111111111111111111111111111111111111111111111111111111111111111111111111111111111111111111111111111111101111111111111
111111111111111111111111111111111111111111111111111111111111111111111111111111111111111111111111111111111111111111111111111111101111111111111111111111111111111111111111111111111111111111111111111111111111111111111111111111111111111111111111111111111011111111111111111111111111111111111111111111111111111111111111111111111111111111
111111111111111110111111111111111111111110111111111111111111111111111111111111111111111111111111111111111111111111111111111111111111111111111111111111111111111111111111111111111111111111111111111111111111111111111111111111111111111111111111111111111111111111111111111111111111111111111111111111111111111111111111111111111111111111
110000000000000000000000000000000000000000000001111001110000000000000000000000000000000000000000000000011000000011110011100010000001100000000000000000011010111000001000000000000011010011100000000000000000000000111100000000000000000000000100000000000000000000000000000000000000000000000000000000000000000000000000000000001111101111
110000000000000000000000000000000000000000000001111100100000000000000000000100100000000000000000000000011000000011110011100010000001100000000000000000011001111000001000000000000011001011100000000000000000000000111100000000000000000000111000000000000000000000000000000000000000000000000000000000000000000000000000000000001111101111
111111111011111111011100110000011001101110011101111001101111011110111000111101100000000001101111010110111101101011110011100010000001111101111111010111000000111101011000011111001111000111101100111100101110000000111100000000000000000000000101111010100011110000000000000000000000000000000111110011100001111100000011110000001111111111
111101111111011110111100100000000000011111101011111110100100000000000000000110011000000001111110001110111011111111110011111111001111111111111011100111111011111101011010111001100011110011111100011111100000111111111111111111100011111110111101111110010111111110111011001111111010111111001000000011110001111000000011111110001111111111
111111111111111111111111111111111011111111111111111111111111111111111111111111111111111111111111111111111111111111111111111111111111111111111111111111111111111111111101111111111111111111111111111111111111111111111111111111111111111111111111111111111111111111111111111111111111111111111111111111111111111111111111111111111111111111
111111110111111111111111111111111111111111111111111111111111111111111111111111111111111111111111111111111111111111110111111111111111111111111111111111111111111111111111111111111111111111111111111111111111111111111111111111111111111111111111111111111111111111111111111111111111111111111111111111111111111111111111111111111111111111
110000000000000000000000000000000000000000000001111001100000000000000000010000000000000000000000000000011000000011110011100010000001100000000000000000011100111010000000000000000011100011100000000000000000000000111100000000000000000000000101000000000000000000000000000000000000000000000000000000000000000000000000000000001111101111
~~~
0.0 2.0 177.0 626.0 3299.0
0.0 124.0 115.0 372.0 2118.0
0.0 117.0 111.0 443.0 2129.0
0.0 2.0 178.0 619.0 3300.0
0.0 2.0 178.0 617.0 3304.0
0.0 167.0 100.0 242.0 1671.0
0.0 276.0 29.0 116.0 534.0
0.0 2.0 178.0 623.0 3309.0
0.0 279.0 26.0 112.0 504.0
0.0 2.0 177.0 626.0 3297.0
0.0 2.0 178.0 620.0 3308.0
0.0 2.0 178.0 625.0 3305.0
0.0 282.0 25.0 101.0 489.0
0.0 1.0 178.0 626.0 3313.0
0.0 2.0 179.0 618.0 3301.0
0.0 282.0 24.0 105.0 478.0
0.0 117.0 118.0 386.0 2137.0
0.0 280.0 27.0 104.0 502.0
0.0 280.0 28.0 104.0 495.0
0.0 2.0 177.0 626.0 3299.0
0.0 165.0 90.0 349.0 1653.0
0.0 2.0 179.0 618.0 3304.0
0.0 279.0 27.0 111.0 508.0
0.0 207.0 66.0 234.0 1269.0
0.0 2.0 177.0 626.0 3304.0
0.0 145.0 107.0 354.0 1872.0
0.0 279.0 28.0 106.0 505.0
0.0 2.0 178.0 621.0 3309.0
0.0 124.0 114.0 386.0 2080.0
0.0 144.0 100.0 350.0 1880.0
0.0 278.0 25.0 107.0 518.0
0.0 2.0 179.0 619.0 3305.0
0.0 2.0 179.0 621.0 3298.0
0.0 134.0 108.0 345.0 2016.0
0.0 163.0 90.0 307.0 1653.0
0.0 2.0 177.0 626.0 3301.0
0.0 271.0 35.0 110.0 564.0
0.0 2.0 178.0 626.0 3301.0
0.0 2.0 179.0 623.0 3296.0
0.0 2.0 178.0 622.0 3298.0
0.0 141.0 97.0 378.0 1854.0
0.0 139.0 108.0 323.0 1936.0
0.0 282.0 25.0 104.0 485.0
0.0 282.0 25.0 105.0 472.0
0.0 1.0 178.0 626.0 3316.0
0.0 155.0 97.0 311.0 1783.0
0.0 280.0 26.0 109.0 496.0
0.0 2.0 178.0 619.0 3306.0
0.0 275.0 32.0 105.0 521.0
0.0 127.0 113.0 382.0 2017.0
0.0 270.0 34.0 115.0 584.0
0.0 2.0 177.0 626.0 3302.0
0.0 282.0 25.0 101.0 475.0
0.0 131.0 112.0 354.0 1999.0
0.0 282.0 25.0 105.0 466.0
0.0 163.0 90.0 298.0 1697.0
0.0 117.0 122.0 380.0 2135.0
0.0 132.0 104.0 410.0 1992.0
0.0 278.0 25.0 104.0 520.0
0.0 2.0 178.0 626.0 3304.0
0.0 112.0 120.0 395.0 2186.0
0.0 109.0 118.0 418.0 2222.0
0.0 1.0 179.0 624.0 3312.0
0.0 283.0 24.0 102.0 464.0
0.0 2.0 178.0 621.0 3306.0
0.0 282.0 26.0 99.0 482.0
0.0 2.0 178.0 625.0 3300.0
0.0 139.0 103.0 375.0 1932.0
0.0 2.0 177.0 626.0 3301.0
0.0 128.0 116.0 350.0 2029.0
0.0 276.0 28.0 110.0 531.0
0.0 2.0 177.0 626.0 3299.0
0.0 2.0 178.0 626.0 3309.0
0.0 157.0 95.0 313.0 1781.0
0.0 189.0 76.0 280.0 1439.0
0.0 273.0 30.0 124.0 567.0
0.0 269.0 31.0 132.0 592.0
0.0 2.0 177.0 626.0 3297.0
0.0 278.0 27.0 119.0 515.0
0.0 2.0 177.0 626.0 3309.0
0.0 132.0 105.0 341.0 1975.0
0.0 276.0 29.0 119.0 536.0
0.0 276.0 30.0 114.0 537.0
0.0 152.0 95.0 329.0 1777.0
0.0 169.0 95.0 295.0 1622.0
0.0 278.0 27.0 106.0 522.0
0.0 2.0 178.0 622.0 3310.0
0.0 282.0 26.0 98.0 484.0
0.0 131.0 112.0 358.0 1996.0
0.0 173.0 90.0 258.0 1575.0
0.0 170.0 89.0 302.0 1641.0
0.0 2.0 178.0 622.0 3307.0
0.0 282.0 25.0 102.0 481.0
0.0 170.0 92.0 294.0 1626.0
0.0 188.0 72.0 304.0 1451.0
0.0 160.0 99.0 284.0 1698.0
0.0 95.0 125.0 459.0 2358.0
0.0 140.0 100.0 355.0 1900.0
0.0 2.0 178.0 624.0 3299.0
0.0 110.0 122.0 427.0 2196.0
0.0 1.0 179.0 624.0 3318.0
0.0 2.0 178.0 621.0 3298.0
0.0 142.0 102.0 373.0 1885.0
0.0 185.0 83.0 256.0 1450.0
0.0 2.0 177.0 626.0 3301.0
0.0 141.0 104.0 354.0 1942.0
0.0 1.0 178.0 626.0 3314.0
0.0 279.0 29.0 104.0 519.0
0.0 272.0 29.0 126.0 571.0
0.0 272.0 29.0 129.0 574.0
0.0 2.0 178.0 626.0 3299.0
0.0 2.0 179.0 617.0 3304.0
0.0 2.0 178.0 624.0 3302.0
0.0 136.0 102.0 368.0 1974.0
0.0 2.0 178.0 621.0 3293.0
0.0 2.0 178.0 618.0 3303.0
0.0 164.0 86.0 324.0 1663.0
0.0 2.0 178.0 623.0 3308.0
0.0 275.0 33.0 97.0 540.0
0.0 149.0 101.0 325.0 1828.0
0.0 2.0 179.0 626.0 3296.0
0.0 280.0 27.0 106.0 499.0
0.0 282.0 27.0 96.0 484.0
0.0 2.0 177.0 626.0 3304.0
0.0 145.0 96.0 387.0 1887.0
0.0 143.0 105.0 342.0 1910.0
0.0 278.0 29.0 106.0 516.0
0.0 156.0 92.0 350.0 1768.0
0.0 2.0 177.0 626.0 3301.0
0.0 276.0 30.0 114.0 533.0
0.0 2.0 178.0 621.0 3302.0
0.0 111.0 115.0 429.0 2213.0
0.0 2.0 179.0 621.0 3293.0
0.0 279.0 27.0 111.0 501.0
0.0 279.0 27.0 112.0 501.0
0.0 2.0 178.0 619.0 3304.0
0.0 2.0 179.0 620.0 3296.0
0.0 275.0 28.0 112.0 538.0
0.0 127.0 105.0 414.0 2005.0
0.0 279.0 27.0 108.0 511.0
0.0 158.0 90.0 333.0 1741.0
0.0 279.0 27.0 110.0 509.0
0.0 282.0 25.0 100.0 469.0
0.0 2.0 179.0 614.0 3303.0
0.0 122.0 120.0 357.0 2092.0
0.0 2.0 178.0 619.0 3304.0
0.0 2.0 179.0 624.0 3308.0
0.0 2.0 179.0 618.0 3303.0
0.0 2.0 178.0 620.0 3300.0
0.0 282.0 26.0 98.0 486.0
0.0 279.0 28.0 106.0 501.0
0.0 163.0 88.0 327.0 1758.0
0.0 117.0 113.0 389.0 2147.0
0.0 2.0 177.0 626.0 3310.0
0.0 2.0 177.0 626.0 3300.0
0.0 281.0 25.0 111.0 486.0
~~~
14.4835519791
