110000000000000000000000000000000000000000000001111001100000000000000000000000000000000000000000000000011000000011110011100010000001111101111000000110100000111000001000000000000011001011100000000000000000000000111100000000000000000000000100000000000000000000000000000000000000000000000000000000000000000000000000000000001111101111
111111111111111111111111111111111111111111111111111111111111011111111111111111111111111111111111111111111111111111111111111111111111111111111111111111111111111111111111111111111111111111111111111111111111111111111111111111111111111111111111111111111111111111111111111111111111111111111111111111111111111111111111111111111111111111
110000000000001110101110000000000000000000000001111001100000000000000000000000000000000000000000000000000000000011110011110000000001100000000000000000011100111000001000000000000011001011100000000000000000000000111100000000000000000000000100000000000000000000000000000000000000000000000000000000000000000000000000000000001111101111
111111111011100000000000000000000000000000000001111100111000000000000000010111111111011111111111011100011000000011111111100011111111111101111011111111111011111100100001111110011111111011100000000000000000111010111111111111100110000000111110111010011100111110111111100000000000000000000111001111001000111101111111111110001111111111
110000000000000000000000000000000000000000000001111001100000000000000000000000000000000000000000000000011000000011110011100010000001100000000000000000011001111000000100000000000011000111100000000000000000000000111100000000000000000000000100000000000000000000000000000000000000000000000000000000000000000000000000000000001111111111
110000000000001110101100000000000000000000000001111100100000000000000000000100000000000000000000000000000000000011110011110000000001100000000000000000011010111000010000000000000011001011100000000000000000000000111100000000000000000000111000000000000000000000000000000000000000000000000000000000000000000000000000000000001111101111
110000000000001111101100000000000000000000000001111001100000000000000000000000000000000000000000000000000000000011110011110000000001100000000000000000011100111010000000000000000011100011100000000000000000000000111100000000000000000000000100000000000000000000000000000000000000000000000000000000000000000000000000000000001111101111
111101111011011110101111001111111010000000010001111100100011111110101011110111100000111101101000000000011110000011111111110000000001100000000000000000011010111000100010111001111111111111111111011111010000000000111100000000000000000000111101000000000000000000000000000000000000000000000000000000000000111110000011111111011111111111
111101111011111111101100101111111001100000000011111001101000000000000000000010111100000001111111011000011111101011110011110011010011111101111111111110100000111011010001011001101111001111101111011111011111111111111111111111111011111001000101111001011101111110111111111111111001111111011111001111100000000100000011111100011111101111
111111111111111111111111111111111111111111111111111111111111111111111111111111111111111111111111111111111111111111111111111111111111111111111111111111111111111111111111111111111111111111111111111111111111111111111111111111111111111111111111111111111111111111111111011111111111111111111111111111111110111111111111111111111111111111
111111111111111111111111111111111111111111111111111111111111111111111111111111111111111111111111111111111111111111111111111111111111111111111111111111111111111111111111111111011111111111111111111111111111111111111111111111111111111111111111111111111111111111111111101111111111111111111111111111111111111111111111111111111111111111
111111111111111111111111111111111111111111111111111111111111111111111111111111111111111111111111111111111111111111111111111111111111111111111111111111111111111111111111111111111111111111111111111111111111111110111111111111111111111111111111111111111111111111111111111111111111111111111111111111111111111111111111111110111111111111
111111111111111111111111111111111111111111111111111111111111111111111111111111111111111111111111111111111111111111111111111111111011111111111111111111111111111111111111111111111111111111111111111111111111111111111111111111111111111111111111111111111111111111111111111111111111101111111111111111111111111111111111111111111111111111
111101111011011111001110001111100000001110110101111100100011011000000001110100011000000001111111010110011011111011111011100010000001100000000000000000011110111111011100111011100011010011101111011101011111000000111111111111101110000000111100111101010011111110111111000000000000000000000000000011101101000111111111110000001111111111
110000000000000000000000000000000000000000000001111001100000000000000000000000000000000000000000000000011000000011110011100010000001100000000000000000011100111100000000000000000011001011100000000000000000000000111100000000000000000000000110000000000000000000000000000000000000000000000000000000000000000000000000000000001111101111
110000000000000000000000000000000000000000000001111010100000000000000000000110000000000000000000000000011000000011110011100010000001100000000000000000011001111001000000000000000011010011100000000000000000000000111111111110000000000000000000000000000000000000000000000000000000000000000000000000000000000000000000000000001111101111
110000000000000000000000000000000000000000000001111100101000000000000000000100000000000000000000000000011000000011110011100010000001100000000000000000011010111000000010000000000011010011100000000000000000000000111100000000000000000000111000000000000000000000000000000000000000000000000000000000000000000000000000000000001111101111
111101111011111110011110111111011100101100110011111111111011111000000000110111000000011011101111001111011111110111111111100011111111111111111100000110100000111110010101011010001111010011111100011111000000111001111111111111101011101100111110111011000001110000000000000000000000000000000111111111101100000111110000001101011111101111
111111111111111111111111111111111110111111111111111111111111111111111111111111111111111111111111111111111111111111111111111111111111111111111111111111111011111111111111111111111111111111111111111111111111111111111111111111111111111111111111111111111111111111111111111111111111111111111111111111111111111111111111111111111111111111
110000000000001110101100000000000000000000000001111001100000000000000000000000000000000000000000000000000000000011110011110000000001100000000000000000011100111000100000000000000011001011100000000000000000000000111100000000000000000000000100000000000000000000000000000000000000000000000000000000000000000000000000000000001111101111
111111111111101111111111111111111111111111111111111111111111111111111111111111111111111111111111111111111111111111111111111111111111111111111111101111111111111111111111111111111111111111111111111111111111111111111111111111111111111111111111111111111111111111111111111111111111111111111111111111111111111111111111111111111111111111
111111111111111111111110111111111111111111111111111111111111111111111111111111111111111111111111111111111111111111111111111111111111111111111111111111111111111111111111111111111111111111111111111111111111111111111111111111111111111111111111111111111111111111111111111111111111111111111111111111111111111111111111111111111111111111
111111111111101111111111111111111111111111111111111111111111111111111111111111111111111111111111111111111111111111111111111111111111111111111111111111111111111111111111111111111111111111111111111111111111111111111111111111111111111111111111111111101111111111111111111111111111111111111111111111111111111111111111111111111111111111
110000000000001111101100111111111100101101011111111100110100000000000000011110011000111101111111101100011101100111110011110000000001111111111100000110111001111110100011011001100011101011111110011101011101111111111111110000000001111111111101000000000000000000000000000000000000000000000000000000000000111000000000001101011111111111
111111110111101110101110101111000000001111110001111001111111011111111000110010111100011101110000000010011101110011111011100010000001111111111100000110111101111110101011100000000011011111111111111101010000000000111100000000000000000000000100111010000011111111111100001111011010101111111111110011100001111001111111111111111111101111
111111111011011111101111000000000000001101111001111001111111011110001101000100000000011101101111010000011100000011111011111101101111111111111011011110111101111100100011000000000011101111111111100000001101000000111111111111110100000000111111111111001011111111011011110000000000000000000110110011110001000110000000001101101111101111
110000000000000000000000000000000000000000000001111001100000000000000000000000000000000000000000000000011000000011110011100010000001111110000000000111000000111010000000000000000011010011100000000000000000000000111100000000000000000000000100000000000000000000000000000000000000000000000000000000000000000000000000000000001111101111
111111111011111111111111101111100000000000011001111010111011011110101011100110011101011101101110001100011100000011110111110001111111111110000000000111011010111111111000011010001011110011111110111101111111111011111111111111110111111100000100000000000000000000000000000000000000000000000000000000000000000101110000000000001111111111
111111111111111111111111111111111111111111111111111111111111111111111111111111111111111111111111111111111111111111111011111101111111111111111111111111111111111111111111111111111111111111111111111111111111111111111111111111111111111111111111111111111111111111111111111111111111111111111111111111111111111111111111111111111111111111
110000000000001110101100000000000000000000000001111001100000000000000000000000000000000000000000000000000000000011110011100010000001100000000000000000011010111000001000000000000011100011100000000000000000000000111100000000000000000000000100000000000000000000000000000000000000000000000000000000000000000000000000000000001111101111
110000000000001110101100000000000000000000000001111100100000000000000000000100000000000000000000000000000000000011110011100010000001111110000000000110100000111100000000000000000011100011100000000000000000000000111100000000000000000000111000000000000000000000000000000000000000000000000000000000000000000000000000000000001111101111
111101111011011111001100000000011101101111000111111001111000000000000000010000111000011111101111110110011000000011111011100011010111100000000000000000011101111001100101000000000011111111111110111101001111111111111111110000000001111010111100000000000000000000000000000000000000000000000000000000000000111110000011111101001111101111
111101111011011111101110000000011010001100111101111001110111111110110100011100011100111111111110010010011010000011111111111100000001100000000000000000011111111010101011011101101011011011101111100000001110111001111100000000000000000000111100111011001000111111111100001111111011100110111110001111100000000101110011111111111111111111
110000000000000000000000000000000000000000000001111001100000000000000000000000000000000000000000000000011000000011110011100010000001111101111000000110100000111000000001000000000011000111100000000000000000000000111100000000000000000000000100000000000000000000000000000000000000000000000000000000000000000000000000000000001111101111
110000000000001110111111111111111001011101001101111001100100000000000000011010111101100001111111101011111011111111111111100010000001111110000000000111011100111001001001111100100011011111111110100000001111111100111111111111101011111010000100111010110100111111011111110000000000000000000000000011111011000000000000001110111111101111
111111111111111111111111111111111111111111111111111111111111111111111111111111111111111111111111111111111111111111111111111111111011111111111111011111111111111111111111111111111111111111111111111111111111111111111111111111111111111111111111111111111111111111111111111111111111111111111111111111111111111111111111111111111111111111
111111111011101110111100110000011001011101011111111100100011111000000001100111100000111100000000000010011101110011111011111111010011111101111111110111011101111001100010111100111011010111111100100000000000111101111111111111111101110110111000111100101011111110111100110000000000000000000000000011101111111110000000000000001111101111
111101110111101110111110101111011101011110001001111111100011111110011011011110011110000000000000000000011011110011110111111111011011111111111011101111100000111101110111011101011011011011111110100000001110000000111111111111110101110000111100111001000001111111011111001111111101110111101110001111111100111100000011111110101111111111
111111111111111111111111111111111111111111111111111101111111111111111111111111111111111111111111111111111111111111111111111111111011111111111111111111111111111111111111111111111111111111111111111111111111111111111111111111111111111111111111111111111111111111111111111111111111111111111111111111111111111111111111111111111111111111
110000000000000000000000000000000000000000000001111100100000000000000000000100000000100000000000000000011000000011110011100010000001111110000000000110100000111100000000000000000011100011100000000000000000000000111100000000000000000000111000000000000000000000000000000000000000000000000000000000000000000000000000000000001111101111
111101111111101111001111100000011110001110000011111001100011011110011111011000011111011011111111101111111010000011110011100011000111100000000000000000011010111010000101111101111011010011111110111111101101111010111111111111101111101100111111111000110010110000000000001111011111101111111000000011101111000000000011111111101111111111
110000000000001110101100000000000000000000000001111001100000000000000000000000000000000000000000000000000000000011110011110000000001100000000000000000011100111000000100000000000011000111100000000000000000000000111100000000000000000000000100000000000000000000000000000000000000000000000000000000000000000000000000000000001111101111
111110000000001111111111100000011111111111101001111010101111111111111010111111011000111011111110101110000000000011110111111101010111100000000000000000011011111001100001111101101111011011101100111110100000111101111111111111110111111101000110111000100110111111011100101111011111100110101110110011101000000100000011111101111111111111
110000000000001111001100101111000000001110100001111001111111011111110010111011011111000001111110010010111111100111111011100011011111111101111111010110100000111111010000011011000111101111101100011100100000111010111111111110000000000000111111111101101100111110111011011111011010111111111111001111011011000110000000001100111111111111
110000000000000000000000000000000000000000000001111010100000000000000000000110000000000000000000000000011000000011110011100010000001100000000000000000011010111000000001000000000011000111100000000000000000000000111111110000000001100001000000000000000000000000000000000000000000000000000000000000000000000000000000000000001111101111
111111111111111111111111111111111110111111111111111111111111111111111111111111111111111111111111111111111111111111111111111111111111111111111111110111111111111111111111111111111111111111111111111111111111111111111111111111111111111111111111111111111111111111111111111111111111111111111111111111111111111111111111111111111111111111
110000000000000000000000000000000000000000000001111001100000000000000000000000000000000000000000000000011000000011110011100010000001100000000000000000011100111000010000000000000011100011100000000000000000000000111100000000000000000000000100000000000000000000000000000000000000000000000000000000000000000000000000000000001111101111
110000000000001111111110111111100000001110111001111010111000000000000000000110111110011100000000000000011101101011111111111011010111100000000000000000011011111011011000011111101011101111101100111110101110111011111111111111101011110100000000111011010111111110111111011111011110100110101000000011100000111111110011111101111111111111
110000000000001110101100100000000000000000000001111001100000000000000000000000000000000000000000000000000000000011110011110000000001100000000000000000011001111000100000000000000011010011100000000000000000000000111100000000000000000000000100000000000000000000000000000000000000000000000000000000000000000000000000000000001111101111
111111111111111111111111111111111111111111111111111111111111111111111111111111111111111111111111111111111111111111111111111111111111111111111111111111111111111111111111111111111111111111111111011111111111111111111111111111111111111111111111111111111111111111111111111111111111111111111111111111101111111111111111111111111111111111
110000000000001111011111001111011110111111100001111100111000000000000000011110000000011101101110100100000000000011111011100011000011111101111100000111111100111001101110111011011111001111101110011110111110000000111111110000000001100001111000111111000001111111011011010000000000000000000110111111100000111100000011110000001111111111
111111111111111111111111111111111111111111111111111111111111111111111111111111111111111111111111101111111111111111111111111111111111111111111111111111111111111111111111111111111111011111111111111111111111111111111111111111111111111111111111111111111111111111111111111111111111111111111111111111111111111111111111111111111111111111
110000000000000000000000000000000000000000000001111001100000000000000000000000000000000000000000000000011000000011110011100010000001100000000000000000011001111000000001000000000011001011110000000000000000000000111100000000000000000000000100000000000000000000000000000000000000000000000000000000000000000000000000000000001111101111
111101111011101110111111110000011100111110101111111010101011011111111001010110000000111111101111010111000000000011111011111001000011111111111011111111011111111110000111111111100111010011111100111111010000111111111111111111101100000000111000111011110110111111111111110000000000000000000110001111001011111111111111110000001111111111
110000000000000000000000000000000000000000000001111100100000000000000000000100000000000000000000000000011000000011110011100010000001111110000000000111000000111000100000000000000011100011100000000000000000000000111100000000000000000000111000000000000000000000000000000000000000000000000000000000000000000000000000000000001111101111
110000000000000000000000000000000000000000000001111001100000000000000000000000000000000000000000000000011000000011110011100010000001100000000000000000011010111000010000000000000011010011100000000000000000000000111100000000000000000000000110000000000000000000000000000000000000000000000000000000000000000000000000000000001111101111
110000000000001111011111101111011011110000000111111001100100000000000000011101011110011011111111010110111001110111110011100011101111100000000000000000011010111010011001111110001011001011111110000000001110111010111111111111111111100010000100111000100000110000000000001111011101110111011111111111011101000101111111110000001111111111
111110000000000000000000000000000000000000000001111110101011011110000010111110011100011101101000000010111010000011110111100011001011111111111011101111011110111101100111111100110011010111101110000000000000111100111111111111100111111000111111111011011100111111111011011111011010111111011110111111111101111110000000001101101111111111
111111111011011110111100001111111110010000001101111001100111111110111010111110111100011111110000000000011011100111110011111110000001111101111111110111000000111101011100011110110111000111100000000000000000000000111111111111110011110111000111111011010010111111011111011111011100100111011111111111011111111110000011111101111111111111
111111111011011111111100101111011001011111011101111001111111011000000000111001011101000001101111011100011111111111110011100011101111100000000000000000011101111100010111011111100011101011111111100000000000111010111111111111101111111011000111111011101110110000000000000000000000000000000111000011101111111111110000001101001111101111
111111111011111110011110111111011011010000011011111001111111111111000001100010111110100000000000000011111001111111111011100011110011111110000000000111011101111100111010011000100111011111111110111100100000111110111111111111110001100110111100111011110100111111111011110000000000000000000111111111110000000001110000001110101111111111
111111111111111111111111111111111111111110111111111111111111111111111111111111111111011111111111111111111111111111111111111111111111111111111111111111111111111111111111111111111111111111111111111111111111111111111111111111111111111111111111111111111111111111111111111111111111111111111111111111111111111111111111111111111111111111
111110000000001110101110111111111001011110111101111001100111111110101001110111100000000001101111010100000000000011111011110001001111111110000000000111000000111000010001000000000011011111100000000000000000111101111111111111111001100101000101111101110100110000000000001111011101100111011110001111100001000101111100000000001111111111
110000000000000000000000000000000000000000000001111001100000000000000000000000000000000000000000000000011000000011110011100010000001100000000000000000011010111000000010000000000011010011100000000000000000000000111100000000000000000000000100000000000000000000000000000000000000000000000000000000000000000100000000000000001111101111
111101111011100000000000000000000000000000000001111001100011011110001010111110000000111111101110001110111000000011111111100011001111111110000000000110111001111011100100000000000011111011111110000000001111111100111111110000000001111101111100111000100111111111011111100000000000000000000110111111100001111000000011111111101111111111
110000000000000000000000000000000000000000000001111001100000000000000000000000000000000000000000000000011000000011110011100010000001100000000000000000011100111000000010100000000011000111100000000000000000000000111100000000000000000000000100000000000000000000000000000000000000000000000000000000000000000000000000000000001111101111
111111111011111110101111111111100000011101110001111001100111011000000001100001011110011101111110001011111001111011110011100011011111111111111011110111011001111001000111011000101011010111101111100000001101000000111111111111101001101101111101111101111001111110111011001111011010100110111111111111011010000100000000001110101111111111
111111111111111111111111111111111111111111111111111111110111111111111111111111111111111111111111111111111111111111111111111111111111111111111111111111111111111111111111111111111111111111111111011111111111111111111111111111111111111111111111111111111111111111111111111111111111111111111111111111111111111111111111111111111111111111
110000000000000000000000000000000000000000000001111001100000000000000000000000000000000000000000000000011000000011110011100010000001111110000000000111000000111000100000100000000011000111100000000000000000000000111100000000000000000000000100000000000000000000000000000000000000000000000000000000000000000000000000000000001111101111
110000000000000000000000000000000000000000000001111001110000000000000000000000000000000000000000000000011000000011111011100010000001100000000000000000011010111000001000000000000011010011100000000000000000000000111100000000000000000000000100000000000000000000000000000000000000000000000000000000000000000000000000000000001111101111
111111110111111111101111111111100000001101000001111001110100000000000000000111111100000001101000000011111111111111110111100011011011111101111011010111011111111101101001011111000011010011111111100000001110111010111111111111110111101011111101111000001001110000000000001111011011100110101110111111001100111101111100001100111111111111
111111111111111111111111111111111111111111111111111111111111111111111111111111111111111111111111111111111111111111111111111111111111111111111111111111111111111111111111111111111111111111111111111111011111111111111111111111111111111011111111111111111111111111111111111111111111111111111111111111111111111111111111111111111111111111
111101111111101110111111100000011010101111110011111100101011111111101011010101111100111110000000000011011101101111111111100011110011111101111111001111000000111110101101011111010011100011111100111100101110111111111111110000000001101000111000111100010000111110111011101111111011110111001111110011011010111111110011110000001111111111
111111111111111111111111111111011111111111111111111111111111111111111111111111111111111111111111111111111111111111111111111111111111111111111111111111111111111111111111111111111111111111111111111111111111111111111111111111110111111111111111111111111111111111111111111111111111111111111111111111111111111111111111111111111111111111
111111111111111110111111110000011100101111001001111001100111011110001110010001011110000001100000000000011001100111110111111001001111100000000000000000011001111001010110111111010011001111101100111111011111000000111111111110000001110000111111111101010010111110111111101111111010111111111111000011111100111101111111111100101111111111
111111111111111111111111111111111111111111111111111111111111111111111111111111111111111111111111111111111111111111111111111111111111111111111111111111111111111111111011111111111111111111111111111111111111111111111111111111111111111111111111111111111111111111111111111111111111111111111110111111111111111111111111111111111111111111
111111111111111111111111111111111111111111111111111111111111111111011111111111111111111111111111111111111111111111111111111111110111111111111111111111111111111111111111111111111111111111111111111111111111111111111111111111111111111111111111111111111111111111111111111111111111111111111111111111111111111111111111111111111111111111
111111111111111111111111111111111111111111111111111111111111111111101111011111111111111111111111111111111111111111111111111111111111111111111111111111111111111111111111111111111111111111111111111111111111111111111111111111111111111111111111111111111111111111111111111111111111111111111111111111111111111111111111111111111111111111
110000000000000000000000000000000000000000000001111001100000000000000000010000000000000000000000000000011000000011110011100010000001100000000000000000011100111000000001000000000011001011100000000000000000000000111100000000000000000000000100000000000000000000000000000000000000000000000000000000000000000000000000000000001111101111
111101111011111111111110001111011111111101001001111111101111011111110101011111000000011101101000000011011110000011111111111100000001111110000000000111011010111100110011100000000011100111111100011110111111000000111111111110000001100011111110000000000000000000000000000000000000000000000000000000000000000100000011111100111111101111
111111111111111111111111111111111111111111111111111111111111111111111111111111111111111111111111111111111111111111111111111111111111111111111111111111111111111111111111111111110111111111111111111111111111111111111111111111111111111111111111111111111111111111111111111111111111111111111110111111111111111111111111111111111111111111
111111111111111111111111111111111111111111111111111111111111111111111111111111111111111111111111110111111111111111111111111111111111111111111111111111111111111111111111111111111111111111111111111111111111111111111111111111111111111111111111111111111111111111111111111111111101111111111111111111111111111111111111111111111111111111
111111111011111111111100100000011101001101101101111010100011011111110100100110011000100001101110001011011001111011110111111100000001111101111000000110100000111101010100111111110111101011100000000000000000000000111111111111110011101111000000111111101010110000000000000000000000000000000110110011101001111101111100001110111111111111
111111111011111111111111111111111111111111111111111111111111111111111111111111111111111111111111111111111111111011111111111111111111111111111111111111111111111111111111111111111111111111111111111111111111111111111111111111111111111111111111111111111111111111111111111111111111111111111111111111111111111111111111111111111111101111
111111111111111111111111111111011111111111111111111111111111111111111111111111111111111111111111111111111111111111111111111111111111111111111111111111111111111111111111111111111111111111111111111111111111111111111111111111111111111111111111111111111111111111111111111111111111111111111110111111111111111111111111111111111111111111
111111111111111111111111111111111111111111111111111111111111111111111111111111111101111111111111111111111111111111111111111111111111111111111111111111111111111111111111111111111111111111111111111111111111111111111111111111111111111111111111111111111111111111111111111111111111111111111111111111111111111111111111111111101111111111
110000000000001111001100000000000000000000000001111001100000000000000000000000000000000000000000000000000000000011110011100010000001100000000000000000011100111000100000000000000011000111100000000000000000000000111100000000000000000000000100000000000000000000000000000000000000000000000000000000000000000000000000000000001111101111
110000000000001110101100000000000000000000000001111100100000000000000000000100000000000000000000000000000000000011110011110000000001100000000000000000011001111000000010000000000011010011100000000000000000000000111100000000000000000000111000000000000000000000000000000000000000000000000000000000000000000000000000000000001111101111
110000000000000000000000000000000000000000000001111001100000000000000000000000000000000000000000000000011000000011110011100010000001100000000000000000011010111000000010000000000011100011100000000000000000000000111100000000000000000000000100000000000000000000000000000000000000000000000000000000000000000000000000000000001111101111
111111111011011110101100001111111100101110101111111110110111111000000000111110100000011010000000000011111100000011111011110010000001100000000000000000011100111010111000011001011111011011111100000000001110111010111111111111101000000000111000000000000000000000000000000000000000000000000000000000000000000101110011111111111111111111
110000000000000000000000000000000000000000000001111010100000000000000000000110000000000000000000000000011000000011110011100010000001100000000000000000011001111000000001000000000011000111100000000000000000000000111111110000000001100001000000000000000000000000000000000000000000000000000000000000000000000000000000000000001111101111
111110000000001110111111101111111101011110101101111100101011111111100101100110000000100001101000000011111011100111111011111000000001111101111011111110111001111111011100111100100011011011101110111110010000000000111111111111101010000000111110111010011011111110111011111111111011111111001000000011101100111001111100000000001111101111
111101111011101111101100111111111011001100100101111001111111111110100001000100011000011011111111010111111001111111111111110000000001111111111000000111000000111110101101011110011111010011111110000000000000000000111100000000000000000000000110111110011011111111011011110000000000000000000111111111101110000101110011111111101111101111
111111111111111111111111111111111111111111111111111011111111111111111111111111111111111111111111111111111111111111111111111111111111111111111111111111111111111111111111111111111011111111111111111111111111111111111111111111111111111111111111111111111111111111111111111111111111111111111111111111111111111111111111111111111111111111
110000000000001110011100000000000000000000000001111001100000000000000000000000000000000000000000000000000000000011110011100010000001100000000000000000011100111001000000000000000011001011100000000000000000000000111100000000000000000000000100000000000000000000000000000000000000000000000000000000000000000000000000000000001111101111
110000000000001111001110111111000000000000010011111001101100000000000000000000011101111111111110001111011000000011111111100010000001111111111000000111000000111101011010011010110111100111101100111100101101111111111100000000000000000000111110111010011001111110111100001111111011100110111000000011001101000001111100001110111111111111
111101110111101111101111000000000000011111001111111011110011011111101010011111011101111011111111111011000000000011110111110010000001111111111011101110111100111101101111111100010111001111100000000000000000111110111111110000000001100011000110111010010100110000000000001111011001100111001111111111110001000111110000000000001111111111
111111111111111111111111111111111111111111111111111111111111111111111111111111111111111111101111111111111111111111111111111111111111111111111111111111111111111111111111111111111111111111111111111111111111111111111111111111111111111111111111111111110111111111111111111111111111111111111111111111111111111111111111111111111111111111
111110000000001110111111100000011000110000001001111011110100000000000000010110011100111111111110101010111011110111110111111110000001111101111000000110111011111101100010111001110011100111111100111110011111111011111111111111100010000000111101111001000111111110111100000000000000000000000110110011111110111001111100000000001111111111
111110000000001111001111001111111011111111000011111001111111100000000000010110000000111011101110001011011011110011110011100011001011111111111000000111011101111110010100111010111011100111101100111111001110111001111111111111111101100110111110111111110011111110111100011111111010100111111110111111101010000000000000001110001111101111
111110000000000000000000000000000000000000000001111110100000000000000000011110011110000001101111111010011000000011110011100011010011100000000000000000011011111111101110011001110011101011111111000000001101111101111111111111110011101100111000111011011111111111111100000000000000000000000110111111101111111001110000000000001111101111
110000000000001110011100000000000000000000000001111001100000000000000000000000000000000000000000000000000000000011110011100010000001100000000000000000011100111000000001000000000011010011100000000000000000000000111100000000000000000000000100000000000000000000000000000000000000000000000000000000000000000000000000000000001111101111
110000000000001111011111101111111110100000001011111001101011111111010101010010111110011100000000000000000000000011110011100011001011100000000000000000011100111101001110111111101011110011111111011111100000111101111111111111101101110010000100111011000101111111011100100000000000000000000111111111001001111111110011111110001111111111
111111111111111111111111111111111111111111111111111111111111111111111111111111111111111111111111111111111111111111111111111111111111111111111111111111111111111111111111111111111111111111111111111111111111111111111111111111111111111111111111111111111110111111111111111111111111111111111111111111111111111111111111111111111111101111
110000000000000000000000000000000000000000000001111001100000000000000000000000100000000000000000000000011000000011110011100010000001111110000000000111000000111100000000000000000011100011100000000000000000000000111100000000000000000000000100000000000000000000000000000000000000000000000000000000000000000000000000000000001111101111
110000000000000000000000000000000000000000000001111001100100000000000000000000000000000000000000000000011000000011110011100010000001100000000000000000011001111001000000000000000011100011100000000000000000000000111100000000000000000000000100000000000000000000000000000000000000000000000000000000000000000000000000000000001111101111
110000000000001110111100111111111011011101101001111010100011111111100110110110111000011011101111011011111001110011110011111011001011111110000000000111111110111001000010011000100011000111101110111100110000000000111111111111100011101101111000111000101011111111011011111111111110111111101110110011100000000000000000000000001111101111
110000000000001110101100000000000000000000000001111001100000000000000000000000000000000000000000000000000000000011110011110000000001111110000000000111000000111000100000000000000011001011100000000000000000000000111100000000000000000000000100000000000000000000000000000000000000000000000000000000000000000000000000000000001111101111
110000000000000000000000000000000000000000000001111001100000000000000000000100000000000000000000000000011000000011110011100010000001100000000000000000011100111000001000000000000011001011100000000000000000000000111100000000000000000000000100000000000000000000000000000000000000000000000000000000000000000000000000000000001111101111
111111111111111111111111111111111111111111111111111111111111111111111111111111111111111111111111111111111111111111111111111111111111111111111111111111111111111111111111111111011111111111111111111111111111111111111111111111111111111111111111111111111111111111111111111111111111111111101111111111111111111111111111111111111111111111
110000000000000000000000000000000000000000000001111010100000000000000000000110000000000000000000000000011000000011110011100010000001111110000000000110100000111100000000000000000011000111100000000000000000000000111111110000000001100100000000000000000000000000000000000000000000000000000000000000000000000000000000000000001111101111
110000000000000000000000000000000000000000000001111100100000000000000000000100000000000000000000000000011000000011110011100010000001100000000000000000011001111000000010000000000011010011100000000000000000000000111100000000000000000000111000000000000000000000000000000000000000000000000000000000000000000000000000000000001111101111
110000000000000000000000000000000000000000000001111010100000000000000000000110000000000000000000000000011000000011110011100010000001100000000000000000011100111010000000000000000011000111100000000000000000000000111111110000000001100001000000000000000000000000000000000000000000000000000000000000000000000000000000000000001111101111
111101110111111110101100000000011001110000001001111100111111111111100011011101100000111010000000000010100000000011111011111110000001100000000000000000011010111010110000100000000011000111111111100000001101111011111100000000000000000000111000111010110110110000000000001111011100111110111110111111100001111101110000001101011111101111
110000000000000000000000000000000000000000000001111001100000000000000000000010000000000000000000000000011000000011110011100010000001100000000000000000011100111000100000000000000011000111100000000000000000000000111100000000000000000000000100000000000000000000000000000000000000000000000000000000000000000000000000000000001111101111
111111111111111111111111111111111111111111111111111011111111111111111111111111111111111111111111111111111111111111111111111111111111111111111111111111111111111111111111111111111111111111111111111111111111111111111111111111111111111111111111111111111111111111111111111111111111101111111111111111111111111111111111111111111111111111
111111111111111111111111111111111111111111111111111111111111111111111111111111111111111111111111111111111111111011111111111111111111111111111111111111111111111111111111111111111111111111111111111111111111111111111111111111111111111111111111111111111111111111111111111111111111111111111111111111111111111101111111111111111111111111
111110000000001110111111110000011001111111010101111100100011011110110010110101000000111011101111010010111011100111110111100010000001111111111111111110100000111000010110000000000011001011111111011101101101111101111111111111110001111100111000111000011001111110111011001111011101101111111110110011101001111101110000001100101111111111
111101111011101111111100001111111001011111101001111001110111011110010111111110111111000000000000000010111111101111111111100010000001111101111100000110111101111111001000011110011011010011100000000000000000111011111111111111111000000000000111111001011011111111011100010000000000000000000110110011011110111001110011111100101111111111
111101111011111111111110110000011100010000001011111001100111111111010011100110111100111100000000000010111001111111111011111101000011111111111011100111011110111101011111111001101111000111111110111111010000111110111111111111111101110001000110111001001000110000000000001111111001100111011000000011110000111110000011111110011111111111
110000000000001110101111110000000000011110011101111001110011111110111111110000100000100000000000000011000000000011111011111110000001111110000000000111011100111001000110011111110011011111101100111111110000000000111111111111110111101010000110111101110000111111111111011111111100111110101000000011001111000111110011111100011111111111
111111111111111111111111111111111111111111111111111111111111111111111111111111111110111111111111111111111111111111111111111111111111111111111111111111111111111111111111111111111111111111111111111111111111111111111111111111111111111111111111111111111111111111111111111111111111111111111111111111111111111111111111111111111111111111
111111111011111110111110111111011101011111000101111011101011011111110011000110011100000001111110111000011011101111110111110011110011100000000000000000011110111100001111011010010111101011111100100000001110000000111111110000000001110110000100000000000000000000000000000000000000000000000000000000000000111101111111110000001111111111
110000000000000000000000000000000000000000000001111001100000000000000000000000000000000000000000000000011000000011110111100010000001111110000000000111000000111000000010000000000011100011100000000000000000000000111100000000000000000000000100000000000000000000000000000000000000000000000000000000000000000000000000000000001111101111
111111111111111111111111111111111111111111111111111111111111111111111111111111111111111111111111111111111111110111111111111111111111111111111111111111111111111111111111111111111111110111111111111111111111111111111111111111111111111111111111111111111111111111111111111111111111111111111111111111111111111111111111111111111111111111
111111111111111111111111111111111111111111111111111111111111111111111111111111111111111111111111111111111111111111111111111111111111111111111111111111111111111111111111111111111111110111111111111111111111111111111111111111111111111011111111111111111111111111111111111111111111111111111111111111111111111111111111111111111111111111
111111111111111111111111111111111111111111111111111111111111111111111101111111111111111111111111111111111111111111111111111111111111111111111111111111111111111111111111111111111111111111111111111111111111111111111111111111111111111011111111111111111111111111111111111111111111111111111111111111111111111111111111111111111111111111
110000000000000000000000000000000000000000000001111010101111111000000001111111000000111111101000000010111000000011110011100010000001111101111011001110100000111110111010000000000011110011101100100000000000000000111111111111101011101110000111000000000000000000000000000000000000000000000000000000000000111111111100001101111111111111
111111111111111111111111111111111111111111111111111111111111111111111111111111111111111111111111111111111111111111111111111111111111111111111111101111111111111111110111111111111111111111111111111111111111111111111111111111111111111111111111111111111111111111111111111111111111111111111111111111111111111111111111111111111111111111
110000000000001110101100001111111100101101111101111111110011111000000001111110100000100001101110010011000000000011111111111111100011111110000000000110111001111000110010111000101111110111111100111101000000111011111111110000000001111010111111111100100101111111111100101111111001101111001000000011010000000101110000000000001111111111
110000000000000000000000000000000000000000000001111100100000000000000000000100000000000000000000000000011000000011110011100010000001111110000000000111000000111100000000000000000011010011100000000000000000000000111100000000000000000000111100000000000000000000000000000000000000000000000000000000000000000000000000000000001111101111
111111111111111111111111111111111111111111111111111111111111111111111111111111111111111111111111111111111111111111111111111111111111111101111111111111111111111111111111111111111111111111111111111111111111111111111111111111111111111111111111111111111111111111111111111111011111111111111111111111111111111111111111111111111111111111
110000000000000000000000000000000000000000000001111001101000000000000000000000000000000000000000000000011000000011110011100010000001111110000000000110100000111001000000000000000011100011100000000000000000000000111100000000000000000000000100000000000000000000000000000000000000000000000000000000000000000000000000000000001111101111
111111111011110000000000000000000000000000000001111001110011111110010100000000100000111111101000000010111000000011110011100011111111100000000000000000011001111101100110111111111011011011111100000000001101111011111111111111111001111001111111111000000011111110111111101111111010101110101110001111111000000111111100001100101111111111
111111111111111111111111111111111111111111111111111111111111111111110111111111111111111111111111111111111011111111111111111111111111111111111111111111111111111111111111111111111111111111111111111111111111111111111111111111111111111111111111111111111111111111111111111111111111111111111111111111111111111111111111111111111111111111
111101111011011111001110101111111101101111100111111101100111011110100000010101111100100000000000000011000000000011110011100011110011111101111100000110100000111000001011111101011011001011101111111101000000111001111111111111110011110101111111111001100000111111011100011111111010110111011110001111001100111101111111111111001111101111
110000000000000000000000000000000000000000000001111100100000000000000000000100000000000000000000000000011000000011110111100010000001100000000000000000011100111000100000000000000011010011100000000000000000000000111100000000000000000000111000000000000000000000000000000000000000000000000000000000000000000000000000000000001111101111
111111111011011111111110110000011101111101010001111110101011011000000000111110000000011111101111100111111111100111110011110001100011111110000000000111011111111110110101111110000111001011101110000000001110111111111111110000000001111111111000111011101110111111011100111111011111101111101111000011001101000111110000001110011111101111
111101111111101111101111110000011110101101001101111010111011111111101110111110111000100001101110010000000000000011110111100011100011100000000000000000011100111011110001011011000111110111100000000000000000000000111111111111101101111101000110111111010011111110111100011111011110101111011000000011011011111111110000001110001111111111
110000000000001111001100000000000000011100101111111001110011111111101000100010111100111101101111100110011001111111111111100011101011111101111100000110100000111101000011111011010111111111111110011101000000111101111111111111111100000000000110111110101100111111111011111111111100111111001111110011100000000111111111111111111111111111
110000000000001111001100000000000000001101111111111010101011111110011001010111011111011011110000000011111111100111111011100010000001111110000000000110111101111000010101011011010111101011111110111111010000111110111111110000000001101100111000111000110010111110111100110000000000000000000000000011011001000111111100001101101111111111
110000000000001111111110110000011010101111010011111001100011111111100111011100111110111101111110111111111111111011110011110000000001111101111111110111011011111100110000100000000011100111111110100000001101111100111111111111110001111101000100111100010110110000000000001111111010111111111111111111101110000001110000000000001111111111
111111111111111111111111111111111111111111111111111111111111111111011111111111111111111111111111111111111101111111111111111111111111111111111111111111111111111111111111111111111111111111111111111111111111111111111111111111111111111111111111111111111111111111111111111111111111111111111111111111111111111111111111111111111111111111
111111111011011111101100101111111000111111011001111100100011011111011011011100011110011101111110000111100000000011110011110011111011111111111011011111000000111111011100100000000011011111101110111110010000111001111111111110000001101111111101111011110000111111011100110000000000000000000000000011001010000000000011111111101111111111
111111110111101110101110001111100000001111101101111001100111111111111000000101000000100000000000000011011011111111111011111001010011111110000000000111011010111111010111111011010011010111101110000000001101111100111111111111101010000000000101111010010111110000000000001111011001101111101110001111111000111111111100000000001111111111
110000000000000000000000000000000000000000000001111001100000000000000000010000000000000000000000000000011000000011110011100010000001100000000000000000011001111000000100000000000011001011100000000000000000000000111100000000000000000000000100000000000000000000000000000000000000000000000000000000000000000000000000000000001111101111
111110000000000000000000000000000000000000000001111011110111011110000011111110011110111011101111111010011000000011110011100011101111111111111000000111111011111111101100111101000011010011101100011110111101111001111111111111101001100011111111000000000000000000000000000000000000000000000000000000000000111100000000001110011111111111
111111111111111111111111111111111111111111111111111111111111111111111111011111111111111111111111111111111111111111111111111111111111111111111111111111111111111111111111111111111111111111111111111111101111111111111111111111111111111111111111111111111111111111111111111111111111111111111111111111111111111111111111111111111111111111
111111111111111111111111111111111111111111111111111111111111111111111111111111111111111111111111111111111111111111111111111111101111111111111111111111111111111111111111111111111111111111111111111111111111111111111111111111111111111111111111111111111111111111111111111111111111111111111111111111111110111111111111111111111111111111
110000000000001110011100000000000000000000000001111001100000000000000000000000000000000000000000000000000000000011110011100010000001100000000000000000011001111000000100000000000011100011100000000000000000000000111100000000000000000000000100000000000000000000000000000000000000000000000000000000000000000000000000000000001111101111
110000000000000000000000000000000000000000000001111100100000000000000000000100000000000000000000000000011000000011111011100010000001100000000000000000011001111010000000000000000011100011100000000000000000000000111100000000000000000000111000000000000000000000000000000000000000000000000000000000000000000000000000000000001111101111
111101111011010000000000000000000000000000000001111011101111011111100000110111011110000000000000000011011010000011110111100011001011111101111100000110111111111101101101011001111111011111100000000000000000000000111111111111111010000000000111111000000010110000000000000000000000000000000111000011111100111101111100000000001111101111
110000000000000000000000000000000000000000000001111100100000000000000000000100000000000000000000000000011000000011110011100010000001111110000000000111000000111000001000000000000011001011100000000000000000000000111100000000000000000000111000000000000000000000000000000000000000000000000000000000000000000100000000000000001111101111
110000000000001110101100000000000000000000000001111001100000000000000000000000000000000000000000000000000000000011110011110000000001111110000000000111000000111000100000000000000011001011100000000000000000000000111100000000000000000000000101000000000000000000000000000000000000000000000000000000000000000000000000000000001111101111
111111111111111111111111111111111111111111111111111111111111111111111111111111111111111111111111111110111111111111111111111111111111111111111111111111111111111111111111111111111111111111111111111111111111111111111111111111111111111111111111111111111111111111111111111111111111111111111111111111011111111111111111111111111111111111
111111111011111110111110000000000000000000011111111100100111111111101111111110111000100001111000000000011011100111110011111111011011100000000000000000011100111101100100000000000011100011101111111110101101111011111111110000000001111011111000111000110101110000000000000000000000000000000110110011010001000000000000001110101111111111
~~~
0.0 276.0 28.0 116.0 537.0
0.0 1.0 179.0 623.0 3318.0
0.0 278.0 27.0 111.0 512.0
0.0 147.0 102.0 330.0 1847.0
0.0 282.0 25.0 100.0 480.0
0.0 276.0 29.0 116.0 541.0
0.0 278.0 28.0 111.0 509.0
0.0 187.0 83.0 268.0 1493.0
0.0 117.0 117.0 416.0 2110.0
0.0 2.0 179.0 624.0 3307.0
0.0 2.0 177.0 626.0 3302.0
0.0 2.0 177.0 626.0 3295.0
0.0 2.0 179.0 619.0 3296.0
0.0 153.0 98.0 354.0 1815.0
0.0 282.0 25.0 105.0 463.0
0.0 275.0 32.0 104.0 544.0
0.0 279.0 27.0 109.0 509.0
0.0 132.0 114.0 340.0 2011.0
0.0 2.0 179.0 617.0 3306.0
0.0 279.0 26.0 111.0 503.0
0.0 2.0 178.0 618.0 3297.0
0.0 1.0 178.0 626.0 3311.0
0.0 2.0 179.0 618.0 3299.0
0.0 170.0 83.0 333.0 1605.0
0.0 133.0 103.0 400.0 2020.0
0.0 144.0 101.0 370.0 1891.0
0.0 279.0 26.0 104.0 505.0
0.0 158.0 94.0 338.0 1773.0
0.0 2.0 178.0 626.0 3303.0
0.0 279.0 27.0 108.0 510.0
0.0 272.0 29.0 132.0 574.0
0.0 182.0 85.0 277.0 1496.0
0.0 140.0 103.0 360.0 1942.0
0.0 276.0 27.0 119.0 532.0
0.0 151.0 95.0 324.0 1759.0
0.0 2.0 179.0 617.0 3298.0
0.0 141.0 104.0 360.0 1891.0
0.0 113.0 112.0 427.0 2155.0
0.0 2.0 178.0 624.0 3302.0
0.0 275.0 28.0 122.0 544.0
0.0 127.0 114.0 360.0 2059.0
0.0 279.0 26.0 115.0 498.0
0.0 122.0 109.0 379.0 2123.0
0.0 129.0 113.0 354.0 2024.0
0.0 275.0 31.0 104.0 534.0
0.0 2.0 179.0 613.0 3306.0
0.0 283.0 25.0 101.0 467.0
0.0 139.0 109.0 345.0 1966.0
0.0 278.0 27.0 113.0 521.0
0.0 2.0 178.0 619.0 3301.0
0.0 160.0 93.0 325.0 1700.0
0.0 2.0 177.0 626.0 3298.0
0.0 282.0 26.0 99.0 476.0
0.0 113.0 125.0 397.0 2211.0
0.0 276.0 27.0 112.0 536.0
0.0 282.0 26.0 98.0 485.0
0.0 148.0 97.0 343.0 1838.0
0.0 137.0 102.0 386.0 1891.0
0.0 116.0 111.0 413.0 2153.0
0.0 139.0 105.0 353.0 1956.0
0.0 129.0 110.0 366.0 2033.0
0.0 2.0 178.0 620.0 3300.0
0.0 160.0 89.0 300.0 1740.0
0.0 282.0 26.0 98.0 476.0
0.0 162.0 92.0 328.0 1706.0
0.0 282.0 26.0 101.0 466.0
0.0 117.0 115.0 428.0 2138.0
0.0 2.0 179.0 616.0 3298.0
0.0 278.0 26.0 104.0 515.0
0.0 281.0 27.0 98.0 499.0
0.0 124.0 115.0 373.0 2067.0
0.0 2.0 179.0 625.0 3300.0
0.0 112.0 114.0 431.0 2192.0
0.0 2.0 178.0 617.0 3297.0
0.0 123.0 116.0 392.0 2104.0
0.0 2.0 178.0 622.0 3299.0
0.0 2.0 177.0 626.0 3295.0
0.0 2.0 179.0 614.0 3299.0
0.0 282.0 24.0 106.0 466.0
0.0 165.0 93.0 294.0 1656.0
0.0 2.0 177.0 626.0 3295.0
0.0 2.0 178.0 617.0 3312.0
0.0 151.0 101.0 296.0 1818.0
0.0 3.0 179.0 619.0 3286.0
0.0 2.0 178.0 617.0 3296.0
0.0 2.0 177.0 626.0 3307.0
0.0 279.0 26.0 111.0 500.0
0.0 276.0 30.0 114.0 533.0
0.0 283.0 25.0 98.0 465.0
0.0 181.0 88.0 266.0 1534.0
0.0 275.0 32.0 102.0 531.0
0.0 127.0 114.0 384.0 2072.0
0.0 143.0 105.0 333.0 1889.0
0.0 2.0 178.0 621.0 3304.0
0.0 279.0 25.0 117.0 503.0
0.0 159.0 94.0 326.0 1716.0
0.0 140.0 104.0 339.0 1907.0
0.0 2.0 178.0 624.0 3306.0
0.0 143.0 101.0 379.0 1911.0
0.0 121.0 115.0 393.0 2055.0
0.0 176.0 87.0 294.0 1527.0
0.0 279.0 25.0 117.0 500.0
0.0 150.0 100.0 347.0 1821.0
0.0 2.0 178.0 626.0 3295.0
0.0 278.0 25.0 110.0 502.0
0.0 282.0 25.0 101.0 484.0
0.0 137.0 103.0 375.0 1944.0
0.0 275.0 27.0 114.0 542.0
0.0 282.0 26.0 101.0 469.0
0.0 2.0 178.0 622.0 3300.0
0.0 271.0 32.0 115.0 570.0
0.0 280.0 28.0 104.0 496.0
0.0 275.0 32.0 104.0 530.0
0.0 169.0 87.0 308.0 1679.0
0.0 282.0 25.0 101.0 480.0
0.0 2.0 179.0 616.0 3304.0
0.0 2.0 178.0 620.0 3301.0
0.0 124.0 108.0 411.0 2088.0
0.0 137.0 104.0 371.0 1982.0
0.0 121.0 117.0 382.0 2088.0
0.0 145.0 100.0 349.0 1857.0
0.0 1.0 178.0 626.0 3315.0
0.0 169.0 89.0 307.0 1621.0
0.0 278.0 26.0 104.0 503.0
0.0 2.0 177.0 626.0 3306.0
0.0 2.0 178.0 626.0 3304.0
0.0 2.0 178.0 626.0 3298.0
0.0 206.0 72.0 220.0 1237.0
0.0 2.0 177.0 626.0 3302.0
0.0 147.0 107.0 298.0 1861.0
0.0 275.0 27.0 120.0 538.0
0.0 2.0 178.0 622.0 3305.0
0.0 278.0 25.0 116.0 522.0
0.0 148.0 110.0 317.0 1840.0
0.0 2.0 179.0 623.0 3302.0
0.0 122.0 114.0 393.0 2117.0
0.0 279.0 26.0 109.0 508.0
0.0 120.0 110.0 395.0 2089.0
0.0 140.0 108.0 283.0 1917.0
0.0 120.0 115.0 390.0 2106.0
0.0 157.0 96.0 335.0 1737.0
0.0 128.0 102.0 416.0 2004.0
0.0 2.0 178.0 622.0 3303.0
0.0 133.0 110.0 367.0 1988.0
0.0 140.0 106.0 334.0 1929.0
0.0 282.0 25.0 102.0 476.0
0.0 175.0 87.0 292.0 1606.0
0.0 2.0 179.0 611.0 3301.0
0.0 2.0 179.0 620.0 3310.0
0.0 279.0 26.0 113.0 506.0
0.0 279.0 29.0 104.0 510.0
0.0 182.0 86.0 263.0 1530.0
0.0 275.0 29.0 112.0 537.0
0.0 274.0 27.0 122.0 557.0
0.0 2.0 177.0 626.0 3311.0
0.0 167.0 86.0 313.0 1661.0
~~~
15.7715389729
