110000000000001111001111100000000000011110000101111001111000000000000000011001100000000000001111000010011001100111110011100011000111100000000000000000011100111000000100111000001011001011111100011100110000000000111100110000000001100100000110000000000000000000000000000000000000000000000000000000000000000100000000001100011111111111
110000000000001111001100000000000000010000000101111001100111100000000000000000100000011011101110100010011110000011110011100011010111100000000000000000011100111000000100000000000011001011110000000000000000000000111100000000000000000000001110111000100000110000000000000111000000000000000111000011010001000110000000001100101111111111
110000000000001110011100000000011100000000001101111001100000000000000000010000100000011101101110001000011101110011110111000001010111100000000000000000011001111000000010011001000011001011110000000000010000000000111100110000000001101000000101111000010000110000000000000000000000000000000110110011001011000100000000001100011111101111
110000000000001111001100000000011100000000000101111001100000000000000000010000100000011101101000000000011111110011110011100011010011100000000111010000011010111000000100000000000011001011100000000000000000000000111100110000000001101000000110111000010000110000000000000000000000000000000111000011010000000111110000000000001111101111
110000000000001111001100000000000000010000000101111001100111100000000000000000100000011011101000000010111110000011110011100011010111100000000000000000011100111000000100000000000011001011110000000000000000000000111100000000000000000000001111111000010000110000000000000000000000000000010110001111010001000110000000000000001111101111
110000000000001111001100000000000000010000000101111001100011100000000000000000100000011010001000000010111110000011110011100011010111100000000000000000011100111000000100000000000011001011111100100000000000000000111100000000000000000000000110011000010000000000000000000000000000001000000000000000000000000100000000000000001111111111
111110000000001111001100000000011010000000000101111001100111100000000000010000100000011011101000000010011111101011110011100011000111000000000000000000000000111000000100011000010011001011100000000000000000000000111100000000000000000000000100111000010000110000000000000000011010000000000110110011001001000101110000001100101111101111
110000000000001111001110000000011010011101000101111001110011011110000010010000111100111011101000000011011110000011110011100010000101100000000000000000011010111000000100011000100011000111111101011100100000000000111100110000000001100100000111111000010000110000000000000000000000000000000110001111010001000111110000001100011111111111
111110000000001111001110100000011001011101011001111001101111011110100000011000111000100001101110001000011101101011110011100011000111100000000000000000011010111000000100000000000011001011101100000000001110000000111100110000000001100100000101111000010000110000000000000000000000000000000110001111010001001010000000001100101111101111
110000000000001110011100000000011100000000001101111001100000000000000000010000100000011101101000000000011101110011110111000001010111100000000000000000011001111000000010011001000011001011110000000000000000000000111100110000000001101000000100111000010000110000000000000000000000000000000110110011001011000100000000001100011111101111
110000000000001111001100000000000000010000000101111001100111100000000000000010100000000001101110100000011000000011110011100011000111100000000000000000011010111000000100000000000011000111101100011101000000000000111100000000000000000000001111111000100000110000000000000010000000000000000111000011010001000101110000001100011111101111
110000000000001111001100000000000000011100100101111001100111100000000000000000000000000001101110100000011000000011110011100011000111100000000000000000011010111000000010111001000011001011110000000000000000111010111100110000000001101000000100111000010000110000000000000111000000000000000111000011010001000000000000001100011111101111
111110000000001111001100100000000000010000000101111001100111100000000000000100100000011011100000000010011110000011110011100011010111100000000000000000011100111000000100011100000011001011101110000000000000000000111100110000000001101000001100111000100000110000000000000001000000000000000111000011010000000100000000001100011111111111
110000000000001111001100000000011010010000000001111001101111100000000000000000111000000001111000000001011111110011111011100011111011100000000000000000011100111000000100000000000011001011101110000000000000000000111100110000000001100100000111111000010000110000000000000000000000000000001110110011010001000110000000000000001111111111
111110000000001111001110000000011000100000001101111001101111100000000000000000011000000001101110100010011001110011110011100011000111100000000000000000011010111000000100000000000011001011101100100000000000000000111100110000000001101000000100111000010000110000000000000000000000000000001110110011001001000101110000001110001111101111
111110000000001111001111110000011100011100111001111001110111011000000001000010111000100000000000000000011011110011110011100011000111100000000000000000011010111000000100000000000011001011101100011101000000000000111100110000000001100100000100111000010000110000000000000000000000010000001110110011001001000100000000001110001111101111
111110000000001111001110000000011000110000000101111001101100000000000000000000000000111011101000000010011111100111110111100011010111100000000000000000011100111000000100011000000111001011100000000000000000000000111100110000000001100100000111111000010000110000000000000000000000000000010110001111010001000100001100000000001111111111
110000000000001111001110000000011000111101001101111001101100000000000000000001000000000000000000000010011110000011110011100010000101100000000000000000011010111000000100000000000011000111101100011100100000000000111100110000000001100100000111111000010000110000000000010000000000000000000110001111010001000110000000000000001111111111
111110000000001111001111100000011100011100101101110000100111011110000100000101100001000001101110100010011001110011110011100011100111100000000000000000011010111000000100000000000011001011100000000000000000000000111100110000000001101000000100111000010000110000000000000000000000000000000110110011001001000100000000001100011111101111
110000000000001111001100000000000000010000000101111001101111100000000000000000100000000001101000000010011110000011110011100011010111100000000000000000011100111000000100000000000011001011110000000000000000000000111100000000000000000000001111111000100000110000000000000010000000000000000110001111010001000111110000001100101111111111
110000000000001111001100100000011100000000001111111001111011011110010000010100100000000000000000000010011110000011110111111101000011100000000000000000011100111000000100111000000111001011111110000000000000111100111100110000000001101000010111111000010000110000000000000000000000000000000110001111010001000110000000000000001111101111
110000000000001111001100000000000000011100100101111001100111100000000000000000000000000001101110100000011000000011110011100011000111100000000000000000011010111000000010111001000011001011111100100000000000111010111100111111101000000000000100111000010000110000000000000000000000000000000111000011100000010011110000001100011111101111
110000000000001110011100000000011100011100101101111001100000000000000000010100111000000001111000000001011111110011111011100011011011100000000000000000011100111000000100000000000011001011101100100000000000111001111100110000000001101000000100111000010000110111000000000000000000000000000110001111001001000000000000000000001111101111
111110000000001111001110000000011000101101001101111001101111100000000000000000000000000001101110100010011001110011110011100011000111100000000000000000011010111000000100000000000011001011100000000000000000000000111100110000000001101000000100111000010000110000000000000000100000000000000110110011001101000100000000001100011111101111
110000000000001110011100000000011100011100101101111001100000000000000000011101111000000001111110010001011100000011111011100011011011100000000000000111011100111000000100000000000011001011101100000000001110000000111100110000000001100100000101111000010000110000000000000000000000000000000110001111010001000110000000001100101111101111
110000000000001111001110000000011000111101001101111001101100000000000000000000000000111011101000000010011110000011110011100011000111100000000000000000011010111000000100000000000011000111100000000000000000000000111100110000000001100100000111000000000000000000000000000000000000100000000000000011010001000110000000001100101111111111
110000000000001111001110000000011010011101000001111001110011011110000010010001111100111010001110010000011001101011110011100111110111100000000000000000011010111000000100000000000011000111100000000000000000000000111100110000000001100100000111111000010000110000000000000000000000000000000110001111010001000110000000001100011111111111
110000000000001111001110000000011000111101000101111001101111100000000000000010000010111011101110100010011110000011110011100011010111100000000000000000011100111000000100011000000111001011110000000000000000000000111100110000000001100100000110111001000000110000011011000000000000000000000110001111010000000110000000000000001111111111
111110000000001110101110000100011100000000001101111001110011100000000000010100000000100000000000000000011010000011110111110001100111100000000000000000011100111000000100011000000111001011101100011101000000111001111100110000000001101000000110111000000001110000000000000000000000000000001110110011010001111101110000001100101111101111
111110000000001111001111100000011100011100111001111001101111011110001000010000100000000000000000000010011110000011110011100010000101100000000000000000011010111000000100011000100011000111101101011100100000000000111100110000000001100100000111111000010000110000000000000000000000000000000110001111010001000110000000001100011111111111
111110111000001110011100000000011100001110001101111001100111100000000000000001111000011011101000000000011110000011110011100011010111100000000000000000011100111000000100000000000011001011100000000000000000000000111100110000000001101000000100111000010000110000000000000000000000000000001110110011001001000101110000001110001111101111
110000000000001111001100100000011001010000010111111001100111100000000000010100100000000001101000000010011110000011110011100011110111100000000000000000011100111000000100011100000011001011101110000000000000111010111100111111101000000000000100111000010000110000000000000000000000011000000110001111010001000100000000001101001111111111
110000000000001111001111100000011001010000010101111001100111100000000000000100100000011010000110000110011111100111110011100010000101100000000000000000011010111000000100000000000011000111100000000000000000000000111100110000000001100100000111111000010000110000000000000000000000000000000110001111010001000110000000001100011111111111
110000000000001110011100000000011100011100101101111001100000000000000000010100111000000001111110100001011101110011111011100011011011100000000000000111011100111000000100000000000011001011101100000000001101000000111100110000000001100100000101111000010000110000000000000000000000000000000110001111010001000110000000000000001111111111
111110000000001111001110000000011000111101000101111001101111011110100000000000100000111011101000000010011110000011111011100011010011100000000000000000011100111000000100011000000111001011110000000000000000000000111100000000000000001100000110111000010000111110111011000000000000000000000000000011001000000101111100001110001111111111
111110000000001111001111100000011100011100101101111001110011011000000001010100111000000001111000000001011101110011111011100011011011100000000000000111011100111000000100000000000011001011101100000000001110000000111100110000000001100100000111111000010000110000000000000000000000000000000110001111010001000110000000000000001111111111
110000000000001110011100000000011100011100101101111001100000000000000000010100111000000001111000000001011111110011111011100011011011100000000000000000011100111000000100011000100011001011101110000000000000000000111100110000000001100100000111111000010000110000000000000000000000000000000110001111010001000000000000000000001111111111
110000000000001110011100000000011100000000000101111001100000000000000000010000100000000001101000000000011111110011110011100011010011100000000111010000011010111000000100000000000011001011101100011110000000000000111100110000000001101000000110111000010000110000000000000000000000000000000111000011010000000101110000000000001111101111
111110000000001111001110100010011001011101011001111001101111011110000100011010111000100001101110001000011101101011110011100010010101100000000000000000011010111000000100100000000011001011110000000000000000111010111100000000000000000000000110111001000000111110111011000000000000000000000000000011001000000101111100001110001111111111
110000000000001110011100000000011100011100101101111001100000000000000000010100111000000001111000000001011101110011111011100011011011100000000000000111011100111000000100000000000011001011100000000000000000000000111100110000000001100100000111111000010000110000000000000000000000000000000110001111010001000110000000000000001111111111
110000000000001110011100000000011100000000001101111001100011011110000010010001100000011011101110100010011111100111110011100011010011100000000000000000011100111000000100011010000011001011101110000000000000000000111100110000000001101000001110111001000000110111000000000000000000000000000110110011100000000100000000001100101111111111
110000000000001111001100000000000000000000000101111001100111100000000000010000100000011011101000000010011111101011110011100011000111000000000000000000000000111000000100011000010011001011100000000000000000000000111100110000000001101000000100111000010000110000000000000000011010000000000110110011001001000101110000001100101111101111
110000000000001111001111100000000000001110000001111001111100000000000000011001100000000000001111000010011001100111110011100011010111100000000000000000011100111000000100111000001011001011110000000000000000000000111100110000000001100100000110111001000000110000000000000000000000001000000111000011010001000101110000001100011111111111
110000000000001111001100100000000000011100110101111001100000000000000000000000100000111011101000000011010110000011111011100011010111100000000000000000011100111000000100000000000011001011101110000000000000111010111100110000000001100100000111111000010000110000000000000000000000000111000110001111010001000110000000000000001111111111
110000000000001111001110100010011001010000010101111001100111100000000000000100100000011010000000000010011110000011110011100010000101100000000000000000011010111000000100000000000011000111100000000000000000000000111100110000000001100100000111111000010000110000000000000000000000000000000110001111010001000110000000000000001111111111
110000000000001111001100000000011100000000001001111001100100000000000000000000100000011011101110100010011111100111110011100011010011100000000000000000011100111000000100000000000011001011101110000000000000000000111100110000000001101000001110111001000000110111000000000000000000000000000110110011100001000100000000001100101111111111
110000000000001111001100000000000000010000000001111001110111100000000000000001100000000001101110100010011000000011110011100011000111100000000100000000011010111000000100000000000011000111100000000000000000000000111100110001100101101000000100111000010000110000000000000000000000000000000110001111010001000110000000000000001111111111
111110000000001110011110000000011100011110000101111001100111100000000000000001100000000001101000000000011110000011110011100011010011100000000000000110111100111000000100000000000011001011111100000000001101000000111100110000000001100100000110111000010000110000000000000000000000000000000110001111001001000100000000001100011111101111
110000000000001111001110000000000000011101000101111001110011011110000010010000111100111011101110010000011001101011110011100011010111100000000000000000011010111000000010111000100011001011110000000000000000000000111100111110000000000000000100111000010000110000000000000000000000000000000110110011001011000001110000001100011111101111
110000000000001110011100000000011010001101011101111001100011011110000010010000100000011011101110100000011111110011110011100011000011100000000000000000011010111000000100011000000111001011111100000000001101111001111100110000000001101000000110111000010000110000000000000000000000010000001110110011001001000101110000001100101111101111
111110000000001110011110000000011100010000000111111001100111100000000000000110100000011011101110000110011110000011110011100011010111100000000000000000011100111000000100000000000011001011101110000000000000000000111100110000000001101000000110111000100000110000000000000111000000000000000111000011010000000100000000001100101111111111
111110000000001111001111100000011000101110001111111001100011011110000100000001100010111101101110100000011011110011110111100011000111000000000000000000000000111000000100000000000011001011110000000000000000111010111100110000000001101000000100111000010000110000000000000000000000000000000110110011001000000111110000001100101111101111
110000000000001111001100000000000000010000000101111001100111100000000000000000100000000001101110100000011000000011110011100011000111100000000000000000011010111000000100000000000011000111100000000000000000000000111100110001100101101000000100111000010000110000000000000000000000000000000110110011001001000000000000000001011111101111
111110000000001111001110100000011100011101011001111001101111011110100000011001100000000000000000000000011001100111110111100011000111100000000000000000011010111000000100000000000011001011100000000000000000000000111100110001101001100100000100111000010000110000000000000000011100000000000110110011001001000101110000001100101111101111
111110000000001111001110100000011001011101011001111001101111011110100000011000111000100001101110001000011101101011110011100011000111100000000000000000011010111000000100000000000011001011101100011101010000000000111100000001100010000000000100111000010000110000000000000000000000000000001110110011001001000001111100001100101111101111
110000000000001111001111100000000000001110000101111001111100000000000000011001100000000000001111000010011001100111110011100011000111100000000000000000011100111000000100111000001011001011110000000000000000000000111100110000000001100100000110000000000000000000000000000000000000001000000000000000000000000110000000001100011111111111
110000000000001111001100000000000000011101000101111001101111100000000000000000000000111011101000000010011110000011110011100011010111100000000000000000011100111000000100011000000111001011110000000000000000000000111100000000000000000000001111111000100000110000000000000000000000000000000110110011001011000000000000001100011111101111
110000000000001110011100000000011100011100101101111001100000000000000000010100111000000001111000000001011111110011111011100011011011100000000000000000011100111000000100000000000011001011101110000000000000000000111100110000000001100100000111111000010000110000000000000000000000000000000110001111010001000110000000000000001111111111
111110000000001111001110100000011100010000011111111001100011011110000100000000100000100001101110001000011100000011111111100011010111100000000000000000011001111000000010111001000011001011110000000000000000111010111100111110000000000000000100111000100000110000000000000010000000000000000111000011010001000101110001001100011111101111
110000000000001111001100100001000000010000000101111001100111100000000000000000100000000001101000000010011110000011110011100011010111100000000000000000011100111000000100011100000011001011101110000000000000000000111100110000000001101000000110111000100000110000000000000010000000000000000111000011010001000100000000001100101111111111
111110000000001111001111100000011000101110001011111001101011011000000000100101000010111101101110100000011111110011110011100011000111100000000000000000011010111000000100011100000011001011100000000000000000111001111111110000000001101000000000111000010000110000011100000000000000000000000110110011001011000101110000001100101111101111
111101111011101111001110000000000000011110010001110000100100000000000000000101111001000001101110100000011001110011110011100011000111100000000000000000011010111000000100000000000011001011100000000000000000000000111100110000000001101000000100111000010000110000000000000000000000000000000110110011001001000100000000001100011111101111
110000000000001110011100000000000000000000001101111001100000000000000000010000100000011011101110100000011111110011110111000001010111100000000000000000011001111000000010111001000011001011110000000000000000111010111100111111101000000000000100111000010000110000000000000000000000010000000110001111010001000101110000001100011111111111
111110000000001111001110000000011010011110000101111001100111011000000001011101011000100001101110001000011100000011110011100011100111100000000000000000011010111000000100000000000011001011101100011101010000000000111100000001100010000000000100111000010000110000000000000000000000000000001110110011001001000101110000001100101111101111
111110000000001111001111100000011100001100101111111001110011100000000000010100100000000000000000000011011110000011110111000001010111100000000000000000011001111000000010000000000011001011111100011101000000111010111100000000000000000000000100111000010000110000000000000000000000000000000110110011001001001101110000001100101111101111
111110000000001111001111100000011100011100111001111001100111011000000001000000111000100000000000000000011011110011110011100011000111100000000000000000011010111000000100100000000011001011101100011101000000000000111100110000000001100100000100111000010000110000011011000000000000000000000110110011001011000101110000001100101111101111
111110000000001111001110100000011100011101011001111001101111011110100000011001100000000000000110100000011001100111110111100011000111100000000000000000011010111000000100000000000011001011100000000000000000000000111111110000000001101000000000111000010000110000000000000000000000000000000110110011001011000101110000001100101111101111
111110000000001111001111100000000000001110010101111001100111100000000000000000100000111011101000000010011110000011110011100011010111100000000000000000011100111000001000011100000011001011101110000000000000111001111100110000000001101000000110111000100000110000000000000010000000001000000111000011010000000100000000001100101111111111
111110000000001110011100000000011100001110001101111001101100000000000000000001100000011011100000000000011110000011110011100011010011100000100000000000011100111000000100000000000011001011110000000000000000000000111100110000000001101000000100111000010000110000000000000111000000000000000111000011010001000110000000001100011111101111
111110000000001111001111110000011000111110001101111001110111011110000010000000111000100000000000000010011011110011110011100011000111100000000000000111011010111000000100011000000111001011100000000000000000000000111100110000000001110000000100111000010000110000011011000000000000000000000110001111010001000101110000001100011111111111
110000000000001111001110000000011010011101000101111001110011011000000001010000111100111011101110010000011001101011110011100011010111100000000000000000011010111000000010111000100011001011100000000000000000000000111100110001100101101000000100111000010000110000000000000000000000000000000110110011001001010101110000000000001111101111
110000000000001111001100100000011100000000001111111001111000000000000000010000100000000000000000000010011110000011110111111101000011100000000000000000011100111000000100100000000011001011111110000000000000000000111100110000000001101000000111000000000000000000000000000000000000111000000000000000000000000001110000001100101111111111
110000000000001110011100000000011000100000001101111001100011011000000001000000100100011011101110100000011111110011110111100011000111100000000000000000011010111000000100000000000011001011101100011101000000000000111111110000000001101000000000111000010000110000000000000000000000000000001110110011010000000101110000001100101111101111
110000000000001111001100000000011010000000000101111001100100000000000000000001100000011011101110100000011010000011110111100011010111000000000000000000000000111000000100100000000011001011100000000000000000000000111100110001100101101000000100111000010000110000000000000000000000000000001110110011001001000101110000001110001111101111
111110000000001111001111100000011100011100111101111001100111011110100000011000100000000001101111000010011001100111110011100011100011000000000000000000000000111000000100000000000011001011101100000000001110000000111100110000000001101000000100111000010000110000000000000000000000000000000110110011001001000101110000001100101111101111
111110000000001111001111110000011000111110001111111001100100000000000000000000111000100000000000000000011011110011110011100011000111100000000000000000011010111000000100000000000011001011100000000000000000000000111100110000000001101000000100111000010000110000011011000000000000000000000110110011001011000101110000001100101111101111
110000000000001111001100100000011100000000001101111001100100000000000000000000100000011011101110100010011111100111110011100011010111100000000000000000011100111000000100011100000011001011101110000000000000000000111100110000000001101000001110111000000001110111000000000000000000000000000110110011100000000100000000001100101111111111
111110000000001111001110100000011100010000011001111001101111011110100000011001100000000000000111000000011001100111110111100011000111100000000000000000011010111000000100000000000011001011100000000000000000000000111111110000000001101000000000111000010000110000000000000000000000000000001110110011010001000101110000001100101111101111
111110000000001110101110000000011100000000001101111001110011100000000000010100000000100000000000000000011010000011110111110001100111100000000000000000011100111000000100011000000111001011101100011101000000111001111100110000000001101000001110111000000001110000000000000000100000000000000111000011010001000100000000001100011111111111
111110000000001111001111100000011000111110001111111001100000000000000000000001100010111101101110100000011111110011110111100011000111000000000000000000000000111000000100000000000011001011110000000000000000111010111100000000000000000000000110111001000000111110111011000000000000000000000000000011001000000101111100001110001111111111
110000000000001110011100000000011100000000000101111001100000000000000000010000100000000001101000000000011011110011110011100011010111100000000111010000011010111000000100000000000011001011100000000000000000000000111100110000000001101000000100111000010000110000000000000111000000000000000111000011010001000100000000001100011111101111
110000000000001110011110100001011100010000001101111001100000000000000000010100111000000001111000000000011111110011111011100010010001100000000000000000011100111000000100000000000011001011101110000000000000000000111100110000000001100100000111111000010000110000000000000000000000000000000110001111010001000110000000000000001111111111
111110000000001111001111110000011000111110001111111001100100000000000000000000111000000001101000000000011100000011110111000001010111100000000000000000011001111000000010111001000011001011111110000000000000111010111100111110000000000000000110111000010000110000000000000000000000010000000111000011100000000111110000000000001111101111
110000000000001111001110000000011010011101000101111001110011011110000010010000111100111011101110010000011001101011110011100011010111100000000000000000011010111000000010111000100011001011111100011100100000000000111100110000000001101000000100111000010000110000000000000000000000000000000110110011001011000001111100000000001111101111
110000000000001111001100100000000000010000000101111001100111100000000000000000100000011011101000000010011110000011110011100011010111100000000000000000011100111000000100011100000011001011101110000000000000000000111100110000000001101000000110111000100000110000000000000111000000000000000111000011010000000100000000001100101111111111
~~~
2.0 229.0 52.0 186.0 1021.0 
3.0 229.0 55.0 172.0 980.0 
3.0 224.0 54.0 209.0 1021.0 
3.0 230.0 56.0 176.0 958.0 
3.0 235.0 51.0 187.0 914.0 
4.0 248.0 43.0 174.0 796.0 
3.0 226.0 57.0 179.0 1030.0 
3.0 202.0 69.0 238.0 1318.0 
3.0 205.0 60.0 259.0 1237.0 
2.0 229.0 54.0 182.0 971.0 
3.0 230.0 57.0 171.0 1001.0 
2.0 226.0 59.0 160.0 1030.0 
3.0 223.0 59.0 201.0 1036.0 
3.0 221.0 53.0 215.0 1039.0 
2.0 218.0 58.0 205.0 1101.0 
3.0 211.0 61.0 218.0 1185.0 
3.0 219.0 58.0 200.0 1086.0 
3.0 229.0 51.0 182.0 1027.0 
3.0 215.0 62.0 194.0 1142.0 
3.0 231.0 53.0 182.0 969.0 
3.0 214.0 60.0 238.0 1128.0 
3.0 219.0 64.0 184.0 1129.0 
3.0 219.0 57.0 212.0 1069.0 
2.0 222.0 57.0 189.0 1064.0 
3.0 214.0 59.0 212.0 1135.0 
4.0 234.0 50.0 167.0 956.0 
3.0 211.0 60.0 218.0 1186.0 
3.0 214.0 63.0 204.0 1136.0 
3.0 210.0 69.0 201.0 1188.0 
3.0 210.0 59.0 230.0 1230.0 
3.0 216.0 59.0 210.0 1111.0 
3.0 212.0 58.0 237.0 1173.0 
3.0 222.0 50.0 220.0 1074.0 
3.0 215.0 57.0 217.0 1116.0 
3.0 207.0 68.0 214.0 1243.0 
3.0 205.0 66.0 232.0 1212.0 
2.0 220.0 55.0 203.0 1063.0 
3.0 228.0 58.0 171.0 983.0 
3.0 200.0 66.0 248.0 1309.0 
3.0 222.0 55.0 189.0 1040.0 
3.0 210.0 63.0 236.0 1175.0 
3.0 227.0 57.0 181.0 1004.0 
3.0 219.0 59.0 186.0 1123.0 
3.0 220.0 59.0 210.0 1060.0 
3.0 231.0 48.0 201.0 974.0 
3.0 221.0 56.0 210.0 1037.0 
3.0 233.0 52.0 166.0 941.0 
2.0 218.0 58.0 217.0 1099.0 
1.0 210.0 65.0 222.0 1212.0 
3.0 201.0 67.0 259.0 1298.0 
3.0 215.0 61.0 205.0 1110.0 
3.0 207.0 69.0 215.0 1218.0 
4.0 237.0 49.0 171.0 911.0 
3.0 211.0 57.0 235.0 1214.0 
3.0 202.0 62.0 252.0 1294.0 
3.0 234.0 50.0 167.0 965.0 
2.0 228.0 55.0 200.0 1017.0 
2.0 221.0 55.0 199.0 1041.0 
3.0 206.0 70.0 215.0 1233.0 
3.0 227.0 55.0 192.0 999.0 
3.0 198.0 71.0 248.0 1301.0 
3.0 222.0 60.0 177.0 1066.0 
3.0 216.0 62.0 192.0 1110.0 
3.0 209.0 63.0 212.0 1229.0 
3.0 215.0 64.0 198.0 1133.0 
2.0 207.0 65.0 224.0 1207.0 
2.0 212.0 59.0 219.0 1175.0 
3.0 212.0 67.0 211.0 1168.0 
3.0 224.0 58.0 175.0 1031.0 
3.0 203.0 68.0 222.0 1268.0 
3.0 209.0 65.0 219.0 1208.0 
4.0 236.0 48.0 186.0 911.0 
3.0 214.0 63.0 210.0 1133.0 
4.0 228.0 54.0 169.0 1002.0 
2.0 210.0 62.0 223.0 1210.0 
3.0 217.0 59.0 206.0 1092.0 
3.0 216.0 58.0 227.0 1109.0 
3.0 215.0 57.0 215.0 1145.0 
3.0 216.0 67.0 179.0 1136.0 
3.0 210.0 66.0 201.0 1194.0 
4.0 231.0 53.0 160.0 948.0 
3.0 225.0 51.0 205.0 1004.0 
3.0 213.0 66.0 201.0 1147.0 
1.0 202.0 71.0 231.0 1302.0 
2.0 224.0 57.0 201.0 1023.0 
~~~
19.005
