110000001101000000000000010010011100010100101001111001100010000001000000000001000000000000001010100011000010100011110111100011010011101000001101101000100010111000000000110000001011110011100000101000000100000000111110001000100000100010011000010001001000010001000000100111000000000000101001000010001010100110000001101100101111101111
111111110111111111111111111111101010110110111111111100110111101110111100011100100001101000000011110111111111101011110111100011010011111111101101001000111101111001000100111110111111110011100101001101001101000010111110110001101111110000111110111011111000111111111111011000111000101111110010000011101111111001111111111101101111101111
110011011111011101110111101110111001110011111111111101101101111011111100110111111100001100101111111101101111010111111111111101111111101011011111111001111111111110111111010111111011110011101011101001110100110110111111011111111110111110000101010110111101111111101110111001111100110100010111111011011110110011100010010101011111111111
110011011110111101110001101111110111100010011111111101101111111111000101010111101001111111111011010101111011011111111011111111010111110110101011101101011111111011011010001110011111101011110100011111011110101111111111110111001101111110011010111011111100111111110101010110111011101111001111100111111010110010011111101111001111111111
111111110111111111111111111111101010110110111111111100110001111011111000110011111100100101111111110111101011010111111111101101111101101111011111110101011111111110111111010111111011110011111011111111111010101111111111101110101100111110011010111011111110110111111110111111111011011111110111101111110011111010111111101111011111101111
110011001010111000010011000100010111111010101111111111111110100100111011101000101011110000111011000011001111011111110111111000111101100010000110010011110001111100111001100110111011101111110100001000110111000111111110000101100111001111011011110001011100101101011001011011101011000001110101111000111111011010100100110001001111111111
110100101101010000100000011001011000100000000001111100100000101101000000000010001000010000000010000010100100000011110011100101001001100101001011000010001001111000111000011001111011000011100110101000000011000110111100000100101001110110000000000001101000100001010000010110001010000100101001000110001010100110001100001100011111101111
110000011100000001000000000010001001011010011111111100101000101001000000110000001100001000100001000000101111000111110111100101010001101101001010001000101000111000000000010000000011010011111010100000010110001001111100001000100000000011001001000000101000010000000100101010001000000000001111101010000000101101001100000100001111101111
111011111010011000010111001100010101111000000111111111111110100100111111101000101011110100111011011011001111001111110111111101101101110100010110110011110010111100110000100100001111101111110110101001110110000101111110000100100111001101011101110010011100100100010001011010101011001011110101101101111111101010101001110010011111101111
110100001101000000100000000010000001011010011111111100101000101001000000010000001100000000100001000000100011000011110111100101010001101101001010001000101010111000000000010000000011010011110010100000010110000001111100001000100000000011001001000000111000010010000100101010101000000000001111101010000000101101001110000100001111101111
111011111010111000010111001100010001111010000111111111111110100100111111101000101011110000111011001011001111001111110111111101111101110100010110110011110011111100110000100100101111101111110110101001110110000111111110000100100111001111011101110010011100100100010001011010101011000011110101101101111111101011101001110010011111101111
111000011100000101000000000011001011011010011111111100101111100100001111001000011110110110110000001110001011011111110111111001011111110100001100110001111111111100111111110110111011110011101011101001110100110110111101010111101100111110000101010110111101111111101110111001011110110100010101111010011110110010100010011011101111101111
111011111010111000010111000100010001111010100111111111111110100100111111101000101011110010111011001011001111001111110111110101011101110100010110111011110011111100110000100100101111101111110110101001110110000111111111000000100111001111011101110010011100100100010001011010101011110011111101101101111111101011101101110010011111101111
110000101101000000000000010000001100010100100001111001111010000001000000000101000000000000001010100011100010100011110111100011010001101100001101101000100010111000000000110000001011110011100000101000000101000000111110001000100000100010000000010001001000001000000100011000001101001110100000000101101000101000000100000100011111101111
110000001101000000000100010010011100010110101001111101100010000001000000000001000000000000001010100011000010100011110111100011010011101000001101101000100010111000000000010000001011110011100001101000000110000000111110001000100000100010010001010000001000010011000000100111000000000000101001000010001010100110000000101000111111101111
111011111010111000000111001010010101111000000111111111110110100100111111101000101011010100111011011011001111001111110111111101101101110100010110110011110010111100110000100100001111101011101110001101100111000111111110000000100011011001000011010011010100110101011001011011101011000001011000100101101000101101011101111100111111111111
110000001101000001000100000010001001001110011111111100100000000001000100001001011111110010110100100110101111011011110011101101111101110101011010010011111000111101110100000100101011101011100000100000010110100111111100100100101011011111010111100000111101100110001001110110101010010001110101010000010111110111010100110001001111101111
110100001101000001100000000010000011011010011111111100101000101000000000010001001110000000100000000000100010000011110111100101000011101000001010001000101010111000010001010100000011110111110010100000000101000000111100000000000000100110011000011001001100010001000000100111000001011000101101001010001010000110000001101000111111111111
111111110111111111011111101111101110110110011111111100111111101110110100111100100001100000000011110111111111101011110111110011110001111111100111001011111111111001000000101100111011110011100101011111111101010010111110000111101101111010111111111000111100111111101011011010011111101110001111001101111000110110111111111110111111101111
111111110111011111111101101111111011111100110111111100111001111011111000110001111100100101101111110111111011010111111111111101111111101111111111110100011111111110111101010111111011111011110011111011111010100111111101111110001100111110011010111010111100110111111111111111111001111111111111101111110111101010111110111111011111101111
111000111100101111111111001101101100010100011101111001111111101110110100111100100000100000000011010111111111101011110111110010110001111111101111001011111111111001000000101100111111110011100101011101101101000010111110100111101101111010111111111000111100110111111010011010011111101110001111001101111000010110111111111111111111101111
111111110111011111111111111111111011110110111111111100110001111011111000110011111100100101101111110111111011010111111111101101111101101111011111110101011111111110111101010111111011110011111011111111111010100111111111111110101100111110011010111011111100110111111110111111111011011111110111101111110011111010111111101111011111101111
111011011111011111110111100110111001111011111101111101101101101011111101110011111100101110101111111111101101000111111111101001110111111011001101111101111111111111110111010111111011010011111011101111111010111111111111110001111100101010000011111011011100111110111110101111111111001111010001101111000111111001111111111001101111101111
111111011111111111110111100110111001111011111011111101101101101011111101110011011100001110101111111111101101000111111111101001111111111011111111111101111111111111110111011111111011010011111011101111111010110111111111111100111100111111001001111011001100111110111110101111111111001111010011101111000111110001111111111001101111101111
111111010011001111111101101110011001110011111001111110100000000001010000001010011000010010000011010100100100000011110111100100101001110101000001000000100001111100111000011001111011000011100100111000000001000010111111000101100100110110011000101001111000101011011000011110010111101000101011101111001010101110100000011000011111101111
111111101111111010111001101111110111100110010111111110111011111111000101010111101001111111111011011101110011011111111011111111010111110110101111101101011111111010011000001110011111101011110100011111011110111111111111110111101101111110111110111111111110010101011101011010111000101111101011000011101111111001111111111011101111101111
110110101001110000100000001000011100100100000001111100100000001101001101000010101000010000000011000000100100000111110011100101101001100101001000000010000000111000110000011011111011100011100100101110000011110100111110001001100000100010100000010001001000001001000100011001001101000110101000000101101000111001011100000100011111111111
111011011011011110101110100110010011110011010111111111101110100100111111101000111011100000111010000011001001011111110111110000011111110010000110110011100001111100111001000110111011101011101100011001100111000111111110001000100111011001001011010011011100010100011001011011100011000001011000000101101000101001011101110100011111101111
111101110111111111101111111111101011110110111111111100100101111011111000110001101100100101101111110110101011010111111111101101111101101111011111110101011111111110111111010111111011110011111111011111001010101111111110110011101101110010111111111010111000111111111011011010111011101111001111001111111011111010101111101111011111101111
111001111011111011010001100010100101110010110111111111101111100100011111101000010110010111111000001110001011011111110011100001111111110100000110111101111011111110111111110111111011110011111011001011110100110110111111011111111110111100000000111010111100111100111110111001111110100110010101110000110111100010101011000100011111111111
110100001101000001100000000010000001011010011111111100101000101001000000010000001110000000100000000000100010000011110111100101010001101001001010001000101010111000000000010100000011010011110010100000010110000011111101001011100000100011001001100000111000010010000100100011110000000000101000000000001000100100000000101010111111101111
110000001101000001000100000110001001001110011111111100100010000001000100001001011111110010110100100110001111011011110011111101111101110101011010010011111000111101110100000110101011101011100000100000010110100110111100100011101011011111010111100000111101101110001001110110101010010001100101110100010111101011101001100010011111101111
110000101101000010100000010010110110010100111001111001101010100101001000000001000000000000001010100011100010100011111111100010010011111010001100101011100011111000000010110100001011110011110000100110010110000000111100000001101000110010011000010101001000010000100000101111100001001000111001000010111001110110011101101111001111111111
111111111111111101111111101111111011110110111111111000110001111011111000100101111100100101101111110111111011110111110111101101111101101111011111110100011111111110111101010110111011111011111011111110111010100111111111111111001100111110001010111010111100110111111110101111111001011011110011101111110011111011111111101111011111101111
110111101110011101110111101110111011110011101111111100101101111011011100111111111100001100101011011101101011100111111111101101111111101011111010000101111101111000111111011011111011111011101011101001110100110100111111111111111110111110000010010110111100111101101110111001111100100101010011111011011110110011100010000100011111111111
110110101101110000100001011000011100100000000001111111100000001101000101000010001000000000000011000000100100000111110011100101101001100110001000000010001000111000110000011001111011100011100100111000100000001111111100010100111001110110000000000001101000000001010001010100001010000100100001000110001011100111011100011100011111101111
110000001111000000010000010010011100010100101001111001100010000101010000000001000000000000001010100011000010100011110111100111000111110110111100101011100100111001000100001110111111110011100000011101101100111010111110110111101111111010100010111000111000111011001000011011011001100111000111001101111100000010101111110110111111101111
110100101001010001100000001001111001101000000001111110100000101001000010000010000010010000000011000010100100100011110011100101001001110101001011000110101001111000111000010001111011001011100110001000000011000111111100000110101001110110000001000001101000100111111101010110111011101111001011100111101010110110011111100111001111111111
111011011111011111110111100110111001111011111111111101101101101011111101110011111100101100101111111111101101000111111111101001111111111011011111111101111111111111110111010111111011010011111011101111111010111111111111110100111100111110000011111011011100111110111110101111111111001111010011101111000111111001111111111001101111101111
111111110111001111111111111111101100110100011111111001111111101110110100111100100001100100000011010111111111101011110111110011010001111111101111001011111111111011000000101100111111110011100101111100101101000010111110110111101101111010111111111000111100111111111010011011011111111110001111001101111000110110111111111110111111101111
110100101001010001100000001001011000100000000001111110100000101101000010000010000010010000000011000010100100100011110011100101001001100101001011000010001001111000111000010001111011000011100110001000000011000110111100000110101001110110000001000001101000100001010100010110001010000100101001000110001010100110000100001100011111101111
111011110111111111101111101101101100110110110111111000101111111111110110000100101000000000000111101110011011001011111111100011110011101000001101101000100010111000000000110000001011110011101000111100000100000000111110001000100001100010011000010001001000010001000000101111000000000010101001000010001010110100000001101100101111101111
110000111101000000000000000100000001111010000111111111111110110100111111101000101011110000101011001110001111001111110111111101111101110100011110110111110011111100110001100100101111101111110110101001110110000111111110010100100101001111011101110010011110100100010001011010101011000011110101101101011111101011101001110010011111101111
110011001111011101110111101110111001110011111111111101101101111011011100110111111100001100101011111101101011110111111111101101111111101011011111001001111111111000111111010011111011110011101011101001110100110101111111011111111110111110000001010110111100111101101110111001111100110101010111111011011110110011100010010100011111111111
110000001101000000000000011010011100010100101111111101111101111011111100111011111100001100101111111100101111010111111111111101111111111011011111011001110111111110111111010111111011110011101011101001110100110110111111001111111110111110000111010110101101111111101110111001101100110100010111111011011110110011100001010101011111111111
110100101101000001110000111010001100100000110001111010100000000101000101000010001000000000001001010000100101000011110111100101001001100101100000000010100001111000111000001001111011000011100110110000001010100110111111001101101100110110000000010001101001100001011000011110011011000100101001000110111000110110000000101010111111101111
111111110101011111111111111111011001110110111111111000110001111011111000110011111100100001101111110111111011010111111111101101111101101111011110110111011111111110111101010111111011110011111011111111111010100101111111110110101001111110011010111111111100110111111110111111111011011111110111101111110011111010111111101111011111101111
111010111010110000010111001100010100111010010011111111111110100100111101101000000010011000110001001001001111001111110111111101101101111100010100110011110010111100110000100100100111001111110110001011110110000111111110100100110111001111011100010010011100100100010000011000101011010011110001100001100111100110111100110001001111101111
110000001101000000000000010011011100000100001011111001100010100001000000000001100010000000001010101010100010100011110111100011010011101000001101101000100010111000010000110000001011110011100000101000000101000000111110001100100000100010011000010001001000010000000100101110111010100011110101100101111010011101101111111111101111101111
110000111101000000000000000100000001111010000111111111111110110100111101101000101011110000101011001110001111001111110111111101111101110100011110110111110011111110110001100101101111001111110010101001110110000111111110010100100101001111011101110010011110100100010011011010101011000011110101100101011110101011111101110010111111101111
110011001011111000010011001100110111111010101111111111111110100100111011001000101010110000111011000010001111011111110111111000111111100010001110010011110001111000111111010011111011110011101011101001110100111101111111011111111110101110001001010111111100111101101110111001011100110101010011111011011110110011100010010100011111111111
110010001001000000110001000100010111111010101101111011111110100100111011101000101011100000111011000011001001011111110111111000011111100010000110010011110001111100111000000110111011101011101100001001100111000111111110000000100111011001001011010011011100110101011001011011101011000001011000100101101000101101011101110100111111101111
110000101101000010100000010010110110010100011001111001101010100101101000100011010000100000001010101011101010100011111111100010010011101010001100101011110011111110110111010111111011110011101011101101110100110110111101001111111110111110000111010110101101111111101110111001101100100100010110111011011110110011100001010101011111111111
110100001101011000010011000100000111111010101111111111111110100100111011100000101011110001111011000011011111011111110111111000111101100010000010010011110001111110111001100110111011101111110100001000110111000111111110000101100101001111001011010001011100111101011101011011101011000001110101111000111111010010100100110001001111111111
111111010011010001101111001111101100000000111111111100100101111011111010100000101100100101100111111010001001010111111111101101111001101111011111110011011011111101111111010111111011011011111101011001001011001111111110110011111100110000110101101010111000111111111011111010100001001000101001000011001000110111000000101100101111101111
111101010111111111110011011101110000110011110111111001101101101101111100111111100101111001111101011101111111001111111111101111111111111110011101110001010110111101110111100001110011100011111011101110111010111111111101100111101111111100011101010010111110110111111111011111111011011111110111101110110111111010111111101111011111101111
110100001101000000000000010010111100010100111001111001100010000000000010000001000000000100001010100011000010100011110111101011010111101000001101101000100010111000000000110001001011110011111010100000010110001011111100001000100000000011001001000000101000010000000100101010001000010000001111101000000000101100001100000100001111101111
110100101101010000100000011000010100100100110001111110100000100100000001000011001011010000000111001011110100000011110011100101011001100101001101010010000001111000011001010011111111000011110000101001111110010101111110110101100111001100011001010000011101100101010001011010111011011000100101101101111111101010100011111010011111101111
111111110111111111101111101011101110110010111111111100111111111110110100001100100001001000000011000110011111101011111111110011110011111110111101011011110101111001000100001110111111110011100001011100101101110010111110110111101101111010101111111000111100111011011010011011011110101111001111001101111000010110101111110110111111101111
110011001111011101110111101110111001110001111111111101101101111011011100110111101100001100101111111101101011110111111111101101011111101011110101001001111011111100111001100110111011101111110100001000110111000111111110000101100111001111011010101001001100101101011001011011101001000001110101111000111111011010100100110101001111111111
111111110110111111111111111111101110000110111111111100111110111111100100010101101101110101101011010101111000011111111111111101110011110110111011110101111101111000011011011110011111001011101111011111111101001111111111110111101101111110111110111011111110010101011111011010111000101111111011000011101111111001111111111011101111101111
110011011111011111101111111111101011110110111111111110100101111011111000110001101100100101100111111010101001010111111111101101111101101111011111110101011011111101111111010111111011010011111111011001001010101111111110110011111101110010111101111010111000111111111011111010111011101100001111000111111011111000001111101111011111101111
111011011111011101100111100110110011110011110111111101101101101101111100111111100101111001111101011001111111001111111111101111111111111110011101110101110110111101110111101111110111100011111011101110111010111111111101110111101111111110011101110010111110110111111111011111111011011111110111101110110111111010111111101111011111101111
110000001101000000100000000010011100010000111001111001100010000001000001000001000000000000001010100011000011100111110111100011010011101000001101101000100010111000000000110000001011100011100000101000000101000000111110001000100000100010011000010001001000010001000000100111000001000000101001001010001010000110000001101000111111101111
111111110111111111111111111111111010100110111111111101111110111111100101010101100001110101111001010101011000011111111111111111110011110110101011110100111111111000011011001110011111101011111110011111111101011111111111110110001101111110101110111011111110110101011010011110110000111110100000110011101110111101111101110101101111101111
111111110111111111111111111111101010000110111111111100111110111111100101010101100101110101101011010101011000011111111111111111110011110110101011110100111111111000011011001110011111101011101111011111101111001111111111110111001101111110111110111011111110010101011111011000111000101111110010000011101111111001111111111101101111101111
111011011010010000010011001100010100011000000111111011111110100101111111100001100011110010111011011011001111001111111011110101001101100101001011010010001001111000111000011001111011000011110110111000000011000110111100000100101100110110000000000001100101100001010000010110001011000100101011000111001010000010111010111111011111101111
111111000111111110111111111111101010000110111111111100111110111111100101010101100101110101101011011101011100011111111111111111110011110110101011110100111111111000011011001110011111101011111101011111101111001101111111110111001101111110111110111011111110011111011111011000111000101111110010000010101101111101111111101101101111101111
111101011111111111110111100110111001111001111011111101101101101011111101100011011100000110101110111110100111000111111111101001111101101011111101111001111101111111000000010000000011011011110010100000010100001000111100001000100000100010001000010000111000010000000100101010001000000001001011101010000010101101001100010101101111101111
110011001010100000100000000010011100010000111001111001100010000000001101000001000000000000011010100011000011100111110111100011010011101000001101100000100010111000000000110000001011100011100000101000010101000000111110001000100000100010011000010001101000010001000000100011000001000000101001001010011010000110000001101000111111111111
111111110111111111111111111011111011100110111111111111111100111111100101010101100001110101111001110101010000011111111111111111110011110110101011110100111111111000011011001010011111101011111110011111111101011111111111110110001111111110101110111011111110110111011010011110010000111100100000110001101110111101111101110001001111111111
111010111010111100010111011100010001111010010111111101111110001101111111001000101010110010111001001011101111001111110011100001100001101100100010000010000000111000110001011001111011100011100100100010111010110011111101111101110110001110001000101110110110110111111111010011111010100010100111100011110111111110011010101111001111101111
111001011110000001010000000010010001010010011011111110101000101001000010110000001110001000100011100000100111000111110111110101011001101111001010001100101000111100000010010000000011010011110011000000010000001001111100010111001101111110101110111011111110010101011111011100111000101111110010000011101111110001111111111100111111101111
111001101010111101010111001100010101110011111111111101101101111110111100110111111100011100111111111101100110000111111111111101011111101111011110110001111111111110111111011110110011001011101011101001110101110110111110011111111000111110000100010110011100100101011010010011101011011001011001100101001000001111001101110101111111101111
111000011100000101000000000011001011011010011111111100101111100100011111001000011110110110110000001110001011011111110111111001111111110101001100111001111111111110111111110110111011110011101011101000110100110110111111011111101110111110000101010110111101111111101110111001011110110100010101111010011110110010100010010101011111111111
110000011110000001000000000010011001011010011111111110101000101001000000110000001100001000100011000000101111000111110111100101010001101101001010001000101000111100000000010000000011010011110010100000010100001001111100001000100000100011001000000000111000010000000100101010001000000001001011101010000000101101001100000101101111101111
111111110010001111111111101011111100110100011111111001111111101110110100111101100000100000001011010111111111101011110111110011010011111101101111001011111111111100000000101100111111111011100101011100111010111111111101110111101111111110011101110011111110110111111111011111111111011111110111101110110111111010111111101111111111101111
110111101101100000100010011000011100100000000001111100100001001101000101010010111000000000000011000110100000000011110011100101001001100100001001000010001000111000111000001001111011100011100010111000100010001111111100010000101001110110001000001001101000100001110100010110001011000000101101000110001010000011001100011100011111101111
111111110111111010111001101111110111100110010111111110111111111111000101010111101001111111111011010101111011011111111011111111010111110110101111101101011111111010011010001110011111101011110100011111011110111111111111110101001101111110001010111111111110111111111101010110111011101111001111100111101010110010011111101111001111111111
110100001100000000100100000010011001011110011111111100101000101000000101111010001100001001000001010000100111100111111111101101101011100101110001000010100001111010111000010001101111010111100110110101100101000000111110100111100101110000110111001000111100010000000100101011011000001000101001000010001010110111000000101100101111101111
110100100101110001100000011000111100101100000001111100110000001101000101100010001000010010100011000001110000011111110011101001101001111000100000000000100000111001110001001011110011110011110100100011111010110011111101111111010110011110001000101111110110110111111111111011101010100011000111100100110111101110111011101101111111101111
110011001111011101110111101110111001110011111111111101101101111011011110010111111100000100101011110101101001110111111111101101111011101011011110001001111111111000101101010111111011110011100011101001110100110101111111011111111110111110000001010110111100111101101110110001111100110001010111111011111111110011100010010100011111101111
111000011110000000000000000010011001011010011111111110101000101001000001110000001000001001100011000000101011000111110111100101010111111011011111011001010111111110101111010111111011110011101011111001110110110110111111001111111111011110000111010110101100111111101110111001101100110100010111011011011110110011100001010101011111111111
110011011111111010001100000010001100010110101001111101100010000001000000000001000000000000011000100011010000000011110111100011010011100000001111101000100010111010000100010000101011110011100001101000001110010000111110001000100000100010010001110000001000010011000000100111000100000000001001000010001010100110000000101000111111101111
110000101001000000100000000010011100010001011001111001100000000001000001000001100100000000010010110011100101100011110111101101111101110101011010010001111000111101110100000100101011101011100000100000110110100111111100110100111011011111010111100010110000100110001001110110101010010001110101010000010111110111010000010001001111101111
110010001001100000110001000100010111101010111101111010110010101100111011101000101011100000111111000001011001011111110111111001011111100011000110000011110001111100111001100110111011101111110100001100110111000110111110000100100111001111011011110001011101101101011101010011001011000001110101101000111111010110110100110001001111111111
111011011011011100100110100110110011110011110111111101101101101101011101111111100101111011111101011000111111011111111111101111111111111110011111110101110110111101110111101111110111100011101011111110111010111111111101110110101111110100011001110010111110110111111111011011101011011111110111101111110111111011111111111101101111101111
111111011111111111110111100110111001111001111011111101101101101011111101100011011100001110101100111111100111000011111111101001111111111011111101111101111101111111110111111111111011010011111011101111111010110110111111111100111100111111001000111011001100111110111110101111111111011101000011101111000111110001111111111001101111101111
110011001110111010010011000110010111011010101111111111111111100100011010000001101011110000110111100001011011011011111011110101101001101101010110111101111011111101011111011110011011111011101011101001100100110110111111111111111110111110000000010110111101111101101110111001111100101101010001111011111110100011100010000100011111111111
110111101110011101110111101110111011110011101111111100101101111011011100111111111100001100100011011101101011100111111111111101011101101111111110000101111100111000111011011011110011011011110011100011111110111111111110110111011110011100111011000110111110110111111110111111111111011101110011101110110010111010111101010111011111101111
110000001001000001000000011010011100010100101111111101111101101011011000110011111100000100101111111101100111010111111111111101111001101101001010101000101000111100001001010000000011010011110010100000010100001001111100001000100000100011001000000000111000010000000100101010001000000001001001101010000000101101001100000101101111101111
111111011111101111110111100110111011111011110111111101101101101101111100111111100101111001111101011001111111001111111111101111111111111110011101110101110110111101111111101101110111100011101011101110111010111111111111110111101111111110011101110110111010111111111111011111111011011111110111101110110110001010111111111111011111101111
110000101101000010100000010010111110010100111001111001101011110101000000000001000000000001001010100011000010000011110111100011000111111010001100101011100010111000000010111000001011110011100000100110010110000000111110000101100000110010011000010100001000010001100000100111100001000000011011101000000000100101001100000101101111101111
110000111101000000000000000110000001111010001111111111111110110100111111101000101011110000101111001110001111001111110111111100111101110100011110110111110011111100010001100000101111101111110110111001110100000111111100010000100101001111001101111010011110100100010001001010100011000011010101010011001010100110000101101000111111111111
110100001101010000100000001001011000100000000001111100100000101101000000000010001000011000000010000010100100000011111011100111001101100111001011000011001001111001110000011001111011000011110110111000000011010110111100000000101001110110001000000001101000110001010000010110001010000101100111100101110111111110111010101101101111101111
111111011111111111110111100110111001111001111011111101101101101011111101100011011100001110101100111111100111000011111111110101111111111010111101111101111101111111110111111111111011110011111111001011110100110110111111011111111110111100000000111010111100111100111110111001011110100110010101110000110111100000101011000100011111111111
110000101101010001101111100111111110110101111111111001111101001110110000100101100100100000100111011111111111101111110111110011000011111001101111101000101000111100000010010100000011000011110011000000010000001001111101000100101011011111010111110011111000100110010001111110001010000001110101110000010111110011011000110001001111101111
110100001101000000100000000010000001011010011111111100101000101011000000010100001100000000100001000000100011000011110111100101010011100101001010001010101010111000001000010000000011010011110011100000010110000001111100001000100000000011001001000000111000010010000100101010101000000000001111100010000000101101001110000100001111101111
110100100101110001100000011000111100101100000001111100110000001101000101000010001000010010100011000001100100001111110011100001101001101000100000000010000000111000110001011001111011100011100100100011111010110011111101111111110110011110001000101110110110110111111111010011111010100010100111100111110111111110111010101111001111101111
111101110111111111001111111111101010111110111011111100110111101110111100011100100111101000000011110111111111101011110111100111010011111111101101001000111101111001000100111110111111100011100101011101001101000010111110110001101111110000111110111001011000111111111111011001111000101111110010000011101111111001101111111101101111101111
~~~
66.0 219.0 61.0 187.0 1103.0 
26.0 105.0 126.0 421.0 2290.0 
97.0 87.0 114.0 558.0 2482.0 
73.0 90.0 151.0 381.0 2399.0 
60.0 69.0 142.0 481.0 2631.0 
145.0 134.0 106.0 325.0 1964.0 
78.0 205.0 80.0 139.0 1255.0 
85.0 210.0 49.0 296.0 1200.0 
140.0 132.0 104.0 362.0 1984.0 
91.0 212.0 51.0 264.0 1175.0 
142.0 128.0 105.0 369.0 2031.0 
113.0 129.0 98.0 433.0 2002.0 
137.0 124.0 106.0 386.0 2050.0 
65.0 218.0 65.0 193.0 1116.0 
70.0 216.0 58.0 227.0 1131.0 
127.0 139.0 104.0 317.0 1900.0 
107.0 161.0 84.0 334.0 1693.0 
76.0 207.0 63.0 233.0 1211.0 
32.0 100.0 127.0 435.0 2310.0 
55.0 73.0 138.0 480.0 2562.0 
35.0 114.0 121.0 386.0 2202.0 
55.0 70.0 140.0 483.0 2610.0 
85.0 84.0 121.0 530.0 2513.0 
72.0 77.0 124.0 550.0 2587.0 
68.0 168.0 94.0 236.0 1663.0 
56.0 86.0 148.0 406.0 2424.0 
75.0 198.0 81.0 182.0 1341.0 
118.0 144.0 102.0 323.0 1828.0 
44.0 82.0 139.0 442.0 2499.0 
108.0 116.0 112.0 445.0 2122.0 
93.0 211.0 56.0 249.0 1157.0 
109.0 156.0 89.0 332.0 1733.0 
83.0 184.0 78.0 251.0 1448.0 
55.0 79.0 136.0 469.0 2524.0 
94.0 103.0 109.0 498.0 2274.0 
79.0 196.0 85.0 160.0 1377.0 
59.0 163.0 97.0 262.0 1651.0 
85.0 173.0 96.0 220.0 1569.0 
81.0 78.0 123.0 546.0 2571.0 
30.0 99.0 129.0 429.0 2326.0 
86.0 202.0 82.0 152.0 1269.0 
57.0 171.0 84.0 306.0 1630.0 
131.0 136.0 99.0 365.0 1938.0 
101.0 99.0 107.0 540.0 2337.0 
98.0 108.0 104.0 490.0 2240.0 
88.0 189.0 89.0 167.0 1413.0 
56.0 76.0 137.0 462.0 2539.0 
133.0 148.0 91.0 356.0 1832.0 
69.0 192.0 79.0 247.0 1356.0 
131.0 135.0 101.0 365.0 1934.0 
123.0 120.0 107.0 398.0 2123.0 
125.0 152.0 102.0 275.0 1762.0 
97.0 140.0 93.0 417.0 1906.0 
126.0 137.0 106.0 321.0 1909.0 
64.0 126.0 111.0 395.0 2089.0 
92.0 84.0 129.0 477.0 2457.0 
73.0 208.0 60.0 263.0 1226.0 
116.0 166.0 96.0 270.0 1636.0 
38.0 109.0 122.0 416.0 2224.0 
116.0 117.0 108.0 441.0 2141.0 
45.0 85.0 143.0 424.0 2447.0 
52.0 93.0 131.0 430.0 2408.0 
95.0 75.0 133.0 510.0 2538.0 
71.0 215.0 62.0 203.0 1139.0 
43.0 91.0 147.0 390.0 2393.0 
41.0 90.0 145.0 401.0 2400.0 
105.0 160.0 107.0 211.0 1747.0 
42.0 92.0 143.0 408.0 2388.0 
87.0 153.0 80.0 402.0 1798.0 
79.0 209.0 66.0 205.0 1207.0 
49.0 94.0 144.0 382.0 2373.0 
102.0 136.0 106.0 340.0 1948.0 
82.0 159.0 92.0 325.0 1663.0 
101.0 111.0 109.0 470.0 2186.0 
110.0 122.0 100.0 454.0 2083.0 
89.0 204.0 53.0 282.0 1257.0 
48.0 89.0 132.0 450.0 2402.0 
77.0 193.0 85.0 176.0 1376.0 
57.0 85.0 151.0 396.0 2438.0 
76.0 174.0 81.0 284.0 1588.0 
91.0 152.0 104.0 292.0 1767.0 
105.0 107.0 105.0 505.0 2255.0 
99.0 136.0 90.0 426.0 1922.0 
66.0 204.0 67.0 249.0 1288.0 
90.0 175.0 75.0 297.0 1575.0 
116.0 143.0 104.0 307.0 1865.0 
96.0 80.0 130.0 514.0 2481.0 
77.0 86.0 122.0 519.0 2480.0 
112.0 118.0 110.0 399.0 2096.0 
95.0 93.0 119.0 508.0 2359.0 
90.0 181.0 69.0 315.0 1490.0 
82.0 71.0 135.0 512.0 2581.0 
70.0 195.0 71.0 252.0 1350.0 
116.0 146.0 94.0 327.0 1831.0 
74.0 185.0 90.0 196.0 1470.0 
84.0 98.0 117.0 494.0 2328.0 
93.0 149.0 88.0 393.0 1840.0 
87.0 208.0 54.0 270.0 1222.0 
80.0 158.0 99.0 279.0 1725.0 
27.0 107.0 121.0 427.0 2247.0 
~~~
2.089
