110000000000001111001100000000000000000000000001111001100100000000000000000000000000000000000000000000000000000011110011100010000001111110000000000110100000111000000001000000000011010011100000000000000000000000111100000000000000000000000100000000000000000000000000000000000000000000000000000000000000000000000000000000001111101111
110000000000000000000000000000000000000000000001111001100000000000000000000000000000000000000000000000011000000011110111100010000001111110000000000111000000111001000000000000000011001011100000000000000000000000111100000000000000000000000100000000000000000000000000000000000000000000000000000000000000000000000000000000001111101111
111111111111111111111111111111111111111111111111111111111111111111111111111111111111111011111111111111111111111111111111111111111111111111111111111111111111111111111111111111111111111111111111111111111111111111111111111111111111111111111111111111111111111110111111111111111111111111111111111111111111111111111111111111111111111111
111110000000001110101110001111000000001111011101111001111011011110101011010000100000111010000000000000011101110011110011110010000001100000000000000000011001111101101001011100101111101111111100011111001101000000111100000000000000000000000101000000000000000000000000000000000000000000000000000000000000111000000011110000001111101111
111110000000001110111111001111111110101110010101111010111011011111010000011110011100011111101110001111011101101011111111100011111111111111111111011111000000111101001010100000000011100011101100011100111110111001111111111111110101101101111101111110000000111110111011110000000000000000000111110011100000000101111100001101101111101111
111111111011011111111100101111111000100000011101111001110011011111100010000101011100011101110000000011111100000011111011111001000111111111111000000111111011111000000011111101001011110111111100111100111101111110111111111111101111101000111110111010100110111111011100101111011101110111011000000011111000111110000000001100101111111111
111111111111111111111111111111111111111111111111111111111111111111111111111111011111111111111111111111111111111111111111111111111111111111111011111111111111111111111111111111111111111111111111111111111111111111111111111111111111111111111111111111111111111111111111111111111111111111111111111111111111111111111111111111111111111111
111111111111111111111111111111111111111111111111111111111111111111111111111111111111111111111111111111111111111111111111111111111111111111111111111111111111111111111111111111111111111111111111111111111111111111111111111111111111111011111111111111111111111111111111111111111111101111111111111111111111111111111111111111111111111111
111110000000001110101111110000000000011101100111111010110011111111001101011111011101111011101000000010111101101111110011110011011111100000000000000000011110111111101001011111001111000111100000000000000000111011111111110000000001101110111101111001100110111111011100010000000000000000000111000011011101111101111111110000001111101111
110000000000000000000000000000000000000000000001111001100000000000000000000000000000000000000000000000011000000011110111100010000001111110000000000111000000111000000010000000000011001011100000000000000000000000111100000000000000000000000100000000000000000000000000000000000000000000000000000000000000000000000000000000001111101111
111111110111011110101100101111011101001111100101111111111011111111111111111110011111100001101111011100011101111011111011110010000001100000000000000000011011111101000001111011100011100111111111111111100000111011111111111111101101110101111111111101101100111110111011011111011110111111001110111111100001000111111100000000001111111111
111111111111111111111111111111111111111111111111111111111111111111111111111111111111111111111111111111111111111111111111111111111111111111111111111111111111111111111111111111111111111111111110111111111111111111111111111111111111111111111110111111111111111111111111111111111111111111111111111111111111111111111111111111111111111111
111111111111111111111111111111111111111111111111111111101111111111111111111111111111111111111111111111111111111111111111111111111111111111111111111111111111111111111111111110111111111111111111111111111111111111111111111111111111111111111111111111111111111111111111111111111111111111111111111111111111111111111111111111111111111111
110000000000001111001110000000011110101101110001111001101011111111101000100101011111100001111110101000000000000011111111100011100011111111111111010110100000111101010010111111010111100111111100100000000000111110111111111110000001111000000101111010000010111111111100111111011101100111101110111111110000111111111111111111111111111111
111111110111111111111100001111100000001111000001111010110111011000000001011110011111000000000000000010100000000011110111100011111011111111111111010110111011111001101100111101001111111111111111111101010000000000111111110000000001111101111110111100010011110000000000001111011010101111111111111111101001000100000000001111011111101111
110000000000001110101100000000000000000000000001111001100000000000000000000000000000000000000000000000000000000011110011110000000001111110000000000110100000111010000000000000000011000111100000000000000000000000111100000000000000000000000100000000000000000000000000000000000000000000000000000000000000000000000000000000001111101111
111111111111111111111111111111111111111111111111111111111111111111111111111111111111111111111111111111111111111111111111111111111111111111111111111111111111111111111111111111111111111111111111111111111111111111111111111111110111111111111111111111111111111111111111111111111111111111111111111111111111111111111111111111111111101111
111101111011111110111111111111111000111101101101111100110011011111001110110101111110111111101111001011111100000011110111111001101111100000000000000000011010111111010011111001101111011111101111111111001110111110111111110000000001100010111111111100100101111111011011110000000000000000000111110011100001000101110011111101001111111111
111110000000001111101100001111011001111111010011111001101000000000000000000111011110111011111111100000011100000011110011100010000001100000000000000000011111111000010011011101110011101011101100100000000000111101111100000000000000000000000110111011000100110000000000001111111011100110111000000011100001000111111111111111111111111111
110000000000000000000000000000000000000000000001111001100000000000000000000010000000000000000000000000011000000011110011100010000001100000000000000000011001111000000100000000000011001011100000000000000000000000111100000000000000000000000100000000000000000000000000000000000000000000000000000000000000000000000000000000001111101111
111111111111111111111111111111111111111111111111111111111111111111111111111110111111111111111111111111111111111111111111111111111111111111111111111111111111111111111111111111111111111111111111111111111111111111111111111111111111111111111111111111111111111111111111111111111111111111011111111111111111111111111111111111111111111111
110000000000000000000000000000000000000000000001111001100000000000000000000000000000000000000000000000011000000011110011100010000001100000000000000000011001111100000000000000000011010011100000000000000000000000111100000000000000000000000100000000000000000000000000000000000000000000000000000000000000000000000000000000001111101111
110000000000000000000000000000000000000000000001111001100000000000000000000000000000000001100000000000011000000011110011100010000001100000000000000000011001111000000010000000000011001011100000000000000000000000111100000000000000000000000100000000000000000000000000000000000000000000000000000000000000000000000000000000001111101111
111101111011111111101110111111111010101101011001111001110100000000000000000011111101111110000000000010011101111011110111111101100111111101111100000110111110111000110100011001111111100011101100011101110000000000111111111110000001110110000101111011101001111111011100011111011001111110111111110011011100000110000011111101001111111111
110000000000001111001100100000011100001101010001111001101011111110010001111101111000111100000000000011000000000011111111100010000001100000000000000000011010111101011100111110101111100111100000000000000000111010111111111111110011100101000100000000000000000000000000000000000000000000000000000000000000111111110011111100101111111111
110000000000000000000000000000000000000000000001111100100000000000000000000100000000000000000000000000011000000011110011100010000001100000000000000000011010111100000000100000000011100011100000000000000000000000111100000000000000000000111000000000000000000000000000000000000000000000000000000000000000000000000000000000001111101111
111101111011011111111110001111000000001101111101111010100111111110100111011110111110011101111111001111100000000011110011111101000011100000000000000000011011111111101110011111000111110011101110011110000000111110111111111110000001101000000100111100010011110000000000001111111001111111011000000011101110111110000011111101111111101111
111110000000001110101110111111000000001110001001111010100111111000000001111110111111011011111111111010111001110111111011111110000001111111111011101111000000111101111111011111001111001011101100011110101101111110111111111111111101111101000101111000001100111111111100111111111001101110111000000011001101000100000011111111001111101111
110000000000000000000000000000000000000000000001111001100000000000000000000000000000000000000000000000011000000011110011100010000001111110000000000110100000111010000000000000000011100011100000000000000000000000111100000000000000000000000101000000000000000000000000000000000000000000000000000000000000000000000000000000001111101111
110000000000001110101100000000000000000000000001111001100000000000000000000000000000000000000000000000000000000011110011100010000001111110000000000111000000111000100000000000000011100011100000000000000000000000111100000000000000000000000100000000000000000000000000000000000000000000000000000000000000000000000000000000001111101111
111111111111111111101111111111111111111111111111111111111111111111111111111111111111111111111111111111111111111111111111111111111111111111111111111111111111111111111111111111111111111111111111111111111111111111111111111111111111111111111111111111011111111111111111111111111111111111111111111111111111111111111111111111111111111111
111111111011011110011110111111111110101111111111111001111111011110111101011100100000111011101110010110111101110111111111100011101011111101111100000110100000111100100000011110011111100111101111111101011111111110111111111110000000000000111111111000001000111111111100000000000000000000000110110011010000111000000011111111011111111111
111111111011101111101100001111011100001101101101111110110011011110100111000110011110000001101111110011111111110111110011110000000001111101111011100110111010111001001010111110110111000111111111111110011111000000111111110000000001110111111111111011011010111111111011111111111001101110101000000011010000000000000011110000001111101111
110000000000001110101100110000000000010000001101111001110011111111110100010100011101100001101111110100011101110011110011111111110011111110000000000111100000111010010000011011010011011011101111011110011101000000111111110000000001111010000111111011111001111110111111111111011011111111011111111111001011000000000000001100101111111111
110000000000001110101100000000000000000000001001111001100000000000000000000000000000000000000000000000000000000011110011110000000001100000000000000000011010111010000000000000000011000111100000000000000000000000111100000000000000000000000100000000000000000000000000000000000000000000000000000000000000000000000000000000001111101111
110000000000001110101100000000000000000000000001111001100000000000000000000000000000000000000000000000000000000011110011110000000001100000000000000000011001111000000100000000000011001011100000000000000000000000111100000000000000000000000100000000000000000000000000000000000000000000000000000000000000000000000000000000001111101111
110000000000000000000000000000000000000000000001111001100000000000000000000010000000000000000000000000011000000011110011100010000001100000000000000000011100111000000100000000000011010011100000000000000000000000111100000000000000000000000100000000000000000000000000000000000000000000000000000000000000000000000000000000001111101111
111111111111111111111111111111111111111111111111111111101111111111111111111111111111111111111111111111111111111111111111111111111111111111111111111111111111111111111111111111111111111111101111111111111111111111111111111111111111111111111111111111111111111111111111111111111111111111111111111111111111111111111111111111111111111111
111111111111111111111111111111111111101111111111111111111111111110111111111111111111111111111111111111111111111111111111111111111111111111111111111111111111111111111111111111111111111111111111111111111111111111111111111111111111111111111111111111111111111111111111111111111111111111111111111111111111111111111111111111111111111111
111111111111111111111111111111111111111111111111111111111111111111111111111111111111111111111111111111111111111111111111111111101111111111111111111111111111111111111111111111111111111111111111111111111111111111111111111111111111111111111101111111111111111111111111111111111111111111111111111111111111111111111111111111111111111111
111111111111111111111111111111111111111111111111111111111111111111111111111111111111111111111111111111111111111111111111111111111111111111111111111111111111111111111111111111111111111111111111111111111111111111111111111111111111111111111111111111111111111111111111111111111001111111111111111111111111111111111111111111111111111111
111111111111101111111100000000011111100000011001111001111011111111011101100000111000000001111111011111011101111011111011110011101111111101111100000111111100111010000011011010100111000111111110111111000000000000111111111111100101111010111100111010011001111111111011111111011011111110111110111111001101000001111100000000001111111111
111111111111111111111111111111111111111111111111111111111111111111111111111111111101111111111111111111111111111111111111111111111111111111111111111111111011111111111111111111111111111111111111111111111111111111111111111111111111111111111111111111111111111111111111111111111111111111111111111111111111111111111111111111111111111111
110000000000001110101100101111100000011100111101111111111011111000000001000110011000011010000000000010111110000011111111111111110111111110000000000111000000111110110100111111000111011111101100011101011111111011111111110000000001110000111100111101010101111111011111011111111011111111011110111111011101000111110011110000001111101111
111111111111111111111111111111111111111111111111111111111111011111111111111111111111111111111111111111111111111111111111111111111111111111111111111111111111111111111111111111111111111111111111111111111110111111111111111111111111111111111111111111111111111111111111111111111111111111111111111111111111111111111111111111111111111111
110000000000000000000000000000000000000000000001111010100000000000000000000110000000000000000000000000011000000011110011100010000001100000000000000000011100111100000000000000000011001011100000000000000000000000111111111110000000000000000000000000000000000000000000000000000000000000000000000000000000000000000000000000001111101111
111111111011111110101110101111011010001101011001111010111111111110001110011111111101011011111000000010111101110111111111111001001011100000000000000000011011111011000111011110001111111111111111011101010000000000111111111110000001101110111000111111011010111110111100110000000000000000000110001111100000111110000011111101001111101111
111111111111111111111111111111111111111111111111111111111111111111111111111111111111111111111111111111111111111111111111111111111111111111111111111111111111111111111111111111111111111111111111111111111111111111111111111111111111111111111111111111101111111111111111111111111111111111101111111111111111111111111111111111111111111111
111111111011111111111111111111011111111111111111111111111111111111111111111111111111111111111111111111111111111111111111111111111111111111111111111111111111111111111111111111111111111111111111111111111111111111111111111111111111111111111111111111111111111111111111111111111111111111111111111111111111111111111111111111111111111111
110000000000000000000000000000000000000000000001111100100000000000000000000100000000000000000000000000011000000011110011100010000001100000000000000000011001111001000000000000000011010011110000000000000000000000111100000000000000000000111000000000000000000000000000000000000000000000000000000000000000000000000000000000001111101111
111111111111111111111111111111111111111111111011111111111111111111111111111111111111111111111111111111111111111111111111111111111111111111111111111111111111111111111111111111111111111111111111111111101111111111111111111111111111111111111111111111111111111111111111111111111111111111111111111111111111111111111111111111111111111111
111111111011101111011100101111111010111111000101111011111111011000000000110111111100100000000000000011011000000011111011100010000001111101111011010110100000111111000111111001110011100011111111011100110000000000111111111110000001101010111111111011011000111111011011011111111111111110101111000011001010111101111100000000001111111111
111111111111111111111111111111111111111111111111111111111111111111111111111111111111111111111111111111111111111111111111111111111111111111111111111111111111111111111111111110111111111111111111111111111111111111111111111111111111111111111111111111111111111111111011111111111111111111111111111111111111111111111111111111111111111111
111101110111101111011111111111011011001101011001111001110011011110100001110001011000100001101110101011111011101011111111100011100111111111111111101111011101111001100010011111101111011011111110111100100000000000111111111111110101110000000101111000101010111111011111001111011111111111111111110011111110111111111111111100011111111111
110000000000000000000000000000000000000000000001111001100000000000000000000100000000000000000000000000011000000011110011100010000001111110000000000111000000111000000100000000000011001011100000000000000000000000111100000000000000000000000100000000000000000000000000000000000000000000000000000000000000000000000000000000001111101111
111111111111111111111111111111111111111111111111111111111111111111111111111111111111111111111111111111111111111111111111111111111111111111111111111111111101111111111111111111111111111111111111111111111111111111111111111111111111111111111111111111111111111111111111111111111111111111111111111111011111111111111111111111111111111111
111111110111111111111110111111111111111111111111111111111111111111111111111111111111111111111111111111111111111111111111111111111111111111111111111111111111111111111111111111111111111111111111111111111111111111111111111111111111111111111111111111111111111111111111111111111111111111111111111111111111111111111111111111111111111111
111101111011011110101111101111011111001101111111111001110111111110011011110000111101111110000000000010111001110111111111111111111011111101111011001111011111111010001111111010000111100011111111000000000000111010111111111111110101100010111110000000000000000000000000000000000000000000000000000000000000000001111111111100101111111111
110000000000000000000000000000000000000000000001111100100100000000000000000100000000000000000000000000011000000011110011100010000001100000000000000000011001111010000000000000000011010011100000000000000000000000111100000000000000000000111000000000000000000000000000000000000000000000000000000000000000000000000000000000001111101111
111111110111111111111110000000000000010000011101111001111111111111010000110011011111000001101111011010011010000011110011111101101111100000000000000000011101111110010011011110000111000111111111111110110000111011111111111110000001110100000101111000011111111111011111011111111101111110111111001111011011000100000000001110111111101111
111111111011101111111100001111111111110000001001111010110100000000000000011110011111111010000000000010011011111011110011111001000011100000000000000000011110111101110100011011110111011011111100111100100000111100111111110000000001100111111000111010101010111111111100111111111001100111011111000011010001000100000011111110001111111111
110000000000001111001100000000000000000000000001111001100000000000000000000000000000000000000000000000000000000011110011100010000001100000000000000000011010111000000001000000000011010011100000000000000000000000111100000000000000000000000100000000000000000000000000000000000000000000000000000000000000000000000000000000001111101111
111110000000001110101100000000000000001100111011111010100111011111100111110110000000100001101110110011111011111111111011100010000001100000000000000000011011111110010101000000000011110011101111011111101101111110111111111111101100000000111110111000001001111111111011011111011011101111101000000011001111111001110000000000001111101111
110000000000000000000000000000000000000000000001111010100000000000000000000110000000000000000000000000011000000011110011100010000001100000000000000000011001111000000010000000000011010011100000000000000000000000111111110000000001101000000000000000000000000000000000000000000000000000000000000000000000000000000000000000001111101111
111111111111111111111111111111111111111111111111111111111111111111111111011111111111111111111111111111111111111111111111111111111111111111111111111111111111111111111111111111111111111111111111111111101111111111111111111111111111111111111111111111111111111111111111111111111111111111111111111111111111111111111111111111111111111111
111111110111111111101111100000011001001111011111111100100111111111011010011100100000011011100000000011111101101111110111111000000001100000000000000000011101111110100010111010101011000111111111100000001101111110111100000000000000000000111000111110000011111111111100111111111101110111011000000011101010000001111111111111011111111111
110000000000001110101111000000000000011110110101111001110011100000000000010010111100011010000000000000011100000011110111110011011111111111111111010111011111111110110101111000011011001011101100011111110000111100111111111111100110000000000110111001100000111110111111111111011101110111101111000011101110000111111100001110001111101111
110000000000001110101100000000000000000000000001111010100000000000000000000110000000000000000000000000000000000011110011110000000001111110000000000110100000111010000000000000000011000111100000000000000000000000111111111110000000000000000000000000000000000000000000000000000000000000000000000000000000000000000000000000001111101111
111111111111111111111111111111111111111111111111111111111111111111111111111111111101111111111111111111111111111111111111111111111111111111111111111111111111111111111111111111111111111111111111111111111111111111111111111111111011111111111111111111111111111111111111111111111111111111111111111111111111111111111111111111111111111111
110000000000000000000000000000000000000000000001111111111000000000000000011111011000011101101111111100011010000011110011100011110111100000000000000000011001111100010111011000111011111111111111011101111101000000111111111111100101100110111111111001101011111110111100111111011100100110101110110011100001111111110000001110011111101111
111111111111011111111111111111111111111111111111111111111111111111111111111111111111111111111111111111111111111111111111111111111111111111111111111111111111111111111111111111111111111111111111111111111101111111111111111111111111111111111111111111111111111111111111111111111111111111111111111111111111111111111111111111111111111111
111111111111111111111111111111111110111111111111111110111111111111111111111111111111111111111111111111111111111111111111111111111111111111111111111111111111111111111111111111111111111111111111111111111111111111111111111111111111111111111111111111111111111111111111111111111111111111111111111111111111111111111111111111111111111111
111111111111111111111111111111111111111111111111111111101111111111111111111111111111111111111111111111111111111111111111111111111111111111111011111111111111111111111111111111111111111111111111111111111111111111111111111111111111111111111111111111111111111111111111111111111111111111111111111111111111111111111111111111111111111111
111101110111011111111100110000011011011100111111111101111011011110100001111100111000111111111110111000011101110111111011100011100111100000000000000000011100111011110000011010111011001111100000000000000000111011111111110000000001101011111110111011101111111110111111111111111001110111011000000011011010111110000011111111011111111111
111111111111111111111111111111111111111111111111111111111111111111111111111111111111111111111111111111111111111111111111111111111111111111111111111111111111111111111111111111110111111111111111111111111111111111111111111111111111111111111111111111111111111111111111111111111111111111011111111111111111111111111111111111111111111111
111111111111111111111111111111011111111111111111111111111111111111111111111111111111111111111111111111111111111111111111111111111111111111111111101111111111111111111111111111111111111111111111111111111111111111111111111111111111111111111111111111111111111111111111111111111111111111111111111111111111111111111111111111111111111111
111111110111101110101110101111011100010000011011111001111011100000000000011010011110111100000000000011111001110111111111111100000001100000000000000000011101111011010001011100111111010111101100111110010000111111111100000000000000000000111111111001101011111111011011001111011100101110101000000011111101000001110011111111111111101111
110000000000001110101111000000011011110000000111111001100011011000000001100100000000100001101111110100011001101011111011110010000001111111111111100110111101111100100100011111000111100011111100111101101101111011111111111111110101101100000101111001000100111111111011001111111100111111101110001111010001000111110000001101101111111111
110000000000001110101100000000000000000000000001111001100000000000000000000000000000100000000000000000000000000011110011110000000001100000000000000000011001111100000000000000000011000111100000000000000000000000111100000000000000000000000100000000000000000000000000000000000000000000000000000000000000000000000000000000001111101111
111110000000000000000000000000000000000000000001111001110000000000000000010101011000000001101000000011011000000011110111100011110111111101111000000111000000111111001000011100101011011011101100111101100000111100111111111111111011111111000101111011001100111110111100001111011010111111001110001111010000000111110011111110101111111111
110000000000001110101110001111111011001100100001111101101011111111001000111100111111100001101110100000011111110011111111110001001111111101111011100111011011111010011011011101100011111111101111000000001110000000111111111111111111110010111111111111011011111110111111001111011010110110101111001111011111111100000000001110001111111111
111111111111111111111111111111111111111111111111111111111111111111111111111111111111111101111111111111111111111111111111111111111111111111111111111111111111111111111111111111111111111111111111111111111111111111111111111111111111111111111111111111111111111111111111111111111111111111111111111111111111111111111111111110111111111111
111111111111111111111111111111111111111111111111111111111111111111111111111111111111111111111111111111111111111111111111111111111111111111111111111111111111111111111111111111111111111111111111111111111111111111111111111111111111111111111111111111111011111111111011111111111111111111111111111111111111111111111111111111111111111111
110000000000001110101100000000000000000000000001111010100000000000000000000110000000000000000000000000000000000011110011110000000001100000000000000000011010111100000000000000000011000111100000000000000000000000111111110000000001100100000000000000000000000000000000000000000000000000000000000000000000000000000000000000001111101111
110000000000001111101110111111111110100000011011111111111011111110101010100110011101011100000000000011011000000011110111111111110111100000000000000000011001111011111100111100010011110011101111011101011110111100111111111110000001100111111100000000000000000000000000000000000000000000000000000000000000111001111100001110101111101111
111101111111011111111111111111011101010000001001111001111111011110010011010001011100111010000000000000000000000011110111111011110011100000000000000000011011111111010010011101111011010011101111111100111110111100111111111111100111101000111101111010010110111111111111101111011001101111011110110011011111111110000000001100101111111111
110000000000000000000000000000000000000000000001111001100000000000000000000000000000000000000000000000011000000011110011100010000001111110000000000110100000111000100000000000000011000111100000000000000000000000111100000000000000000000000101000000000000000000000000000000000000000000000000000000000000000000000000000000001111101111
111111111111111111111111111111111111111111111111111111111111111111111111111111111111111111111111111111111111111111111111111111111111111111111111111111111111111111111111111111111111111111111111111111111111111111111111111111111111111111111111111111011111111111111111111111111111111111011111111111111111111111111111111111111111111111
110000000000000000000000000000000000000000000001111001100000000000000000000000000000100000000000000000011000000011111011100010000001100000000000000000011010111000000010000000000011000111100000000000000000000000111100000000000000000000000100000000000000000000000000000000000000000000000000000000000000000000000000000000001111101111
111111111111111111111111111111111111111111111111111111111111111111111111111111111111111111111111111111111111111111111111111111111111111111111111111111111111111111111111111011111111111011111111111111111111111111111111111111111111111111111111111111111111111111111111111111111111111111111111111111111111111111111111111111111111111111
111101111011111110101110111111011010101101011111111100111111011111100101011101011111011110000000000011100000000011111011111010000001111110000000000111111011111000001101000000000011011011111110111111001111111100111111111111111011111100111000111100000000110000000000001111011110110110101111001111110001111110000011111100011111111111
111111111111111111111111111111111111111111111111111111111111111111111111111111111111111111111111111111111111111111111111111111111111111111111111111111111111111111111111111111111111111111111111111111111111111111111111111111111111111111111101111111111111111111111111111111111111111111111111111111111111111111111111111110111111111111
110000000000000000000000000000000000000000000001111010100000000000000000000110000000000000000000000000011000000011110011100010000001100000000000000000011001111010000000000000000011100011100000000000000000000000111111111110000000000000000000000000000000000000000000000000000000000000000000000000000000000000000000000000001111111111
110000000000000000000000000000000000000000000001111100100000000000000000000100000000000000000000000000011000000011110011100010000001111110000000000110100000111000000100000000000011001011100000000000000000000000111100000000000000000000111000000000000000000000000000000000000000000000000000000000000000000000000000000000001111101111
110000000000001110011100000000000000000000000001111100100000000000000000000100000000000000000000000000000000000011110011100010000001100000000000000000011001111001000000000000000011100011100000000000000000000000111100000000000000000000111000000000000000000000000000000000000000000000000000000000000000000000000000000000001111101111
111111111111111111111111111111111111111111111111111111111111111111111111111111111101111111111111111111111111111111111111111111111111111111111111111111111111111111111011111111111111111111111111111111111111111111111111111111111111111111111111111111111111111111111111111111111111111111111111111111111111111111111111111111111111111111
110000000000001111011100001111111110110000011001111100101111011110111010110101011101111100000000000010011101101011111111100011101111111110000000000111111010111011000110111100010111101011101100111101001110111110111111110000000001101110111101111000001011111111011100110000000000000000000000000011011110000100000011110000001111101111
110000000000001110101110000000000000000000000001111001100000000000000000000000000000000000000000000000000000000011110011110000000001100000000000000000011001111000000010000000000011010011100000000000000000000000111100000000000000000000000100000000000000000000000000000000000000000000000000000000000000000000000000000000001111101111
111111111111111111111111111111111111111111111111111111111111111111111111111111111111111111111111011111111111111111111111111111111111111111111111111111111111111111111111111111111111111111111111111111111111111111111111111111111111111111111110111111111111111111111111111111111111111111111111111111111111111111111111111111111111111111
110000000000001111001100000000000000000000000001111001100000000000000000000000000000000000000000000000000000000011110011100010000001100000000000000000011010111000000010000000000011001011100000000000000000000000111100000000000000000000000100000000000000000000000000000000000000000000000000000000000000000000000000000000001111101111
111111111111111111111111111111111111111111101111111111111111111111111111111111111111111111111111111111111111111111111111111111111111111111111111111111111111111111111111111111111111111111111111111111111111111111111111111111111111111111111111111111111111111111111111111111111111111111111111111111111111111111111111111111111111111111
111101111011011111101100001111011011101101001111111001111011111111101110000010111111011011111111100111011101111011111011111000000001111101111011100111000000111111000011111111100011100011110000000000000000111111111100000000000000000000000111111001111110111110111111100000000000000000000000000011111101111110000000001111111111101111
110000000000001110011100000000000000000000000001111001100000000000000000000000000000000000000000000000000000000011110011100010000001111110000000000111000000111001000000000000000011001011100000000000000000000000111100000000000000000000000100000000000000000000000000000000000000000000000000000000000000000000000000000000001111101111
111111111111111111111111111111111111111111111101111111111111111111111111111111111111111111111111111111111111111111111111111111011111111111111111111111111111111111111111111111111111111111111111111111111111111111111111111111111111111111111111111111111111111111111111111111111111111111111111111111111111111111111111111111111111111111
110000000000001110101100000000000000000000000001111001100000000000000000000100000000000000000000000000000000000011110011110000000001100000000000000000011100111010000000000000000011100011100000000000000000000000111100000000000000000000000100000000000000000000000000000000000000000000000000000000000000000000000000000000001111101111
111111111111111111111111111111111111111111111111111111111111111111111111111111111111111111111111111111111111111111111111111111111111111111111111111111011111111111111111111111111111101111111111111111111111111111111111111111111111111111111111111111111111111111111111111111111111111111111111111111111111111111111111111111111111111111
111111111111111111111111111111111111111111111111111111111111111111111111111111111111111111111111111111111111111111111111111111111111111111111111111111111111111111111111111111111111111111111111111111111111111111111111111111111111111111111111111111111101111111111111111111111111111111111110111111111111111111111111111111111111111111
111101111011111111101110100000011011011100111101111010100100000000000000000110011101100001101110001011011101110111110111111111111111111111111011110110100000111110111001111111100111011111101100011100101101000000111111110000000001100110000111111110011001111111111111110000000000000000000000000011111011111000000000000000001111101111
111111111111111111111111111111111111111111111111111101111111111111111111111111111111111111111111111111111111111111111111111111111111111101111111111111111111111111111111111111111111111111111111111111111111111111111111111111111111111111111111111111111111111111111111111111111111111111111111111111111111111111111111111111111111111111
110000000000001110101100000000000000000000000001111001100000000000000000000000000000000000000000000000000000000011110011110000000001100000000000000000011100111000001000100000000011010011100000000000000000000000111100000000000000000000000100000000000000000000000000000000000000000000000000000000000000000000000000000000001111101111
111111111111111110111111111111111111111111111111111111111111111111111111111111111111111111111111111111111111101111111111111111111111111111111111111111111111111111111111111111111111111111111111111111111111111111111111111111111111111111111111111111111111111111111111111111111111111111111111111111111111111111111111111111111111111111
111111111111111111111111111111111111111111111111111111111111111111111111111111111111111111111111111111111111111111111111111111111011111111111111111111111111111111111111111111111111111111111111111111111111111111111111111111111011111111111111111111111111111111111111111111111111111111111111111111111111111111111111111111111111111111
111111111111111111111111111111111111111111111111111111111111111111111111111111111111111111111111111111111111111111111111111111111111111111111111111111111111111111111111111011111111111111111111111111111111111111111111111111111111111111111111111111011111111111111111111111111111111111111111111111111111111111111111111111111111111111
111111111111111111111111111111111111111111111111111111111111111111111111111111111111111111111111111111111111111111111111111111111111111111111111111111111101111111111111111111111111111111111111111111111111111111111111111111111111111111111111111011111111111111111111111111111111111111111111111111111111111111111111111111111111111111
111111111111111111111111111111111111111111111111111111111111111111111110111111111111111111111111111111111111111111111111111111111111111111111111111111111111111111111111111111111111111111111111111110111111111111111111111111111111111111111111111111111111111111111111111111111111111111111111111111111111111111111111111111111111111111
111101110111101111111110110000011011000000001101111001100000000000000000010000111000111011111111000010011111101011110011111110000001100000000000000000011100111001100100111100101111001011101111111101000000111010111111110000000001110111000100111001001010111111011100001111011111101111101111111111101110000110000000001111101111101111
110000000000001110011100000000000000000000000001111001100000000000000000000000000000000000000000000000000000000011110011100010000001111101111000000110100000111000001000000000000011001011100000000000000000000000111100000000000000000000000100000000000000000000000000000000000000000000000000000000000000000000000000000000001111101111
110000000000000000000000000000000000000000000001111100100000000000000000000100000000000000000000000000011000000011110111100010000001100000000000000000011100111100000000000000000011100011100000000000000000000000111100000000000000000000111000000000000000000000000000000000000000000000000000000000000000000000000000000000001111101111
110000000000001110111110000000011110011111111011111100100011011111110001111111011000011101111111011111111011110111110111110001010111111101111011110111011110111011111100111000011111110111111111111101001110111100111111110000000001101000111000111001110001111111011100011111011101100110111111110011011011000111111100001110001111101111
110000000000000000000000000000000000000000000001111001100000000000000000000000000000100000000000000000011000000011110011100010000001100000000000000000011010111000010000000000000011010011100000000000000000000000111100000000000000000000000100000000000000000000000000000000000000000000000000000000000000000000000000000000001111101111
111110000000001111111100111111111010000000000001111010101000000000000000000111111000111111110000000000000000000011111111110011111111100000000000000000011101111011000000111001100011001011111100111101001110000000111111111111110111100111000000111000100011110000000000001111011100111111101111111111111101000111111100001110101111101111
110000000000000000000000000000000000000000000001111110100011011110000110111111011110100001101111100110011010000011111111100011010111100000000000000000011100111110110010000000000011001011111100111111110000000000111111111111111011111011111111111011110000110000000000001111111010110110111110110011011010111100000000001111011111111111
111111111111111111111111111111111111111111111111111111111111111111111011111111111111111111111111111111111111111111111111111111011111111111111111111111111111111111111111111111111111111111111111111111111111111111111111111111111111111111111111111111111111111111111111111111111111111111111111111111111111111111111111111111111111111111
110000000000001110101100000000000000000000000101111001100000000000000000000000000000000000000000000000000000000011110011100010000001100000000000000000011010111000100000000000000011100011100000000000000000000000111100000000000000000000000100000000000000000000000000000000000000000000000000000000000000000000000000000000001111101111
110000000000001111101100000000000000000000000001111001100000000000000000000000000000000000000000000000000000000011110011110000000001111110000000000111000000111000001000000000000011010011100000000000000000000000111100000000000000000000000100000000000000000000000000000000000000000000000000000000000000000000000000000000001111101111
110000000000000000000000000000000000000000000001111001100000000000000000000000000000000000000000000000011000000011110011100010000001111110000000000110100000111000100000000000000011000111100000000000000000000000111100000000000000000000000100000000000000000000000000000000000000000000000000000000000000000000000000000000001111111111
111111111111111111111111111111111111111111111111111111111111111111111111111111111111111111111111111111111111111111111111111111111111111111111111110111111111111111111111111111111111111111111111111111111110111111111111111111111111111111111111111111111111111111111111111111111111111111111111111111111111111111111111111111111111111111
110000000000000000000000000000000000000000000001111001110000000000000000000000000000000000000000000000011000000011110011100010000001111110000000000111000000111100000000000000000011001011100000000000000000000000111100000000000000000000000100000000000000000000000000000000000000000000000000000000000000000000000000000000001111101111
111111111111111111111111111111111111111111111111111111111111111111111111111111111111111111111111111111111111111111111111111111111111111111111111111111111111111111111111111111111111111111111111111111111111111111111111111111101101111111111111111111111111111111111111111111111111111111111111111111111111111111111111111111111111111111
111111111111111110111111111111111111111111111111111111111111111111111111111111111111111111111111111111111111111111111111111111111111111111111111111111111111111111111111111111111111111111111111111111111111111111111111111111111111111111111110111111111111111111111111111111111111111111111111111111111111111111111111111111111111111111
111111111011011110101100101111011110111110010011111101100111111111110111110110111111100001101111101010111101110111110011110010000001100000000000000000011010111110101011011101000111101111101110111111100000111010111100000000000000000000111100111010111010111110111100101111111100100110111110001111010001000000000011110000001111111111
111101110111011111111100111111100000011100111001111011110111011110101010111110000000111110000000000000011111100111111111111101010011111110000000000110111111111001101101111101000011001011101111000000001101000000111111111111110111100101111101111001001010111110111011101111111001100111101000000011111010111000000011111111001111101111
111111111111111111111111111111111111111110111111111111111111111111111111111111111111111111111111111111111111111111111111111111111111111111111111111111111111111111111111111111111111111111111111111111111111111111111111111111111111111111111111111111111111111111111111111111111111111111101111111111111111111111111111111111111111111111
111110000000001111111110100000011000110000001101111010101000000000000000010111111111000001111000000010111100000011111111110011010011111111111100000111000000111110110111100000000011111011111111111101101101000000111111111110000001110110000101111010001000110000000000001111111101111110111110110011111010000110000000001100011111111111
111111111011101111011111001111111110011111110111111110111011011110100101011110011111011111101111100010100000000011111111100011101011111101111011101110100000111100100010111011100011101011100000000000000000111011111111111111101010000000111000111101010010111111111100010000000000000000000000000011011001111001110000001101011111111111
110000000000001110101100000000000000000000000001111100100000000000000000000100000000000000000000000000000000000011110011110000000001100000000000000000011010111000000010000000000011001011100000000000000000000000111100000000000000000000111000000000000000000000000000000000000000000000000000000000000000000000000000000000001111101111
111111111011111111001100001111011001011110010011111101100000000000000000011101111110000001111111011010111110000011111111100010000001111101111111101110100000111000001001000000000011111111111100011100101101111111111111111111110110000000111110111101001011110000000000001111111100100110101111000011011001111111111100001101011111111111
110000000000001110101100000000000000000000000001111010100000000000000000000110000000000000000000000000000000000011110011110000000001100000000000000000011100111100000000000000000011100011100000000000000000000000111111111110000000000000000000000000000000000000000000000000000000000000000000000000000000000000000000000000001111101111
111110000000001111101111100000011101010000000001111001101011011110001011110000111000011100000000000011100000000011110011100010000001111111111011011111111010111000001001100000000011110111101110011110000000000000111100000000000000000000000100111000010011111110111111110000000000000000000110001111001101111110000011110000001111101111
111111111111111111111111111111111111111111111111111111111111111111111111111111111111111111111111111111111111111111111111111111111111111111111111111111111111111111111111111111111111111111111111111111111111111111111111111111111111110111111111111111111111111111111111111111111111111111111111111111111101111111111111111111111111111111
110000000000000000000000000000000000000000000001111010100000000000000000000110000000000000000000000000011000000011110011100010000001100000000000000000011001111000000100000000000011001011100000000000000000000000111111110000000001100010000100000000000000000000000000000000000000000000000000000000000000000000000000000000001111101111
111111110111011111011110000000011011011100110001111001101111111110111001011001111110011101111111111111100000000011110111100011110111111110000000000111011110111001101111111000001111101011101111111110000000000000111111111111110111110101111100111111110011110000000000001111111100111110101111110011110000111110000000001100011111111111
111111111011101110111110111111100000001101101011111001100111011110101000100101100000111101101111010011011011111111110111111011111111111110000000000111000000111101011100011010011011110011100000000000000000111001111111111111100111100001000101000000000000000000000000000000000000000000000000000000000000111110000000000000001111101111
110000000000000000000000000000000000000000000001111010100000000000000000000110000000000000000000000000011000000011110011100010000001111101111000000111000000111001000000000000000011010011100000000000000000000000111111110000000001100100000000000000000000000000000000000000000000000000000000000000000000000000000000000000001111101111
110000000000001110101100000000000000000000000001111001100000000000000000000000000000000000000000000000000000000011110011110000000001100000000000000000011001111000000100100000000011100011100000000000000000000000111100000000000000000000000100000000000000000000000000000000000000000000000000000000000000000000000000000000001111101111
111111111111111111111110111111111111111111111111111111111111111111111111111111111111111111111111111111111111111111111111111111111111111111111111111111111111111111111111111111111111111111111111111111111111111111111111111111111111110111111111111111111111111111111111111111111111111111111111111111111111111111111111111111111111111111
111110000000001110011100111111000000000000011001111001111011111111110001010000011101100000000000000010011100000011110111100010000001100000000000000000011011111110110111011011011011100011101111111111110000111001111111111111110101110110111111111011110010111111011111010000000000000000000110111111101101000001110011111100101111111111
111111111111111111111111101111111111111111111111111111111111111111111111111111111111111111111111111111111111111111111111111111111111111111111111111111111111111111111110111111111111111111111111111111111111111111111111111111111111111111111111111111111111111111111111111111111111111111111111111111111111111111111111111111111111111111
110000000000001111111100000000011101011111111101111100100000000000000000010100111111100001100000000010111010000011110011111000000001111101111011011111011001111101010111111010011011010011111110000000001111000000111100000000000000000000111101111101010011111111111011001111011100111111111111111111101011111111110000000000001111101111
111111111111111111111111111111111111111111111111111111111111111111111111111111111111111111111111111111111111111111111111111111111111111111111111111111111111111111111111111111111111111111111111111111111110111111111111111111111111111111111111111111011111111111111111111111111111111111111111111111111111111111111111111111111111111111
110000000000000000000000000000000000000000000001111100100000000000000000000100000000000000000000000000011000000011110011100010000001100000000000000000011001111000010000000000000011001011100000000000000000000000111100000000000000000000111000000000000000000000000000000000000000000000000000000000000000000000000000000000001111101111
110000000000001110011100000000000000000000000001111100100000000000000000000100000000000000000000000000000000000011110011100010000001100000000000000000011001111010000000000000000011010011100000000000000000000000111100000000000000000000111000000000000000000000000000000000000000000000000000000000000000000000000000000000001111101111
111101111111011111111110111111011010001101010011111110101111011110111101000110011000111011110000000000011001111111110011110011100011111101111011010111100000111110000100111000101011101111100000000000000000111111111111111111111111110110111100111101001000111111011100011111111011100110101110001111001100111111110011110000001111101111
111111111111111110111111111111111111111111111111111111111111111111111111111111111111111111111111111111111111111111111111111111111111111111111111111111111111111111111111111111111111111111111111111111111111111111111111111111111111111111111111111111111111111111111111111111111011111111111111111111111111111111111111111111111111111111
111111111111111111111111111111111111111111111111111111111111111111111111111111111111111111111111111111111111111011111111111111111111111111111111111111111111111111111111111111111111111111111111111111111111111111111111111111111111111111111101111111111111111111111111111111111111111111111111111111111111111111111111111111111111111111
110000000000000000000000000000000000000000000001111001100000000000000000000100000000000000000000000000011000000011110011100010000001100000000000000000011100111000100000000000000011000111100000000000000000000000111100000000000000000000000100000000000000000000000000000000000000000000000000000000000000000000000000000000001111101111
~~~
0.0 274.0 27.0 125.0 556.0
0.0 278.0 25.0 107.0 511.0
0.0 2.0 178.0 618.0 3307.0
0.0 208.0 68.0 247.0 1274.0
0.0 128.0 109.0 398.0 2039.0
0.0 119.0 121.0 398.0 2186.0
0.0 2.0 179.0 623.0 3311.0
0.0 2.0 179.0 621.0 3300.0
0.0 152.0 102.0 324.0 1796.0
0.0 278.0 26.0 104.0 502.0
0.0 107.0 124.0 409.0 2259.0
0.0 2.0 179.0 609.0 3297.0
0.0 2.0 177.0 626.0 3301.0
0.0 128.0 111.0 378.0 2017.0
0.0 137.0 109.0 338.0 1960.0
0.0 275.0 28.0 120.0 543.0
0.0 2.0 178.0 626.0 3297.0
0.0 120.0 119.0 396.0 2157.0
0.0 172.0 92.0 266.0 1599.0
0.0 282.0 26.0 100.0 482.0
0.0 2.0 177.0 626.0 3303.0
0.0 283.0 25.0 100.0 467.0
0.0 281.0 28.0 96.0 481.0
0.0 127.0 113.0 362.0 2072.0
0.0 197.0 70.0 261.0 1363.0
0.0 279.0 27.0 110.0 507.0
0.0 135.0 114.0 329.0 1966.0
0.0 116.0 116.0 399.0 2114.0
0.0 278.0 26.0 118.0 523.0
0.0 275.0 27.0 114.0 546.0
0.0 2.0 178.0 623.0 3301.0
0.0 121.0 111.0 421.0 2136.0
0.0 123.0 122.0 369.0 2081.0
0.0 144.0 101.0 352.0 1823.0
0.0 278.0 27.0 111.0 514.0
0.0 279.0 27.0 110.0 504.0
0.0 282.0 25.0 105.0 482.0
0.0 2.0 177.0 626.0 3297.0
0.0 2.0 178.0 623.0 3303.0
0.0 2.0 178.0 621.0 3311.0
0.0 2.0 178.0 618.0 3304.0
0.0 114.0 119.0 380.0 2144.0
0.0 2.0 178.0 621.0 3309.0
0.0 132.0 109.0 383.0 1967.0
0.0 2.0 178.0 623.0 3309.0
0.0 275.0 31.0 110.0 526.0
0.0 132.0 114.0 349.0 1998.0
0.0 2.0 179.0 622.0 3304.0
0.0 2.0 179.0 616.0 3298.0
0.0 279.0 28.0 107.0 519.0
0.0 2.0 178.0 618.0 3299.0
0.0 130.0 118.0 344.0 2024.0
0.0 2.0 178.0 619.0 3308.0
0.0 98.0 128.0 425.0 2338.0
0.0 278.0 26.0 108.0 509.0
0.0 2.0 178.0 624.0 3304.0
0.0 2.0 177.0 626.0 3301.0
0.0 143.0 101.0 367.0 1881.0
0.0 279.0 28.0 106.0 514.0
0.0 128.0 112.0 373.0 2043.0
0.0 143.0 106.0 313.0 1880.0
0.0 279.0 26.0 111.0 505.0
0.0 151.0 104.0 321.0 1782.0
0.0 275.0 34.0 97.0 530.0
0.0 2.0 179.0 611.0 3301.0
0.0 139.0 99.0 392.0 1951.0
0.0 143.0 98.0 353.0 1864.0
0.0 267.0 35.0 125.0 612.0
0.0 2.0 178.0 622.0 3306.0
0.0 157.0 94.0 334.0 1738.0
0.0 2.0 177.0 626.0 3304.0
0.0 2.0 178.0 622.0 3298.0
0.0 2.0 178.0 625.0 3304.0
0.0 124.0 112.0 369.0 2079.0
0.0 2.0 177.0 626.0 3302.0
0.0 2.0 178.0 617.0 3298.0
0.0 145.0 105.0 350.0 1881.0
0.0 138.0 103.0 370.0 1954.0
0.0 278.0 28.0 110.0 508.0
0.0 164.0 92.0 279.0 1668.0
0.0 116.0 111.0 409.0 2114.0
0.0 2.0 177.0 626.0 3302.0
0.0 2.0 179.0 616.0 3304.0
0.0 271.0 33.0 113.0 569.0
0.0 171.0 87.0 323.0 1627.0
0.0 124.0 109.0 406.0 2112.0
0.0 278.0 25.0 118.0 526.0
0.0 2.0 177.0 626.0 3308.0
0.0 281.0 27.0 98.0 486.0
0.0 2.0 178.0 621.0 3300.0
0.0 127.0 116.0 375.0 2051.0
0.0 2.0 177.0 626.0 3302.0
0.0 274.0 33.0 101.0 550.0
0.0 276.0 27.0 122.0 538.0
0.0 276.0 28.0 120.0 539.0
0.0 2.0 178.0 622.0 3304.0
0.0 153.0 94.0 379.0 1806.0
0.0 278.0 28.0 106.0 517.0
0.0 2.0 178.0 618.0 3301.0
0.0 279.0 27.0 108.0 499.0
0.0 1.0 179.0 619.0 3308.0
0.0 141.0 109.0 325.0 1904.0
0.0 275.0 26.0 120.0 542.0
0.0 2.0 179.0 619.0 3305.0
0.0 278.0 28.0 111.0 507.0
0.0 2.0 178.0 618.0 3295.0
0.0 2.0 178.0 619.0 3295.0
0.0 144.0 103.0 324.0 1862.0
0.0 2.0 178.0 622.0 3308.0
0.0 278.0 28.0 111.0 514.0
0.0 2.0 177.0 626.0 3307.0
0.0 2.0 179.0 620.0 3300.0
0.0 2.0 178.0 621.0 3299.0
0.0 2.0 179.0 618.0 3304.0
0.0 2.0 177.0 626.0 3308.0
0.0 150.0 98.0 312.0 1807.0
0.0 272.0 29.0 129.0 575.0
0.0 279.0 26.0 113.0 495.0
0.0 112.0 115.0 437.0 2214.0
0.0 282.0 26.0 98.0 489.0
0.0 158.0 98.0 304.0 1741.0
0.0 166.0 93.0 277.0 1646.0
0.0 2.0 178.0 626.0 3303.0
0.0 278.0 27.0 108.0 530.0
0.0 274.0 29.0 114.0 552.0
0.0 278.0 25.0 110.0 525.0
0.0 2.0 178.0 617.0 3308.0
0.0 278.0 26.0 108.0 508.0
0.0 2.0 179.0 621.0 3302.0
0.0 2.0 178.0 618.0 3298.0
0.0 135.0 106.0 375.0 1965.0
0.0 126.0 103.0 418.0 2072.0
0.0 2.0 179.0 616.0 3300.0
0.0 155.0 96.0 303.0 1724.0
0.0 136.0 114.0 325.0 1985.0
0.0 276.0 29.0 116.0 531.0
0.0 134.0 110.0 347.0 1990.0
0.0 271.0 33.0 120.0 564.0
0.0 182.0 77.0 321.0 1476.0
0.0 2.0 177.0 626.0 3311.0
0.0 274.0 32.0 105.0 540.0
0.0 121.0 106.0 389.0 2147.0
0.0 173.0 87.0 279.0 1606.0
0.0 268.0 34.0 114.0 607.0
0.0 278.0 28.0 110.0 516.0
0.0 2.0 177.0 626.0 3305.0
0.0 151.0 98.0 356.0 1797.0
0.0 2.0 178.0 623.0 3308.0
0.0 154.0 90.0 374.0 1757.0
0.0 2.0 177.0 626.0 3305.0
0.0 280.0 28.0 104.0 501.0
0.0 276.0 29.0 117.0 539.0
0.0 119.0 120.0 373.0 2097.0
0.0 2.0 178.0 618.0 3299.0
0.0 2.0 178.0 620.0 3305.0
0.0 282.0 25.0 101.0 473.0
~~~
14.5026788712
