110000000000001110101111000000011100001110001001111001100000000000000000011100111010111100000000000010111111110011111111100010000001100000000000000110111100111100000000100000000011100011100000000000000000111001111100000000000000000000000100011000010000000000000000000001011010000000000000000000000000000000000011110000001111111111
111110000000001110101111000000011100001110001001111001101100000000000000011100111110100000000000000010011111100111110011100110000001100000000000000000011100111100000000100000000010100111101100011101000000000000111100000000000000000000000100000000000000000000000000000001000000000000000000000000000000000100000011110000001111111111
110000000000001110101110100000011001001110011111111001110011011110000100011110100000000000000000000010111001100111110111100010000001100000000000000000011100110000000000100000000010000011100000000000000000111001111100000000000000000000000100000000000000000000000000000001000000000000000000000000000000000100000011110000001111111111
110000000000001111001110110000011001011110011001111001101000000000000000011110111110011010010111000000011011110011111111100010000001100000000000000000011100111100000000100000000011100011100000000000000000000000111100000000000000000000000101000000000000000000000000000000000000000000000000000011010001000101110011110000001111111111
110000000000001110101110110000011001001110001101111001101000000000000000010111100001000000000000000011011011110011110011101111000011111110000000000111000000111100000000111000000111100011101110000000000000000000111100000000000000000000000100011000001000000000000000000000000000000000000000000011001100000100000011111100011111101111
110000000000001110101111000000011100001110000001111001100100000000000000011111100000000001101110001011011111100111111011100011010011100000000000000000011100110100001000100000000011001011101100011101000000111001111101000000000000000000000100000000000000000000000000000000000000000000000000000000000000000100000011110000001111101111
110000000000001110101110110000011001001110001101111001101011011110000100001111100000011100001110001011111101100111111011100010100001100000000000000000011100111100000000111000010011100011101100011101000000000000111100000001110000000000000100000000000000000000000000000000000000000000000000000000000000000100000011111101001111111111
111110000000001110101110110000011001011110000011111001101000000000000000011010111000111011100000000010011011110011111011100011000011100000000000000000011100111000100000011000100011001011111100011100110000111010111100110001110001100001000110011000001000000000000000000000000000000000000000000000000000000000000011111101001111111111
111110000000001110101110000100011100001110001001111001100100000000000000000100111110111100000111000010011011110011111011100010000001100000000000000000011100111100000000100000000011100011100000000000000000000000111100000000000000000000000110000000000000000000000000000000100000101110100000000000000000000101110011111100101111111111
110000000000001111001110110000011001001101001001111001101011011110010000011101111110000000000000000000011111110011110011000000000001100000000000000000011100111100000000111000010011100011101100011101000000000000111100000000000000000000000100011000000100000000000000000000000000000000000000000000000000000110000001010000001111111111
110000000000001110101110100000011001001110001001111001101011011110000100011111100000011010001110001011110101100111111011100010000001100000000000000000011100111100000000100000000011100011101100011101000000111100111100000001100010000000000100000000000000000000000000010000000000000000000000000000000000000100000011110000001111111111
110000000000001111001110110000011001000000001001111001110011011110000100011110100000000000000111000010111001100111110111100110000001100000000000000000011100111000000100111001000011000111101100011100100000000000111100110001100101100010000101000000000000000000000000000000000000000000000000000011010000000101110011110000001111111111
111110000000001110101111000000011100011110001001111001110000000000000000011100111110100000000000000011011001110011110011001101001011111110000000000111000000111100000000111000000111100011101110000000000000000000111100110000000001110000000101011000001000000000000000000000000000000000000000000000000000000100000011111100011111111111
110000000000001110101111000000011100001110001001111001100000000000000000011100111010100000000000000010011111110011110011101111001011101110000000000000011010110000000000111100000011100011101100011101000000111010111100110000000001100001000101111000010000110000000000000000000000000000000110110011100000000100000011110000001111111111
111110000000001110101111000000011100011110001001111001110000000000000000011100111110100000000000000010011111100111111111000000000001100000000000000000011100111100000000100000000011100011100000000000000000000000111100110000000111100100000100000000000000000000000000000000000000000000000000000000000000000100000011110000001111111111
110000000000001110101110100000011001001110001111111001110011011110000100011110100000000000000000000010111001100111110111100010001001100000000000000000011100111100000000100000000010000011100000000000000000111100111100000000000000010010000101000000000000000000000000000000000000000000000000000011010000000100000011111100011111111111
111110000000001110101111000000000000010000001001111001101111011000000000111100111110000000000110100011011011110011111011100010000101100000000000000000011100111100000000111000000111100011100000000000000000111100111100000000000000000110000100011000001000000000000000000000000000000000000000000000000000000100000011111101001111111111
110000000000001111001110110000011001001110001001111001101000000000000000011110111110011010010111000000011011110011111111100010000001100000000000000000011100111100000000100000000011100011100000000000000000000000111100000000000000000000000101000000000000000000000000000000000000000000000000000011010000000101110011110000001111111111
110000000000001111001110110000011001000000001001111001110011011110000100011110111000011010000000000010011110000011111011100010000001101110000000000000011100111100000000100000000011001011101100100000000000000000111100000000000000010001000100000000000000000000000000000000000000000111000000000000000000000100000011110000001111111111
111110000000001110101111000000011100011110001001111001110000000000000000011100111110100000000000000010011111100111111011100010000001100000000000000000011100111100000000111000010011100011101100011101000000000000111100110000000111100100000100000000000000000000000000000000000000000000000000000000000000000111110001010000001111111111
111110000000001110101111000000011100001110001101111001101100000000000000011101111110100000000000000010011101100111111011100010000001100000011000000000011100111100000000111000010010000011101100011101000000000000111100000000000000000000000100000000000000000000000000000001000000010000000000000000000000000100000011110000001111111111
110000000000001111001110110000011001000000000001111001101000000000000000000110111010000000000110010000011111100111111011100010000001100000000000000000011100111100000000111000100011001011101100011100100000000000111100000000000000000000000100000000000000000000000000010000100000101000000000000000000000000100000011111100101111111111
110000000000001111001110110000011001000000001001111001110000000000000000011110111000100000000000000000011110000011111011100010000001100000000000000000011100111100000000111001000010001111101100011101000000111001111100000000000000000000000100011010000000000000000000000000000000000000000000000000000100000100000011110000001111111111
110000000000001110101110100000011001001110001001111001101011100000000110011111100000000000001110001011111101100111111011100010000001100000000100000000011100111100000000111010000011100011101100011101000000111010111100000000000000000000000100000000000000000000000000010000000000000000000000000000000000000110000011111100101111111111
110000000000001111001110110100000000000000000001111001101000000000000000000110111000000000001110010001011110000011111011100010000001100000000000000000011100111100000000111000100011001011101110000000000000111010111100000000000000000000010101000000000000000000000000000000000000000000000000000000000000111101110011111101001111111111
111110000000001110101111000000011100001110001001111001100111011110000100001100111110100000000000000010011011110011111111100010001001100000000000000000011100111100000000100000000011100011100000000000000000000000111100000000000000000000010101000000000000000000000000000000000000000000000000000000101000000100000011110000001111111111
111110000000001110101111100000011100011110000101111001110011011110000100011110100000000000000000000010111001100111110111100010010001100000000000000000011100111000000010111001000010000011101110000000000000000000111100110000000001100010000101011000100000000000000000000000000000000000000000000011010000000110000011111101001111111111
110000000000001111001110110000011001000000001001111001110011011110000010011110111000100000000000000000011110000011111111100010000001100000000000000000011100111100000000111001000011001011100000000000000000000000111100000000000000000000001101011000000010000000011011000000000000000000001000000000000000000100000011111101001111111111
111110000000001110101111000000011100001110001001111001100100000000000000001100111110100000000000000010011011110011111111100010000001100000000000000000011100111100000000100000000011100011100000000000000000000000111100000000000000000000000100000000000000000000000000000001000011000000000000000000000000000000000011110000001111101111
110000000000001111001110110000011001000000001001111001110011011110000010011110111000100000000000000000011110000011111011100010000001100000000000000000011100111100000000111001000011001011100000000000000000000000111100000000000000000000000101011000000010000000011011000000000000000000001000000011100000000100000011111100101111111111
111110000000001110101111100000011100001110001001111001101100000000000000010100111000011010000110001010110011100111110011100011001011100000000000000000011010111001000000011100000011001011101100011101010000111010111100110000000001100001000101000000000000000000000000000000000000000000001000000000000000000100000011110000001111111111
111110000000001110101111000000011100001110001011111001110011011111000000011100100100100000000110010010011101110011110011100111000111111110000000000111000000111001000000011010000011001011101100011101000000111001111100000000000000000000000100011010000000000000000000000000000000000000000000000000000000000100000011110000001111111111
111110000000001110101110000000011100011110001001111001100111011111000000011110111111100000000000000010011111110011110111101111000011111110000011100111000000111001000000011000100011001011101100100000000000111001111100110000000001110000000101000000000000000000000000000000000000000000000000000000000000000100000011110000001111111111
110000000000001111001110110000011001000000001001111001110000000000000000011111111000100000000000000000011110000011111011100010000001100000000000000000011100111100000000111001000011001011100000000000000000000000111100110000000001110000000101000000000000000000000000000000000000000000000000000000000000000100000011110000001111111111
110000000000001110101110100000011001001110001001111001100011011110000100011111000000000000001110001011011111100111111011100010000001100000000000000000011100111100000000111000010011100011101100011101000000000000111100000001100010000000000100000000000000000000000000000000000000000000000000000000000000000111110001010000001111111111
110000111000001110101100100000011001011110001111111001111011011110010000011110111000000000000000000010011111110011110011100010000001100000000000000000011100111100000000011000010011001011111100011101000000111001111100000000000000000000000100011010000000000000000000010000000000000000000000000000000000000101110011110000001111101111
110000000000001111001110110000011001001110001001111001101011011110010000011110100000000000000110000100011110000011110011100010000001100000000000000000011100111100000000111001000011001011101100011101000000111010111100000001100010000000000111111000010000110000000000000000000000000000000110110011100000000010000011110000001111111111
110000000000001110101110000010011001001110001001111001100011011110000100011111100000000001101110001011011111100111111011100011010011100000000000000000011100111100000000100000000011001011101100011101000000111001111101000000000000000000000100000000000000000000000000000000000000000000000000000000000000000100000011110000001111101111
111110000000001110101111000000011100001110001001111001110011011110000100011110100000000000000000000010111001100111110111100010010001100000000000000000011100110000000000111001000010000011100000000000000000000000111100110000000001100010000101000000000000000000000000000000000000000000000000000011010000000100000011110000001111111111
110000000000001110101110110001011001001110001101111001101011100000000000011111100000000000000110001011111101100111111011100110000001100000000000000000011100111100000000100000000011100011101100011101000000000000111100000000000000000000000100000000000000110000000000000010000000000000000110110000000000000100000011110000001111111111
110000000000001111001110110000011001001101001001111001101011011000000000111110111100000000010111000000011011110011111111100010000001100000000000000000011100111100000000100000000011100011100000000000000000000000111100000000000000000000000100000000000000000000000000000001000011000000000000000000000000000000000011110000001111111111
110000000011011111001110110000011001000000000001111001101000000000000000011110100010000000000000000000011111110011110011100010000001101110000000000000011100111100000000100000000011100011101100011101000000111001111101000001101000000000000100000000000000000000000000000000000000000000000000000000000000000100000011110000001111111111
111110000000001110101100000000011100011110001001111001100111011000000001010110111110111100000000000000011100000011110011100111101011111110011000000111000000111001000000000000000011001011111100011100110000000000111100110000000001100001000101000000000000000000000000010000000000000000000000000000000000111100000011111100011111101111
111110000000001111001110110000011001000000001001111001111011011110010000010111111000100000000000000000011110000011111011100010000001100000000000000000011100111100000000111001000011001011100000000000000000111010111100000000000000000000010101011000001000000000000000000000000000000000000000000000000000000100000011111101001111111111
110000000000001110101110100000011001001110001001111001100011011110000100011111100000000000001110001011011111100111111011100011000011100000000000000000011100111100000000100000000011001011101100011101000000111001111100000000000000000000000100000000000000000000011100000010000000000000000000000000000000000100000011110000001111111111
111110000000001110101111000000000000010000001001111001101111011000000000111100111110100000000110100011011011110011111011100010000001100000000000000000011100111100000000100000000011100011100000000000000000111100111100110000000001100010000100000000000000000000000000000000100000101000000000000000000000000100000011111100101111111111
110000000000001110101110110000011001001110001001111001101011011110000010011110111000011011100000000010110011100111110011100011111011100000000000000000011010110000000000111100000011100011101100011101000000111010111100110000000001100001000101111000010000110000000000000000100000000000000110110011100000000100000011111101001111111111
111110000000001111001110110000011001001101001001111001101000000000000000011110111100011010000000000001011100000011111011100010010001100000000000000000011100111010000000111001000011001011111100011100100000111010111100000000000000000000010110111000000100110000000000000000000000000000000110110011100000000000000011110000001111111111
110000000000001110101110110001011001001110010001111001111111011111000000010001011110011100000111000000011111101011111111100011101111111110000000000111000000111001000000011100000011001011101100011101000000111010111100000000000000000000000100000000000000110000000000000000000000000000000110001100000000000100000011111100011111111111
110000000000001110101110110101011100001110001101111001100000000000000000011100111110100000000000000011011001110011110011101111001011111110000000000111000000111100000000111000000111100011101110000000000000000000111100000000000000000000000100011000001000000000000000000000000000000000000000000000000000000100000011111100011111111111
110000000000001110101110100000011001001110001001111001101011011110000100011111100000000000001110001011111101100111111011100010000001100000000000000000011100111100000000100000000011001011101100011101000000111001111100000000000000000000000100011010000000000000000000000000000000000000000000000000000000000100000011110000001111111111
110000000000001111001110110000011001000000000001111001101011011110010000011110100000000000000110001000011110000011111111100010000001100000000100000000011100111100000000011000100011001011111100011100110000000000111100110000000001100001000101000000000000000000000000000000000000000000000000000011001000111100000011111100011111101111
111110000000001110101111000000000100100000001001111001101100000000000000011100111110100000000000000010011111100111110011100110000001100000000000000000011100111010000000100000000011100011101100011101000000000000111100001111100101100010000100111000000010110000000000000000000000000000000111000011100000000001110011110000001111111111
111110000000001110101111000000011100001110001001111001110111011110100000011100111110100000000000000010011111110011110011101111000111111110000000000111000000111001000000011010000011001011111100011100110000111010111100110001110001100001000110011000001000000000000000000000000000000000001000000000000000000000000011111101001111111111
110000000000001110101110110000011001001110001101111001101000000000000000011111100000000000001110001011111101100111111011100110000001100000000000000000011100111100000000100000000011100011101100011101000000000000111100000000000000000000000100000000000000110000000000000010000000000000000110110000000000000100000011110000001111111111
111110000000001110101111000000011100001110001001111001101100000000000000011100111110100000000000000010011111100111110011100110000001100000000000000000011100111010000000100000000011100011101100011101000000000000111100001110000001100010000100000000000000000000000000000000000000000000000000000011100000000001110011110000001111111111
110000000000001110101100000000011001011110001111111001101011011110010000011110111000000110000000000000011111110011110111000000000001100000000000000000011100111100000000111001000011001011101100100000000000000000111100110000000001110000000101000000000000000000000000000000000000000000000000000000000000000100000011110000001111111111
110000000000001111001110110000011001000000001001111001101000000000000000011110111100000000010111000000011011110011111011100010000001100000000000000000011100111100000000100000000011100011100000000000000000000000111100000000000000000000000100000000000000000000000000000000100000101000000000000000000000000100000011111100101111111111
110000000000001110101100110000011001001110001001111001111100000000100100011110100000000001101110001011011101100111111011100010000001100000011000000000011100111100000000100000000010000011101100011101000000000000111100000000000000000000000100000000000000000000000000000001000000000000000000000000000000000100000011110000001111111111
111110000000001110101110110000011001000000010101111001101111011000000001011101100010011011100000000010110011110011111011100011000011100000000000000000011100111000100000111000100011001011111100011101000000111010111100110000000001110000000100111000010000110000000000000000011001000000000110110011001000000100000011110000001111101111
111110000000001110101111000000011100001110001001111001100100000000000000011100111110100000000000000010011111110011110011100111001011111110000000000111000000111001000000011100000011001011101101011101010000111010111100110000000001100010000100000000000000000111000000000000000000000000001000000000000000000100000011110000001111111111
110000000000001111001110100000011001000000001001111001101011011110010000011110111000011100000000000000011111100111111011000100000001100000000011010000011100111100000000111001000011001011101100000000001110111010111100000000000000000000000100000000000000110000000000000000000000000000000110001100000000000100000011111100011111111111
110000000000001111001110110000011001001110001001111001101011011110010000011110111000000000000110000100011110000011110011100010000001100000000000000000011100111100000000111001000011001011101100011101000000111010111100000001100010000000010101000000000000000000000000100000000000100000000000000000000000000100000011110000001111111111
110000000011101110101110000000011001011110001101111001111011011110010000011110111000111010000000000000011111110011110011100010000001100000000000000000011100111100000000100000000011100011101100011101000000000000111101000001101000000000000100000000000000000000000000000000000000000000000000000000000000000100000011110000001111111111
110000000000001110101110100001011001001110001111111001110011011110000100011110100000000000000000000010111001100111110111100010000001100000000000000000011100111100000000100000000010000011100000000000000000000000111100110000000001100010000101000000000000000000000000000000000000000000000000000011010000000100000011110000001111111111
111110000011011110101111000000011100001110001001111001100100000000000000011100111110100000000000000011011001110011110011101111001011111110000000000111000000111100000000100000000011100011100000000000000000000000111100110000000001100010000100000000000000000000000000000000100000101000000000000000000000000100000011110000001111111111
110000000000001111001110110000011001000000001001111001101000000000000000011110111100000000000111000000011010000011111011100010000001100000000000000000011100111100000000100000000011001011100000000000000000111010111100000000000000000000010101000000000000000110100000000000011100000000001000000000000000000101110011111100011111111111
111110000000001110101110110000011001000000000101111001101011011000000001011101100000000000001110001001011011100111110011100010100001100000000000000000011100111100000000100000000011100011101100011101000000000000111100000000000000000000000100000000000000000000000000000001011010000000000000000000000000000100000011110000001111111111
110000000000001110101110100000011001001110001001111001101011011110000100011111100000000000001110001011111101100111111011100010000001100000000000000000011100111100000000100000000011100011101100011101000000000000111100000000000000000000000100000000000000000000000000010000000000000000000000000000000000000100000001010000001111111111
110000000000001110101110110000011001001110001101111001101011011110000100011110100000000000001110001011111101100111110011100010000001100000000000000000011100111100000000100000000010000011101100011101000000000000111100000000000000000000000100011000001000000000000000000000000000000000000000000000000000000100000011110000001111111111
111110000000001110101110110000011001001110001101111001101011011110000100011111100000000000001110001011111101100111111011100010000001100000011000000000011100111100000000100000000011100011100000000000000000000000111100000000000000000000000100000000000000000000000000000000100000101000000000000000000000000100000011110000001111111111
111110000000001110101110000000011100011110011001111001100011011111000000011100011000011010001110100010011111110011110111100011111111100000000000110000011100111000100000100000000011001011101100011101000000111010111100110000000001100001000111000000000000000000000000000000000000010000000000000000000000111110000011111100011111111111
111110000000001110101111000000011100001110001001111001110000000000000000011100111110100000000000000010011111110011110011101111000111111110000000000111000000111001000000011010000011001011111100011100110000111010111100110001110001100001000110011000001000000000000000000000000000000000000000000000000000000000000011111101001111111111
111110000000001110101100000000011100001110001001111001100111011000000001010110111110100000000000000000011110000011110011101111101011111110000000000111000000111001000000000000000011001011111100011100110000111010111100110000000001100001010100000000000000000000000000000000000000000000001000000000000000000100000011110000001111111111
111110000000001110101111000000011100010000001001111001100111100000010100011100011110111100000000000010011111110011110011101110001001111110000000000111000000111001000000000000000011001011111100011101000000111010111100000000000000000000000100000000000000000000000000000000000000000000000000000000000000000100000011110000001111111111
110000000011101110101100000000011001011110001111111001111011011110010000011110111000011010000000000000011111110011110011100010000001100000000000000111011100111100000000100000000011100011101100011101000000000000111100110000000001100010000100000000000000000000000000000000000000000000000000000000000000000100000011110000001111111111
110000000000001110101110110000011001001110001101111001101011011110000100011111100000000000001110001011111101100111111011100010000001100000000000000000011100111100000000100000000011100011101100011101000000000000111100000000000000000000000100000000000000000000000000000000000000000000000000000000000000000100000011110000001111111111
111110000000001110101100100000000000001110001001111010101000000000000000011100000000111011101110001011011010000011110011101111100011111110000000000111000000111001000000011000100011001011111100011100110000000000111100110000000001100001000101000000000000000000000000000000000000000000000000000000000000111100000011111100011111101111
110000000000001110101110100000000000000000001001111001101011011110001000011110011000011011101000000010110011100111110011100011101011100000000000000000011010111001000000011100000011001011101100011101010000111010111100110000000001100001000100000000000000000000000000000000000000000000001000000000000000000100000011110000001111111111
111110000000001110101110000000011100011110001001111001100111011111000000011110111111100000000000000010011111110011110111101111000011111110000000000111000000111001000000011000100011001011100000000000000000111010111100110001110001100001000111000000000000000111000000000000000000000000010000000000000000000100000011111100011111101111
111110000000001110101110110000011001001110001001111001111011100001000100011010100000000001101110100000011010000011111011100011110011100000000000000000011100111100000000111000001011001011101101011101010000111010111100110000000001100001000111111000010000110000000000000000000000000000000110110011100000000000000011110000001111111111
110000000000001110101100100000011001001110001001111001101000000000000000011110111000011100001110001011111111100111111011100010000001100000000000000000011100111100000000111000001011001011101100011100100000111010111100110000000001100001000100011000001000000000000000000000100000000000000000000000000000000100000011111100011111111111
111110000000001110101110100000000000001110001011111001101000000000000000011110111000011011100000000010110011110011111011100011000011100000000000000000011100111000100000111000100011001011101100011101010000111010111100110001101001100001000111000000000000000000000000000000000000000111000000000000000001111100000011111100011111111111
111110000000001110101110100000000000001110001001111001101000000000000000011110111000011011100000000010110011100111110011100011111011100000000000000000011010110000000000111100000011100011101100011101000000111010111100110000000001100001000101111000010000110000000000000000000000000000000110110011100000000100000011110000001111111111
110000000000000000001110110000011001001110001001111001111011011111000000011010100000000001101110100000011010000011111011100011110011100000000000000000011100111100000000111000001011001011101101011101010000111010111100110000000001100001000101111000010000110000000000000000000000000000001110110011100000000000000011110000001111111111
111110000000001110101111000000011100001110001001111001100100000000000000011100111110100000000000000010011111110011110011101111001011111110000000000111000000111001000000000000000011001011111100011100110000111010111100110001110001100001000101000000000000000000000000000000000000000000000000000011100000010100000011111100011111111111
110000000000001110101110110001011001001110010001111001111100000000000000010001011110011100000111000010011110000011111111100111101111111110000000000111000000111001000000011100000011001011101100011101010000111010111100000000000000000000000100000000000000000000000000000000000000000000001000000000000000000100000011110000001111111111
~~~
5.0 228.0 50.0 206.0 1014.0 
5.0 233.0 48.0 187.0 950.0 
3.0 238.0 43.0 202.0 930.0 
4.0 227.0 46.0 224.0 1015.0 
5.0 223.0 55.0 198.0 1064.0 
5.0 228.0 54.0 197.0 1000.0 
4.0 215.0 57.0 241.0 1179.0 
3.0 207.0 66.0 231.0 1242.0 
5.0 225.0 56.0 203.0 1040.0 
5.0 229.0 49.0 218.0 1010.0 
4.0 219.0 55.0 234.0 1111.0 
5.0 216.0 56.0 227.0 1149.0 
4.0 217.0 61.0 200.0 1101.0 
5.0 209.0 63.0 229.0 1215.0 
4.0 234.0 46.0 190.0 928.0 
5.0 228.0 49.0 211.0 1028.0 
5.0 222.0 54.0 212.0 1074.0 
3.0 230.0 46.0 213.0 984.0 
4.0 230.0 48.0 233.0 982.0 
5.0 222.0 56.0 202.0 1073.0 
4.0 228.0 52.0 199.0 1031.0 
5.0 232.0 50.0 191.0 990.0 
5.0 234.0 52.0 184.0 965.0 
5.0 218.0 57.0 220.0 1110.0 
4.0 231.0 52.0 202.0 995.0 
5.0 230.0 51.0 208.0 993.0 
5.0 216.0 61.0 210.0 1149.0 
4.0 227.0 51.0 216.0 1035.0 
4.0 241.0 45.0 174.0 854.0 
4.0 226.0 52.0 216.0 1040.0 
4.0 216.0 57.0 242.0 1137.0 
5.0 212.0 62.0 217.0 1194.0 
3.0 206.0 63.0 247.0 1232.0 
1.0 241.0 45.0 183.0 870.0 
4.0 223.0 53.0 218.0 1094.0 
3.0 215.0 60.0 239.0 1165.0 
3.0 211.0 57.0 250.0 1219.0 
3.0 221.0 57.0 222.0 1069.0 
5.0 230.0 51.0 192.0 1000.0 
5.0 223.0 50.0 229.0 1058.0 
5.0 234.0 42.0 213.0 931.0 
5.0 232.0 50.0 202.0 961.0 
4.0 210.0 62.0 243.0 1205.0 
2.0 225.0 55.0 218.0 1076.0 
4.0 220.0 54.0 233.0 1083.0 
4.0 222.0 56.0 211.0 1045.0 
4.0 196.0 70.0 266.0 1378.0 
3.0 213.0 61.0 239.0 1188.0 
4.0 200.0 63.0 272.0 1337.0 
5.0 222.0 57.0 194.0 1063.0 
2.0 222.0 55.0 223.0 1093.0 
4.0 219.0 53.0 238.0 1112.0 
5.0 215.0 62.0 211.0 1145.0 
5.0 196.0 70.0 242.0 1360.0 
4.0 226.0 49.0 217.0 1029.0 
4.0 223.0 55.0 199.0 1053.0 
5.0 227.0 47.0 246.0 1008.0 
4.0 239.0 43.0 186.0 893.0 
5.0 231.0 49.0 199.0 982.0 
4.0 199.0 76.0 237.0 1311.0 
5.0 211.0 59.0 236.0 1165.0 
4.0 217.0 53.0 270.0 1105.0 
5.0 220.0 51.0 243.0 1129.0 
3.0 222.0 55.0 220.0 1087.0 
5.0 232.0 47.0 205.0 976.0 
5.0 223.0 57.0 187.0 1043.0 
5.0 230.0 45.0 236.0 1008.0 
5.0 229.0 50.0 211.0 985.0 
4.0 230.0 49.0 208.0 1003.0 
3.0 228.0 51.0 209.0 1024.0 
4.0 225.0 53.0 215.0 1054.0 
5.0 198.0 69.0 253.0 1318.0 
4.0 205.0 66.0 218.0 1258.0 
4.0 215.0 59.0 224.0 1150.0 
4.0 220.0 56.0 223.0 1088.0 
4.0 219.0 55.0 236.0 1092.0 
1.0 227.0 51.0 217.0 1034.0 
4.0 215.0 61.0 221.0 1132.0 
3.0 219.0 58.0 234.0 1111.0 
5.0 202.0 64.0 245.0 1271.0 
4.0 200.0 68.0 258.0 1289.0 
4.0 213.0 59.0 241.0 1169.0 
5.0 205.0 69.0 235.0 1232.0 
3.0 208.0 65.0 239.0 1227.0 
4.0 205.0 62.0 266.0 1265.0 
5.0 206.0 64.0 222.0 1241.0 
5.0 215.0 54.0 242.0 1184.0 
~~~
8.977
