111000110110110010111100000101110001001011011111111100110100111010011101111101000100001110111100001001111010110111111111110111011001100111010000011100011111111101111001111101110011101111110101100100011110001101111101011100001111111111000101101100100110111111111111001101111111110110110010110000111101001001010110111010101111101111
110100110010100001100011010000010110111000010011111010101000000110011010101010001000100110101011000000001001000011111011100101101001100010110100100001010000111011001001010100100011000011100110100000101001010000111100100000110100101000110001001000000100010000011000011011001000110101110010000011000001100001000001001000001111101111
110000000001110001001111110010110000110000011011111000100000100100010010001010010001000111001010100010000001010111110011110101100011101000000101010010010000111001000010110001000011111111100010100000101000110001111101100100110011010010010000010110001001010001001000001100000011001110011010100001010000011110001000000000001111101111
110110010000100001000011010000010110111010010011111000101000000110011010101000011000010110101001100010000001000011111011110100101001100000110101100001110000111011000001010100110011000011110100100000000001010000111100100000110100101000110101000010000100010000011000011011001000110101110010000000000001110001000001001000001111101111
110010110010101101110011010100111011110010000001111011110000110100000011011111011011010000101111011011011101011011111011110100101011110101101011010111000000111000001000011011101011111011100110000010001000101000111101111101100010010000000000000010100001000001001000001000000010000111111001000101101001111110110001001100101111101111
111111010011101110110011110111011010111011110111111011110001101110100101101011011101101110111100111101111011001111111111111111010001100101100011011110111111111111101010110011111111111111101111110101010010111110111101111100011011101011110101111111000110001111101011010110111101111111101000001111101000110011101000111111001111111111
110111010010101110111011110111010010111010001001111011111000111101001011000011011001111100101000111111111011001111111111111110010001110101101011011110111111111111101110110011111111110111101101100011010010111111111101111100011011101011110101111111101100001111001111011110111111111111101000001101111000101111111000111011001111111111
111011100001010101010011110110011000111011011011111011111110110100111101011000101101100110000101000101100010110111110111100100111111101011001110110010000011111101010010010101000111001011100110000010111000011000111100011001010110010001011011010101011111010110100110110010001101010011101101000010011111000001011001111110111111111111
111111111101011011011111101010100100010100010111111010100001100110001101000001111110000101100010100011100011101111111111101111001011111110111011011101111001111000110010111011010111011111100000100111000000111011111110110000101110100101101101111111101010111001011001001111111100100110111000000011000010000010001001000000001111111111
111010101000100111110010100010010001111010111111111110110000110100001101111010100001010100111101010101000110100111110111100110100001111011001101010010011001111101010011010101000111011011101110100010111001010001111100001000011000111111011011110110111111101101100001100010001101001000101101001010111001010010101100111010001111111111
111111111101001001010111101010100100111101110111111011110000101110100101101011011101101110111100111101111011001111111111111111010001110101100011011110111111111111101010110011111111111111100101100111010010111110111101111100011011101011110101111111001110001111101111010110111111111111101000001111111000110011101000111111001111111111
111101110001101110011100101101100011111111011101111000110101111010010101011011110111101111111100101000111011111111111111110111011001100101111111111110000110111010111011111110100111101111110001011111011000011101111111110000100110110101000111111110101010111111110001011111100111110110100010111000111111001100111101100110111111111111
111100010010100001100011010000010101111000010011111000100000000100010010101001010001100011101011100010000001010111110011110001100001100000001100000000000001111001000010110001001011110111100100100000000000100001111100100100110011010010011000011110001011000001011000001100000111000110111010110001010100000110001100000000001111111111
110000111011100101111011010000011110111000111011111011111011111100001101100010001000100100110010101011011100011011111011110100100011110101101011010111000000111000001000011011001011111111100110100010001000101000111101111101100010010000000000000010100001000001001000101000000010000111111001000101101001101110110011001100101111101111
110100001110110011110000011011010001100110011001111100110000010110011010101000110000010110111001100011011101000011111011110100101101101000110111000001111000111011000110011011101011111111100110000010000000100000111111101101100010110010000000010010100001011001001000001000000011000111110001000101100001111010110000000100101111101111
111000101010110011110010100010010101111010100011111100110000100100000101010011110001010100011101000001001110110011110111100100110011101001001101010000011001111111010001010001000111011111101100000000111111010001111101001000001100101100011011100100111011101001001000001100000011110010001011000001100100001011011010000010001111111111
111010101001100111110010100010010001101010111111111010110010110100001101111000110000011100111100110101010110100111110111100010111001111011001101110010001001111101010011110101000111001011101111100100111001010001111101001000011100111111011011110110111101101101001011010010000110001001111101011010111001110110100100011000001111111111
111110010010000001100011000000010101111001011011111000100000000100010010101000000001100011101011100100001001010111110011110001100001100000001000000100000001111101000010110001001011110111100100000010000000100001111100100100110011010110010000000010000011001001001000001000000001010111111000000111000100000110101101010001101111111111
111101110001111110011100111101100010111111011101111000111001111110010101011011100111101100110100101000111011111111111111110111011001100101011101110110100100111000101011011100000111110111110001011111010000011101111111111100100011101011110101111111000010001111101111000010101111110011101000001111111000111011111000111111101111111111
111110011010101110100011100110110011110101100001111011111100110101101011010111011011111100000101011011101011011011111111100110010101100100010010011110110001111010111111110011110111111111100101100000101000010000111100100101110100101001110010001000010000010000011000110011000110110101100001000011000011110001000001000000001111111111
110100110010100001101011010100110110111000010011111010101000000110011010101010001000100110111011000000001001000011111011100101101001100010110100100001110000111011101001010100001011000011100110100000101001010000111100100000110101101000110001001000000100010000011000010111001010110100010010001011001001100100100011110100001111101111
111101110011101100011100111101100011111111011101111000110101111010010101011011111111101111111100101000111011111111111111110111011111100101111111111110000110111010111001110110100111101111110001011101011000011101111111111100011010111011010101110110011110101111011101011110011111110110110011111000011111000100111100111010111111101111
111111011010000000100010110101000000001100101011111011110100110101111001011111011011010010001010011001011101011011111011100101100011110101101011010111000000111001000010011001101011111111100010000000001000100001111101100100110011010010000000010010000011001001001000001000000001000111111000000101000100000110101101010001101111111111
111011100001110100110011111110111000111010011011111011111110110100111100000010101101101110010101000100100001110011110111100100111011100011111110010010010001111101010010000101001111001011100110000010111000011000111100111001000110010001011011110101011111010110101110110010001100010010001101000010000011101001000000000000001111111111
110010000001110001001110110010010000110000111011111100100000101100010010111000010001100011001010100010000000010111110011100110100011100000000100010010011010111001010011110001000011000011100010100000101000010001111100110000110000101000111011001000011100000000011000010011001010110100110010000011001001100101100001010100001111101111
111011100001010100000011110110011100111010000001111011110000010100000011011111011011010000101111011011010101011011111011110100101011111101101011010111000000111000000000011011101111111011100111001010001000101000111101111101100010110000000000000010101011000001001000001000010010111111111001000101101001111010110001001100001111101111
110000111001100101100011010000011110111000111011111010101011101100011101100010001000100100110001011000000001010011111111100100100011101011001101110000001000111101010011010001000111010011101110100111101001000001111101001000011000111111001011110110110111001101100001011011010001001001100000001100100100001111011110001101101111111111
111010101000110110110010100000010101111110111111111100110000111100011110111010110001010100111101010101000110100111110111100110100011101011001101010010001001111101010011010001000111010011101110100110111001110001111101001000011100111111011011110110111111101101101001011001010111000001110000001110100100001111011111011100101111111111
111110000101110111010011110001101000001100101101111111110100110101111011011111011001000001001010011001001101011011111011110101100011110101101011010011000000111001001010011001101011011111100010000000001000100001111111000101110011110000000000010010011011011001001000001000000001001111111000000101000100001110101110010101101111111111
111111011010100110110011110110010010110001000001111011111101110101101011010111011011111100001001011011111011011011111111100110010101100100010010011110110101111010111111110011110111111111100101010111000110110111111101111000011011111101001011111110101010111111110001011101110111110110100001000001001001110010010101001100101111101111
111101110111011011010111101010100100010100010111111011100100100110001101010001111110001111100011100011100011001111111111111111010001110101010011001010111111111111101010110011011111111111100111101111010010101010111101001000001100111111011011110100111111100101011011011010000100001001111101001010101001110110100100111010001111111111
111111111101000011011111001111100100111101010111111011110001101110111111100111010101101111111110101001110011111111110111100011011011100100010000011100111110111100111011111101000011100111100111110001011110000101111101011100100100101111010110111101110110100111111111011001011111110101110111110000101111110000101011111100111111111111
110010001101111101011110110010100000110000101011111100101000100100010010001000010001100111100100100010000001010111111011110001110011101011000100010000010100111011000010110000001011101111100010100100101000010011111101100110100010010011011100010110001001010000001000000100000011010010011010000001100100000011011010000010001111111111
111111011111100100110011010111110011101000000001111011111000110100111011110111111001011011001001010011111001111011111011100110011001100100000010011110110111111010111110110011110111111011100100110110000010110110111100001110100010010011011100010110001001010000001000000100000011110010001011000001100100000011011010000010101111101111
111000110110110011111100100000110001001011011101111100110100111010011101100111010111001111111100101001111000111111111111100011011001100110010000011100011110111100111001111101000011100111100111100000011110000101111101011100101101111111010111111100110110100111111111001111011111110101110111110000101001110000101010111111111111111111
111101010010000101100011000000110111111011011011111000100000000000000010101000000001100011101011100100001001010111110011110001100001100000001000000100000001111101000010110001001011110111100100000010000000100001111100100100110011001110011010000010000011001001001000001000000001010111111000100111100100000110101101000001101111111111
111111010011110101110111110111010011110000101101111011110100100101111001011111011011010010101011011011011101011011111011100100101011110101101011010111000000111000001010011011101011111111100110000010001000101000111101111101100010010010000000010010000001001001001000001000000011000111110001000101101001111010110001001100101111101111
110000000001110001001110110010010000110000111011111100100000101100010010011000010001100011001010100010000000010111110011100110110011100000000100010010011011111001010111110001000011000011100010100000101000110001111110111000110000101001111011001000011100000000011000010111001010110100110010001011001001100101100001110100001111101111
110101001111011000001001010000010011110000100101111001100000101010001010001011011000111100110100100000000001000011111011101011101011100001111010100101010100111000000010011000101111111111100010011010001000011001111101100101110011011000000000000011001001101001000000001000000001010111011001010100000101000110001101010001101111111111
111111111101111011011111000011100100101101110111111111110001101110111101100110010111101111111110101001110010111111110111100011011011100100010000001100111110111101111011101101000011100111100111100001111110000101111101110100100101111111010110111100110111100111111111011101011111110101110011110000101011110000111010111111111111111111
110110010000100001100011011010010110110010010011111000111001010100010110101111110011100010000001000001000001100111110111111101100001111110010110111010000011111100010011011100011011101011100110011000001000100001111101100100110011010010000000010010010011001001000000001000000001000100011010001101000100000110100101010001101111111111
111010101000110111110010100010010101111010111111111110110000110100001100111010110001010100111101010101000110110111110111100110100011101011001101010010001001111101010011010001000111010011101110100010111001010001111101001000011100111111011011110110111111101101100001011001010111000001110000001110100100001111011110011100101111111111
111000110111111011111100100000010001001011111101111100110100111010111101100110010110101111111110101001111110111111111111100011011011100110010000011100011110111100111011111101010011100111101111100000011110000101111111010100100101111111001110111100110110100110111111001001011111110101110111110000101111110000101010111110111111111111
111111110001101110011100100100100111001111011101111011110000101110100101001011011101101111111100111111111011001011111111111111010001110101100011011110111100111111101110111011111111111111101101100111010110111111111101111100011010101011110101111101001100001111001101011110111111111111101000001100111000100011101000111011001111111111
111111111101001011011111001011100100111101110111111011110001101110111111100111010111101111111110101001110010111111110111100011011011100110010000011100111110111100111011111101000011100111100111100001011110000101111101010100100101111111010110111100110110100111111111011101011111110101110111110000101111110000101010111100111111111111
111111111111000101010001101011000100111101110111111111110000100110100101101011011101101010111101111101111011001111111111111111010001110101000011001110111111111111101010110011111111111111100111100111010010111010111101010100111011101011111101111111001110101111101011011100111111011111101000000111111000111011100000111011001111111111
111000110110111011111100100000110001001011111101111100110100111010101101100111010111101111111110001001111011111111110111100001011111100110010000011100011110111100101001011101000011100111100111100000011110000101111111010110100101111111010110101000110110100111111111100010101101001000101001001010111001010111101100110010011111111111
110100010010100000100011111000010110111000010011111010101000000101011010101010001000100110101011001000001001000011111011100101100001100010110100101001010001111011001011110100100011000011100110100000101001000001111100100000110111110010001000010110001001010001001000001100000010011110011010100001010010000110001100000000001111111111
110000000001110001001110110010110000110010111111111100100000101100010010011000110001000001001010100010000000010111110011100110110011110000100100010010011011111001000111110001000011000011100010100000101100110001111100111000110000101001111011101000011100000000011000010111001010110100010010001011001001100100100001110100001111101111
111010101000100111110010100010010001111010111111111110110000110100001101101010110000010100111101010101000110100111110111100010111001111011001101010010011001111101010011110101000111011011101110100000111001010001111100001000011100111110011011110110111101111101011011000010001101001000101101001010111001010110101100111010001111111111
111111101011110001111100100001010011111011111011111110111000110100001101110011101101100111110101100101100010111111111111101110010001100111110011011110111111111011000010110011111011111111100111100111011010111111111101011100011011111011010101110110011110101111011101011110111111110110110010111000011111000100111100111010111111101111
111101110001101110011100101101101011111101011101111000100101111010010101011011110111101111111101100000110001111111111111111111011001101100111111111110001000111010101011011110101011001111110001011111010000001101111111111110101110011101010111111111110010000111111011011110111110001001111101001000111001111111100100111010001111111111
111111111101011011011111101010100100010100010111111010100101100110001101000001011110001111100010100011100011101111111111101111001011101110111011011111111001111000110110111011010111011111100000100111000000111011111110111000101110100111101101111111101010111001011001001111110100100110110000000011000010000010001001000000001111111111
111111011011100110110001110110010011110001000001111011111101110101101111010011011011111100001011011011111011011011111111100110010101100100010010011110110101111010111111100011110011111111100101010111000110110111111101111000011011111101001011111110101010101110110001011101110011110110110111110000100011110000001010111110111111111111
111111110011000101010001111001000101101101111011111001111110110100111100000010101101101110010001000100100001110011110111100101111011100111111110010011010001111101010010000101001111001011100110000010111000011000111100111001000110010001011011110101001111010110101110110010000110010010001101000010000011101001000000000000001111111111
111110111101001001011111000010100100111101110111111011110001101110100100001111111000101110111100111001111011101011111111101110010001100101010011011110111111111101101010110011111111111111100101110111000100110111111101111000011011101011010101111110111110101111111101011110111111110110110010111000111111000100110101111110111111101111
111101110001111110001000101101100011011111011101111000110101111010010100001011100111101110101100101000111011111111111111101111011001101101011101111110000100111010100111010110000111101111110001011111110000011101111110111110100110111101000110111111101010111110110001111101110101010000011110101110101001010000101100101010001111111111
111000111000100111101010101010010110111010111111111111111100110000101100111010100011110110110100010001010110110111111111100110000011101011001100010001001001111111010011010000000111110011100100100000111001010001111101011001001100110010011011110111111010111101000011001000000001000101010110011111000110000111010110011000001111101111
111101110001111110001100101101100011011111011101111000110101111010010100011011100111101111111100101000111011111111111111111111011001100101011101111110000100111010100111011110000111101111110001011111110000011101111110111110100110111101000110111111101010111110110001111101110101010000011110101110101001010000101100101010001111111111
111101100001111100001100101101101001011110011101111000110101111010010100101011100111001111111100101000111111111111110111101111011001100101111101111110100101111010101111011110000111101011110001011110110100011101111110110110110110111100000110111111101010111110100001110101110100000100011110101110101101000110001101010001101111111111
110101100001111100011100101101000011111111011101111000110101111010010001011011110111101111101100101000111011111111111111110111011001100101111111111110000110111010111011111110100111101111110001011111001000011101111111110000000110110101100111111110101011111111110001011111100111010110100010111000110110101100111001100010111111111111
110101000111011000110001000000110001110000100111111001100000111000001010001001011000110101000100100001000001010011111011101001101011110001111010100101010000111000000010010101101111001011100110000010111001011000111100111001000010010001011011110101011111010110100110110010001100010010101101010010001111000001011001111110111111111111
110100001001111100001000101101101000011110011101111000110101110010110100111111100111001111111100101000111111111011110111101111011001100101111101111010100101111010101001011110000111101011110001011110110100011101111110110110110010111100000110111111101110111110100001010101100100000101111110101110101101000110001101010001001111111111
111000110111110011011000100000110100001011110101111100101100101100001110101010001000010100110011010000001000010011111011101100001011101010110100100011000100111001001010011001100011111111100010010000001010100001111111000100110011110010000110010001100011000001001000001100100101000101111000000101000100010111100111010001101111101111
111111111101001011011111001011100100111101110111111011110000100110100101101000011101101011111100111101111011101111111111111111110001110101100011011110110111111111101010110011111111111111100111000110010010111110111101011100111011101011111101111111001110101111101111001100111111011111111000000111111000111011100000111011001111111111
110110010110000010011100001110011001111111010101111010110101111010011101011011110111101111111100101000111011111111111111110011011001100101111111111110000110111010111011111110100111101111110001011111011001011101111111110000100110111101000111111110101010111111110001011111100111111000110110111000111111000100111101100100111111111111
111001110011101100011100111111100011111111010101111000110101111010010101011011101111101111111100110010001000010011111011101100101011101010110100100011000100111001001010011001100011111111100010010000001010100011111111000100110011110010100110010001000010000001001000001110100101000101111000000101000100010111101111010000101111101111
111101010000000101100011000000110111111011011011111000100000000000000010101011000001100011100011100100001011010111110011110001100001101000001000000100001001111101000010110001001011110111100100000010000000100001111100100100110011001111001010000110000011001001001100011000000000000100011110111111101101000110000101011001101111111111
111110101101000101110001101000110110111000010011111010101000000101011010101010001000100110101011001100001101000011111011100101100011100011000100010000011100111011000110110000001111101011100110101100101000010011111101100110100010010111011100010110001001000000101000000100000011110000001011000001100100000011011010000010001111111111
111111111111000001010001101010100100111101110111111111110000100110100101101011011101101110111100111101111011001111111111111111010001110101100011011110111111111111101010110011111111111111100111100111010010111110111101011100111011101011111101111111001110101111101111011100111111011111101000000111111000111011100000111111001111111111
111111110001101110011100100100100011001111011101111011110000101110100101101011011101101111111100111111111011001111111111111110010001110101100011011110111111111111101110110011111111111111101101100111010010111111111101111100011011101011110101111111001100001111001111011110111111111111101000001101111000100011101000111011001111111111
110101010000000010110100111000110110101000010011111010101000000101011000001010001000100100101010111000001001000011111011100101100001100011010100010000010100111011010110110000001111100011100010001100001000010011111111111110100000111101000110110111101010111110110011111100010101010000011110101110101001011000101100101010011111101111
111101010010100101100011000010000111111010011011111000100001000000000010101000000001100011101011100100001001010111110011110001100001100000001010000100000001111100000010110001001011110111100100000010000000100011111100100100110111001110011010000010000011001101001100001000000001010011110000100111100100000110101101000101101111111111
110000111001101110011100101101100001111111010101111000110101111110011101001011110101101111111100101111110111110111111111100111010001100010110100110011010000111011001001010100000011010111100110100001101001010000111100000000110100001000110001001100110100010000011000111111001001110101110000000011000101100001000001000000001111101111
111011100001010111010011111110011000111011011011111011101110110100111101010010101001100110001101010101000110100111110111100010111001111011001101010011111101111101010011010100000111000011101101110000011011010001111100001000011100111110011011100110111111111101111111000010001101001000101101101110011001011110101100111000001111111111
111010101000000111101001010000010011110000100101111001100000001010001010001011011000111100110100100000000001000011111011101011101011100101111010100101010100111000000010011000101111111111100010011010001000011001111100100101110011011000101000000011001001101001000000001000000001010011011001010100000101000110001101010011101111111111
111111010011000101100011000001110011111011010001111000101000000100011010101000011010010110100001100010000001000011111011110100101001100000110101100001110000111011000001010100110011000011110100100001000001011000111100100000110100101000110101000010000100011000011000011011011000110011110000000000000000110000010001001000001111101111
110010000001110001001110110010010001110000111011111100100000101100000000111000010001101111101101011000001111111111111011101000101001100010111100100001110010111011001101010000100011100011110110101010101001010001111100100000110000111000110011001000000100100000011000110011011010110101110010000011000011100010000100001000001111101111
111010101000111111110010100000010101011010111111111110110100111101100101011110110011010100111101010101000010110111110111100110100001101101111111111010010000111010111001111110100111101111110001011111011001011101111111110000100101101101000110111110101010111111110001011111100110111001111110111000111111010100111111100100111111111111
111011100001010101010011110110011000111011011011111011111110110100111101010010101001100110000101000101100011110111110111100100111111101011011110110010000011111101010010000101000111001011100110000010111000011000111100111001010010010001011011010101011111010110100110110010001101010010101101000010001111000001011001111110111111111111
111010101001100111010010100010011001101010111111111010110010111100001111111010111000010100111101010101000010100111110111100010111001111011001101111010011001111101110001100101001111001011101111000000111001010001111101001100011100111111011011110110111101101100011011010010000100001001111101001000111001111111100100111010001111111111
111010101000000111101001010000110011111000100101111011101000001010001010001011011000111100010100100000000001000011111011101011101011100101011111111110011100111010101011001110101111101111110001111111010000001101111111111110100110001101010111011111110010010111111111011110111110111111111001001010101011111011111100111111011111101111
110010000001110001001110110010010000110000111011111100100000101100010010111000010001100011001011100010000000010111110011100110100011100000000100010010010010111001010001110001000011000011100010100000101000010001111100110000110000101000100011001000011100000000011000010011001010110010101100000010001111000001011001111110111111111111
111101100001111100011000101101100001011100011101111000110101111010010100101011100111001111111100101000111111110111111111100111010001100010010100110011010000111011001001010100000011010111100110110001101001010000111100000001010110001000110000000100110000010001011000011111001001110101110000001011000101100001100000000000001111101111
111010001000100111110010110000010111111010111111111110111000110100001111101010010000010100111101010101000110100111110111101010111101101011101101010010011001111101010011110101000111011011101110100000111001010001111100000000011101111110011011100110111101111101111111011100011111110101110011110000101011110000111010111111111111111111
110100001110110011110000011010010001101110010001111100100000010110011010101000011000010110101001000010011101100111111011110100101101100000110101110001110000111011000101010100110011000011110100101000001000010000111100100000110100001000110101000010000100110000011000011001011000110001111010000000000001100101100000001000001111111111
111001100001110100110011110111110001110000101101111010110100100110101010101110001000110000011101000101001010110011110111100101110011101001011101010000111001111111010001010001000111011111101111000000101111010001111101001000001100001100011010100100111011101001011000001100000011110010101011000001101100000011011010000010001111111111
111110010010000001100011000000010101111001011011111000110000100101011010101000000001100011101011100100001001010111110011111111010001110101100011001110111111111111101010110010111111011111100101111111010010111010111101010100111011101011111101111111001110101111101011011100101111011111101001000111111000011011100000111011001111111111
110011001100110111110110101010010101111010111111111110110000110100001100111010110001110100110101010101000110110111110111100110100011101011001101010010101001111101010011010001000011000011101110100010110001010001111100011000011100111111010011110110111111101101100001011000000111000001110000001110000110001111011100000100101111111111
111010110110110010111100000101110001001011011111111100110100111010011100111101000100001110111100001001111010110111111111110111011001100111010000111100011111111101111001111101110011101111110101100100011110001101111101010100001110111111000101101100100110111111111111101101111111110110110010110000110011110010001010111110111111111111
111001101000110010010010101010011001110011100011111100110000100001100101001010110001000100011101010000001110010011110111100110000111101000001101010010001100111111000010100000110011111111100111100111011010111111111101011110011011111011010101110110000001000001100001001000000010000111111001000001101101111110110001001100101111101111
110100010010100000100101111000110110101000010011111010100001000001000010101100000001100011101011100100001011010111110011110001101001100000001000000100001001111101000010110001001111110111100100000010000000100001111100100100110011001110011110000110000011001001001000001000010001010111111000000111110100000110101101010000101111111111
110101001111011000001001011100010011110000100101111001100000101010001010001011011000111100110100100000000001010011111111101011101011100001111010110101010100111000000010011000101111111111100010011000001000011001111101100101110011011000000100000011001000001001000000001000000001110111110001000101101001111010110001001100111111101111
111001001110100101100111010111010010110000111101111010110100000101101101011011000011010010010011101000111011111111111111111101011001100001011101101110000100111010100111011110000111101111110001011011110000011101111110111110100100111101010110111111101010111110010001111101110101001000011110101110101001010000101100101010101111111111
111000110111110010011000100000110100001011110101111110101000101100001110101010101100010100110011110000001000001011111011100101101001110010110100100001010000111011001001011100110011100011100110100000101101010000111100000000110100101000110001001000000100010000111000011011001000110101110010000011000001100001001001001000001111101111
110000110001100101100011010000011110111000011011111010101001001100011110100010001000100100101001011000000001000011111011100100001001100010110100100011010000111111001001010100100011000011100101100000101001010000111100100100110100101001110010001000010000010000011000110011000110110101110011000011000011100001000001000000001111111111
111000110110111011111100100000110001001011111101111100110100111010111101100111010111101111111110101001111010111111111111100011011011100110010000011100011110111100111011111101000011100111100111100000011110000101111111010100100101111111010110111100110110100111111111001101011111110101110111110000101011110000101010111111111111111111
111000110110110011111100100000110000001011111101111100110100111010111101100111010111001111111101101001111000111111111111100011011001100100010000010101011110111100111001101101000011100111100111100000011110000101111101011000100101111111010011111100010110100110101111001110011111110101110111110000101001110000101010111111111111111111
111110000101110111000011110001101000001100101101111111110100110101111011011111011001000001001010011001001100011011111011110101100011110101101011010011010000111001001011011001101011011111110010001000001000100001111111000111110011010000000000010010111011011001001000010101100100000101111110101110101101001110001101010001001111111111
111000111111111011111101101001010001001011111101111100110100110010111111100110110110101111101110101000111110011011110111100011011011110110010000011101011110111101111011111101010011100111101101100000001110000101111111010100100101011111101110111100010110100110111110101001011111110101110111110000100011110000001010111110111111111111
~~~
74.0 121.0 98.0 503.0 2076.0 
89.0 196.0 62.0 263.0 1394.0 
85.0 194.0 73.0 260.0 1342.0 
84.0 199.0 63.0 264.0 1354.0 
71.0 166.0 105.0 189.0 1622.0 
77.0 98.0 129.0 451.0 2352.0 
73.0 103.0 132.0 403.0 2269.0 
136.0 144.0 83.0 409.0 1852.0 
46.0 140.0 111.0 331.0 1912.0 
129.0 147.0 87.0 363.0 1836.0 
83.0 99.0 129.0 448.0 2316.0 
52.0 105.0 124.0 443.0 2215.0 
78.0 195.0 80.0 212.0 1374.0 
66.0 165.0 99.0 227.0 1633.0 
84.0 172.0 94.0 238.0 1573.0 
116.0 169.0 82.0 312.0 1593.0 
126.0 141.0 91.0 379.0 1872.0 
87.0 196.0 77.0 206.0 1362.0 
49.0 116.0 111.0 453.0 2162.0 
100.0 153.0 101.0 296.0 1812.0 
88.0 184.0 70.0 298.0 1514.0 
64.0 102.0 121.0 471.0 2280.0 
83.0 173.0 97.0 201.0 1552.0 
115.0 157.0 79.0 381.0 1761.0 
73.0 193.0 65.0 278.0 1388.0 
79.0 162.0 107.0 208.0 1671.0 
109.0 161.0 92.0 286.0 1700.0 
125.0 139.0 94.0 371.0 1922.0 
84.0 162.0 102.0 223.0 1690.0 
94.0 123.0 131.0 330.0 2059.0 
105.0 127.0 109.0 386.0 2002.0 
61.0 110.0 113.0 481.0 2196.0 
99.0 184.0 74.0 291.0 1438.0 
104.0 152.0 111.0 269.0 1801.0 
63.0 122.0 97.0 496.0 2095.0 
90.0 191.0 81.0 216.0 1407.0 
91.0 154.0 114.0 208.0 1741.0 
71.0 185.0 68.0 301.0 1466.0 
80.0 181.0 88.0 242.0 1510.0 
60.0 108.0 115.0 476.0 2204.0 
97.0 178.0 86.0 253.0 1539.0 
134.0 143.0 93.0 360.0 1859.0 
57.0 117.0 101.0 491.0 2113.0 
61.0 106.0 125.0 441.0 2244.0 
59.0 109.0 114.0 482.0 2189.0 
83.0 105.0 129.0 405.0 2253.0 
68.0 131.0 93.0 459.0 1975.0 
96.0 188.0 75.0 262.0 1410.0 
75.0 183.0 66.0 322.0 1490.0 
122.0 145.0 90.0 367.0 1846.0 
92.0 107.0 119.0 461.0 2202.0 
63.0 111.0 118.0 422.0 2176.0 
48.0 137.0 112.0 343.0 1959.0 
93.0 118.0 128.0 362.0 2105.0 
101.0 158.0 84.0 360.0 1726.0 
72.0 106.0 122.0 451.0 2228.0 
60.0 124.0 106.0 421.0 2046.0 
111.0 151.0 93.0 333.0 1782.0 
53.0 119.0 109.0 427.0 2096.0 
55.0 123.0 107.0 437.0 2079.0 
64.0 114.0 119.0 431.0 2137.0 
108.0 168.0 80.0 345.0 1637.0 
58.0 130.0 105.0 412.0 2009.0 
88.0 175.0 83.0 282.0 1583.0 
69.0 101.0 125.0 436.0 2275.0 
54.0 109.0 121.0 432.0 2173.0 
75.0 155.0 100.0 309.0 1769.0 
91.0 184.0 80.0 247.0 1479.0 
109.0 177.0 81.0 273.0 1562.0 
77.0 100.0 129.0 438.0 2294.0 
64.0 102.0 126.0 454.0 2289.0 
93.0 168.0 85.0 319.0 1605.0 
94.0 188.0 85.0 220.0 1423.0 
62.0 160.0 76.0 383.0 1714.0 
120.0 136.0 94.0 416.0 1930.0 
85.0 180.0 89.0 233.0 1526.0 
83.0 192.0 71.0 268.0 1430.0 
87.0 176.0 71.0 336.0 1568.0 
76.0 118.0 116.0 392.0 2075.0 
131.0 146.0 84.0 397.0 1845.0 
114.0 138.0 92.0 390.0 1921.0 
64.0 129.0 110.0 372.0 2034.0 
77.0 190.0 64.0 294.0 1409.0 
71.0 168.0 73.0 366.0 1612.0 
116.0 129.0 103.0 394.0 2024.0 
81.0 186.0 66.0 308.0 1501.0 
101.0 161.0 90.0 321.0 1687.0 
82.0 132.0 112.0 355.0 1989.0 
132.0 149.0 88.0 369.0 1797.0 
76.0 119.0 99.0 498.0 2102.0 
84.0 160.0 91.0 309.0 1658.0 
94.0 185.0 87.0 233.0 1448.0 
75.0 174.0 96.0 229.0 1568.0 
85.0 133.0 111.0 327.0 1951.0 
82.0 182.0 63.0 328.0 1546.0 
93.0 189.0 67.0 283.0 1461.0 
62.0 116.0 103.0 490.0 2142.0 
70.0 129.0 94.0 473.0 2051.0 
92.0 154.0 104.0 254.0 1772.0 
70.0 120.0 100.0 465.0 2100.0 
~~~
0.528
