111101111011100000000000000000000000000000000001111100101011011110010101111100111111011111101111110110011000000011111111100011010011111110000000000111111010111010111100011110100111000111111100011101010000111010111111110000000001111010111111000000000000000000000000000000000000000000000000000000000000111001111111111100101111111111
111111111111111111111111111111111111111111111111111111111111111111111111111111111111111111101111111011111111111111111111111111111111111111111111111111111111111111111111111111111111111111111111111111111111111111111111111111111111111111111111111111111111111111111111111111111111111111111111111111111111111111111111111111111111111111
111111111111111111111111111111111111111111111111111111111111111111111111111111111111111111111111111110111111111111111111111111111111111111111111111111111111111111111111111111111011111111111111111111111111111111111111111111111111111111111111111111111111111111111111111111111111111111111111111111111111111111111111111111111111111111
111101110111011111111100101111011110101110011001111110100111011000000001100111011101100001101111101110011101110111110111100011111011111111111011011111111111111010010110100000000011111011111111011111110000111001111111110000000001110000111101111101001001111111011100001111011111100111011000000011100001111101111100001100011111101111
111111111111111111111111111111111111111111111111111111111111111111111111111111111111111111111111111111111111111111111111111111111111111111111111111111111111111110111111111111111111111111111111111111111111111111111111111111111111101111111111111111111111111111111111111111111111111111111111111111111111111111111111111111111111111111
111111111011110000000000000000000000000000000001111011100000000000000000011110000000000001101110001010111000000011111111100011010011111101111011011111111001111000110110000000000011011011101100100000000000111011111111111111110000000000000110111011001000110000000000001111011010111110101110111111011010111111111111111100111111101111
110000000000001110111110000000011101111100100101111100110000000000000000000100011111100001101111100010011001101011111011110001011111111110000000000110100000111010001110100000000011100111111111000000001111000000111111111110000000000000111100111101011011111111011111111111011010111111011111110011101111000001111100000000001111101111
111111111111111111111111111111111111111111111111111111111111111111111111111111111111111111111111111111111111111111111111111111111111111111111111111111111111111111111111111111111011101111111111111111111111111111111111111111111111111111111111111111111111111111111111111111111111111111111111111111111111111111111111111111111111111111
111111111111111111111111111111111111111111111111111111111111111111111111111111111111111111111111111111111111111111111111111111110111111111111111111110111111111111111111111111111111111111111111111111111111111111111111111111111111111111111111111111111111111111111111111111111111111111111111111111111111111111111111111111111111111111
111111111011111111111111111111111111111111111111111111111111111111111111111111111111111111111111111111111111111111111111111111111111111111111111111111111111111111101111111111111111111111111111111111111111111111111111111111111111111111111111111111111111111111111111111111111111111111111111111111111111111111111111111111111111111111
110000000000000000000000000000000000000000000001111001100000000000000000000000000000100000000000000000011000000011110011100010000001100000000000000000011100111000010000000000000011000111100000000000000000000000111100000000000000000000000100000000000000000000000000000000000000000000000000000000000000000000000000000000001111101111
111111111011111110101100110000011011010000001001111010110111011111111010111110011101011011111111101000011101110011111011100011001011111110000000000111011111111111111111011010000011110111111110111100100000111001111111111110000001100110000101000000000000000000000000000000000000000000000000000000000000000000000011111110001111101111
110000000000000000000000000000000000000000000001111100100000000000000000000100000000000000000000000000011000000011110011100010000001100000000000000000011010111000001000000000000011000111100000000000000000000000111100000000000000000000111000000000000000000000000000000000000000000000000000000000000000000000000000000000001111101111
111101111011101111111100000000011110000000001111111011100100000000000000000110111111011101111110011100011001100111110111111111011011111101111111100111000000111011111101111001110111111011101111111111110000111100111111111111110010000000000101111011000110111110111011101111011010101111101111111111001001111111111100001101101111101111
111111111111111111111111111111111111111111111111111111111111111111111111111111111111111111111111111111111111111111111111111111111111111111111111111111111111111111111111111111111111111111111110111111111111111111111111111111111111111111111111111101111111111111111111111111111111111111111111111111111111111111111111111111111111111111
111111111111111111111111111111111111111111111111111111111111111111111111111111111111011111111111111111111111111111111111111111111111111111111111111111111111111111111111111111111111111111111111111111111111111111111111111111111111111111111111111111110111111111111111111111111111111111111111111111111111111111111111111111111111111111
111111111111111111111111111111111110111111111111111111111111111111111111111111111111111111111111111111111111111111111111111111111111111111111111111111111111111111111111111111111111111111111111111111111111111111111111111111111111111111111111111111111110111111111111111111111111111111111111111111111111111111111111111111111111111111
110000000000001111101111101111100000001111100011111010100100000000000000000111011111000001111111101000011100000011110111110001011011111110000000000111111111111011000010011001110111110011111110100000001111111011111111111110000001110101000000111101111100111111111111011111111100100110111000000011110001000111110011111101111111111111
110000000000000000000000000000000000000000000001111001100000000000000000000000000000000001100000000000011000000011110011100010000001100000000000000000011010111000100000000000000011100011100000000000000000000000111100000000000000000000000100000000000000000000000000000000000000000000000000000000000000000000000000000000001111101111
110000000000000000000000000000000000000000000001111001110000000000000000000000000000000000000000000000011000000011110011100010000001100000000000000000011100111000000100000000000011010011100000000000000000000000111100000000000000000000000100000000000000000000000000000000000000000000000000000000000000000000000000000000001111101111
110000000000001110111111000000011000111100100101111001111011111111010010111111011101111111111110100110011111100111110111100010000001111101111011011110111111111011100100111011000111011011111111011101010000000000111100000000000000000000000100111101100000111111111100001111111001111111111000000011111101111100000011110000001111101111
111101110111111110101100001111011100000000010001111010110011011111111001110111111000111011111110010111111001101011110011100010000001111110000000000110111111111100000001100000000011111111101100011101101111111100111111111111110001111001000111111000010011111110111011011111011100101111111111111111101110111111111111110000001111101111
111111111111111111111111111111111111111111111111111111111111111111111011111111111111111111111111111111111111111011111111111111111111111111111111111111111111111111111111111111111111111111111111111111111111111111111111111111111111111111111111111111111111111111111111111111111111111111111111111111111111111111111111111111111111111111
111101111111111111111111111111111111111111111111111111111111111111111111111111111111111111111111111111111111111111111111111111111111111111111111111111111111111111111111111111111111111011111111111111111111111111111111111111111111111111111111111111111111111111111111111111111111111111111111111111111111111111111111111111111111111111
111111111011101110011111110000000000001101010101111001100011111110000110110000000000000000000000000000000000000011110011100011001111111101111011011111111010111110010011111011100111011011101111100000000000000000111111110000000001110100111111111010000011111111111111101111111111110110101000000011100001000101110011111110101111111111
110000000000000000000000000000000000000000000001111001100000000000000000010000000000000000000000000000011000000011110011100010000001100000000000000000011010111001000000000000000011100011100000000000000000000000111100000000000000000000000100000000000000000000000000000000000000000000000000000000000000000000000000000000001111101111
111111110111111111111111111111111111111111111111111111111111111111111111111111111111111111111111111111111111111111111111111111111111111111111111111111111111111111111111111111111111111111111111111111111111111111111111111111111111111111111111111111111111111111111111011111111111111111111111111111111111111111111111111111111111111111
110000000000001110101100001111011101111111000001111100101111011111010010111110000000111101100000000011000000000011110111110001010111111101111111011111111100111001100110011011110111110111111110111111100000000000111111110000000001111000111101111100110001110000000000001111111001101111111111111111111101000110000000001111111111101111
111111111011101111101100110000011110000000001101111001101111111000000001011001011111111101100000000011100000000011110111111110000001111110000000000111111011111101101110111111000111010011110000000000000000111100111100000000000000000000000111000000000000000000000000000000000000000000000000000000000000111111110000001111101111111111
111110000000001110111110000000011000110000000001111001110111100000000000000000111110000001110000000000000000000011111011110001001111100000000000000000011001111101110000111111100111111111111111100000001101111010111111111111100111100111000110111011000101110000000000001111111111101110111111001111001101111110000000001110111111101111
110000000000000000000000000000000000000000000001111001100100000000000000000000000000000000000000000000011000000011110011100010000001111101111000000110100000111000001000000000000011100011100000000000000000000000111100000000000000000000000100000000000000000000000000000000000000000000000000000000000000000000000000000000001111101111
110000000000000000000000000000000000000000000001111100100000000000000000000100000000000000000000000000011000000011110011100010000001100000000000000000011001111000010000000000000011100011100000000000000000000000111100000000000000000000111000000000000000000000000000000000000000000000000000000000000000000000000000000000001111101111
110000000000001110101100000000000000000000001001111001100000000000000000000000000000000000000000000000000000000011110011110000000001100000000000000000011001111000000100000000000011000111100000000000000000000000111100000000000000000000000100000000000000000000000000000000000000000000000000000000000000000000000000000000001111101111
111101110111101111101111110000011101111110000011111001110111111111101110100101011111100001111110110000011100000011111011110001101011100000000000000000011011111010111010111111010111101011111100011101011101111100111111111111110110000000000111111011000000111110111100011111111011111111001110111111101011111101111111111101101111101111
111111111111111111111111111111111111111111111111111111111111111111111111111111111111111111111111111111111111111111111111111111111111111101111111111111111111111111111111111111111111111111111111111111111111111111111111111111110111111111111111111111111111111111111111111111111111111111111111111111111111111111111111111111111111111111
111101111011011111001111000000011101000000010011111001110111011110001100100110111100011101101110011110111101111011110111100011011111111111111011110110100000111000010100100000000011010011111110011101111111111010111111111110000000000000000100111011100111111111111100000000000000000000000111001111011011111100000000001101101111111111
111111111111111111111111111111111111111111111111111111111111111111111111111111111111111111111111111111111111111111111111111111111111111111111111111111111111111111111011111111111111111111111111111111111111111111111111111111111111111111111111111111111101111111111111111111111111111111111111111111111111111111111111111111111111111111
111111111111111111111111111111111111111111111111111111111111111111111111111111111111111011111111111111111111111111111111111111111111111111111111111111111111111111111101111111111111111111111111111111111111111111111111111111111111111111111111111111111111111111111111111111111111111111111111111111111111111111111111111111111111111111
111111111111111111111111111111111111111111111111111111111111111111111111111111111111111111111111111111111111111111111111111111111111111111111111111111111111111111111101111111111111111111101111111111111111111111111111111111111111111111111111111111111111111111111111111111111111111111111111111111111111111111111111111111111111111111
110000000000000000000000000000000000000000000001111001100000000000000000000000100000000000000000000000011000000011110011100010000001111110000000000111000000111100000000000000000011001011100000000000000000000000111100000000000000000000000100000000000000000000000000000000000000000000000000000000000000000000000000000000001111101111
111111111011101110111100110000011101011111001101111010101000000000000000000110100000011101101111101010011010000011110111111111100011111110000000000111000000111000000011011001110111000111111111011101101101000000111111111110000001100101111100111101011010110000000000000000000000000000000111001111010000000001111111110000001111111111
111111111011011110101100101111111110010000011111111010101111111111101001111110100000100001101110111111111011110111110111111101100111100000000000000000011010111111100110000000000011010011111100111101111111111100111111111111110001101111000111111010101001111111011111011111111111101110111110110011101011111111111111111101111111101111
111111111111111111111111111111111111111111111111111111111111111111111111111111111111111111111111111111111111111111111111111111111111111111111111111111111111111111101111111111111111111111111111111111111111111111111111111111111111111111111111111111111111111111111111111111111110111111111111111111111111111111111111111111111111111111
111111111111111111111111111111111111111111111111111111111111111111111111111111111111111111111111111111111111111111111111111111111111111111111111111111111111111111111111111111111111111111111111111111111111111111111111111111111111111111111101111111111111111111111111111111111111111111111111111111011111111111111111111111111111111111
110000000000001110101100000000000000000000000001111100100000000000000000000100000000000000000000000000000000000011110011110000000001111110000000000111000000111000000100000000000011100011100000000000000000000000111100000000000000000000111000000000000000000000000000000000000000000000000000000000000000000000000000000000001111101111
110000000000001110011100000000000000000000000001111001100000000000000000000000000000000000000000000000000000000011110111100010000001100000000000000000011010111001000000000000000011100011100000000000000000000000111100000000000000000000000100000000000000000000000000000000000000000000000000000000000000000000000000000000001111101111
110000000000000000000000000000000000000000000001111001100000000000000000000000000000000000000000000000011000000011110011100010000001111110000000000110100000111000000010000000000011100011100000000000000000000000111100000000000000000000000100000000000000000000000000000000000000000000000000000000000000000000000000000000001111101111
110000000000000000000000000000000000000000000001111100100000000000000000000100000000000000000000000000011000000011110111100010000001111110000000000110100000111100000000000000000011000111100000000000000000000000111100000000000000000000111000000000000000000000000000000000000000000000000000000000000000000000000000000000001111101111
111111111111101111111111111111111111111111111111111111111111111111111111111111111111111111111111111111111111111111111111111111111111111111111111111111111111111111111111111111111111111111111111111111111111111111111111111111111111111111111111111111111111111111111111111111111111111111111111111111111111111111111111111111101111111111
110000000000000000000000000000000000000000000001111100100000000000000000000100100000000000000000000000011000000011110011100010000001100000000000000000011001111000010000000000000011001011100000000000000000000000111100000000000000000000111000000000000000000000000000000000000000000000000000000000000000000000000000000000001111101111
111110000000001111011100111111111100111101000001111010100000000000000000010111111100111101101111111010011001111111110011100010000001111110000000000111111111111011000100011011010111101011111100011111010000000000111111111111110001111001000000111111001001111111011111000000000000000000000000000011010001111100000000001101011111111111
110000000000000000000000000000000000000000000001111001110000000000000000000000000000000000000000000000011000000011110011100010000001111110000000000111000000111100000000000000000011010011100000000000000000000000111100000000000000000000000100000000000000000000000000000000000000000000000000000000000000000000000000000000001111101111
111111111111111111111111111111111111111111111111111111111111111111111111011111111111111111111111111111111111111111111111111111111111111111111111111111111111111111111111111111111111111111111111111111111111111111111111111111111111111111111111111111111111111111111111111111111111111111101111111111111111111111111111111111111111111111
110000000000001111001100000000000000000000000001111010100000000000000000000110000000000000000000000000000000000011110011100010000001100000000000000000011010111000100000000000000011000111100000000000000000000000111111111110000000000000000000000000000000000000000000000000000000000000000000000000000000000000000000000000001111101111
110000000000000000000000000000000000000000000001111100100000000000000000000100100000000000000000000000011000000011110011100010000001100000000000000000011100111000000001000000000011010011100000000000000000000000111100000000000000000000111000000000000000000000000000000000000000000000000000000000000000000000000000000000001111101111
111101111011010000000000000000000000000000000001111010111111111110101011000110011101011011111111011111111000000011110111100011001011100000000000000000011011111010111010011101011011011011100000000000000000111101111111111111111101100100111000111011101001111110111011010000000000000000000000000011110001000111111111110000001111111111
110000000000001110101100000000000000000000000001111001100000000000000000000000000000000000000000000000000000000011110011110000000001100000000000000000011100111010000000000000000011010011100000000000000000000000111100000000000000000000000100000000000000000000000000000000000000000000000000000000000000000000000000000000001111101111
110000000000001110101100000000000000000000000001111001100000000000000000000100000000000000000000000000000000000011110011110000000001100000000000000000011001111000000001000000000011001011100000000000000000000000111100000000000000000000000100000000000000000000000000000000000000000000000000000000000000000000000000000000001111101111
110000000000000000000000000000000000000000000001111100100000000000000000000100000000000000000000000000011000000011110011100010000001100000000000000000011100111100000000000000000011010011100000000000000000000000111100000000000000000000111000000000000000000000000000000000000000000000000000000000000000000000000000000000001111101111
110000000000001111111111001111000000010000011111111100111011011111100110100100011101000001111111011000011101111011111111111110000001111101111111100110111001111011110101011110000011101011101111100000001101111100111100000000000000000000111000111010110111111110111011101111111010101111011110110011010000000110000011111110111111101111
111101110111101111001100000000011011101111100111111101111111111111001111111100011101111101111110010100011011101011111111100011110011111101111011110110111101111001001101111011000011001111101110111101001110111010111111111111111010000000111110111111011110111111011111011111111010110111111110110011001101111101111100000000001111101111
110000000000001111101110111111000000011100111001111101111100000000000000011110011110011100000000000011111111101011110011110001111111111101111011011111000000111011101011011110100111011111111111011111111110111100111111110000000001111000111110111011000110111110111011000000000000000000000000000011100001111110000000001111001111101111
110000000000001111101100001111000000001101001111111001101011111110000110100101011101011101101110000111011010000011111111111101000011111101111011111111111011111000101011011011101011000111101100111100111111111010111111111110000001100001000111111000100000110000000000001111111011100111111111110011010001000111110000000000001111111111
110000000000001111001100000000000000000000000001111001100000000000000000000000000000000000000000000000000000000011110011100010000001100000000000000000011001111010000000000000000011010011100000000000000000000000111100000000000000000000000100000000000000000000000000000000000000000000000000000000000000000000000000000000001111101111
111111111111111111111111111111111111111111111111111111111111111111111111111111111111111111111111111111111111111111111111111111111111111111111111111111111111111111111111111111101111111111111111111111111111111111111111111111111111111111111111111101111111111111111111111111111111111111111111111111111111111111111111111111111111111111
110000000000001111011110100000011110011101100101111001101011011000000001000001111000011101111111110000011001101011110111100011110011100000000000000000011110111110011111011111110111100011111111011111101101000000111111110000000001111101000101111111010010111111011011000000000000000000000111000011010001000101111111111100011111101111
111111111111111111111111111111111111111111111111111111111111111111111111111111111111111111111111111111111111111111111111111111111111111111111111111111111111111111111111111111111111111111111111111111111111111111111111111111111111111111111111111111111011111111111111111111111111111111111111111111111111111111111111111111101111111111
110000000000000000000000000000000000000000000001111100100000000000000000000100000000000000000000000000011000000011110011100010000001100000000000000000011010111000100000000000000011010011100000000000000000000000111100000000000000000000111000000000000000000000000000000000000000000000000000000000000000000000000000000000001111101111
111111111111111111111111111111111111111111111111111111111111111111111111111110111111111111111111111111111101111111111111111111111111111111111111111111111111111111111111111111111111111111111111111111111111111111111111111111111111111111111111111111111111111111111111111111111111111111111111111111111111111111111111111111111111111111
110000000000000000000000000000000000000000000001111001100000000000000000000000000000000000000000000010011000000011110011100010000001100000000000000000011100111000000001000000000011001011100000000000000000000000111100000000000000000000000100000000000000000000000000000000000000000000000000000000000000000000000000000000001111101111
111111111111111111111111111111111110111111111111111111111111111111111111111111111111111111111111111111111111111111111111111111111111111111111111111111111111111101111111111111111111111111111111111111111111111111111111111111111111111111111111111111111111111111111111111111111111111111111111111111111111111111111111111111111111111111
111111111111111111111111111111111111111111111111111111111111111111111111111111111111111111111111111111111111111111111111111111110111111111111111111111111111111111111111111111111111111111111111111111111111111111111111111111110111111111111111111111111111111111111111111111111111111111111111111111111111111111111111111111111111111111
110000000000001111101100000000000000001100111001111001101011111111110101100001011110011111101110111011011111111111110111111101110111111111111111111110100000111100001110111011111011111111111111011100110000111010111111110000000001101001000101111100111110111111111011111111011011101110101000000011101000000101111111111111111111111111
110000000000001110011100000000000000000000000001111001100000000000000000000000000000000000000000000000000000000011110011100010000001111110000000000111000000111000100000000000000011100011100000000000000000000000111100000000000000000000000100000000000000000000000000000000000000000000000000000000000000000000000000000000001111101111
111111111111111111111111111111111111101111111111111111111111111111111111111111111111111111111111111111111111111111111111111111111111111111111111111111111111111111111111111111111111111111111111111111111111111111111111111111111111111111111111111111111111111111111111111111111111111111111110111111111111111111111111111111111111111111
111101111111011111111100111111100000001110100101111011110000000000000000000111100000100001100000000011111111111111110011110001000011111101111111111110111100111110001011111110010111100011111111011110001101000000111111111111110110000000000101111101100000110000000000001111111111101111001000000011101010000110000011110000001111101111
110000000000000000000000000000000000000000000001111001100000000000000000000000000000000000000000000000011000000011110011100010000001100000000000000000011001111100001000000000000011010011100000000000000000000000111100000000000000000000000100000000000000000000000000000000000000000000000000000000000000000000000000000000001111101111
111111111111111111111111111111111111111111111111111111111111111111111111111111111111111111111111111110111111111111111111111111111111111111111111111111111111111111111111111111111111111111111111111111111111111111111111111111111111111111111111111111111111111111111111101111111111111111111111111111111111111111111111111111111111111111
111111111111111111111111111111111111111111111111111111111111111111110111111111111111111111111111111111111111111111111111111111111111111111111111111111111111111111111111111111111111111111111111111111111111111111111111111111111111111111111111111111111111111111111111111111111111111111011111111111111111111111111111111111111111111111
111111111111111111111111111111111111111111111111111101111111111111111111111111111111111111111111111111111111111111111111111111111111111111111111111111111111111111111111111111111111111111101111111111111111111111111111111111111111111111111111111111111111111111111111111111111111111111111111111111111111111111111111111111111111111111
111111111111111111111110111111111111111111111111111111111111111111111011111111111111111111111111111111111111111111111111111111111111111111111111111111111111111111111111111111111111111111111111111111111111111111111111111111111111111111111111111111111111111111111111111111111111111111111111111111111111111111111111111111111111111111
111111111111111111111111111111111111111111111111111111111111111111111111111111111111111111111111111111111111111111111111111111111111111111111111111111111110111111111111111111111111111111111111111111111111111111111111111111111111111111111111111111111111111111111111111111111111110111111111111111111111111111111111111111111111111111
111111111011111110111100111111011010111110111101111001111111111111001011111001111110100001110000000000011111110011110111100011111011111101111111010111011101111100110111011000110111001011111100011100100000000000111111110000000001101101111110000000000000000000000000000000000000000000000000000000000000111101111111111111001111101111
110000000000001110011100000000000000000000000001111001100000000000000000000000000000000000000000000000000000000011110011100010000001100000000000000000011001111100000000000000000011000111100000000000000000000000111100000000000000000000000100000000000000000000000000000000000000000000000000000000000000000000000000000000001111101111
111111111111111111111111111111111111111111111111111111111111111111111111111111111111111111111111111111111111110111111111111111111111111111111111111111111111111111111111111111111111111111111110111111111111111111111111111111111111111111111111111111111111111111111111111111111111111111111111111111111111111111111111111111111111111111
110000000000001111101100111111100000011110101011111100110111011111010111110101011100000001111000000010111011110011111011111001100011111110000000000111011110111000000010011110000011100011111100011100110000111001111111111111111111110111111111111111001000110000000000000000000000000000000110110011101100111101110000001110011111111111
111111111111101111111111111111111111111111111111111111111111111111111111111111111111111111111111101111111111111111111111111111111111111111111111111111111111111111111111111111111111111111111111111111111111111111111111111111111111111111111111111111111111111111111111111111111111111111111111111111111111111111111111111111111111111111
110000000000000000000000000000000000000000000001111100100000000000000000000100011000000000000000000000011000000011110011100010000001111110000000000110100000111000010000000000000011001011100000000000000000000000111100000000000000000000111000000000000000000000000000000000000000000000000000000000000000000000000000000000001111101111
111110000000001111111110100000011000101110111011111100101011111111110010110101111000111111111111010111111101101111111011111101101111100000000000000000011110111011101111011001011111001011111100111110010000111010111111110000000001111110111000111100000000111111111011100000000000000000000110111111011000111111111111111100111111111111
110000000000001110101100000000000000000000000001111001100000000000000000000000100000000000000000000000000000000011110011110000000001111110000000000111000000111000001000000000000011100011100000000000000000000000111100000000000000000000000100000000000000000000000000000000000000000000000000000000000000000000000000000000001111101111
111101111011101111001100100000011011101110011101111100100011111111110110000100111000111101110000000000011001111111110111100010000001111111111111110110111110111110011001011100101011111011111110000000001111000000111111111111110111110010111101111111111001111110111100011111111010100111111111000011011101000000000011110000001111111111
110000000000000000000000000000000000000000000001111001100000000000000000000000000000000000000000000000011000000011110011100010000001111101111000000110100000111000000001000000000011010011100000000000000000000000111100000000000000000000000100000000000000000000000000000000000000000000000000000000000000000000000000000000001111101111
110000000000000000000000000000000000000000000001111110100111011111100111000111111111011101111110101000011010000011110011100011110011111111111011100110111001111100011111011110101011010011111111011111001111111010111111111111110010000000111000000000000000000000000000000000000000000000000000000000000000111101110011110000001111111111
110000000000001110101100000000000000000000000001111001100000000000000000000000000000000000000000000000000000000011111011100010000001111110000000000111000000111001000000000000000011010011100000000000000000000000111100000000000000000000000100000000000000000000000000000000000000000000000000000000000000000000000000000000001111101111
110000000000000000000000000000000000000000000001111100100100000000000000000100000000000000000000000000011000000011110011100010000001100000000000000000011001111000010000000000000011100011100000000000000000000000111100000000000000000000111000000000000000000000000000000000000000000000000000000000000000000000000000000000001111101111
110000000000000000000000000000000000000000000001111001101000000000000000000000000000000000000000000000011000000011110011100010000001111110000000000110100000111010000000000000000011001011100000000000000000000000111100000000000000000000000100000000000000000000000000000000000000000000000000000000000000000000000000000000001111101111
111111111111111111111111111111111111111111111111111111111111111111111111111111111111111111111111111111111111111111111111111111111111111111111111101111111111111111111111111111111111111111111111111111111111111111111111111111111111111111111111111111111111111111111111011111111111111111111111111111111111111111111111111111111111111111
111111111111111111111111111111111111011111111111111111111111111111111111111111111111111111111111111111111111111111111111111111111111111111111111111111111111111111111111111111111111111111111111111111111111111111111111111111111111111111111111111111111111111111111011111111111111111111111111111111111111111111111111111111111111111111
110000000000001110011100000000000000000000000001111001100000000000000000000000000000000000000000000000000000000011110011100010000001100000000000000000011100111000000100000000000011010011100000000000000000000000111100000000000000000000000100000000000000000000000000000000000000000000000000000000000000000000000000000000001111101111
111111111111111111111111111111111111111111111111111111111111111111111111111111111111111111111111111111111111110111111111111111111011111111111111111111111111111111111111111111111111111111111111111111111111111111111111111111111111111111111111111111111111111111111111111111111111111111111111111111111111111111111111111111111111111111
110000000000000000000000000000000000000000000001111001100000000000000000000000000000000000000000000010011000000011110011100010000001100000000000000000011100111000010000000000000011001011100000000000000000000000111100000000000000000000000100000000000000000000000000000000000000000000000000000000000000000000000000000000001111101111
111111111111111111111111111111111111111111111111111110111111111111111111111111111111111111111111111111111111111111111011111111111111111111111111111111111111111111111111111111111111111111111111111111111111111111111111111111111111111111111111111111111111111111111111111111111111111111111111111111111111111111111111111111111111111111
110000000000000000000000000000000000000000000001111100100000000000000000000100000000000000000000000000011000000011111011100010000001100000000000000000011001111000000100000000000011000111100000000000000000000000111100000000000000000000111000000000000000000000000000000000000000000000000000000000000000000000000000000000001111101111
110000000000001110101100000000000000000000000001111001100000000000000000000000000000000000000000000000000000000011110011110000000001100000000000000000011001111000100000000000000011000111100000000000000000000000111100000000000000000000000100000000000000000000000000000000000000000000000000000000000000000000000000000000001111101111
111111111111111111111111111111111111111111111111111111111111111111111111111111111111111111111111111111111111111111111111111111111111111111111111111111111111111111111111111111111111111111111111111111111111111111111111111111111111110111111111111111111111111111111111111111111111111111111110111111111111111111111111111111111111111111
111111111111101111111111111111111111111111111111111111111111111111111111111111111111111111111111111111111111111111111111111111111111111111111111111111111111111111111111111111111111111111111111111111111110111111111111111111111111111111111111111111111111111111111111111111111111111111111111111111111111111111111111111111111111111111
111101111011111111111111101111111110001110011101111001111011011110000110100010011110011011111110001111111100000011111111111010000001100000000000000000011101111010001000111001001111101011111100111100111101000000111100000000000000000000111100111100100001111111111011100000000000000000000111111111010001000101110011111111101111101111
110000000000001110011100000000000000000000000001111001100000000000000000000000000000000000000000000000000000000011110011100010000001100000000000000000011010111000100000000000000011010011100000000000000000000000111100000000000000000000000100000000000000000000000000000000000000000000000000000000000000000000000000000000001111101111
110000000000001110101100000000000000000000000001111001100000000000000000000000000000000000000000000000000000000011110011100010000001100000000000000000011010111000001000000000000011100011100000000000000000000000111100000000000000000000000100000000000000000000000000000000000000000000000000000000000000000000000000000000001111101111
110000000000001111101110000000011111111101111001111010111100000000000000011110111110011110000000000000011111101011110011110001110111111111111111010111000000111110111110100000000011100011101100011101010000111001111111111111101101101100000100111000100001111111011100110000000000000000000110111111111100111101110011111100111111111111
111111111111111111111111111111111111111111111111111111111111111111111111111111111111111111111111111111111111111111111111111111111111111101111111111111111011111111111111111111111111111111111111111111111111111111111111111111111111111111111111111111111111111111111111111111111111111111111111111111111111111111111111111111111111111111
111111111111111111111111111111111111111111111011111111111111111111111111111111111111111111111111111111111111101111111111111111111111111111111111111111111111111111111111111111111111111111111111111111111111111111111111111111111111111111111111111111111111111111111111111111111111111111111111111111111111111111111111111111111111111111
111111111111111111111111111111111111111111111111111111111111111111111111111111111111111111111111111111111111111111111111111111111111111111111111111110111111111111111111111111111111111111111111111111111111111111111111111111111111111111111111111111111111111111011111111111111111111111111111111111111111111111111111111111111111111111
111111111111111111111111111111111111111111111111111111111111111111111111111110111111111111111111111111111111111111111111111111111111111111111111111111111111111111111111111101111111111111111111111111111111111111111111111111111111111111111111111111111111111111111111111111111111111111111111111111111111111111111111111111111111111111
110000000000001110101100000000011100011100111001111100111011011110101110000110011100011101101111010000011110000011111111111000000001111111111000000110111110111001101111011010111111001011111100011110011101111011111111111111111000000000111000111101100100111110111011011111011011111111111111110011101100111100000000001111101111101111
111111111011011111001111111111111110001111110011111101111111011111111001000110111000100000000000000010011111101111111011100011111111111101111100000111111010111100011010100000000011110111101100011101100000111100111111111111111110000000111101111110011101111111111100001111111101111111011000000011001010111000000000001110001111111111
111111111111111111111111111111111111111111111111111111101111111111111111111111111111111111111111111111111111111111111111111111111111111111111111111111111111111111111111111111111111111111111111111111111111111111111111111111111101111111111111111111111111111111111111111111111111111111111111111111111111111111111111111111111111111111
110000000000001110111110000000011001001110101001111001101111011111010000100110111100000001101111100000000000000011110011110001011011100000000000000000011010111111110110111110011011011011111100011111011110111100111111111110000001110110000111111111100111111111111100101111111010111110111111001111011101111111111100001100111111111111
111110000000001110111100000000011111001110111001111111110111111110111111011111011110111101111111101000011011111011111011100011001111100000000000000000011011111100111001000000000011111011111111011111011101111001111111110000000001111110111100111011111011111111111100101111111111111111011110001111100000111111111100001100101111101111
111111111011101111101111110000011101001101011101111011101011111110100010111111011000000001101110010011011110000011111011110000000001100000000000000000011010111101000101011010111011000111111100100000000000111111111111111110000001110000000101111001111110110000000000001111011100101110111111000011011000111101110000001110001111111111
111101111011111111101110000000011001000000011101111001101011111110011010010100111111111010000000000011011111101111110111111101010011111101111011010111111001111101101010111011000111011011111110011110110000111111111111111111111011111111000110111000001000111111111111011111011011100111111000000011110001111000000000001110001111101111
110000000000001110011100000000000000000000000001111001100000000000000000000000000000000000000000000000000000000011110011100010000001100000000000000000011010111000010000000000000011100011100000000000000000000000111100000000000000000000000100000000000000000000000000000000000000000000000000000000000000000000000000000000001111101111
111111111111111111111111111111111111111111111111111111111111111111111111111111111111011111111111111111111111111111111111111111111111111111111111111111111111111111111111111111111111111111111111111111111111111111111111111111111111111111111111111111111111111111111111111111111111111111111111111111111111111111111111111111111111111111
110000000000000000000000000000000000000000000001111010100000000000000000000110000000000000000000000000011000000011110011100010000001111101111000000111000000111000001000000000000011100011100000000000000000000000111111110000000001100001000000000000000000000000000000000000000000000000000000000000000000000000000000000000001111101111
111101110111011111101111101111111001100000001001111100100111100000000000000100111111111101111111001011011001101111111011111111110011111111111111100111011001111100000110111010111111110011101110011101010000000000111111111111110101110001111000111000010010111111111100011111111001100111001110110011101001000001111100000000001111101111
110000000000001110101100000000000000000000000001111001100000000000000000000000000000000000000000000000000000000011110011100010000001100000000000000000011001111000010000000000000011010011100000000000000000000000111100000000000000000000000100000000000000000000000000000000000000000000000000000000000000000000000000000000001111101111
111101111011110000000000000000000000000000000001111111110111111111100011111110011000100001111110001111011000000011111011100010000001111110000000000110100000111011010111000000000011011011110000000000000000111110111111111111101101110011111111111010000100111110111011011111111001111111011000000011011100000000000000001101111111101111
111111111111111111111111111111111111111111111111111111111111111111111111111111111111111111111111110111111111111111111111111111111111111111111111111111111111111111111111111111111111111111111111111111011111111111111111111111111111111111111111111111111111111111111111111111111111111111111111111111111111111111111111111111111111111111
111110000000001110011111000000000000010000010101111010100011111110000010111111011100100001111000000011111001101011110111100010000001111101111011111110111100111110101100111100001111000111111111011100101110000000111111111111111111100100000101111000010000111110111100010000000000000000000111111111001110111100000000001100101111111111
110000000000001110011100000000000000000000000001111001100000000000000000000000000000000000000000000000000000000011110011100010000001111110000000000111000000111001000000000000000011000111100000000000000000000000111100000000000000000000000100000000000000000000000000000000000000000000000000000000000000000000000000000000001111101111
111111111111111111111111111111111111111101111111111111111111111111111111111111111111111111111111111111111111111111111111111111111111111111111111111111111111111111111111111111111111111111111111111111111111111111111111111111111111111111111111111111111111111111111111111111011111111111111111111111111111111111111111111111111111111111
111111111111111111111111111111111111111111111111111111111111111111111111111111111111111111111111111111111111111111111111111111111111111111111111111111111111111011111111111111111111111111111111111111111111111111111111111111111111111111111111111111111111111111111111111111111111111111111111111111111111111111111111111111101111111111
110000000000001110101100000000000000000000000001111001100000000000000000000000000000000000000000000000000000000011110011100010000001100000000000000000011010111000000100000000000011001011100000000000000000000000111100000000000000000000000100000000000000000000000000000000000000000000000000000000000000000000000000000000001111101111
111111110111111111011110101111011110101110110101111001100111011111110001100100111100000001111110110011111110000011111011100010000001100000000000000000011001111110110010011001011011000111111111100000001101111010111111111111101001110000000101111001110010110000000000001111011110100110101111110011011111111111110011110000001111111111
110000000000000000000000000000000000000000000001111001100000000000000000000100000000000000000000000000011000000011110011100010000001111110000000000111000000111000001000000000000011001011100000000000000000000000111100000000000000000000000100000000000000000000000000000000000000000000000000000000000000000000000000000000001111101111
110000000000001111101110101111011101000000010001111001110000000000000000010100100000011111101110000111111100000011110111100010000001111111111011011111000000111000011111100000000011000111101100111110111110111111111100000000000000000000111100111010111011111110111100010000000000000000000110110011110001111111111100000000001111101111
110000000000001110101100000000000000000000000001111100100000000000000000000100000000000000000000000000000000000011110011100010000001100000000000000000011001111000000010000000000011100011100000000000000000000000111100000000000000000000111000000000000000000000000000000000000000000000000000000000000000000000000000000000001111101111
111101111111101111101100100000011010111101111111111010100111011111100110110110111110111101101111111010111101101111111111111111101111111110000000000111111101111011100001011000000111011111111110011111110000111101111111111110000001110011000110111111110010111111111011011111011111101111011110110011101010111111111111111100111111101111
111111111111111111111111111111111111111111111111111111111111111111111111011111111111111111111111111111111111111111111111111111111111111111111111111111111111111111111111111111111111111111111111111111111111111101111111111111111111111111111111111111111111111111111111111111111111111111111111111111111111111111111111111111111111111111
111101110111011111111110000000011001001110001111111001101111100000000000011010011110000001101110100110111001110111111111100010000001111111111011011111011100111011111001100000000011110011100000000000000000111011111100000000000000000000111100111110000100111111011100111111011001101111001110001111010000000111111111111110101111111111
111111111111111111111111111111011111111111111111111111111111111111111111111111111111111111111111111111111111110111111111111111111111111111111111111111111111111111111111111111111111111111111111111111111111111111111111111111111111111111111111111111111111111111111111111111111111111111111111111111111111111111111111111111111111111111
111111111111111111111111111111111111111111011111111111111111111111111111111111111111111111111111110111111111111111111111111111111111111111111111111111111111111111111111111111111111111111111111111111111111111111111111111111111111111111111111111111111111111111111111111111111111111111111111111111111111111111111111111111111111111111
111111111111111111111111111111111111111111111111111111111111111111111111111111111111111111111111111111111111111111111111111111101111111111111111111111111111111111111111111111111111111111111111111101111111111111111111111111111111111111111111111111111111111111111111111111111111111111111111111111111111111111111111111111111111111111
111111111111111111111111111111111111111111111111111111111111111111111111111111111111111111111111111111111111111111111111111111111011111111111111111111111111111111111111111111111111111111111111111111111111111111111111111111111111111111111111111111111111111111111111111111111111111111111111111111111111111111111111111111111111111111
111111111111111111111111111111111111111111111111111111111111111111111111111111111111111111111111111111111111111011111111111111111111111111111111111111111111111111111111111111111111111111111111011111111111111111111111111111111111111111111111111111111111111111111111111111111111111111111111111111111111111111111111111111111111111111
110000000000001110011100000000000000000000000001111001100000000000000000000000000000000000000000000000000000000011110011100010000001111110000000000110100000111000001000000000000011000111100000000000000000000000111100000000000000000000000100000000000000000000000000000000000000000000000000000000000000000000000000000000001111101111
110000000000000000000000000000000000000000000001111001100000000000000000000000000000000000000000000000011000000011110011100010000001111110000000000110100000111000100000000000000011000111100000000000000000000000111100000000000000000000000100000000000000000000000000000000000000000000000000000000000000000000000000000000001111101111
111111111111111111111111111111111111111111111111111111111111111111111111111111111111111111111111111111111111111111111111111111111111111111111111111111111111111111111111111111111111111111111111111111111111111111111111111111111111111111111111111111101111111111011111111111111111111111111111111111111111111111111111111111111111111111
110000000000001111111111111111111101110000011001111100110111011110011101011110100000111111101111101010011001100111111011110001101111100000000000000000011111111111000101111100001011100011101111100000001101111101111111111111101100000000111110111011100001111111111100000000000000000000000110001111001000000001111111111110101111111111
111111111111111111111111111111111111111111111111111111111111111111111111111111111111111111111111111111111101111111111111111111111111111111111111111111111111111111111111111111111111111011111111111111111111111111111111111111111111111111111111111111111111111111111111111111111111111111111111111111111111111111111111111111111111111111
111111110111010000000000000000000000000000000001111001101011111110110001111011011101000000000000000011111000000011110011100011001011111111111000000111111010111111000111011000010011001011111100100000001111111010111111111111111001100111000111111011010111111111011011101111011111100111111111110011101111000110000000001110101111101111
111111111111111111111111111111111111111111111111111111111111111111111111111111111111111111111111111111111111111111111111111111111111111111111111111111111111111111111111111111111111111111111111111111111111111111111111111111111111111111111111111111111111111111111111111111111111111111111111001111111111111111111111111111111111111111
110000000000000000000000000000000000000000000001111001100000000000000000000100000000000000000000000000011000000011110011100010000001100000000000000000011100111001000000000000000011100011100000000000000000000000111100000000000000000000000100000000000000000000000000000000000000000000000000000000000000000000000000000000001111101111
111111111111111111111111111111111111111111111111111111111111111111111111111111111111111111111111111111111111111111111111111111111111111111111111111111111111111111111111111111111111111111111111111111111111111011111111111111111111111111111111111111111111111111111111111111111111111111111111111111111111111111111111111111011111111111
111111111011111111111111111111111111111111111111111111111111011111111111111111111111111111111111111111111111111111111111111111111111111111111111111111111111111111111111111111111111111111111111111111111111111111111111111111111111111111111111111111111111111111111111111111111111111111111111111111111111111111111111111111111111111111
111111111111111111111111111111111111111111111111111111111111111111111101111111111111111111111111111111111111111111111111111111111111111111111111111111111111111111111110111111111111111111111111111111111111111111111111111111111111111111111111111111111111111111111111111111111111111111111111111111111111111111111111111111111111111111
~~~
0.0 175.0 90.0 288.0 1569.0
0.0 2.0 179.0 619.0 3299.0
0.0 2.0 177.0 626.0 3303.0
0.0 116.0 121.0 396.0 2134.0
0.0 2.0 178.0 623.0 3301.0
0.0 165.0 100.0 272.0 1631.0
0.0 158.0 92.0 329.0 1694.0
0.0 2.0 177.0 626.0 3296.0
0.0 2.0 178.0 624.0 3302.0
0.0 2.0 178.0 625.0 3297.0
0.0 282.0 26.0 101.0 475.0
0.0 162.0 90.0 319.0 1700.0
0.0 280.0 27.0 106.0 498.0
0.0 115.0 117.0 392.0 2165.0
0.0 2.0 178.0 617.0 3300.0
0.0 2.0 177.0 626.0 3307.0
0.0 2.0 178.0 622.0 3298.0
0.0 138.0 107.0 357.0 1904.0
0.0 281.0 26.0 98.0 495.0
0.0 282.0 25.0 105.0 479.0
0.0 140.0 98.0 386.0 1917.0
0.0 116.0 120.0 414.0 2148.0
0.0 2.0 178.0 620.0 3304.0
0.0 2.0 177.0 626.0 3306.0
0.0 148.0 101.0 354.0 1839.0
0.0 282.0 24.0 103.0 483.0
0.0 2.0 178.0 625.0 3304.0
0.0 138.0 106.0 355.0 1910.0
0.0 189.0 79.0 248.0 1441.0
0.0 162.0 94.0 288.0 1708.0
0.0 275.0 28.0 118.0 551.0
0.0 280.0 28.0 104.0 502.0
0.0 278.0 27.0 113.0 512.0
0.0 113.0 126.0 374.0 2210.0
0.0 2.0 178.0 622.0 3303.0
0.0 141.0 104.0 374.0 1917.0
0.0 2.0 179.0 615.0 3297.0
0.0 2.0 178.0 618.0 3307.0
0.0 2.0 177.0 626.0 3304.0
0.0 278.0 25.0 110.0 501.0
0.0 163.0 93.0 299.0 1674.0
0.0 102.0 126.0 421.0 2261.0
0.0 2.0 177.0 626.0 3302.0
0.0 2.0 177.0 626.0 3312.0
0.0 272.0 29.0 126.0 569.0
0.0 278.0 25.0 114.0 519.0
0.0 279.0 26.0 110.0 503.0
0.0 275.0 27.0 122.0 539.0
0.0 2.0 178.0 618.0 3300.0
0.0 279.0 28.0 106.0 506.0
0.0 157.0 101.0 307.0 1714.0
0.0 278.0 26.0 108.0 513.0
0.0 2.0 179.0 615.0 3300.0
0.0 271.0 33.0 113.0 577.0
0.0 279.0 26.0 114.0 497.0
0.0 164.0 104.0 263.0 1703.0
0.0 279.0 27.0 111.0 503.0
0.0 278.0 28.0 109.0 507.0
0.0 280.0 26.0 113.0 492.0
0.0 136.0 99.0 410.0 1978.0
0.0 99.0 121.0 460.0 2316.0
0.0 149.0 100.0 341.0 1808.0
0.0 140.0 106.0 372.0 1898.0
0.0 279.0 28.0 106.0 506.0
0.0 2.0 177.0 626.0 3304.0
0.0 156.0 94.0 329.0 1747.0
0.0 2.0 178.0 623.0 3301.0
0.0 280.0 26.0 106.0 509.0
0.0 2.0 178.0 622.0 3303.0
0.0 282.0 25.0 104.0 471.0
0.0 2.0 178.0 622.0 3302.0
0.0 2.0 177.0 626.0 3297.0
0.0 115.0 119.0 407.0 2119.0
0.0 275.0 26.0 117.0 544.0
0.0 2.0 178.0 623.0 3301.0
0.0 145.0 108.0 341.0 1829.0
0.0 282.0 26.0 100.0 477.0
0.0 2.0 177.0 626.0 3308.0
0.0 2.0 178.0 624.0 3306.0
0.0 2.0 177.0 626.0 3302.0
0.0 2.0 177.0 626.0 3304.0
0.0 2.0 177.0 626.0 3301.0
0.0 147.0 101.0 315.0 1860.0
0.0 279.0 26.0 113.0 499.0
0.0 2.0 178.0 617.0 3304.0
0.0 149.0 98.0 347.0 1839.0
0.0 2.0 178.0 618.0 3293.0
0.0 274.0 29.0 123.0 560.0
0.0 128.0 110.0 380.0 2046.0
0.0 274.0 28.0 116.0 543.0
0.0 122.0 109.0 421.0 2085.0
0.0 276.0 27.0 119.0 538.0
0.0 177.0 86.0 320.0 1539.0
0.0 274.0 28.0 117.0 562.0
0.0 279.0 28.0 106.0 515.0
0.0 278.0 26.0 113.0 517.0
0.0 2.0 178.0 625.0 3303.0
0.0 2.0 178.0 619.0 3309.0
0.0 279.0 25.0 118.0 505.0
0.0 2.0 178.0 624.0 3301.0
0.0 282.0 26.0 101.0 480.0
0.0 2.0 178.0 626.0 3302.0
0.0 279.0 28.0 108.0 509.0
0.0 279.0 27.0 106.0 507.0
0.0 2.0 177.0 626.0 3304.0
0.0 2.0 178.0 618.0 3299.0
0.0 146.0 105.0 365.0 1930.0
0.0 279.0 25.0 111.0 517.0
0.0 279.0 27.0 108.0 510.0
0.0 147.0 97.0 335.0 1797.0
0.0 2.0 179.0 617.0 3309.0
0.0 2.0 177.0 626.0 3302.0
0.0 2.0 179.0 617.0 3308.0
0.0 2.0 177.0 626.0 3303.0
0.0 129.0 107.0 399.0 2062.0
0.0 119.0 111.0 399.0 2160.0
0.0 2.0 178.0 625.0 3299.0
0.0 134.0 106.0 366.0 1990.0
0.0 116.0 119.0 395.0 2150.0
0.0 149.0 102.0 308.0 1871.0
0.0 118.0 116.0 367.0 2079.0
0.0 279.0 26.0 111.0 513.0
0.0 1.0 178.0 626.0 3313.0
0.0 268.0 35.0 113.0 601.0
0.0 123.0 112.0 393.0 2034.0
0.0 279.0 28.0 106.0 516.0
0.0 160.0 97.0 296.0 1731.0
0.0 2.0 179.0 616.0 3304.0
0.0 152.0 93.0 372.0 1804.0
0.0 275.0 26.0 120.0 541.0
0.0 2.0 178.0 621.0 3298.0
0.0 2.0 178.0 622.0 3309.0
0.0 279.0 26.0 112.0 510.0
0.0 134.0 111.0 361.0 2027.0
0.0 278.0 27.0 104.0 508.0
0.0 170.0 88.0 317.0 1598.0
0.0 276.0 30.0 114.0 532.0
0.0 92.0 132.0 431.0 2385.0
0.0 2.0 178.0 619.0 3299.0
0.0 146.0 95.0 338.0 1845.0
0.0 2.0 178.0 617.0 3301.0
0.0 2.0 179.0 616.0 3303.0
0.0 2.0 178.0 621.0 3312.0
0.0 1.0 179.0 624.0 3309.0
0.0 2.0 179.0 613.0 3296.0
0.0 275.0 27.0 123.0 544.0
0.0 279.0 25.0 110.0 511.0
0.0 2.0 179.0 619.0 3306.0
0.0 141.0 99.0 397.0 1926.0
0.0 2.0 178.0 622.0 3309.0
0.0 143.0 99.0 366.0 1877.0
0.0 2.0 179.0 614.0 3302.0
0.0 282.0 25.0 104.0 474.0
0.0 2.0 178.0 621.0 3309.0
0.0 2.0 179.0 622.0 3307.0
0.0 2.0 178.0 623.0 3302.0
~~~
14.5860388279
