110000000000000000000000000000000000000000000001111001100000000000000000000000000000000000000000000000011000000011110011100010000001100000000000000000011010111000000010100000000011100011100000000000000000000000111100000000000000000000000100000000000000000000000000000000000000000000000000000000000000000000000000000000001111101111
110000000000001110101100000000000000000000000001111100100000000000000000000100000000000000000000000000000000000011110011110000000001100000000000000000011100111001000000000000000011001011100000000000000000000000111100000000000000000000111000000000000000000000000000000000000000000000000000000000000000000000000000000000001111101111
110000000000001110101100000000000000000000000001111010100000000000000000000110000000000000000000000000000000000011110011110000000001100000000000000000011001111010000000000000000011100011100000000000000000000000111111111110000000000000000000000000000000000000000000000000000000000000000000000000000000000000000000000000001111101111
111111111111111111111111111111111111111111111111111111111111111111111111111111111111111111111111111111111111111111111111111111011111111111111111111111111111111111111111111111111111111111111111111111111111111101111111111111111111111111111111111111111111111111111111111111111111111111111111111111111111111111111111111111111111111111
110000000000000000000000000000000000000000000001111001100000000000000000000000000000000000000000000000011000000011110011100010000001100000000000000000011010111000010000000000000011001011100000000000000000000000111100000000000000000000000100000000000000000000000000000000000000000000000000000000000000000100000000000000001111101111
111111111111111111111111111111111111111111111111111111111111111111111111111111111111111111111111111111111111111111111111111111111111111111111111111111111111111110111111111111111111111111111111111111111111111101111111111111111111111111111111111111111111111111111111111111111111111111111111111111111111111111111111111111111111111111
110000000000001111001110001111111111101111010001111001111011011111010101111001111110000001101110101100011000000011110011100010000001100000000000000000011010111100111010011111001011001011110000000000000000111001111100000000000000000000111101111101011011110000000000000000000000000000000111110011001101111111111111110000001111111111
111101111011101110101111000000011000111100111111111001111111100000000000010111100000011011101111100110111101110011110111111011100011111101111111110111111010111011101011011001110011010111101111111101110000111110111111111111100101110110000110111000001011111111011111000000000000000000000111000011001010111111111111110000001111111111
111111111111111111111111111111111111111110111111111111111111111111111111111111111111111111111111111111111111111111111111111111111111111111111111111111111111111111111111111111111111111111111111111111111111111111111111111111111111111111111111111111111111111111111111111111111111111111111111111111111111111111111111111111011111111111
111111111011010000000000000000000000000000000001111010101011011110111011010110011110100000000000000000011000000011110011100011000011111110000000000110100000111101111101000000000011100011111110011101101111111110111111110000000001100111000101111001110111111111011100011111111110101110111000000011101100111101111100001100011111111111
111111111111111111111111111111111111111111111111111111111111111111111111110111111111111111111111101111111111111111111111111111111111111111111111111111111111111111111111111111111111111111111111111111111111111111111111111111111111111111111111111111111111111111111111111111111111111111111111111111111111111111111111111111111111111111
110000000000000000000000000000000000000000000001111100100000000000000000000100000000000000000000000000011000000011110011100010000001100000000000000000011010111000010000000000000011100011110000000000000000000000111100000000000000000000111000000000000000000000000000000000000000000000000000000000000000000000000000000000001111101111
110000000000001110111110111111111110101111101011111001110011011110110100010011011000011100000000000000011111111111110111110001001111111111111000000110111110111001100011111010111111101011111100111111000000111110111111110000000001101011111110000000000000000000000000000000000000000000000000000000000000111101111100001100111111101111
110000000000001111001100000000000000000000001001111001100000000000000000000000000000000000000000000000000000000011110011100010000001100000000000000000011010111000000100000000000011001011100000000000000000000000111100000000000000000000000100000000000000000000000000000000000000000000000000000000000000000000000000000000001111101111
110000000000000000000000000000000000000000000001111001100111111110110101011001111110011111111110101010111010000011110011100011111111111101111011101111111110111000000100111000010111011111101100111111100000000000111111110000000001100110111111111010100001111111111100111111111011111111011110001111001011111111111100001110101111111111
110000000000001111001100000000000000000000000001111001100000000000000000000000000000000000000000000000000000000011110011100010000001111110000000000110100000111100000000000000000011100011100000000000000000000000111100000000000000000000000100000000000000000000000000000000000000000000000000000000000000000000000000000000001111101111
111111111111111111111111111111111111111111111111111111111111111111111111111111111111111111111111111111111111111111111111111111111111111111111111111111111111111111111111111111111111111111111111111111111111111111111111111111111111111111111111111111110111111110111111111111111111111111111111111111111111111111111111111111111111111111
111111111111111111111111111111111111111111111111111111111111111111111111111111111111111111111111111111111111111111111111111111111111111111111111111111111111111111110111111111111111111111111111111111111111111111111111111111111111111111111111111111111111111111111111111111111111111111111111111111111110111111111111111111111111111111
110000000000000000000000000000000000000000000001111010100000000000000000000110000000000000000000000000011000000011110011100010000001111110000000000111000000111000001000000000000011000111100000000000000000000000111111110000000001100010000000000000000000000000000000000000000000000000000000000000000000000000000000000000001111101111
110000000000001111011111000000000000011100110001111001110000000000000000011010111100011011111110001111011011111111110011100011111011111101111011011111011100111011110111011001101111111011111100000000001101111111111111111111110110000000000110111010000111111111011100111111011111101111111111111111101110000000000000001110011111101111
111110000000001111111100001111111010111101110011111011101011011000000001000110011101100001100000000011111011110011110011110001010111111111111111100111011101111000100101111111001011010111111111111110101111111101111111111111110110000000111100111000001111111111111100001111111110111110101110110011011110111001111100000000001111111111
111111111111111111111111111111111111111111111111111111111111111111111111111111111111111111111111111111111111111111111111111111111111111111111111111111111111111111111111111111111111111111111111111111111111111111111111111111111111111111111111111111111111111111111111101111111111111111111111111111111110111111111111111111111111111111
110000000000001110011100000000000000000000000001111010100000000000000000000110000000000000000000000000000000000011110011100010000001100000000000000000011100111000100000000000000011000111100000000000000000000000111111110000000001101000000000000000000000000000000000000000000000000000000000000000000000000000000000000000001111101111
111101111011111111011110110000011101111110010101111010111000000000000000010111011000011100000000000011111001111111110111100011010111111111111111100111011111111100111111011110000111010011101111000000001110000000111111111111101000000000000111111011000001110000000000000000000000000000000110001111001011000101110000001101101111111111
111101111011011111101110001111011101110000001101111001111111100000000000011111011110000000000000000011111010000011111011111010000001100000000000000000011111111010110101100000000011001011111100111110100000000000111111110000000001100010000111000000000000000000000000000000000000000000000000000000000000111111110000001100111111101111
111111111111011111111111111111111111111111011111111111111111111111111111111111111111111111111111111111111111111111111111111111111111111111111111111111111111111111111111111111111111111111111111111111111111111111111111111111111111111111111111111111111111111111111111111111111111111111111111111111111111111111111111111111111111111111
111101111111111111111111111111111111111111111111111111111111111111111111111111111111111111111111111111111111111111111111111111111111111111111111111111111111111111111111111111111111111111111111111111111111111111111111111111111111111111111111111111111111111111111111111111111111111111101111111111111111111111111111111111111111111111
111111111011010000000000000000000000000000000001111010100111011000000000100110000000011011101110000111111000000011110011100011100111111101111100000111011010111111111111111111011011010011111111011101010000000000111111110000000001110100000101111000100011111111011011001111111110110111111110110011111100111001111111110000001111111111
110000000000000000000000000000000000000000000001111001100000000000000000000000000000000000000000000000011000000011110011100010000001111110000000000110100000111100000000000000000011100011100000000000000000000000111100000000000000000000000100000000000000000000000000000000000000000000000000000000000000000000000000000000001111101111
110000000000000000000000000000000000000000000001111001100000000000000000000000000000000000000000000000011000000011111011100010000001100000000000000000011100111001000000000000000011010011100000000000000000000000111100000000000000000000000100000000000000000000000000000000000000000000000000000000000000000000000000000000001111101111
111111111111111111111111111111111111111111111111111111111111111111111111111111111111111111111111111111111111111111111111111111111111111111111111111111111111111111111111111111111111111111111111111111111111111111111111111111111111110111111111111111111110111111111111111111111111111111111111111111111111111111111111111111111111111111
111111110111111111111111111111111111111111101111111111111111111111111111111111111111111111111111111111111111111111111111111111111111111111111111111111111111111111111111111111111111111111111111111111111111111111111111111111111111111111111111111111111111111111111111111111111111111111111111111111111111111111111111111111111111111111
111101110111111110101111101111011001111100111001111001111100000000000000000001100000011011100000000010111111110011110011111001010011111101111011111111011001111000011000111011110111011111101100111110111101000000111111111111110001110011000111111010111010110000000000001111111011110111011111000011101101111111110011111100111111101111
111101110111111110101111110000011001011100111001111001111011100000000000010011111101011101111000000010011001110111110011100010000001111111111011010110111010111101010101000000000011111011111111000000000000111101111100000000000000000000111100111110000101110000000000001111011111101111111111001111100001111100000011110000001111111111
110000000000000000000000000000000000000000000001111100100000000000000000000100000000000000000000000000011000000011110011100010000001100000000000000000011100111000010000000000000011001011100000000000000000000000111100000000000000000000111100000000000000000000000000000000000000000000000000000000000000000000000000000000001111101111
111111111111111111111111111111111111111111111111111111111111111111111111111111111111111111111111111111111111111111111111111111111111111111111111111111111111111111111111111111111111111111111111111111111111111111111111111111111111111111111111111111111111111111111111111111111111111111011111111111111111111111111111111111101111111111
111111111111111111111111111111111111111111111111111110111111111111111111111111111111111111111111111111111111111111111111111111111111111111111111111111111111111111111111111111111111111111111111111111111111111111111111111111111111111111111111111111111111111111111111111111111111111111111111111111011111111111111111111111111111111111
111111111111111111111111111111111111111111111111111111111111111111111111111111111111111111111111111111111111111111111111111111111111111111111111111111111111111111111111111111111111111111111111111111111111111111111111111111111011111011111111111111111111111111111111111111111111111111111111111111111111111111111111111111111111111111
110000000000001111111111100000011000111101001101111001111000000000000000000101100000111011101110001000011011111111110111111000000001100000000000000000011111111111100111111011111111111111111111011101011101111101111100000000000000000000000101111001101011111110111111001111011110100111001111001111101001111101111111111100111111101111
111101111111111111111111001111000000001101001001111100110011111111100100011100011110111111110000000000011001101011111111100010000001111101111111010111011100111011011100111010100011100011101100111110110000111001111111111111110101101100111000111010101011111111011100101111011010111111011111111111011101111000000000001101011111111111
111101111011111110011110111111011110111101101011111001100011011111101100100010011101111011111111110110011011110011110111100011010111100000000000000000011100111011110100111011011111110011111110011100100000111010111111111111110111100011000110111100011000111110111011101111011011111111101110110011100001111000000000000000001111101111
111111111111111111111111101111111111111111011111111111111111111111111111111111111111111111111111111111111111111111111111111111111111111111111111111111111111111111111111111111111111111111111111111111111111111111111111111111111111111111111111111111111111111111111111111111111111111111111111111111111111111111111111111111111111111111
111111111111111111111111111111111111111111011111111111111111111111111111111111111111111111111111111111111101111111111111111111111111111111111111111111111111111111111111111111111111111111111111111111111111111111111111111111111111111111111111111111111111111111111111111111111111111111111111111111111111111111111111111111111111111111
110000000000000000000000000000000000000000000001111001100000000000000000000000000000000000000000000000011000000011111011100010000001100000000000000000011001111001000000000000000011001011100000000000000000000000111100000000000000000000000100000000000000000000000000000000000000000000000000000000000000000000000000000000001111101111
110000000000000000000000000000000000000000000001111001100000000000000000000100000000000000000000000000011000000011110011100010000001111110000000000110100000111000000001000000000011000111100000000000000000000000111100000000000000000000000100000000000000000000000000000000000000000000000000000000000000000000000000000000001111101111
111111111111111111111111111111111111111111111111111111111111111111111111111111111111111111111111111111111111111111111111111111111111111101111111111111111111111111111111111111111111111111111111111111111111111111111111111111111111111111111111111111111111111111111111111111111111111111111110111111111111111111111111111111111111111111
110000000000000000000000000000000000000000000001111001100000000000000000000000000000000000000000000000011000000011110011100010000001100000000000000000011100111000001000000000000011001011100000000000000000000000111100000000000000000000000100000000000000000000000000000000000000000000000000000000000000000000000000000000001111101111
111110000000001111111100111111111110110000010111111001100111100000000000011101000000100001101111010110000000000011111111110001000011111111111100000111011110111110010111111011011011110011111100111111001101111100111111111110000000000000111101000000000000000000000000000000000000000000000000000000000000111101110000000000001111111111
111111110111111110011110101111011100010000001001111001100111111110110001100101100000011110000000000010111111111111110111100010000001111110000000000111000000111100001100100000000011101111111100100000001110111111111100000000000000000000000100111000001111111110111011001111111110111111111110001111100000000110000011111101111111111111
111110000000001110101111000000011111110000011101111100100111111000000001111101000000111111100000000011100000000011110111110001010111111110000000000110111010111001111001011000101111100111100000000000000000111110111111110000000001110100111111111001010111111110111100001111011101110110111110110011011101000110000011111110111111111111
110000000000001110101100000000000000000000010001111001100000000000000000000000000000000000000000000000000000000011110011110000000001100000000000000000011010111100000000000000000011100011100000000000000000000000111100000000000000000000000100000000000000000000000000000000000000000000000000000000000000000000000000000000001111101111
111101110111111110111111101111111001100000011111111011100011100000000000010110111110000001101111101010111110000011110011100011101111111110000000000111011100111101101101000000000011101011101111011111101110111101111111111111111101100110111101111010000010111111111011111111111001111111001111000011100001111001111111111110101111101111
111111111111111111111111111111111111111111111111111111111111111111111111111111111111111111111111111111111111111111111111111111111111111111111111111111111111111111111111111111111111111111111111111111111111111111111111111111111111101111111111111011111111111111111111111111111111111111111111111111111111111111111111111111111111111111
111101110111011111111100111111000000010000011001111001111100000000000000011001000000100000000000000010011101101011111111100010000001111110000000000111111011111011011111000000000011100111101111011100101111000000111100000000000000000000111111111000111000111110111111001111011001111110111110111111010001000111111111110000001111111111
111111111111111111111111111111111111111111111111111111111111111111111111111111111111111011111111111111111111111111111111111111111111111111111111111111111111111101111111111111111111111111111111111111111111111111111111111111111111111111111111111111111111111111111111111111111111111111111111111111111111111111111111111111111111111111
111111111111111111111111111111111111111111111111111111111111111111111110111111111111111011111111111111111111111111111111111111111111111111111111111111111111111111111111111111111111111111111111111111111111111111111111111111111111111111111111111111111111111111111111111111111111111111111111111111111111111111111111111111111111111111
110000000000000000000000000000000000000000000001111100100000000000000000000100000000000000000000000000011000000011111011100010000001100000000000000000011010111000000100000000000011010011100000000000000000000000111100000000000000000000111000000000000000000000000000000000000000000000000000000000000000000000000000000000001111101111
111101110111011111101110101111100000001110010111111111100111111111011100000110011100011111101110110010011010000011111111100011111111111101111111011110111001111111001100100000000011100111110000000000000000111110111111111111101111101111111100111000110111111111011111001111011010101111111110110011111101111110000000001110111111101111
111111111111111111111111111111111111111110111111111111111111111111111111111111111111111111111111111011111111111111111111111111111111111111111111111111111111111111111111111111111111111111111111111111111111111111111111111111111111111111111111111111111111111111111111111111111111111111111111111111111111111111111111111111111111111111
110000000000000000000000000000000000000000000001111101111000000000000000011101111111000000000000000010011000000011111011100011101011111110000000000111000000111111101001000000000011111111101111011111010000111101111111110000000001111011111101111011011000110000000000001111111100110110111111110011110000000111110011111100011111101111
110000000000001111101100000000011101011111000001111001100111111111100001000100000000011111101110001110111011110011111011110011111011111111111011101110111011111100000111111011010111001111110000000000000000111100111111111111111111111110000111111011111000111111011011100000000000000000000000000011001101000001111100001110111111111111
110000000000000000000000000000000000000000000001111001100111011111110111010010000000111101101110001111011000000011110011100010000001111101111111110110111100111010111000011010111111110111101100111111101111111010111100000000000000000000000111000000000000000000000000000000000000000000000000000000000000000001110011111110111111101111
111101111111111111111111111111111111111111111111111111111111111111111111111111111111111101111111111111111111111111111111111111111111111111111111111111111111111111111111111111111111111111111111111111111111111111111111111111111111111111111111111111111111111111111111111111111111111111111111111111111111111111111111111111111111111111
111111111111111111111111111111111111111111111111111111111111111111111111111111111111111111111111111111111111111111111111111111111111111111111111111111111111111111111111111111111111111111111111111111111111111111111111111111111111101111111111111111111111111111111111111111111111111111111111111111111111111111111111111111011111111111
110000000000000000000000000000000000000000000001111010100000000000000000000110000000000000000000000000011000000011110011100010000001100000000000000000011001111000000001000000000011001011100000000000000000000000111111110000000001100010000000000000000000000000000000000000000000000000000000000000000000000000000000000000001111101111
111101111111010000000000000000000000000000000001111001110011111111110010111011011101111101101000000000011000000011111111100011010111111111111011111110111010111111111110111101000011111011111100111111101111111001111111111111101001111110000111111001001000111111111011011111011100111110101110110011001000111101111111111100111111101111
111111111111111111111111111111111111111111111111111111111111111111110111111111111111111111111111111111111111101111111111111111111111111111111111111111111111111111111111111111111111111111111111111111111111111111111111111111111111111111111111111111111111111111111111111111111111111111111111111111111111111111111111111111111111111111
111110000000001110101111001111011110101101011111111001110011011111100001111100011000000001111111100110011001110011110111111011100011111110000000000110111111111000011110111011010111001011111110011110010000111010111111111111110101110110000100111100001001110000000000001111111111100111101000000011111111000001111100001101001111111111
111111111111111111111111111111111111111111111111111111111111111111111111111111111111111111111111111111111101111111111111111111111111111111111111111111111111111111111111111111111111111111111111111111111111111111111111111111111111111111111111111111111111111111111111111111011111111111111111111111111111111111111111111111111111111111
111111111111111111111111111111111111111111111111111111111111111111111111111111111111111111111111111111111111111111111111111111111111111111111111110111111111111111111111111111111111011111111111111111111111111111111111111111111111111111111111111111111111111111111111111111111111111111111111111111111111111111111111111111111111111111
111101111111111111101111110000000000001110001001111100110111011000000000100101100000011100000000000010111111110011111011111010000001100000000000000000011001111011111110111000100111101111110000000000000000000000111100000000000000000000111110111101001010111110111011001111011100110110101111111111110000000111110011111110101111101111
111111111111111111111111111111111111011111111111111111111111111111111111111111111111111111111111111111111111111111111111111111111111111111111111111111111111111111111111111111111111011111111111111111111111111111111111111111111111111111111111111111111111111111111111111111111111111111111111111111111111111111111111111111111111111111
111111111111111111111111111111111111111111111111111111111111011111111111111111111111111111111111111111111111111111111111111111111111111111111111111111111111111111110111111111111111111111111111111111111111111111111111111111111111111111111111111111111111111111111111111111111111111111111111111111111111111111111111111111111111111111
111111111111111111111111111111111111111111111111111111111111111111111110111111111111111111111111111111111111111111111111111111111111111111111111111111111101111111111111111111111111111111111111111111111111111111111111111111111111111111111111111111111111111111111111111111111111111111111111111111111111111111111111111111111111111111
111111111111111111111111111111111111111111111111111111111111111111111111111111111111111111111111111111111111111111111111111111111111111111111111111111111111111111111111111111111111111111111111111111111111111111111111111111111111111111111111111111111111111111111111111111111111111111111111111111111111111111111111111111011111101111
111110000000001110011100001111011111110000000101111001110011011110010101111010011100100000000000000000011111100111110011100010000001111101111111101110111001111011000000111010100011111111111111100000001111000000111111110000000001110101111101111000011011110000000000001111011010110111011000000011111111000001110011110000001111111111
111111111111111111111111111111111111111111111111111111111111111111111111111111111111111111111111111111111111111111111111111111111111111111111111111111111111111111111111111111111111111111111111111111111111111011111111111111111111111111111111111111111111111111111111111111111111111111101111111111111111111111111111111111111111111111
110000000000000000000000000000000000000000000001111001101000000000000000000000000000000000000000000000011000000011111011100010000001100000000000000000011010111000010000000000000011001011100000000000000000000000111100000000000000000000000100000000000000000000000000000000000000000000000000000000000000000000000000000000001111101111
111111110111101110101110000000000000011100101101111100100000000000000000011101111100100001101111011010100000000011110111111010000001111111111011001111111111111110011000011101101111010011111110011100110000111101111100000000000000000000111110111011000111110000000000001111011101101111101110001111111010111110000011111101101111111111
110000000000001110101100000000000000000000000001111100100000000000000000000100000000100000000000000000000000000011110011110000000001100000000000000000011100111001000000000000000011001011100000000000000000000000111100000000000000000000111000000000000000000000000000000000000000000000000000000000000000000000000000000000001111101111
110000000000001110101100000000000000000000000001111100100000000000000000000100000000000000000000000000000000000011110011110000000001100000000000000000011100111000000100000000000011000111100000000000000000000000111100000000000000000000111000000000000000000000000000000000000000000000000000000000000000000000000000000000001111101111
111111111111111111111111111111111111111111111111111111111111011111111111111111111111111111111111111111111111111111111111111111111111111111111111111111111111111111111111111111111111111111111111111111111111111111111111111111111111111111111111111111111111111111111111111111011111111111111111111111111111111111111111111111111111111111
111101111011111111111110111111100000011111001111111011100111111111011000010110000000011111101111111110100000000011111111111111010011111101111111001111011011111101100000111110100111110111110000000000000000111110111111111111100101111100000111111001110011110000000000000000000000000000000110110011101110000100000011110000001111101111
110000000000000000000000000000000000000000000001111001100000000000000000000000000000000000000000000000011000000011110011100010000001100000000000000000011100111000010000000000000011100011100000000000000000000000111100000000000000000000000100000000000000000000000000000000000000000000000000000000000000000000000000000000001111101111
110000000000001110101100000000000000000000000001111001100000000000000000000000000000000000000000000000000000000011110011110000000001100000000000000000011010111000000100000000000011100011100000000000000000000000111100000000000000000000000100000000000000000000000000000000000000000000000000000000000000000000000000000000001111101111
110000000000001110111111101111011010011111101101111010110011111111000100110111111101000001111111001100011010000011110111111011000011111110000000000110111111111110101101011110101111010111111111111100101110000000111111111111111111111111000101111100100000111111111111011111011011100111101111001111110001000111111100001101111111111111
110000000000000000000000000000000000000000000001111001100000000000000000000000000000000000000000000000011000000011110011100010000001100000000000000000011100111100000100000000000011001011100000000000000000000000111100000000000000000000000100000000000000000000000000000000000000000000000000000000000000000000000000000000001111101111
110000000000000000000000000000000000000000000001111010100000000000000000000110000000000000000000000000011000000011110011100010000001111110000000000110100000111001000000000000000011001011100000000000000000000000111111110000000001101000000000000000000000000000000000000000000000000000000000000000000000000000000000000000001111101111
110000000000001110101100000000000000000000000001111001100000000000000000000000000000000000000000000000000000000011110011110000000001100000000000000000011010111100000000000000000011100011100000000000000000000000111100000000000000000000000101000000000000000000000000000000000000000000000000000000000000000000000000000000001111101111
111111111011111110101110101111111010101101111011111010110000000000000000000110011000111011101110111111111011101111110111111111011011100000000000000000011011111010011011111110100011001011111111011110110000111010111111111111101111101111000000000000000000000000000000000000000000000000000000000000000000000101110000000000001111111111
110000000000001110101100000000000000000000000001111001100000000000000000000010000000000000000000000000000000000011110011110000000001100000000000000000011010111000000010000000000011010011100000000000000000000000111100000000000000000000000100000000000000000000000000000000000000000000000000000000000000000000000000000000001111101111
110000000000001111011111111111111010001111010111111001100111011110010010010011011100000001111111111100011001101011110111100011001111111111111111010110111100111110111111100000000011100011100000000000000000111111111111111111110111111101111100111111111010111110111100011111111001101111011000000011110000111100000011111100111111101111
110000000000000000000000000000000000000000000001111100100000000000000000000100000000000000000000000000011000000011110011100010000001100000000000000000011100111000001000000000000011100011100000000000000000000000111100000000000000000000111000000000000000000000000000000000000000000000000000000000000000000000000000000000001111101111
111111111111011111111100111111111001000000001011111001101100000000000000010001111100011110000000000011111011110011110111111001110011100000000000000000011100111101101110111110100111101111101111111101000000111001111111111111101001110101111111111011001010110000000000001111011010101110101110110011101011111111111111111111111111101111
110000000000000000000000000000000000000000000001111001100000000000000000000000000000000000000000000000011000000011110011100010000001100000000000000000011001111010000000100000000011001011100000000000000000000000111100000000000000000000000100000000000000000000000000000000000000000000000000000000000000000000000000000000001111101111
111111111111101110111111111111100000010000000011111100111111111110101010011100100000111010000000000010111111111111110011110000000001111111111011100111011001111011011100111110010011110111101100000000001101111100111100000000000000000000111110111010100010111111111100011111011010101111111111001111111101111000000000000000001111111111
110000000000001110011100000000000000000000000001111001100000000000000000000000000000000000000000000000000000000011110011100010000001111110000000000111000000111010000000000000000011000111100000000000000000000000111100000000000000000000000100000000000000000000000000000000000000000000000000000000000000000000000000000000001111101111
111111111111111111111111111111111111111111111111111111111111111111111111111111111111111111111111111111111111111111111111111111111111111111111111111111111111111111111111111111111111111111111111111111111111111011111111111111111111111111111111111111111111111111111111111111111111111111111111111111111110111111111111111111111111111111
111111111111111111111111111111111111111111111111111111111111111111111111111111111111111111111111111111111111111111111111111111111111111111111111111111111111111111111111111111111111111111111111111111111111111111111111111111110111111111111111111111111111111111111111111111111111111111111111111111111111111111111111111110111111111111
110000000000000000000000000000000000000000000001111001100000000000000000010000000000000000000000000000011000000011110011100010000001100000000000000000011001111100000000000000000011010011100000000000000000000000111100000000000000000000000100000000000000000000000000000000000000000000000000000000000000000000000000000000001111101111
110000000000001111111100001111111010011110001001111101111111100000000000010110100000011111100000000011011011100111110011111111111111100000000000000000011111111110000011111010100111111011101111000000000000111111111111110000000001110011111100000000000000000000000000000000000000000000000000000000000000000000000000001101111111111111
111111111111111111111111111111111111111111111111111111111111111111111111111111111111111111111111111111111111111111111111111111111111111111111111111111111111111111111111111111111111111111111111011111111111111111111111111111111111111111111111111111111111111111111111111111111111111111111111111111111111111111111111111111111111111111
111111111111111111111111111111111111111111111111111111111111111111111111110111111111111111111111111111111111111111111111111111111111111111111111111111111111111111111111111111111111111111111111111111111111111111111111111111111011111111111111111111111111111111111111111111111111111111111111111111111111111111111111111111111111111111
111110000000001110111110111111011000101101011101111011111011011111101001011111011000100001111110111110111011111011111111111101101011111111111011101111011100111110101011100000000011001111111100100000000000111111111111111111111011100010000111111011010100110000000000001111111100111110101000000011010001111100000000001110111111101111
111111110111101110101111111111111110010000000001111100110011100000000000000100111111000000000000000011011100000011111011110011111011111101111011111110111010111111101000111110000111111111110000000000000000000000111111111111111010000000111110111010100010110000000000001111011001100111101111111111001011111000000000001110001111101111
111111111111111111111111111111111111111111111111111101111111111111111111111111111111111111111111111111111111111011111111111111111111111111111111111111111111111111111111111111111111111111111111111111111111111111111111111111111111111111111111111111111111111111111111111111111111111111111111111111111111111111111111111111111111111111
110000000000001110101100000000000000000000000001111001100000000000000000010000000000000000000000000000000000000011110011110000000001100000000000000000011010111001000000000000000011000111100000000000000000000000111100000000000000000000000100000000000000000000000000000000000000000000000000000000000000000000000000000000001111101111
111111111111111111111111111111111111111111011111111111110111111111111111111111111111111111111111111111111111111111111111111111111111111111111111111111111111111111111111111111111111111111111111111111111111111111111111111111111111111111111111111111111111111111111111111111111111111111111111111111111111111111111111111111111111111111
111101111011011111111110000000011011001101011001111100110011011111111000100100100000111111101110011111011101101011111111100011000011100000000000000000011010111101011101111101001011110111111111111111110000111001111111110000000001101010111111111101010010111111011111010000000000000000000111111111001100000111111111110000001111111111
110000000000001111001100000000000000000000000001111001100000000000000000000000000000000000000000000000000000000011110011100010000001100000000000000000011100111000000001000000000011001011100000000000000000000000111100000000000000000000000100000000000000000000000000000000000000000000000000000000000000000000000000000000001111101111
111101111011011111101111001111111110011111110111111010110111111110001110110110111000011101111111011111111110000011110111100011000111100000000000000000011110111000101001011011000111001111111110011100110000111110111111110000000001111011000000111111110101111111111011011111011011101111111111001111101010111100000000001100111111101111
111111111111111111111111101111111111111111111111111111111111111111111111111111111101111111111111111111111111111111111111111111111111111111111111111111111111111111111111111111111111111111111111111111111111111111111111111111111111111111111111111111111111111111111111111111111111111111111111111111111111111111111111111111111111111111
110000000000001110101100000000000000000000000001111010100000000000000000000110000000000000000000000000000000000011110011110000000001100000000000000000011001111000000010000000000011010011100000000000000000000000111111110000000001100010000000000000000000000000000000000000000000000000000000000000000000000000000000000000001111101111
110000000000000000000000000000000000000000000001111001100000000000000000000000000000000000000000000000011000000011110111100010000001100000000000000000011001111000000100000000000011100011100000000000000000000000111100000000000000000000000100000000000000000000000000000000000000000000000000000000000000000000000000000000001111101111
110000000000001110101100000000000000000000000001111001110000000000000000000000000000000000000000000000000000000011110011110000000001100000000000000000011100111000100000000000000011100011100000000000000000000000111100000000000000000000000100000000000000000000000000000000000000000000000000000000000000000000000000000000001111101111
110000000000000000000000000000000000000000000001111100100000000000000000000100000000000000000000000000011000000011110011100010000001111110000000000110100000111010000000000000000011100011100000000000000000000000111100000000000000000000111000000000000000000000000000000000000000000000000000000000000000000100000000000000001111101111
111101111011101110101111001111111101011111011111111001100011111110100011110110100000100001101111010011011011111011111011111001101111100000000000000000011100111000111001100000000011000111111111000000001111111001111111110000000001101010111101111001001001111111011100111111111001111111101111000011001111111001111100001110011111111111
110000000000000000000000000000000000000000000001111100101000000000000000000100000000000000000000000000011000000011110011100010000001100000000000000000011100111000000100000000000011010011100000000000000000000000111100000000000000000000111000000000000000000000000000000000000000000000000000000000000000000000000000000000001111101111
110000000000000000000000000000000000000000000001111100100000000000000000000100000000000000000000000000011000000011110011100010000001100000000000000000011100111010000000000000000011001011100000000000000000000000111100000000000000000000111000000000000000000000000000000000000000000000000000000000000000000000000000000000001111101111
111111111111111111111111111111111111111111101111111111111111111111011111111111111111111111111111111111111111111111111111111111111111111111111111111111111111111111111111111111111111111111111111111111111111111111111111111111111111111111111111111111111111111111111111111111111111111111111111111111111111111111111111111111111111111111
110000000000001110011100000000000000000000000001111001100000000000000000000000000000000000000000000000000000000011110011100010000001100000000000000000011001111000000100000000000011010011100000000000000000000000111100000000000000000000000100000000000000000000000000000000000000000000000000000000000000000000000000000000001111101111
111111110111111111111111111111111111111111111101111111111111111111111111111111111111111111111111111111111111111111111111111111111111111111111111111111111111111111111111111111111111111111111111111111111111111111111111111111111111111111111111111111111111111111111111111111111111111111111111111111111111111111111111111111111111111111
110000000000000000000000000000000000000000000001111001100000000000000000010000000000000000000000000000011000000011110011100010000001100000000000000000011010111000100000000000000011001011100000000000000000000000111100000000000000000000000100000000000000000000000000000000000000000000000000000000000000000000000000000000001111101111
110000000000000000000000000000000000000000000001111001100000000000000000000010000000000000000000000000011000000011110011100010000001100000000000000000011001111100000000000000000011100011100000000000000000000000111100000000000000000000000100000000000000000000000000000000000000000000000000000000000000000000000000000000001111101111
111111111111111111111111111111111111111111111111111111111111111111111111111111111111111111111111111111111111111111111111111111111111111111111111111111111111111111111111111111111111111111111111111111111110111111111111111111111111111111111111111111111111111111111111111111111111111111111111111111111111111111111111111111111111111111
110000000000001111001100000000000000000000000001111100100000000000000000000100000000000000000000000000000000000011110011100010000001100000000000000000011100111000000010000000000011100011100000000000000000000000111100000000000000000000111000000000000000000000000000000000000000000000000000000000000000000000000000000000001111101111
110000000000001110011100000000000000000000000001111001100000000000000000000000000000000000000000000000000000000011110011100010000001111101111000000111000000111000000010000000000011000111100000000000000000000000111100000000000000000000000100000000000000000000000000000000000000000000000000000000000000000000000000000000001111101111
110000000000001110011100000000000000000000000001111100100000000000000000000100000000000000000000000000000000000011110011100010000001100000000000000000011010111100000000000000000011001011100000000000000000000000111100000000000000000000111000000000000000000000000000000000000000000000000000000000000000000000000000000000001111101111
111111111111111111111111111111111111111111111111111111111111111111111111111111111111111111111111111011111111111111111111111111111111111111111111111111111111111111111101111111111111111111111111111111111111111111111111111111111111111111111111111111111111111111111111111111111111111111111111111111111111111111111111111111111111111111
111101111011011111101100000000000000001110011111111100100111111110010110111111100000011110000000000010111000000011110111111110000001111111111100000110100000111000010011000000000011100111101100111111001101111011111111111111100011110101111100111100010100111110111100000000000000000000000000000011100000111111110000000000001111111111
111101111111111111111111111111111111111111111111111111111111111111111111111111111111111111111111111111111111111111111111111111111111111111111011111111111111111111111111111111111111111111111111111111111111111111111111111111111111111111111111111111111111111111111111111111111111111111111111111111111111111111111111111111111111111111
110000000000001111101110001111011000100000001001111100110111100000000000000110100000000001100000000011111101101011110011111110000001100000000000000000011010111000001010111011111011101011101111011110011110111111111100000000000000000000111111111011110101111111111011100000000000000000000000000011001000111111111100001100101111111111
111111111111111111111111111111111111111111111111111111111111111111111111111111111111111111111111101111111111111111111111111111111111111111111111111111111111111111111111111111111111111111111111111111111111111111111111111111111111111111111111111111111111111111011111111111111111111111111111111111111111111111111111111111111111111111
111111111111111111111111111111111111111111111111111111111111111111111111011111111111111111111111111111111111111111111111111111110111111111111111111111111111111111111111111111111111111111111111111111111111111111111111111111111111111111111111111111111111111111111111111111111111111111111111111111111111111111111111111111111111111111
110000000000000000000000000000000000000000000001111100100000000000000000000100000000000000000000000000011000000011110011100010000001100000000000000000011001111000000100000000000011000111100000000000000000000000111100000000000000000000111000000000000000000000000000000000000000000000000000000000000000000100000000000000001111101111
110000000000000000000000000000000000000000000001111001100100000000000000000000000000000000000000000000011000000011110011100010000001111110000000000111000000111000010000000000000011100011100000000000000000000000111100000000000000000000000100000000000000000000000000000000000000000000000000000000000000000000000000000000001111101111
111111111111111111111111111111111111111111111111111111111111111111111111111111111111111111101111111111111111111111111111111111111111111111111111111111111111111111111111111111111111111111111111111111111111111111111111111111110111111111111111111111111111111111111111111111111111111111111111111111111111111111111111111111111111111111
110000000000001111001100000000000000000000000001111001100000000000000000000000100000000000000000000000000000000011110011100010000001100000000000000000011100111100000000000000000011001011100000000000000000000000111100000000000000000000000100000000000000000000000000000000000000000000000000000000000000000000000000000000001111101111
111111111111111111111111111111111111111111111111111111111111111111111111111111111111111111111111111111111111111111111111111111111111111111111111111111111111111111111111111111111011111111111111111111111111111111111111111111111011111111111111111111111111111111111111111111111111111111111111111111111111111111111111111111111111111111
110000000000000000000000000000000000000000000001111010100000000000000000000110000000000000000000000000011000000011110011100010000001111101111000000110100000111000001000000000000011000111100000000000000000000000111111110000000001110000000000000000000000000000000000000000000000000000000000000000000000000000000000000000001111101111
110000000000001110101100000000000000000000000001111001100000000000000000000000000000000000000000000000000000000011110111110000000001100000000000000000011100111100000000000000000011001011100000000000000000000000111100000000000000000000000100000000000000000000000000000000000000000000000000000000000000000000000000000000001111101111
110000000000001111001100000000000000000000000001111100100000000000000000000100000000000000000000000000000000000011110011100010000001111101111000000110100000111000001000000000000011010011100000000000000000000000111100000000000000000000111000000000000000000000000000000000000000000000000000000000000000000000000000000000001111101111
110000000000000000000000000000000000000000000001111001100000000000000000000000000000000000000000000000011000000011110011100010000001100000000000000000011010111010000000000000000011010011100000000000000000000000111100000000000000000000000100000000000000000000000000000000000000000000000000000000000000000000000000000000001111101111
111110000000001110011110100000011011110000010111111100101011011000000001100100100000100001101110100110100000000011110011100011110111111111111111001111011100111111001001011100100011101111101100011101010000111101111111110000000001110010111100111000110101110000000000001111011011111110111110110011111010111001111100001101111111101111
111111111011101111011100100000011100111100111011111011111100000000000000011111011101111011101110011111111001101111111111100011001011111111111100000111011010111010001011100000000011110011101111011111000000111110111111111111101111111001000100111100100101111111011100000000000000000000000111110011100000111101111100001101111111111111
111111111111111111111111111111111111111111111111111111111111111111111111111111111111111111111111111111011111111111111111111111111111111111111111111111111111111111111111111111111111111111111111111111111111111101111111111111111111111111111111111111111111111111111111111111111111111111111111111111111111111111111111111111111111111111
110000000000001110111100111111111101110000011011111111110111011110000101100110100000011011101000000010111011110111111011111111001111111110000000000111100000111001111010111011100111010011110000000000000000111111111111111111110111101110111110111011000111110000000000001111011110111111011111000011011100000001111100001101111111101111
111111111111111111111111111111111111111111111111111111111111111111111111111111111111111111111111111111111111110111111111111111111111111111111111111111111111111111111111111111111111111111111111111111111111111111111111111111111111111111111111111111111111111111111111111111111111111111111111111111111111111111111111111111111111111111
110000000000001110011111110000011100111101111001111011100111111111000001010111111000011101101110000111111001110011110111100010000001111111111111111111000000111111001111011110100111110011101111011101110000111100111111111111110111101001000111111000111001111110111100110000000000000000000110001111010000000111111100001110011111101111
110000000000000000000000000000000000000000000001111010100000000000000000000110000000000000000000000000011000000011110011100010000001100000000000000000011001111000000001000000000011010011100000000000000000000000111111110000000001100010000000000000000000000000000000000000000000000000000000000000000000000000000000000000001111101111
110000000000001110101110101111111011111100101001111010101111011000000001110111100000100001101110111111011001101111111111111111101111111110000000000110111110111010101011111010101111001011101110011110011101000000111111111111110001111011000111111011000000111110111100011111111110111110101110111111001011000111111100001111011111111111
111101111011100000000000000000000000000000000001111001111011111110111010111101011000011101111000000000011000000011111011100011000111111110000000000110100000111101100110100000000011101111101111011111110000111101111111111111101110000000111111000000000000000000000000000000000000000000000000000000000000000111111111111100111111101111
111111111111111111111111111111111111111111111111111111111111111111111111111111111111111111111111111111111111111111111111111111111111111111111111111111111111111111111111111111111111111111111111111111111111111111111111111111111111111111111111111111111110111110111111111111111111111111111111111111111111111111111111111111111111111111
111111110111011111001111001111011101010000001101111110100011111000000001111111011111111101111111011010111011111111110111100011111011111101111000000111100000111000000011011101010111100111101110100000000000111110111111111111100011111000111101111001110011111111111011001111111011100111101111110011001011000111111111111110011111111111
110000000000000000000000000000000000000000000001111001100000000000000000000000100000000000000000000000011000000011110011100010000001111110000000000110100000111000001000000000000011000111100000000000000000000000111100000000000000000000000100000000000000000000000000000000000000000000000000000000000000000000000000000000001111101111
111111111111111111111111111111111110111111111111111111111111111111111111111111111111111111111111111111111111111111111111111111111111111111111111111111111111111111111111111111111111111111111111111111111111111111111111111111111111111111111111111110111111111111111111111111111111111111111111111111111111111111111111111111111111111111
~~~
0.0 282.0 26.0 98.0 476.0
0.0 276.0 28.0 122.0 532.0
0.0 271.0 35.0 111.0 573.0
0.0 2.0 178.0 626.0 3299.0
0.0 282.0 26.0 98.0 481.0
0.0 2.0 178.0 623.0 3298.0
0.0 176.0 83.0 313.0 1610.0
0.0 123.0 116.0 354.0 2080.0
0.0 2.0 178.0 620.0 3303.0
0.0 160.0 96.0 304.0 1732.0
0.0 2.0 178.0 625.0 3303.0
0.0 279.0 28.0 106.0 519.0
0.0 162.0 93.0 322.0 1705.0
0.0 278.0 26.0 115.0 514.0
0.0 138.0 104.0 362.0 1893.0
0.0 275.0 27.0 124.0 539.0
0.0 2.0 177.0 626.0 3312.0
0.0 2.0 178.0 625.0 3306.0
0.0 271.0 33.0 105.0 565.0
0.0 132.0 102.0 392.0 1969.0
0.0 116.0 115.0 434.0 2156.0
0.0 2.0 178.0 625.0 3308.0
0.0 271.0 33.0 115.0 567.0
0.0 155.0 94.0 334.0 1767.0
0.0 195.0 80.0 221.0 1373.0
0.0 2.0 178.0 625.0 3295.0
0.0 2.0 178.0 622.0 3304.0
0.0 147.0 102.0 344.0 1846.0
0.0 279.0 25.0 114.0 504.0
0.0 282.0 25.0 104.0 483.0
0.0 2.0 177.0 626.0 3303.0
0.0 2.0 178.0 619.0 3298.0
0.0 123.0 118.0 361.0 2080.0
0.0 152.0 90.0 369.0 1804.0
0.0 279.0 27.0 113.0 503.0
0.0 2.0 177.0 626.0 3309.0
0.0 2.0 177.0 626.0 3304.0
0.0 2.0 179.0 622.0 3304.0
0.0 142.0 102.0 369.0 1881.0
0.0 116.0 119.0 384.0 2161.0
0.0 122.0 113.0 364.0 2091.0
0.0 2.0 178.0 625.0 3300.0
0.0 2.0 179.0 621.0 3303.0
0.0 282.0 26.0 99.0 483.0
0.0 278.0 26.0 113.0 510.0
0.0 2.0 178.0 622.0 3302.0
0.0 283.0 25.0 101.0 461.0
0.0 175.0 88.0 295.0 1559.0
0.0 150.0 93.0 371.0 1804.0
0.0 148.0 94.0 361.0 1843.0
0.0 278.0 26.0 119.0 518.0
0.0 114.0 113.0 417.0 2162.0
0.0 2.0 178.0 620.0 3310.0
0.0 156.0 90.0 352.0 1745.0
0.0 2.0 178.0 618.0 3302.0
0.0 2.0 178.0 618.0 3303.0
0.0 279.0 27.0 110.0 518.0
0.0 111.0 118.0 410.0 2188.0
0.0 2.0 179.0 615.0 3297.0
0.0 178.0 85.0 273.0 1509.0
0.0 143.0 102.0 343.0 1849.0
0.0 197.0 77.0 272.0 1378.0
0.0 2.0 177.0 626.0 3308.0
0.0 2.0 177.0 626.0 3308.0
0.0 275.0 32.0 100.0 528.0
0.0 118.0 122.0 406.0 2162.0
0.0 2.0 178.0 624.0 3306.0
0.0 132.0 116.0 313.0 1981.0
0.0 2.0 178.0 622.0 3307.0
0.0 2.0 178.0 617.0 3307.0
0.0 162.0 93.0 324.0 1718.0
0.0 2.0 177.0 626.0 3304.0
0.0 2.0 178.0 623.0 3308.0
0.0 2.0 178.0 624.0 3300.0
0.0 2.0 178.0 626.0 3302.0
0.0 153.0 94.0 369.0 1781.0
0.0 2.0 179.0 617.0 3306.0
0.0 281.0 26.0 101.0 497.0
0.0 146.0 104.0 317.0 1883.0
0.0 275.0 29.0 122.0 542.0
0.0 276.0 28.0 123.0 528.0
0.0 2.0 178.0 623.0 3308.0
0.0 138.0 108.0 361.0 1952.0
0.0 283.0 25.0 101.0 467.0
0.0 279.0 26.0 112.0 508.0
0.0 112.0 115.0 412.0 2188.0
0.0 282.0 24.0 109.0 468.0
0.0 271.0 33.0 114.0 575.0
0.0 278.0 26.0 120.0 518.0
0.0 166.0 95.0 280.0 1649.0
0.0 278.0 28.0 108.0 521.0
0.0 122.0 111.0 393.0 2091.0
0.0 280.0 27.0 109.0 492.0
0.0 128.0 115.0 362.0 2022.0
0.0 282.0 27.0 96.0 477.0
0.0 137.0 104.0 381.0 1913.0
0.0 275.0 27.0 117.0 537.0
0.0 2.0 179.0 620.0 3309.0
0.0 2.0 177.0 626.0 3296.0
0.0 282.0 25.0 102.0 476.0
0.0 189.0 76.0 266.0 1405.0
0.0 1.0 179.0 619.0 3308.0
0.0 2.0 179.0 621.0 3309.0
0.0 125.0 114.0 343.0 2046.0
0.0 148.0 103.0 313.0 1828.0
0.0 2.0 178.0 620.0 3304.0
0.0 278.0 26.0 113.0 518.0
0.0 2.0 179.0 622.0 3299.0
0.0 134.0 106.0 404.0 2004.0
0.0 279.0 26.0 114.0 492.0
0.0 118.0 119.0 367.0 2120.0
0.0 2.0 177.0 626.0 3306.0
0.0 271.0 35.0 107.0 569.0
0.0 282.0 25.0 100.0 475.0
0.0 278.0 27.0 111.0 516.0
0.0 275.0 29.0 118.0 545.0
0.0 127.0 116.0 345.0 2072.0
0.0 279.0 26.0 116.0 507.0
0.0 280.0 27.0 109.0 491.0
0.0 2.0 178.0 619.0 3294.0
0.0 279.0 26.0 113.0 510.0
0.0 2.0 178.0 619.0 3308.0
0.0 282.0 24.0 100.0 483.0
0.0 282.0 26.0 100.0 478.0
0.0 1.0 178.0 626.0 3314.0
0.0 276.0 29.0 119.0 522.0
0.0 272.0 29.0 123.0 562.0
0.0 276.0 27.0 123.0 533.0
0.0 2.0 178.0 621.0 3305.0
0.0 159.0 93.0 335.0 1734.0
0.0 2.0 178.0 625.0 3307.0
0.0 176.0 92.0 260.0 1554.0
0.0 2.0 178.0 619.0 3300.0
0.0 2.0 178.0 619.0 3296.0
0.0 279.0 28.0 108.0 503.0
0.0 278.0 26.0 106.0 519.0
0.0 2.0 178.0 624.0 3300.0
0.0 278.0 26.0 117.0 497.0
0.0 2.0 178.0 622.0 3301.0
0.0 268.0 36.0 117.0 602.0
0.0 278.0 26.0 115.0 501.0
0.0 269.0 32.0 134.0 607.0
0.0 283.0 25.0 98.0 474.0
0.0 145.0 101.0 341.0 1823.0
0.0 130.0 114.0 340.0 1983.0
0.0 2.0 177.0 626.0 3304.0
0.0 135.0 110.0 345.0 1993.0
0.0 1.0 178.0 626.0 3315.0
0.0 133.0 102.0 382.0 1953.0
0.0 275.0 32.0 100.0 533.0
0.0 118.0 114.0 385.0 2130.0
0.0 184.0 83.0 279.0 1486.0
0.0 2.0 177.0 626.0 3304.0
0.0 106.0 123.0 409.0 2213.0
0.0 278.0 26.0 112.0 511.0
0.0 2.0 178.0 622.0 3299.0
~~~
16.1556279659
