111101111011011110101110101111011011001101001011111001101111011111000101000100111111111011111111101011111101101111110111111011001011111110000000000111011011111110100110111011110011000111111100111100101111111010111111111110000000000000111110111000101000111111011100100000000000000000000111000011011000111001111100001100111111101111
111111111111111111111111111111111111111111111111111111111111111111111111111111111111111111111111111111111111111111111111111111111111111111111111111111111111111111111111111111111111111111111111111111111111111111111111111111111111111111111111111111111111111110111111101111111111111111111111111111111111111111111111111111111111111111
110000000000000000000000000000000000000000000001111010100000000000000000000110000000000000000000000000011000000011110011100010000001100000000000000000011100111100000000000000000011010011100000000000000000000000111111110000000001100001000000000000000000000000000000000000000000000000000000000000000000000000000000000000001111101111
111111111111111111111111111111111111111111111111111111111111111111111111110111111111111111111111111111111111111111111111111111111111111111111111111111111111111111111111111111111111111111111111111111111111111011111111111111111111111111111111111111111111111111111111111111111111111111111111111111111111111111111111111111111111111111
111111111111111111111111111111111111111111111111111111111111111111111111111111111111111111111111111111111111111111111111111111111111111111111111111111111111111111111111111111111111111111111111111111111111111111111111111111111111111111111111111111111111111111111111111111111111111111111111111111011111111111111111111111111111101111
110000000000000000000000000000000000000000000001111001100000000000000000000000000000000000000000000000011000000011110011100010000001111110000000000110100000111100000000000000000011100011100000000000000000000000111100000000000000000000000100000000000000000000000000000000000000000000000000000000000000000000000000000000001111101111
111101111011101110101110110000000000011111101111111001100011111111100010111011111100000000000000000000011111111111110011111111010111111101111000000111000000111001010110111111001111110011101110111100101110111100111111111111110001100010000101111101000110111110111111101111011001100110101000000011010000111110000000001111011111111111
111111111011111111111111111111111111111111101111111111111111111111111111111111111111111111111111111111111111111111111111111111111111111111111111111111111111111111111111111111111111111111111111111111111111111111111111111111111111111111111111111111111111111111111111111111111111111111111111111111111111111111111111111111111111111111
110000000000001110011100000000000000000000000001111100100000000000000000000100000000000000000000000000000000000011110011100010000001100000000000000000011001111100000000000000000011010011100000000000000000000000111100000000000000000000111000000000000000000000000000000000000000000000000000000000000000000000000000000000001111101111
111110000000001111111100111111011100000000011001111001110111011000000001111010000000011011101110011111111010000011111011111001011111111101111111010111100000111001010111111011111011011011111110011110001110111011111111111111111111110100111101111000110110110000000000001111011001111111101110110011100000000110000011111110001111101111
110000000000000000000000000000000000000000000001111100100000000000000000000100000000000000000000000000011000000011110011100010000001100000000000000000011010111000000001000000000011010011100000000000000000000000111100000000000000000000111000000000000000000000000000000000000000000000000000000000000000000000000000000000001111111111
110000000000000000000000000000000000000000000001111001100000000000000000000010000000000000000000000000011000000011110011100010000001100000000000000000011001111000001000000000000011000111100000000000000000000000111100000000000000000000000100000000000000000000000000000000000000000000000000000000000000000000000000000000001111101111
111111111111111111111111111111111111111111111111111111111111111111110111111111111111111111111111111111111111111111111111111111111111111111111111111111111111111111111111111111111111111111111111111111111111111111111111111111111111111111111111111111101111111111111111111111111111111111111111111111111111111111111111111111111111111111
110000000000000000000000000000000000000000000001111001110000000000000000000000000000000000000000000000011000000011110011100010000001111110000000000110100000111010000000000000000011100011100000000000000000000000111100000000000000000000000100000000000000000000000000000000000000000000000000000000000000000000000000000000001111101111
110000000000000000000000000000000000000000000001111001100000000000000000010000000000000000000000000000011000000011110011100010000001100000000000000000011001111000000010000000000011010011100000000000000000000000111100000000000000000000000100000000000000000000000000000000000000000000000000000000000000000000000000000000001111101111
111111111111111110111111111111111111111111111101111111111111111111111111111111111111111111111111111111111111111111111111111111111111111111111111111111111111111111111111111111111111111111111111111111111111111111111111111111111111111111111111111111111111111111111111111111111111111111111111111111111111111111111111111111111111111111
111111111111111111111111111111111111111111111111111111111111111111111111111111111111011111111111111111111111111111111111111111111111111111111111111111111111111111101111111111111111111111111111111111111111111111111111111111111111111111111111111111111111111111111111111111111111111111111111111111111111111111111111111111111111111111
111110000000001110111111111111011001011111101111111100101000000000000000010101011101100001111111011100011110000011110111111001100011100000000000000000011010111110010001111011111011100111111100100000001110111010111111110000000001111100111000111000000011111111111011110000000000000000000110110011011101111100000000001110111111101111
111111111011110000000000000000000000000000000001111001100011111111010000100000100000111111101111010011011010000011110111100011000111111101111100000111000000111111101110000000000011100011101110111110000000111111111111111111101110000000111100111011000000111111111111111111011110101110111111110011001100111001110011110000001111101111
110000000000000000000000000000000000000000000001111100100000000000000000000100000000000000000000000000011010000011110011100010000001100000000000000000011100111000000100000000000011100011100000000000000000000000111100000000000000000000111000000000000000000000000000000000000000000000000000000000000000000000000000000000001111101111
111111111111111111101111111111111111111111111111111111111111111111111111111111111111111111111111111111111111111111111111111111111111111111111111111111111111111111111111111111111111111111111111111111011111111111111111111111111111111111111111111111111111111111111111111111111111111111111111111111111111111111111111111111111111111111
110000000000001110011100111111111001011101100001111010111111111111000111011110111110111011111111100100011001100111111011100011100011111101111011110111000000111110010010111011110011101011111110100000000000111110111111110000000001100110000000111101101001111111111100110000000000000000000110111111100000111000000000001100101111101111
111111111011111111001111001111111111101101110111111001101011111111010001011010000000011101101111010100000000000011111011100010000001111101111111100111100000111011001001011111101011001011101111000000000000111110111100000000000000000000111100111110110010110000000000000000000000000000000111000011010000111001110011110000001111111111
110000000000000000000000000000000000000000000001111100100100000000000000000100000000000000000000000000011000000011110011100010000001100000000000000000011010111100000000000000000011010011100000000000000000000000111100000000000000000000111000000000000000000000000000000000000000000000000000000000000000000000000000000000001111101111
111111111111111111111111111111111111111111111111111111111111111111111111111111111111111111111111110111111111111111111111111111111111111111111111111111111111111101111111111111111111111111111111111111111111111111111111111111111111111111111111111111111111111111111111111111111111111111111111111111111111111111111111111111111111111111
111111111111111111111111111111111111111111111111111111111111111111111111111111111111111111111111111111111111111111111111111111111111111111111111111111111111111111111111111111111111111111111111111111111101111111111111111111111111111111111111111111111111111111111111111111111111111111111110111111111111111111111111111111111111111111
111101111011101110111100101111100000011101001001111101101011011111101100111111011100111011101110110110111011110011110011111111110111111101111100000111000000111111011010111011011011101011111100111101000000111101111111111110000001101011111110111001100110110000000000001111011100101111111000000011001101000101111111111111011111111111
111110000000001111111110111111000000011110100111111001101011011110000101000010111111100001111111110110111001100111110011100010000001111101111111011111011101111000100000100000000011110111111111111110011101111011111100000000000000000000000100111011010011111110111111011111111110101111101111110011001011111101111100001110011111111111
110000000000001110011111110000000000010000010101111001100011011000000001100011011000000001101110111100011100000011111111100011000111111110000000000111111001111011101011111000101111000111101100100000000000000000111111111111111011111001000111111010001001110000000000001111111100100110101111001111011001111111111111111101001111111111
110000000000000000000000000000000000000000000001111001100000000000000000000000000000000000000000000000011000000011110011100010000001111110000000000110100000111000100000000000000011010011100000000000000000000000111100000000000000000000000100000000000000000000000000000000000000000000000000000000000000000100000000000000001111101111
110000000000000000000000000000000000000000000001111001101000000000000000000000000000000000000000000000011000000011110011100010000001100000000000000000011100111100000000000000000011001011100000000000000000000000111100000000000000000000000100000000000000000000000000000000000000000000000000000000000000000000000000000000001111101111
110000000000000000000000000000000000000000000001111001101000000000000000000000000000000000000000000000011000000011110011100010000001100000000000000000011001111000010000000000000011000111100000000000000000000000111100000000000000000000000100000000000000000000000000000000000000000000000000000000000000000000000000000000001111101111
111111111011101110101110111111011100000000011101111010100100000000000000000111011100111011111111101010111010000011111011100010000001111111111111101111111001111111010101011101001111110011101100011111010000111011111111110000000001111001000110111000000111111110111100100000000000000000000000000011001111111100000000000000001111101111
110000000000000000000000000000000000000000000001111001100000000000000000010000000000000000000000000000011000000011110011100010000001100000000000000000011010111000110000000000000011100011100000000000000000000000111100000000000000000000000100000000000000000000000000000000000000000000000000000000000000000000000000000000001111101111
110000000000000000000000000000000000000000000001111100100000000000000000000100000000000000000000000000011000000011110011100010000001100000000000000000011001111000010000000000000011001011100000000000000000000000111100000000000000000000111000000000000000000000000000000000000000000000000000000000000000000000000000000000001111101111
110000000000001111001100000000000000000000000001111001100000000000000000000000000000000000000000000000000000000011110011100010000001100000000000000000011100111000001000000000000011010011100000000000000000000000111100000000000000000000000100000000000000000000000000000000000000000000000000000000000000000000000000000000001111111111
111111111111111111111111111111111111111111111111111111111111111111111111111111111111111111111111111111111111111111111111111111111011111111111111111111111111111111111111111111111111111111111111111111111111111111111111111111111111111111111111111111111111111111111111111111111111111111101111111111111111111111111111111111111111111111
111111111111111111111111111111111111111111111111111111101111111111111111111111111111111111111111111111111111111111111011111111111111111111111111111111111111111111111111111111111111111111111111111111111111111111111111111111111111111111111111111111111111111111111111111111111111111111111111111111111111111111111111111111111111111111
111110000000001110011100110000011100110000011001111010101000000000000000010110011000011111101000000011100000000011111011100011010111111110000000000110100000111101010000100000000011001011101110100000001101111110111111111111100111100101000111000000000000000000000000000000000000000000000000000000000000000001110000001110001111101111
111110000000001110011110101111100000000000010011111001111011111000000000100110100000100001100000000010100000000011110011100010000001111111111011100110111111111010110000011100100011001111100000000000000000111010111100000000000000000000000110111001000010111110111100000000000000000000000111001111011110000001111111110000001111111111
111111111111111111111111111111111111111111111111111111111111111111111111111111111111111111111111111111111111111111111111111111111111111111111111111111111111111011111111111111111111111111111111111111111111111111111111111111111111111111111111111111111111111111111111111111111111111111111111111111111111111111111111111110111111111111
110000000000001110101100000000000000000000000001111100100000000000000000000100000000000000000000000000000000000011110011110000000001100000000000000000011100111000100000000000000011100011100000000000000000000000111100000000000000000000111000000000000000000000000000000000000000000000000000000000000000000000000000000000001111101111
110000000000000000000000000000000000000000000001111001100000000000000000000000000000100000000000000000011000000011110011100010000001100000000000000000011001111100000000000000000011000111100000000000000000000000111100000000000000000000000100000000000000000000000000000000000000000000000000000000000000000000000000000000001111101111
111111111111111111111111111111111111111111111111111111111111111111111111111111111111111111111111111111111111111111111111111111011111111111111111111111111111111111111111111111111111111111111111011111111111111111111111111111111111111111111111111111111111111111111111111111111111111111111111111111111111111111111111111111111111111111
110000000000001110101100000000000000000000000001111001100000000000000000000000000000000000000000000000000000000011110011110000000001100000000000000000011001111100000000000000000011000111100000000000000000000000111100000000000000000000000100000000000000000000000000000000000000000000000000000000000000000000000000000000001111101111
111111111111111111111111111111111111111111111111111111111111111111111111111111111111111111111111111111111111111111111111111111111111111111111111111111111111111111111111111111111111111111111111111111111101111110111111111111111111111111111111111111111111111111111111111111111111111111111111111111111111111111111111111111111111111111
110000000000000000000000000000000000000000000001111010100000000000000000000110000000000000000000000000011000000011110011100010000001100000000000000000011100111010000000000000000011000111100000000000000000000000111111110000000001100001000000000000000000000000000000000000000000000000000000000000000000000000000000000000001111101111
111111111111111111111111111111111111111111111111111111111111111111111111111111111111111111111111111111111111111111111111111111111111111111111111011111111111111111111111111111111111111111111111111111011111111111111111111111111111111111111111111111111111111111111111111111111111111111111111111111111111111111111111111111111111111111
110000000000000000000000000000000000000000000001111001100100000000000000000000000000000000000000000000011000000011110011100010000001100000000000000000011010111100000000000000000011010011100000000000000000000000111100000000000000000000000100000000000000000000000000000000000000000000000000000000000000000000000000000000001111101111
110000000000000000000000000000000000000000000001111001100000000000000000000000000000000000000000000000011000000011110011100010000001100000000000000000011010111000000010000000000011010011100000000000000000000000111100000000000000000000000101000000000000000000000000000000000000000000000000000000000000000000000000000000001111101111
110000000000000000000000000000000000000000000001111001100000000000000000000000000000000000000000000000011000000011110011100010000001111110000000000110100000111001000000000000000011100011100000000000000000000000111100000000000000000000000100000000000000000000000000000000000000000000000000000000000000000000000000000000001111101111
111111111111111111111111111111111111111111111111111111111111111111111111111111111111111111111111111111111111111111111111111111111111111111111111111111111111111111111111111111111111111111111111111111101111111111111111111111111111111111111111111111111111111111111111111111111101111111111111111111111111111111111111111111111111111111
111111111111111111111111111111111111111111111111111111111111111111111111111111111111111111111111111111111111111111111111111111111111111111111111111111111111111111111111111101111111111111111111111111111111111111111111111111111111111111111111111111111110111111111111111111111111111111111111111111111111111111111111111111111111111111
111111111111111111111111111111111111111111111111111111111111111111111111111111111110111111111111111111111101111111111111111111111111111111111111111111111111111111111111111111111111111111111111111111111111111111111111111111111111111111111111111111111111111111111111111111111111111111111111111111111111111111111111111111111111111111
111111111111111111111111101111111111111111111111111111111111111111111111111111111111111111111111111111111111111111111111111111111111111111111111111111111111111111111111111111111111111111111111111111111111111111111111111111111111111111111111111111111111111111111111111111111011111111111111111111111111111111111111111111111111111111
111111111011101111101111001111111101011101000111111010101000000000000000010111000000100001101110011100000000000011111011110000000001100000000000000000011001111111001110100000000011000111101110111101011111111010111111111111111001110000111000111110000010111110111111110000000000000000000111110011001011111111110011111111101111111111
111110000000001110111100110000011010011111011101111100110000000000000000010111000000100000000000000011111011110111110111111110000001100000000000000000011110111001010000011010110111100011111110111111110000000000111100000000000000000000111111111100011010110000000000001111011100101110111111110011101100111101111111111110011111101111
111111111111011111111111111111111111111111111111111111111111111111111111111111111111111111111111111111111111111111111111111111111111111111111111111111111111111111111111111111111111111111111111111111111111111111111111111111111111111111111111111111111110111111111111111111111111111111111111111111111111111111111111111111111111111111
110000000000001110101100000000000000000000000001111010100000000000000000000110000000000000000000000000000000000011110011110000000001100000000000000000011001111100000000000000000011001011100000000000000000000000111111110000000001101000000000000000000000000000000000000000000000000000000000000000000000000000000000000000001111101111
110000000000001110101100000000000000000000000001111001100000000000000000000000000000000000000000000000000000000011110011110000000001100000000000000000011100111000010000000000000011100011110000000000000000000000111100000000000000000000000100000000000000000000000000000000000000000000000000000000000000000000000000000000001111101111
111111111111111111111111111111111111111111111111111011111111111111111111111111111111111111111111111111111111111111111111111111110111111111111111111111111111111111111111111111111111111111111111111111111111111111111111111111111111111111111111111111111111111111111111111111111111111111111111111111111111111111111111111111111111111111
110000000000000000000000000000000000000000000001111001100000000000000000000000100000000000000000000000011000000011110011100010000001100000000000000000011001111010000000000000000011001011100000000000000000000000111100000000000000000000000100000000000000000000000000000000000000000000000000000000000000000000000000000000001111101111
111111111111111111111111111111111011111111111111111111111111111111111111111111111111111111111111111111111111111111111111111111111111111111111111111111111111111111111111111111111111111111111110111111111111111111111111111111111111111111111111111111111111111111111111111111111111111111111111111111111111111111111111111111111111111111
111111111111101111111111111111111111111111111111111111111111111111111111111111111111111111111111111111111111111111111111111111111111111111111111111111111111111111111111111111111111111111111111111111111111111111111111111111111111101111111111111111111111111111111111111111111111111111111111111111111111111111111111111111111111111111
110000000000001111001100000000000000000000000001111100100000000000000000000100000000000000000000000000000000000011110011100010000001111110000000000111000000111000100000000000000011000111100000000000000000000000111100000000000000000000111000000000000000000000000000000000000000000000000000000000000000000000000000000000001111101111
111111111111111111111111111111111111111111111111111111111111111111111111111111111111111111111111111111111111111111111111111111111111111101111111111111111111111111111111111101111111111111111111111111111111111111111111111111111111111111111111111111111111111111111111111111111111111111111111111111111111111111111111111111111111111111
111111111111111111111111111111111111111111111111111111111111111111111111111111111111111111111111111111111111111111111111111111111111111101111111111111111111111111111111111111111111111111111111111111111111111111111111111111111111111111111111111111111111111111111111111111111111111111111111111111101111111111111111111111111111111111
111111111111111111111111111111111111111111111111111111111111111111111111111111111111111111111111111111111111111111110111111111111111111111111111111111111111111111111111111111111111111111111111111111111111111111111111111111111111111111111111111101111111111111111111111111111111111111111111111111111111111111111111111111111111111111
111111111111111111111111111111111111111111101111111111111111111111111111111111111111111111111111111111111111111111111111111111111011111111111111111111111111111111111111111111111111111111111111111111111111111111111111111111111111111111111111111111111111111111111111111111111111111111111111111111111111111111111111111111111111111111
111111111111111111111111111111111111111111111111111111111111111111110111111111111111111111111111111111111111111111111111111111111111111111111111111111111111111111111111111111111111111111111111111111111111111111111111111111111111111111111111111111011111111111111111111111111111111111111111111111111111111111111111111111111111111111
110000000000000000000000000000000000000000000001111010100000000000000000000110000000000000000000000000011000000011110011100010000001100000000000000000011001111000100000000000000011001011100000000000000000000000111111110000000001100100000000000000000000000000000000000000000000000000000000000000000000000000000000000000001111101111
110000000000000000000000000000000000000000000001111001100000000000000000000000000000000000000000000000011000000011110011100010000001100000000000000000011010111001000000000000000011100011100000000000000000000000111100000000000000000000000100000000000000000000000000000000000000000000000000000000000000000000000000000000001111101111
110000000000000000000000000000000000000000000001111001100000000000000000000000000000000000000000000000011000000011110011100010000001111110000000000111000000111100000000000000000011010011100000000000000000000000111100000000000000000000000100000000000000000000000000000000000000000000000000000000000000000000000000000000001111101111
111111110111101111011111001111011111111101010111111011100000000000000000000110100000100001101110110100011101100111110011100011000011111101111100000111100000111111100110011111101111110011100000000000000000111110111111111110000001100111111110111100111011110000000000001111011101110110101110111111010000000111111111111101101111101111
110000000000000000000000000000000000000000000001111001100000000000000000000000000000000000000000000000011000000011110011100010000001100000000000000000011001111000001000000000000011010011101110000000000000000000111100000000000000000000000100000000000000000000000000000000000000000000000000000000000000000000000000000000001111101111
111111110111111110111100101111011010001101000111111001110011011110001100011101111110011011111110100011011111101111111011110011011011100000000000000000011001111011000001011000001011001111101111011111011111111001111111111111111111101010000110111011101001111111111100101111011010100111001110001111101000111100000000001110011111101111
111101111011101110111110110000011110111110001011111110111011011000000000100111111000000001111111000011011110000011111111111111010111111110000000000111011001111010110101011111000111111111111100111101110000111110111111111111110011101111111101111011111110110000000000000000000000000000000110001111111100111101111100000000001111101111
111111111111111111111111111111111111111111111111111111111111111111111111111111111111111111111111111111111111111111111111111111111111111111111111111111111111111011111111111111111111111111111111111111111111111111111111111111111111111111111111111111111101111111111111111111111111111111111111111111111111111111111111111111111111111111
111101111011011110101111001111011101110000000001111001111111011110011001010110011000011011101111011111111100000011111011100010000001111101111111010111100000111111001000011001011011010011101100111101100000111100111111111111100101110100000101111000001110110000000000000000000000000000000110110011001100000100000011111111011111111111
110000000000000000000000000000000000000000000001111001100000000000000000000010000000000000000000000000011000000011110011100010000001100000000000000000011100111000000100000000000011010011100000000000000000000000111100000000000000000000000100000000000000000000000000000000000000000000000000000000000000000000000000000000001111101111
111111111011111110111100111111111001001110011101111001110111011110000010100011011110011111111111101110111010000011111111111000000001111111111011101111011110111011001001100000000011001011110000000000000000000000111100000000000000000000000101000000000000000000000000000000000000000000000000000000000000000100000000001110011111111111
110000000000000000000000000000000000000000000001111001100000000000000000000000000000000000000000000000011000000011110011100010000001100000000000000000011010111010000000000000000011100011100000000000000000000000111100000000000000000000000100000000000000000000000000000000000000000000000000000000000000000000000000000000001111101111
111101110111101111111100001111011000111101101101111100111011011110010010111101100000111111101110001010111111100111111011100011111111111111111100000111011111111011100101111100000011010011111110111111010000000000111111110000000001100010111111111101110010111111011011001111011110101110111110110011111111000110000000001111101111101111
110000000000001110101100000000000000000000000001111001100000000000000000000000000000100000000000000000000000000011110011110000000001100000000000000000011100111000100000000000000011001011100000000000000000000000111100000000000000000000000100000000000000000000000000000000000000000000000000000000000000000000000000000000001111101111
111111111111111111111111111111111111111111111111111111111111111111111111111111111111111111111111111111111111111111111111111111110111111111111111111111111111111110111111111111111111111111111111111111111111111111111111111111111111111111111111111111111111111111111111111111111111111111111111111111111111111111111111111111111111111111
110000000000000000000000000000000000000000000001111100110000000000000000000100000000000000000000000000011000000011110011100010000001100000000000000000011010111000000001000000000011001011100000000000000000000000111100000000000000000000111000000000000000000000000000000000000000000000000000000000000000000000000000000000001111101111
110000000000000000000000000000000000000000000001111001100100000000000000000000000000000000000000000000011000000011110011100010000001100000000000000000011001111000000010000000000011010011100000000000000000000000111100000000000000000000000100000000000000000000000000000000000000000000000000000000000000000000000000000000001111101111
110000000000001110111100000000011111101100101111111001100111111111001111100000011111011111111110111111111101110011110111111001011011100000000000000000011111111100111011111110011111000111101111011101110000111100111111111111100111101000111101111111011110111110111100000000000000000000000111110011111010111000000000001111001111101111
111111111111111111111111111111111111111111111111111111111111111111111111111111111111111111111111111111111111111111111111111111111111111111111111111111111111111111111111111111111111111111111111111111011111111111111111111111111111111111111111111111111111111111111111111111111111111111111111111111111101111111111111111111111111111111
110000000000000000000000000000000000000000000001111001100000000000000000000000100000000000000000000000011000000011110011100010000001100000000000000000011010111000000001000000000011001011100000000000000000000000111100000000000000000000000100000000000000000000000000000000000000000000000000000000000000000000000000000000001111101111
111111111111111110111111111111111111111111111111111111111111111111111111111111111111111111111111111111111111111111111111111111111111111111111111111111111111111111111111111111111111111111111111111111111111111111111111111111111111111111111111111111111111111111111111111111111111111111111111111111111111111101111111111111111111111111
111111111111111110101111100000000000011111111001111011110011100000000000010110011101100001101111100010011011111011111111111111110111100000000000000000011011111100001101000000000011011011101100011101001111000000111111110000000001101111000110111101111001111110111011011111011110110111101110111111010000111000000011111111101111101111
110000000000000000000000000000000000000000000001111001100000000000000000000000000000000000000000000000011000000011110011100010000001100000000000000000011011111001000000000000000011010011100000000000000000000000111100000000000000000000000100000000000000000000000000000000000000000000000000000000000000000000000000000000001111101111
111111110111111111001100001111011011101111001001111100101111011111010011000101100000000001101111100110000000000011110111100011001011111111111011110111100000111101000000111000000111001011101100111111011101111101111111110000000001111110111000111101110101110000000000001111111010101111101110001111011100111110000000001110001111111111
111110000000001110111100111111111010110000011111111010100000000000000000000111011111111010000000000000011011100111111111111100000001111111111011110110100000111010001001000000000011111111100000000000000000111111111111111110000001100001111000111010000010111110111111110000000000000000000111001111001110000100000000001101111111101111
111111111111111111111111111111111111111111111111111111111111111111111111111110111111111111111111111111111111111111111111111111111111111111111111111111111111111111111111111111111111111111111111111111111111111111111111111111111111101111111111111111111111111111111111111111111111111111111111111111111111111111111111111111111111111111
110000000000001110101100110000011001111111000101111010111000000000000000000110111110011011111110010010111010000011111111110011110111111101111111101111011001111101100101011001010011101011101111111110001111111001111111111111110010000000000101111010101001111111011100001111011100100110111111000011010000111001110000001110111111111111
110000000000000000000000000000000000000000000001111001110000000000000000000000000000000000000000000000011000000011110011100010000001100000000000000000011100111001000000000000000011001011100000000000000000000000111100000000000000000000000100000000000000000000000000000000000000000000000000000000000000000000000000000000001111101111
111101111011101110101100001111000000000000001001111010100011111110011000011110000000100001101110100110011111101011110111100011001011111111111011101111111100111000001010000000000011011011101111000000000000000000111111111110000000000000111000111000101010111111011111011111011101110110111111111111010000111000000011110000001111101111
111111111111111111111111111111111111111111111111111111111111111111111111111111111111111111111111111111111111111111111111111111111111111111111111111111111111111111111111111111111111111111111111111111111111111111111111111111111011111111111111111111111111111111111111111111111111111110111111111111111111111111111111111111111111111111
111111111111111110111111111111111111111111111111111111111111111111111111111111111111111111111111111111111111111111111111111111111111111111111111111111111111111101111111111111111111111111111111111111111111111111111111111111111111111111111111111111111111111111111111111111111111111111111111111111111111111111111111111111111111111111
110000000000000000000000000000000000000000000001111100100000000000000000000100000000000000000000000000011000000011110011100010000001111101111000000111000000111000000100000000000011100011100000000000000000000000111100000000000000000000111000000000000000000000000000000000000000000000000000000000000000000000000000000000001111101111
110000000000001110101100000000000000000000000001111001100000000000000000000000000000000000000000000000000000000011110011110000000001100000000000000000011100111000000100000000000011000111100000000000000000000000111100000000000000000000000100000000000000000000000000000000000000000000000000000000000000000000000000000000001111101111
111111111111111111111111111111111111111111111111111111111111111111111111111111111111111111111111111111111111111111111111111111111111111111111111111111111111111111111111111111101111111111111111111111111101111111111111111111111111111111111111111111111111111111111111111111111111111111111111111111111111111111111111111111111111111111
111111111111111111111111111111111111111111111111111111111111111111111011111111111111111111111111111111111111111111111111111111111111111111111111111111111111111111111111111111111111111111111111111111111111111111111111111111111111101111111111111111111111111111111111111111111111111111111111111111111111111111111111111111111111111111
110000000000001110101100000000000000000000000001111010100000000000000000000110000000000000000000000000000000000011110011110000000001100000000000000000011100111000000001000000000011010011100000000000000000000000111111111110000000000000000000000000000000000000000000000000000000000000000000000000000000000000000000000000001111101111
111111111111111111111111111111111111111111111111111111111111111111111111111111111111111111111111111111111111111111111011111111111111111111111111111111111111111111111111111011111111111111111111111111111111111111111111111111111111111111111111111111111111111111111111111111111111111111111111111111111111111111111111111111111111111111
111110000000001110111111110000011110011101001011111100111111100000000000010110111101000000000000000011111000000011111111111110000001100000000000000000011001111111111001111111110011001111111111111111100000111011111100000000000000000000111000111001000001110000000000000000000000000000000110110011011000111100000000001111101111101111
111111111111111111111111111111111111111111111111111111101111111111111111111111111111111111101111111111111111111111111111111111111111111111111111111111111111111111111111111111111111111111111111111111111111111111111111111111111111111111111111111111111111111111111111111111111111111111111111111111111111111111111111111111111111111111
111111111111111111111111111111111111111111111111111111111111111111111111111111111111111111111111111111111111111111111111111111111111111111111111111111111111111111111111111111101111111111111111111111111111111111111111111111111011111111111111111111111111111111111111111111111111111111111111111111111111111111111111111111111111111111
110000000000000000000000000000000000000000000001111001100000000000000000000000000000000000000000000000011000000011110011100010000001100000000000000000011100111000001000000000000011000111100000000000000000000000111100000000000000000000000100000000000000000000000000000000000000000000000000000000000000000000000000000000001111101111
111111111111111111111111111111111111111111101111111111111111111111111111111111111111111111111111110111111111111111111111111111111111111111111111111111111111111111111111111111111111111111111111111111111111111111111111111111111111111111111111111111111111111111111111111111111111111111111111111111111111111111111111111111111111111111
111111111011010000000000000000000000000000000001111100100111011111110000000100111110111101111111110011111010000011110111100010000001100000000000000000011100111101100111011001101011100011101111111110011111111010111111111111110001110001111111000000000000000000000000000000000000000000000000000000000000000111110000001110001111101111
111111111111101111111110111111011001111111111011111001111111111110010100000011011110100000000000000011100000000011110011111100000001111111111011111110111001111011100011011010011011100011101110011110011111111101111100000000000000000000000110111010110001111111011011011111011010110110111000000011001110000110000000000000001111101111
111111111111111111111111111111111111111111111111111111111111111111111111111111111111111111111111111111111111111111111111111111111111111111111111111111111111111111011111111101111111111111111111111111111111111111111111111111111111111111111111111111111111111111111111111111111111111111111111111111111111111111111111111111111111111111
111101111011110000000000000000000000000000000001111100111000000000000000010100111101100000000000000011111000000011111111100011010111111101111011100111011100111010111000111010111011010111111111011101110000111001111111110000000001101010111000111000010010111110111011000000000000000000000110001111100001000101110000001100011111101111
110000000000000000000000000000000000000000000001111001100100000000000000000000000000000000000000000000011000000011110011100010000001111101111000000110100000111000010000000000000011000111100000000000000000000000111100000000000000000000000100000000000000000000000000000000000000000000000000000000000000000000000000000000001111101111
110000000000000000000000000000000000000000000001111001100000000000000000000000000000000000000000000000011000000011110011100010000001111110000000000111000000111000000100000000000011100011100000000000000000000000111100000000000000000000000100000000000000000000000000000000000000000000000000000000000000000000000000000000001111111111
111111111111011111101110001111111110001100101101111001101011111111011010111111011000000001111110001100011110000011111111100011010011111110000000000110100000111000100000011000011111111111111100011110111111111111111111110000000001110101111110111000111001110000000000001111011100100111101111110011101111000100000011111110111111101111
110000000000000000000000000000000000000000000001111001100000000000000000000000000000000000000000000000011000000011110011100010000001100000000000000000011100111100000000000000000011110011100000000000000000000000111100000000000000000000000100000000000000000000000000000000000000000000000000000000000000000000000000000000001111101111
111101111111111110101110101111111110001101000001111100111111111110000100100101000000011010000000000000000000000011111011110010000001111111111100000111011011111111100100011110101011011111101100011111001111111101111100000000000000000000111000111011110101110000000000001111011111111111001111000011011110111101110000001110011111101111
110000000000001110101100000000000000000000000001111001100000000000000000000000000000000000000000000000000000000011110011100010000001100000000000000000011100111000000100000000000011100011100000000000000000000000111100000000000000000000000100000000000000000000000000000000000000000000000000000000000000000000000000000000001111101111
110000000000000000000000000000000000000000000001111100100000000000000000000100000000000000000000000000011000000011110011100010000001100000000000000000011101111000000001000000000011100011100000000000000000000000111100000000000000000000111000000000000000000000000000000000000000000000000000000000000000000000000000000000001111101111
110000000000001111101100000000000000001110111011111010100011100000000000000110011101111010000000000000011111101111111011111101100111111111111011011111111001111001001001100000000011101011101100000000001111111111111111110000000001101110000000000000000000000000000000000000000000000000000000000000000000111111111100001101011111111111
110000000000001111101100101111000000011111001011111100101011100000000000011111111000000001100000000010000000000011110011110001110011111111111111001111111001111111000011111100000011001111111110111110010000111010111111111111100011101000111100111101110110110000000000000000000000000000000111001111001001000101110000001100101111111111
111111111111111111111111111111111111111111111111111111111111111111111111111111111111111111111111111111011111111111111111111111111111111111111111111111111111111111111111111111111111111111111111111111111111111111111111111111111111111111111111111111111111111111111111111111111111111111111111111111111111111111111111111111101111111111
110000000000001110101100100000000000000000000001111001100000000000000000000000000000000000000000000000000000000011110011110000000001100000000000000000011100111001000000000000000011010011100000000000000000000000111100000000000000000000000100000000000000000000000000000000000000000000000000000000000000000000000000000000001111101111
110000000000000000000000000000000000000000000001111100100000000000000000000100000000000000000000000000011000000011110011100010000001100000000000000000011001111000100000000000000011000111100000000000000000000000111100000000000000000000111000000000000000000000000000000000000000000000000000000000000000000000000000000000001111101111
110000000000000000000000000000000000000000000001111010100000000000000000000110000000000000000000000000011000000011110011100010000001100000000000000000011100111010000000000000000011001011100000000000000000000000111111111110000000000000000000000000000000000000000000000000000000000000000000000000000000000000000000000000001111101111
111110000000001110101100110000011100001101011001111001101100000000000000010001011111000001101111001010111101110011110111111001111111111110000000000111011100111100011110111011000111111011111100000000001110000000111111111110000001100111111110000000000000000000000000000000000000000000000000000000000000111100000000000000001111111111
110000000000001110101100000000000000000000000001111001100000000000000000000000000000000000000000000000000000000011110011110000000001111110000000000111000000111000000001000000000011001011100000000000000000000000111100000000000000000000000100000000000000000000000000000000000000000000000000000000000000000000000000000000001111101111
110000000000001110101100000000000000000000000001111001100000000000000000000000000000000000000000000000000000000011110111110000000001111110000000000110100000111010000000000000000011010011100000000000000000000000111100000000000000000000000100000000000000000000000000000000000000000000000000000000000000000000000000000000001111101111
111111111111111111111111111111111111111111111111111111111111111111111111111111111111111111111111111111111111111111111111111111111111111111111111111111111101111111111111111111111111111111111111111111111111111111111111111111111111111111111111111111111111111111111111111111111111111111111111111111111110111111111111111111111111111111
111101111011011110101100111111011010011101001111111110110000000000000000011110011000111011111110110111011010000011110111111101011011100000000000000000011100111010110001111011001011111011101110000000001101111110111111111110000001100111111101111010010111110000000000001111111101101111011110110011110000000111110000000000001111111111
111110000000001111101111111111011010110000010101111001110111111110100001010001111000111011111110001000000000000011111111110001001011111110000000000111011100111110101100111101101111101011101111000000001110111010111111111111100101110100111110111000100101111110111011011111111101101110101110001111010001111111111111111111111111111111
110000000000000000000000000000000000000000000001111001100000000000000000000100000000000000000000000000011000000011110011100010000001100000000000000000011010111000000100000000000011000111100000000000000000000000111100000000000000000000000100000000000000000000000000000000000000000000000000000000000000000000000000000000001111101111
111111111111111111111111111111111111111111011111111111111111111111111111111111111111111111111111111111111111111111111111111111111111111111111111111111111111111011111111111111111111111111111111111111111111111111111111111111111111111111111111111111111111111111111111111111111111111111111111111111111111111111111111111111111111111111
111111111111111111111111111111111111111111111111111111111111111111111111111111111111111111111111111111111111111111111111111111111111111111111111111111111111111111111111111111111111111111111111111111111111111111111111111111111111101111111111111111111111111111111111111111111111111111111111111111111111111111111111111101111111111111
111111111111111111111111111111011111111111111111111111111111111111111111111111111111111111111111111111111111101111111111111111111111111111111111111111111111111111111111111111111111111111111111111111111111111111111111111111111111111111111111111111111111111111111111111111111111111111111111111111111111111111111111111111111111111111
111111110111111110101110101111011011110000001011111010100111111111111101011110111111000001101110010000011110000011110111110011011111111111111011001111011110111000001010111011101011110111110000000000000000111010111111111110000001100111000110111011010111111111111100101111111101101111111110001111001111000111111100001100101111111111
111111111111111111111111111111111111111111111111111111111011111111111111111111111110111111111111111111111111111111111111111111111111111111111111111111111111111111111111111111111111111111111111111111111111111111111111111111111111111111111111111111111111111111111111111111111111111111111111111111111111111111111111111111111111111111
110000000000001111101100000000000000011100111011111011111011011000000000100111111111011011111110111110111011111011111011111111000111111110000000000111011101111111110001011010010111111111111100111110000000111010111111111110000001101100000101111101001110110000000000000000000000000000000111000011011001000101111111111110011111111111
110000000000000000000000000000000000000000000001111001100100000000000000000000000000000000000000000000011000000011110011100010000001100000000000000000011010111100000000000000000011001011100000000000000000000000111100000000000000000000000100000000000000000000000000000000000000000000000000000000000000000000000000000000001111101111
111111111111111111111111111111111111111111101111111111111111111111111111111111111111111111111111111111111111111111111111111111111111111111111111111111111111111111110111111111111111111111111111111111111111111111111111111111111111111111111111111111111111111111111111111111111111111111111111111111111111111111111111111111111111111111
110000000000000000000000000000000000000000000001111100101000000000000000000100000000000000000000000000011000000011110011100010000001111110000000000110100000111000000010000000000011000111100000000000000000000000111100000000000000000000111000000000000000000000000000000000000000000000000000000000000000000000000000000000001111101111
111101111011011110111110111111111010000000011011111110111011100000000000010110100000111101101110010011111001111011111011111111010111111101111011011110111110111101110011111111001111100111110000000000000000111010111111111110000001111111111000111000010101111111011011100000000000000000000000000011100001000110000011111110001111101111
111111111111111111111111111111111111111111111111111111111111111111111111111110111111111111111111111111111111111111111111111111111111111111111111111111111111111111111111111111111111111111111111111111111111111111111111111111111111111111111111111111110111111111111111111111111111111111111111111111111111111111111111111111111111111111
110000000000000000000000000000000000000000000001111001100000000000000000000000000000000000000000000000011000000011110011100010000001100000000000000000011100111000100000000000000011010011100000000000000000000000111100000000000000000000000110000000000000000000000000000000000000000000000000000000000000000000000000000000001111101111
111111111011011111111111111111111011111111111011111001101000000000000000000100111111100001111111011100011111101011110111100011101011111110000000000111111001111111000100111100101111111111101100011101101101111110111111111110000001110110111110111011111110110000000000000000000000000000000110111111011000000101110000000000001111101111
110000000000000000000000000000000000000000000001111001100000000000000000000000000000000000000000000000011000000011110011100010000001100000000000000000011100111000100000000000000011000111100000000000000000000000111100000000000000000000000100000000000000000000000000000000000000000000000000000000000000000000000000000000001111111111
111111111111111111111111111111111111111111111001111111111111111111111111111111111111111111111111111111111111111111111111111111111111111111111111111111111111111111111111111111111111111111111111111111111111111111111111111111111111111111111111111111111111111111111111111111111111111111111111111111111111111111111111111111111111111111
110000000000000000000000000000000000000000000001111100100000000000000000000100000000000000000000000000011000000011111011100010000001100000000000000000011100111000000100000000000011001011100000000000000000000000111100000000000000000000111000000000000000000000000000000000000000000000000000000000000000000000000000000000001111101111
110000000000000000000000000000000000000000000001111001100000000000000000000000000000000000000000000000011000000011110011100010000001111101111000000111000000111100000000000000000011010011100000000000000000000000111100000000000000000000000100000000000000000000000000000000000000000000000000000000000000000000000000000000001111101111
111101111011011110111111000000011000101101011011111011111111111111111010011110111101100001111110111111111011110111111111100011110011111111111011101110111001111011001010111001110011111111101100011111111111111011111111111111100101110110111100111101111110111110111100110000000000000000000111000011101010000000000011111110001111101111
111111111111111111111111111111111111111111111111111111111111111111111111111111111111111111111111111111111111111111111111111111111111111111111111111111111111111111111111111111111111111111111111111111111111111111111111111111111111111111111111111111111111111111111111111111111111111110101111111111111111111111111111111111111111111111
110000000000001110101100000000000000000000000001111100100000000000000000000100000000000000000000000000000000000011110011110000000001111110000000000111000000111000000010000000000011000111100000000000000000000000111100000000000000000000111000000000000000000000000000000000000000000000000000000000000000000000000000000000001111101111
~~~
0.0 128.0 119.0 347.0 2027.0
0.0 2.0 177.0 626.0 3310.0
0.0 275.0 31.0 108.0 532.0
0.0 2.0 179.0 620.0 3311.0
0.0 2.0 178.0 626.0 3304.0
0.0 279.0 25.0 114.0 504.0
0.0 130.0 104.0 384.0 2038.0
0.0 2.0 179.0 618.0 3297.0
0.0 276.0 28.0 121.0 535.0
0.0 126.0 115.0 368.0 2063.0
0.0 279.0 26.0 109.0 514.0
0.0 282.0 27.0 96.0 480.0
0.0 2.0 179.0 624.0 3303.0
0.0 278.0 27.0 110.0 520.0
0.0 282.0 26.0 98.0 475.0
0.0 2.0 178.0 619.0 3308.0
0.0 2.0 177.0 626.0 3298.0
0.0 156.0 95.0 325.0 1752.0
0.0 146.0 101.0 354.0 1853.0
0.0 279.0 26.0 117.0 499.0
0.0 2.0 179.0 622.0 3297.0
0.0 145.0 101.0 344.0 1818.0
0.0 161.0 92.0 335.0 1768.0
0.0 279.0 26.0 112.0 513.0
0.0 2.0 178.0 617.0 3307.0
0.0 2.0 177.0 626.0 3305.0
0.0 114.0 124.0 367.0 2187.0
0.0 128.0 111.0 388.0 2049.0
0.0 155.0 98.0 312.0 1788.0
0.0 278.0 26.0 110.0 524.0
0.0 282.0 24.0 108.0 467.0
0.0 282.0 26.0 99.0 480.0
0.0 152.0 104.0 325.0 1793.0
0.0 281.0 25.0 100.0 499.0
0.0 280.0 28.0 104.0 501.0
0.0 278.0 27.0 111.0 515.0
0.0 2.0 179.0 620.0 3299.0
0.0 2.0 178.0 626.0 3304.0
0.0 204.0 65.0 264.0 1249.0
0.0 188.0 78.0 302.0 1448.0
0.0 2.0 178.0 622.0 3302.0
0.0 276.0 28.0 119.0 534.0
0.0 282.0 26.0 100.0 471.0
0.0 2.0 179.0 619.0 3295.0
0.0 279.0 27.0 110.0 498.0
0.0 2.0 177.0 626.0 3305.0
0.0 275.0 32.0 104.0 530.0
0.0 2.0 179.0 618.0 3299.0
0.0 282.0 24.0 104.0 483.0
0.0 282.0 25.0 106.0 484.0
0.0 279.0 25.0 113.0 512.0
0.0 2.0 178.0 618.0 3309.0
0.0 2.0 177.0 626.0 3303.0
0.0 2.0 178.0 622.0 3309.0
0.0 2.0 178.0 618.0 3300.0
0.0 150.0 105.0 327.0 1828.0
0.0 167.0 87.0 318.0 1669.0
0.0 2.0 177.0 626.0 3295.0
0.0 271.0 35.0 111.0 563.0
0.0 278.0 28.0 111.0 518.0
0.0 2.0 178.0 621.0 3303.0
0.0 282.0 26.0 98.0 471.0
0.0 2.0 178.0 617.0 3304.0
0.0 2.0 178.0 618.0 3300.0
0.0 272.0 29.0 122.0 569.0
0.0 2.0 178.0 622.0 3309.0
0.0 2.0 178.0 622.0 3308.0
0.0 2.0 177.0 626.0 3298.0
0.0 2.0 179.0 617.0 3294.0
0.0 2.0 178.0 624.0 3303.0
0.0 275.0 32.0 97.0 539.0
0.0 283.0 24.0 101.0 474.0
0.0 279.0 25.0 108.0 501.0
0.0 135.0 109.0 326.0 1964.0
0.0 280.0 27.0 107.0 496.0
0.0 121.0 119.0 364.0 2058.0
0.0 132.0 111.0 333.0 2010.0
0.0 2.0 179.0 615.0 3302.0
0.0 148.0 102.0 330.0 1884.0
0.0 282.0 25.0 105.0 482.0
0.0 185.0 76.0 306.0 1500.0
0.0 283.0 25.0 98.0 470.0
0.0 114.0 111.0 417.0 2168.0
0.0 278.0 27.0 111.0 513.0
0.0 2.0 178.0 623.0 3295.0
0.0 279.0 27.0 109.0 507.0
0.0 282.0 26.0 98.0 479.0
0.0 134.0 105.0 385.0 1978.0
0.0 2.0 178.0 625.0 3304.0
0.0 282.0 24.0 103.0 470.0
0.0 2.0 177.0 626.0 3303.0
0.0 136.0 105.0 351.0 1920.0
0.0 282.0 25.0 101.0 489.0
0.0 135.0 110.0 336.0 1977.0
0.0 168.0 93.0 312.0 1598.0
0.0 2.0 177.0 626.0 3301.0
0.0 135.0 102.0 376.0 1957.0
0.0 282.0 25.0 104.0 477.0
0.0 151.0 97.0 362.0 1737.0
0.0 2.0 179.0 620.0 3307.0
0.0 2.0 177.0 626.0 3303.0
0.0 273.0 29.0 122.0 562.0
0.0 279.0 26.0 115.0 498.0
0.0 2.0 177.0 626.0 3311.0
0.0 2.0 177.0 626.0 3308.0
0.0 271.0 33.0 119.0 568.0
0.0 2.0 179.0 621.0 3301.0
0.0 179.0 86.0 262.0 1549.0
0.0 2.0 178.0 624.0 3300.0
0.0 2.0 178.0 622.0 3307.0
0.0 283.0 25.0 101.0 460.0
0.0 2.0 179.0 610.0 3302.0
0.0 184.0 82.0 294.0 1479.0
0.0 140.0 106.0 359.0 1913.0
0.0 2.0 178.0 626.0 3302.0
0.0 175.0 91.0 271.0 1544.0
0.0 275.0 28.0 118.0 554.0
0.0 278.0 25.0 108.0 516.0
0.0 127.0 112.0 359.0 2064.0
0.0 282.0 25.0 105.0 472.0
0.0 145.0 104.0 337.0 1921.0
0.0 279.0 26.0 115.0 503.0
0.0 279.0 27.0 112.0 499.0
0.0 188.0 77.0 283.0 1395.0
0.0 164.0 89.0 322.0 1637.0
0.0 2.0 177.0 626.0 3307.0
0.0 278.0 26.0 121.0 515.0
0.0 280.0 27.0 104.0 500.0
0.0 275.0 32.0 106.0 530.0
0.0 188.0 76.0 263.0 1400.0
0.0 275.0 27.0 117.0 533.0
0.0 274.0 28.0 120.0 556.0
0.0 2.0 179.0 623.0 3302.0
0.0 143.0 104.0 330.0 1872.0
0.0 118.0 121.0 376.0 2131.0
0.0 282.0 25.0 102.0 477.0
0.0 2.0 179.0 621.0 3303.0
0.0 2.0 178.0 625.0 3305.0
0.0 2.0 178.0 617.0 3303.0
0.0 112.0 120.0 369.0 2150.0
0.0 2.0 178.0 624.0 3302.0
0.0 147.0 104.0 329.0 1833.0
0.0 282.0 24.0 104.0 478.0
0.0 2.0 178.0 619.0 3298.0
0.0 275.0 28.0 121.0 541.0
0.0 138.0 108.0 337.0 1909.0
0.0 2.0 177.0 626.0 3303.0
0.0 282.0 25.0 101.0 477.0
0.0 135.0 107.0 364.0 1987.0
0.0 282.0 24.0 101.0 479.0
0.0 2.0 178.0 619.0 3303.0
0.0 279.0 27.0 113.0 505.0
0.0 276.0 27.0 114.0 531.0
0.0 107.0 122.0 424.0 2239.0
0.0 2.0 179.0 620.0 3306.0
0.0 272.0 30.0 122.0 561.0
~~~
14.1654689312
