111111111111111111111111111111111111111111111111111111111111111111111111111111111111111111111111111111111111111111111111111111111111111111111111111111111111111111111111111111111111111111111111111111111111111111111111111111111111111111111111111111111111111110111111111111111101111111111111111111111111111111111111111111111111111111
111101111011011111101100111111111101101100100111111001111000000000000000010100100000111011101110111011011010000011111111100011011011100000000000000000011001111000001101100000000011010111101110011100111110111100111111111111100101101111000100111001101001110000000000000000000000000000000110110011011111000001111111111110111111111111
111111111111111111111111111111111111111111111111111111111111111111111111111111111111111111111111111111111111111111111111111101111111111111111111111111111111111111111111111111111111111111111111111111111111111111111111111111111111111111111111111111111111111111111111111111111111111111111111111111111110111111111111111111111111111111
110000000000001110101100000000000000000000000001111100100000000000000000000100000000000000000000000000000000000011110011110000000001100000000000000000011100111000100000000000000011100011100000000000000000000000111100000000000000000000111000000000000000000000000000000000000000000000000000000000000000000000000000000000001111101111
111111111111111111111111111111111111111111101111111111111111111111111111111111111111111111111111111111111111111111111111111111111111111111111111111111111111111111111111111111111111111111111111111111011111111111111111111111111111111111111111111111111111111111111111111111111111111111111111111111111111111111111111111111111111111111
111111111111111110111111111111111111101111111111111111111111111111111111111111111111111111111111111111111111111111111111111111111111111111111111111111111111111111111111111111111111111111111111111111111111111111111111111111111111111111111111111111111111111111111111111111111111111111111111111111111111111111111111111111111111111111
111111111111111111111111111111111111111111111111111111111111111111111111111111111111111111111111111111111111111111111111111111111111111111111111111111111111111111111111111111111111111111111111111111111111111111111111111111111111111111111111111111111111111111111111101111111111111111111111111111111111111101111111111111111111111111
111110000000001110011111001111111111101101010001111010110011011111110010000110011100000001101110011111011111110111111111100010000001100000000000000000011111111111101001111111011111111011101110111101110000000000111111111111110101110110111000111110111001110000000000000000000000000000000111000011101110000111111100000000001111111111
111111111111111111111111111111111111111111111111111101111111111111111111111111111111111111111111111111111111111111111111111111111111111111111111111111111111111111111111111111111111111111111111111111111111111111111111111111111111111111111111111111111111111111111111111111111111111111111111111111111111111111111111111111111111111111
110000000000000000000000000000000000000000000001111001100000000000000000000000100000000000000000000000011000000011110011100010000001100000000000000000011010111000100000000000000011000111100000000000000000000000111100000000000000000000000100000000000000000000000000000000000000000000000000000000000000000000000000000000001111101111
110000000000000000000000000000000000000000000001111100100000000000000000000100000000000000000000000000011000000011110011100010000001100000000000000000011001111000010000000000000011000111100000000000000000000000111100000000000000000000111000000000000000000000000000000000000000000000000000000000000000000000000000000000001111111111
110000000000000000000000000000000000000000000001111001100000000000000000000000000000000000000000000000011000000011111011100010000001100000000000000000011100111100000000000000000011000111100000000000000000000000111100000000000000000000000100000000000000000000000000000000000000000000000000000000000000000000000000000000001111101111
111111111111111111111111111111111111111101111111111111111111111111111111111111111111111111111111111111111111111111111111111111111111111111111111111111111111111111111111111111111111111111111111111111111111111111111111111111111111111111111111111111111111111111011111111111111111111111111111111111111111111111111111111111111111111111
111101110111111111111111000000011001111111011101111001100111011110001110100010100000000001101110100010011100000011110011111110000001111110000000000111111100111110001000011010001011010111101110011101111110000000111111111111101000000000000100111010001000110000000000001111111111101111001111111111111010111111110011111111101111101111
110000000000001111001100000000000000000000000001111001100000000000000000000000000000000000000000000000000000000011110011100010000001100000000000000000011010111000100000000000000011001011100000000000000000000000111100000000000000000000000100000000000000000000000000000000000000000000000000000000000000000000000000000000001111101111
111111111111111111111111101111111111111111111111111111111111111111111111111111111111111111111111111111111111111111111111111111111111111111111111111111111111111111111111111111111111111111111111111111111101111111111111111111111111111111111111111111111111111111111111111111111111111111111111111111111111111111111111111111111111111111
110000000000000000000000000000000000000000000001111100100000000000000000000100000000000000000000000000011000000011111011100010000001111110000000000110100000111100000000000000000011100011100000000000000000000000111100000000000000000000111000000000000000000000000000000000000000000000000000000000000000000000000000000000001111101111
110000000000000000000000000000000000000000000001111100100000000000000000000100000000000000000000000000011000000011110011100010000001100000000000000000011100111000100000100000000011010011100000000000000000000000111100000000000000000000111000000000000000000000000000000000000000000000000000000000000000000000000000000000001111101111
110000000000000000000000000000000000000000000001111100100000000000000000000100000000000000000000000000011000000011110011100010000001100000000000000000011100111000100000000000000011000111100000000000000000000000111100000000000000000000111000000000000000000000000000000000000000000000000000000000000000000000000000000000001111101111
111101110111011111111111000000011000110000001001111010110111111000000000111111111110011110000000000010111011100111111111110001010011100000000000000000011001111011110000011001001111000111111111100000001110000000111111111111111111101000111000111000100011111111011100001111111111101110101110111111001110000111110000000000001111111111
110000000000000000000000000000000000000000000001111001100000000000000000000000000000000000000000000000011000000011110111100010000001111110000000000110100000111000010000000000000011010011100000000000000000000000111100000000000000000000000100000000000000000000000000000000000000000000000000000000000000000000000000000000001111101111
110000000000001110011100000000000000000000000001111001100000000000000000000000000000000000000000000000000000000011110011100010000001100000000000000000011100111000001000000000000011010011100000000000000000000000111100000000000000000000000100000000000000000000000000000000000000000000000000000000000000000000000000000000001111101111
110000000000000000000000000000000000000000000001111001100000000000000000000000000000000000000000000000011000000011110011100010000001111110000000000110100000111000001000100000000011000111100000000000000000000000111100000000000000000000000100000000000000000000000000000000000000000000000000000000000000000000000000000000001111101111
110000000000001110101100000000000000000000000001111010100000000000000000000110000000000000000000000000000000000011110011110000000001100000000000000000011100111100000000000000000011000111100000000000000000000000111111110000000001110000000000000000000000000000000000000000000000000000000000000000000000000000000000000000001111101111
111111111111111111111110111111111111111111111111111111111111111111111111111111111111111111111111111111111111111111111111111111111111111111111111111111111111111111111111111111111111111111111111111111111111111111111111111111111111111111111111111111111111111111111111111111111111111111111110111111111111111111111111111111111111111111
110000000000000000000000000000000000000000000001111001110000000000000000000000000000000000000000000000011000000011110011100010000001111101111000000111000000111010000000000000000011000111100000000000000000000000111100000000000000000000000100000000000000000000000000000000000000000000000000000000000000000000000000000000001111101111
111101111111111111111111111111111111111111111111111111111111111111111111111111111111111111111111111111111111111111111111111111111111111111111111111111111111111111111111111111111111111111111111111111111111111111111111111111111111111111111111111111111111111111111111111111111101111111111111111111111111111111111111111111111111111111
110000000000001110011111001111011010000000001001111001100011111000000001100110111111111101101000000011111001100111110111100010000001100000000000000000011011111010010000011010101111011111101110100000000000000000111100000000000000000000111101111010011000111110111011011111111011110111001110110011010001111001111111110000001111111111
111101111111111111001111001111011110000000010001111100110011111110111101010100011111011101101111100010011111111011110111100010000001111101111111001111000000111011001101011100001111100011101110100000001110111110111100000000000000000000111101111010010100111111111011101111111101101111001111110011001111111001110000001110011111111111
110000000000001111011110001111111111001110001101111010111011100000000000010110011100000001100000000011011101100111111111100010000001111101111111011110100000111110010110111110000011001011101110111101100000000000111111111111101010000000111111111011110001111110111100100000000000000000000000000011111011111001111100000000001111111111
110000000000001110101100000000000000000000000001111100100000000000000000000100000000000000000000000000000000000011110011110000000001111110000000000110100000111000100000000000000011010011100000000000000000000000111100000000000000000000111000000000000000000000000000000000000000000000000000000000000000000000000000000000001111101111
111111111111111111111111111111111111111111111111111111111111111111111111111111111111111111111111111111111111111111111111111111011111111111111111111111111111111111111111111111111111101111111111111111111111111111111111111111111111111111111111111111111111111111111111111111111111111111111111111111111111111111111111111111111111111111
110000000000000000000000000000000000000000000001111001100000000000000000000000000000000000000000000010011000000011110011100010000001100000000000000000011100111000001000000000000011001011100000000000000000000000111100000000000000000000000100000000000000000000000000000000000000000000000000000000000000000000000000000000001111101111
110000000000001110011100000000000000000000000001111001100000000000000000000000000000000000000000000000000000000011110011100010000001100000000000000000011100111000010000000000000011100011100000000000000000000000111100000000000000000000000100000000000000000000000000000000000000000000000000000000000000000000000000000000001111101111
111111111111111111111111111111011111111111111111111111111111111111111111111111111111111111111111111111111111111111111111111111111111111111111111111111111111111111111111111111111111111111111111111110111111111111111111111111111111111111111111111111111111111111111111111111111111111111111111111111111111111111111111111111111111111111
111111111011011110011111001111100000010000011011111100100011011111000111111100011101000001111000000010111101101111110111100011000111111110000000000110111011111101101111100000000011100011101110000000001111111110111111110000000001100010111000000000000000000000000000000000000000000000000000000000000000000101111100001111011111101111
110000000000000000000000000000000000000000000001111100100000000000000000000100000000000000000000000000011000000011110011100010000001100000000000000000011010111000010000000000000011100011100000000000000000000000111100000000000000000000111000000000000000000000000000000000000000000000000000000000000000000000000000000000001111101111
110000000000001110101100000000000000000000000001111010100000000000000000000110000000000000000000000000000000000011110011110000000001100000000000000000011010111001000000000000000011100011100000000000000000000000111111111110000000000000000000000000000000000000000000000000000000000000000000000000000000000000000000000000001111101111
111111111111111111111111111111111111111111111111111111111111111111111111111111111111111011111111111111111111111111111111111111111111111111111111111111111111111111111111111111111111111111111111111111111111111111111111111111111111111111111111111110111111111111111111111111111111111111111111111111111111111111111111111111111111111111
111111111111111111111111111111111111111111111111111111111111111111111111111111111111111111111111111111111111111111111111111111111111111111111111111111111111111101111111111111111111111111111111111111111111111111111111111111111101111111111111111111111111111111111111111111111111111111111111111111111111111111111111111111111111111111
111110000000001110101100101111011111111110111001111100110100000000000000000100111111000000000000000010111001111011111111100011110011100000000000000000011111111111110000011110111111011111111111111111100000111101111111110000000001100010111000111001111100110000000000000000000000000000000110001111001101000000000000001100011111101111
111111111111111111111111111111111111111111111111111111111111111111111111111111111111111111111111111111111111111111111111111111111111111111111111111111111111111111111111111111111111111111111111111111111111111111111111111111111111111010111111111111111111111111111111111111111111111111111111111111111111111111111111111111111111111111
110000000000001110011100000000000000000000000001111001100000000000000000000000000000000000000000000000000000000011110011100010000001100000000000000000011100111100000000000000000011100011100000000000000000000000111100000000000000000000000100000000000000000000000000000000000000000000000000000000000000000000000000000000001111101111
110000000000001110101100000000000000000000000001111010100000000000000000000110000000000000000000000000000000000011110011110000000001100000000000000000011001111000001000000000000011010011100000000000000000000000111111110000000001100010000000000000000000000000000000000000000000000000000000000000000000000000000000000000001111101111
111111111111111111111111111111111111111111111111111111111111111111111111111111111111111111111111111111011111111111111111111111111111111111111111111111111111111111111111111111111111111111111111111111111111111111111111111111111111111111111111111111111111111111111111111111111111111111111111111111111111111111111111111111111111111111
110000000000000000000000000000000000000000000001111100100000000000000000000100000000000000000000000000011000000011110111100010000001100000000000000000011010111010000000000000000011000111100000000000000000000000111100000000000000000000111000000000000000000000000000000000000000000000000000000000000000000000000000000000001111101111
111111111111111111111111111111111111111111111101111111111111111111111111111111111111111111111111111111111111111111111111111111111111111111111111111111111111111111111111111111111111111111111110111111111111111111111111111111111111111111111111111111111111111111111111111111111111111111111111111111111111111111111111111111111111111111
111111111111111111111111111111111111111111111111111111111111111110111111111111111111111111111111111111111111111111111111111111111111111111111111111111111111111111111111111111111111111111111111111111111111111111111111111111111111111111111111111111111111111111111111111111111111111111111111111111111111111111111111111111111111101111
110000000000000000000000000000000000000000000001111100100000000000000000000100000000000000000000000000011000000011110011100010000001100000000000000000011100111100010000000000000011000111100000000000000000000000111100000000000000000000111000000000000000000000000000000000000000000000000000000000000000000000000000000000001111101111
111111111111111111111111111111111111111111111111111111111011111111111111111111111111111111111111111111111111111111111111111111111111111111111111111111111111111111111111111111111111111111111111111111111111111111111111111111111111111101111111111111111111111111111111111111111111111111111111111111111111111111111111111111111111111111
111111111111111111111111111111111111111111111111111111111111111111111111111111111111111111111111111111111111111111111111111111111111111111111111111111111101111111111111111111111111111111111111111111111111111111111111111111111111111111111111111111111111111111111111111111111111110111111111111111111111111111111111111111111111111111
111111111011011110101100100000011010000000010101111100111111011110000101111100100000011100000000000011000000000011110111100010000001111111111000000110111011111000101010011110100011011111111111100000001101111001111100000000000000000000111000111001000001111110111011100000000000000000000111110011110000000000000011111100011111101111
110000000000000000000000000000000000000000000001111100100100000000000000000100000000000000000000000000011000000011110011100010000001100000000000000000011010111000000100000000000011010011100000000000000000000000111100000000000000000000111000000000000000000000000000000000000000000000000000000000000000000000000000000000001111101111
111101110111111110111100110000011010001110001011111001110011011110111011111110111101111101111111010011111010000011111111100010000001111111111111011110111001111011001111011100011111111111111111000000001101111111111100000000000000000000111101111011100111111110111100001111011011101111111110001111001010111000000000000000001111101111
111101111011101110101100001111111010001111100101111011110100000000000000011111011111011111110000000011111010000011111111110001101111111110000000000111011010111001110011100000000011101111101111011110000000000000111111111110000001110101000110111100010011111110111111111111111101100111111110110011110000000100000011111100111111101111
110000000000001110101100000000000000000000000001111010100000000000000000000110000000000000000000000000000000000011110011110000000001100000000000000000011001111010000000000000000011000111100000000000000000000000111111110000000001100100000000000000000000000000000000000000000000000000000000000000000000000000000000000000001111101111
111111111111111111111111111111111111111111111111111111111111111111111111111111111111111111111111111111111111111111111111111111111111111111111111111111111111111111111111111111111111111111111111111111111111111111111111111111111111111111111111111111110111111111111111111111111111111111111111111111111111111111111111111110111111111111
111110000000001110111100111111000000011111000001111100101011011000000000111101011101100001101110111100011001110111110011100011011011111111111011010111011101111001101101011100111011100111101111000000000000000000111111111110000000000000111111111110001010110000000000001111011010110111101111001111011001000100000011111110101111101111
111111111111111111111111111111111111111111111111111111111111111111111111111111111111111111111111111111111111111011111111111111111111111111111111111111111111111111111011111111111111111111111111111111111111111111111111111111111111111111111111111111111111111111111111111111111111111111111111111111111111111111111111111111111111111111
110000000000000000000000000000000000000000000001111001100000000000000000000000000000000000000000000000011000000011110011100010000001100000000000000000011100111000000100000000000011100011100000000000000000000000111100000000000000000000000101000000000000000000000000000000000000000000000000000000000000000000000000000000001111101111
111111111111101110101100100000011101111110011001111001100011011110011000000101111111011101111111011111111001101111110111111110000001111110000000000111011100111110101111011001111011001111111111111110011110111100111100000000000000000000000100111101100001111111011100001111111100111111011111001111100001111110000011110000001111101111
111111111111111111111111111111111111111111111011111111111111111111111111111111011111111111111111111111111111111111111111111101111111111111111111111111111111111111111111111111111111111111111111111111111111111111111111111111111111111111111111111111111111111111111111111111111111111111111111111111111111111111111111111111111111111111
110000000000000000000000000000000000000000000001111001100000000000000000000010000000000000000000000000011000000011110011100010000001111101111000000111000000111010000000000000000011001011100000000000000000000000111100000000000000000000000100000000000000000000000000000000000000000000000000000000000000000000000000000000001111101111
111111111111111111111111111111111111111111111111111111111111111111111111111111111111111111111111111111011111111111111111111111111111111111111111111111111111111111111111111111111111111111111111111111111111111111111111111111111111111111111111111111111111111111111111111111111111110111111111111111111111111111111111111111111111111111
110000000000001111001100000000000000000000000001111001100000000000000000000000000000000000000000000000000000000011110011100010000001111110000000000111000000111000000010000000000011001011100000000000000000000000111100000000000000000000000100000000000000000000000000000000000000000000000000000000000000000000000000000000001111101111
111111111111111111111111111111111110111111111111111111111111111111111111111111111111111111111111111111111111111111111111111111111111111111111111111111111111111111111111111111111111111111111111111111111111111111111111111111111111111111111111111111111111111111011111111111111111111111111111111111111111111111111111111111111111111111
111111111011111111111111111111111001100000001011111110110111011110000100011110000000100001101110010110111001111111110111110001110111111110000000000111011100111001001010000000000011001111101110011110100000111110111111111111111001111001111000111010110011111111011100100000000000000000000110001111011110000001110000000000001111101111
110000000000001110101100000000000000000000000001111100100000000000000000000100000000000000000000000000000000000011110011100010000001111101111000000110100000111000001000000000000011001011100000000000000000000000111100000000000000000000111000000000000000000000000000000000000000000000000000000000000000000000000000000000001111101111
110000000000000000000000000000000000000000000001111100100000000000000000000100000000000000000000000000011000000011110011100010000001100000000000000000011100111001000000000000000011101011100000000000000000000000111100000000000000000000111000000000000000000000000000000000000000000000000000000000000000000000000000000000001111101111
111111111111111111111111111111111111111111111111111111111111111111111111111111111111111111111111111111111111111111111111111111111111111111111111111111111111111111111111111111111111111111111111111110111111111111111111111111111111111111111111111111111111111110111111111111111111111111111111111111111111111111111111111111111111111111
110000000000000000000000000000000000000000000001111001100000000000000000000000000000000000000000000000011000000011110011100010000001100000000000000000011010111000010000000000000011000111110000000000000000000000111100000000000000000000000100000000000000000000000000000000000000000000000000000000000000000000000000000000001111101111
110000000000001111111100000000011011000000001101111010111011111111010101100110100000000001101110100011011011101011111111111101110111100000000000000000011111111001001100011010011111110111111111111111001111111011111111110000000001101001000100111010111111110000000000001111111001101110111000000011010000111001110011111110001111101111
111111111111111111111111111111111111111111111111111111111111111111111111111111111111111111111111111111111111111111111111111111111111111111111111111111111111111111111111111111111111111111111111111101111111111111111111111111111111111111111111111111111111111111111111111111111111111111111111111111111111111111111111111111111111101111
111111111111111111111111111111111111111111111111111111111111111111111111111111011111111111111111111111111111111111111111111111111111111111111111111111111111111111111111111111111111111111111111111111111111111111111111111111111111111111111111111111111111111111111111111111111111111111111111111111111110111111111111111111111111111111
111111111111101110111110101111011111111100111101111011111011011111000011100111011000000001110000000000000000000011111011110010000001111111111111010110111011111000011010000000000011011111111110111101000000000000111111111111100101100011000100111110000011110000000000001111111001100111001110110011011111000101111100000000001111101111
111111111111111111111111111111111111111111111111111111111111111111111110111111111111111111111111111111111111111111111111111111111111111111111111111111111111111111111111011111111111111111111111111111111111111111111111111111111111111111111111111111111111111111111111111111111111111111111111111111111111111111111111111111111111111111
110000000000001110101110101111100000001101001011111001101111011000000001010011111100000001101111101010011001100111111111111101110111111111111111111110100000111001100100111110100011110111111111100000001101111101111111111110000001111111000101111101010000110000000000001111011010110111111111110011111100111100000000001111011111101111
111111111111111111111111111111111111111111111111111111111111111111111111111111111111111111111111111111111111111111111111111111111111111111111111111111111111111111111111111111111111111011111111111111111111111111111111111111111111111111111111111111111111111111111111101111111111111111111111111111111111111111111111111111111111111111
110000000000001110101100000000000000000000000001111001100000000000000000000000000000000000000000000000000000000011110011110000000001100000000000000000011010111000000001000000000011100011100000000000000000000000111100000000000000000000000101000000000000000000000000000000000000000000000000000000000000000000000000000000001111101111
111111111011011110101111101111011110111101000101111001110011111110100101100101000000000001101110100111011101110011110011110011010011111110000000000111100000111110101011111101101011110111111100111100100000000000111111110000000001110100000110000000000000000000000000000000000000000000000000000000000000111101110011111111011111101111
111111111111111111111111111111011111111111111111111111111111111111111111110111111111111111111111111111111111111111111111111111111111111111111111111111111111111111111111111111111111111111111111111111111111111111111111111111111111111111111111111111111111111111111111111111111111111111111111111111111111111111111111111111111111111111
111110000000001110101100111111111011001111101101111111110111111000000001110111111110111101111110011100011010000011110111110001001011111111111111011110111100111011001001111011011011100011111110000000001111111010111111111111110111101110111111111111010110110000000000001111111100101111001111110011011000000101111100000000001111101111
110000000000001110101100100000011011001111100001111101101011011110101101011111111110000001111111111110011001100111110011110011010011111101111011110111100000111110000100011001100011000111111111000000000000111110111111111111100101111101111100111100010100110000000000001111011001111110111000000011101011111110000000001111101111111111
110000000000000000000000000000000000000000000001111010100000000000000000000110000000000000000000000000011000000011110011100010000001111110000000000110100000111001000000000000000011000111100000000000000000000000111111110000000001101000000000000000000000000000000000000000000000000000000000000000000000000000000000000000001111101111
111111111111111111111111111111111111111111111111111111111111111111111111111111111111111111111111111111111111111111111111111011111111111111111111111111111101111111111111111111111111111111111111111111111111111111111111111111111111111111111111111111111111111111111111111111111111111111111111111111111111111111111111111111111111111111
111101110111011110111110110000011011101100111011111100110111100000000000010101111000100001101110011111000000000011110011111000000001111111111011101110111110111000011100000000000011010111101100000000001101111010111100000000000000000000111000111111110011111111011011001111111100110111001000000011010000000110000011111111011111101111
111111111111111111111111111111111111111111111111111111111111111111111111111111111111111111111111111111111111111111111111111111111111111111111111111111111111111111101111111111111111111111111111111111111111111111111111111111111111111111111111111111111111111111111111111111111111111111111111111111111111111101111111111111111111111111
111101111011011111011100110000011010110000000101111001101100000000000000010100000000111010000000000011111011111111111111100010000001111101111111100110100000111100010001111001100111001011111110011111101101111011111100000000000000000000000110111011010000111111011111010000000000000000000000000011110001000101110000001110011111111111
110000000000001111001100000000000000000000000001111010100000000000000000000110000000000000000000000000000000000011110011100010000001100000000000000000011010111000000010000000000011001011100000000000000000000000111111111110000000000000000000000000000000000000000000000000000000000000000000000000000000000000000000000000001111101111
110000000000000000000000000000000000000000000001111100100000000000000000000100000000000000000000000000011000000011110011100010000001100000000000000000011001111100000000000000000011100111100000000000000000000000111100000000000000000000111000000000000000000000000000000000000000000000000000000000000000000000000000000000001111101111
111111111011111111001111100000011100011110011101111010111011111111110010011111111110100001111111001100011111101111110111100011110111111110000000000111111110111111000001011000100011100011100000000000000000111011111111110000000001101100000111111100101101110000000000000000000000000000000111110011111011000100000011111101111111111111
110000000000001110111111110000000000011100110111111010101100000000000000011111111110011111101111001111011001101111111011110011110111111101111100000110100000111101111111111010011011001111101100100000001110111111111111111111101101100101000110111101001111110000000000001111111101110111001110111111011011111110000000001110101111101111
110000000000000000000000000000000000000000000001111001100000000000000000000000000000000000000000000010011000000011110011100010000001100000000000000000011010111000000010000000000011001011100000000000000000000000111100000000000000000000000100000000000000000000000000000000000000000000000000000000000000000000000000000000001111101111
111111111111111111111111111111111111111111111011111111111111111111111111111111111111111111111111111111111111111111111111111111111111111111111111111111111111111111101111111111111111111111111111111111111111111111111111111111111111111111111111111111111111111111111111111111111111111111111111111111111111111111111111111111111111111111
110000000000000000000000000000000000000000000001111100100000000000000000000100000000000000000000000000011000000011110011100010000001100000000000000000011001111100000000000000000011010011100000000000000000000000111100000000000000000000111000000000000000000000000000000000000000000000000000000000000000000000000000000000001111101111
111111111111111111111111111111111111111111111111111111111111111111111111111111111111111111111111111111111111111111111111111111111111111111111111111111111111111011111111111111111111111111111111111111111111111111111111111111111111111111111111111011111111111111111111111111111111111111111111111111111111111111111111111111111111111111
111111111111111111111111111111111111111111111111111111111111111111111101111111111111111111111111111111111111111111111111111111111111111111111111111111111111111111111111111111111111111111111111111111111111111111111111111111111111111111111111111111111111111111111111111111111111111111111111111111111111111101111111111111111111111111
111110000000001110111111111111011110000000000001111010100111111110011100111111011110111010000000000011011001110011111111100011111111100000000000000000011101111011101010011111011111000111111111111110111101000000111111111111111001101111111000111010100001111110111011001111011110100111001000000011101001111101111111111100101111101111
111111111111111111111111111111111111111111111111111111111111111111111111111111111111111111111111111111111111111111111111111111111111111111111111111111111101111111111111111111111111111111111111011111111111111111111111111111111111111111111111111111111111111111111111111111111111111111111111111111111111111111111111111111111111111111
110000000000001110101100000000000000000000000001111001100000000000000000000000000000000000000000000000000000000011110011110000000001100000000000000000011100111000100000000000000011001011100000000000000000000000111100000000000000000000000100000000000000000000000000000000000000000000000000000000000000000100000000000000001111101111
111111111111111111111111111111111111111111111111111111111111111111111111111111111111111111111111111111111111111111111111111111111111111111111111111111111111111111111111111111111111111111111111111111111111111111111111111111111111111111111111111011111111111111111111111111111111111111111111111111111111111111111111111111101111111111
110000000000000000000000000000000000000000000001111001101000000000000000000000000000000000000000000000011000000011110011100010000001111110000000000110100000111000010000000000000011001011100000000000000000000000111100000000000000000000000100000000000000000000000000000000000000000000000000000000000000000000000000000000001111101111
111111111111111111111111111111111111111111111111111111111111111111111111111111111111111111111111111111111111111111111111111111111111111111111111111111111101111111111111111111111111111111111110111111111111111111111111111111111111111111111111111111111111111111111111111111111111111111111111111111111111111111111111111111111111111111
110000000000000000000000000000000000000000000001111100100000000000000000000100000000000000000000000000011000000011110011100010000001100000000000000000011100111000000100000000000011001011100000000000000000000000111100000000000000000000111000000000000000000000000000000000000000000000000000000000000000000000000000000000001111101111
111111111111111111111111111111111111111111011111111111111111111111111111111111111111111111111111111111111111111111111111111111111111111111111111111111111111111111111111111111111111111111111111111111111111111111111111111111110111111111111111111111111111111111111111111111111111111111111111111111111111111111111111111111111111111111
111111111111111111111111111111111111111111111111111111111111111111111111111111111111111111111111111111111111111111110111111111111111111111111111111111111111111111111111111111110111111111111111111111111111111111111111111111111111111111111111111111111111111111111111111111111111111111111111111111111111111111111111111111111111111111
111111111011011111111110000000000000000000001111111010100011100000000000000111000000000001100000000010111101110011111011111101011111111111111011111110111110111000110011011111011111101011101111111111001110111110111111110000000001110010111110111001111100110000000000001111111010110111101111111111100000000110000011111110001111111111
110000000000001110101100000000000000000000000001111010100000000000000000000110000000000000000000000000000000000011110011110000000001100000000000000000011001111000000010000000000011010011100000000000000000000000111111110000000001100010000000000000000000000000000000000000000000000000000000000000000000000000000000000000001111101111
111111111111111111111111111111111101111111111111111111111111111111111111111111111111111111111111111111111111111111111111111111111111111111111111111111111111111111111111111111111111111111111111111111111101111111111111111111111111111111111111111111111111111111111111111111111111111111111111111111111111111111111111111111111111111111
110000000000000000000000000000000000000000000001111100100000000000000000000100000000000000000000000000011000000011110011100010000001100000000000000000011010111010000000000000000011100011100000000000000000000000111100000000000000000000111000000000000000000000000000000000000000000000000000000000000000000000000000000000001111101111
111111111111111111111111111111111110111111111111111111111111111111111111111111111111111111111111111111111111111111111111111111111111111111111111111111111111111011111111111111111111111111111111111111111111111111111111111111111111111111111111111111111111111111111111111111111111111111111111111111111111111111111111111111111111111111
111111111111111111111111111111111111111111111111111111111111111111111111111111111111111111111111111111111111111111111111111111111111111111111111111111111111111111111111111111111011111111111111111111111111111111111111111111111111111111111111111111111111111111111111111111111111111111111111111111111111111111111111111111111111111111
110000000000001110101111110000011001100000010011111110110011100000000000000111111110000001101111110111100000000011110111100011001111111111111100000111111011111101010101000000000011100111111110011100100000111100111111111111110010000000111101111010010010111111011111110000000000000000000110110011110001111101111100001110001111111111
111111111111110000000000000000000000000000000001111001111111111110010000010011111110011111111000000000011000000011110011100010000001111101111111101110111101111001101100011101100111011011111100011110101110111110111111110000000001100001111110111001100010110000000000001111111101101110111111001111101100000101111100001110011111101111
111111111011011110111100111111100000001110111001111010100100000000000000000110100000011101101110111010011101110011111011110001111011100000000000000000011110111001100001011010001111100011101110111101001101000000111111111111111111110011111111111110010010110000000000000000000000000000000111000011010000111000000000001111111111111111
110000000000000000000000000000000000000000000001111001101000000000000000000000000000000000000000000000011000000011110011100010000001111110000000000111000000111000100000000000000011010011100000000000000000000000111100000000000000000000000100000000000000000000000000000000000000000000000000000000000000000000000000000000001111101111
111111111111111111111111111111111111111111111111111111111111111111111111111111111111111111111111111111111111111111111111111111111111111111111011111111111111111111111111111111111111111111111111111111111111111111111111111111111111111111111111111111111111111111111111111111111111111110111111111111111111111111111111111111111111111111
110000000000001110101100000000000000000000000001111001100000000000000000000000000000000000000000000000000000000011110011100010000001100000000000000000011001111000001000000000000011010011100000000000000000000000111100000000000000000000000100000000000000000000000000000000000000000000000000000000000000000000000000000000001111101111
111111111111111111111111111111111111111111111111111111111111111111111111111111111111111111111111111111111111111111111111111111110111111111111111111111111111111111111111111111111111111111111110111111111111111111111111111111111111111111111111111111111111111111111111111111111111111111111111111111111111111111111111111111111111111111
111111111111111111111111111111111111111111111111111111111111111111111111111111111111111111111111111111111111111111111111111111110111111111111111111111111111111111111111111111111111111111111111111111111111111111111111111111110111111111111111111111111111111111111111111111111111111111111111111111111111111111111111111111111111111111
111111111111111111111111111111111111111111111111111111111111111111111111111111111111111111111111111110111111111111111111111111111111111111111111111111111111111111111111111111111111111111111111111111111111111111111111111111111111111111111111111111111111111111111111111111111111111111011111111111111111111111111111111111111111111111
111111111011101111111111000000000000011101100011111001111000000000000000000110111100011011111111101110111111111011110011110010000001111101111111110110100000111001011001011111100011010011111111111100101101111100111111111110000001110111000100000000000000000000000000000000000000000000000000000000000000111000000000001101011111101111
111111111111111111111111111111111111111111111111111111111111111111111111111111111111111111111111111111111111111111111111111111111111111111111111111111111111111111011111111111111111111111111111111111011111111111111111111111111111111111111111111111111111111111111111111111111111111111111111111111111111111111111111111111111111111111
111110000000001110101111000000011101011111011001111101101011111110011011000100011101100000000000000000011001101011110011100011011111111101111011101111100000111110111010100000000011111111101110111110001110111101111111111111101100000000111100111110001110111110111100010000000000000000000111000011111101111001110000001101001111111111
110000000000000000000000000000000000000000000001111001100000000000000000000100000000000000000000000000011000000011110011100010000001100000000000000000011010111100000000000000000011010011100000000000000000000000111100000000000000000000000100000000000000000000000000000000000000000000000000000000000000000000000000000000001111101111
111111110111011110101100000000011110001110001001111011101111111000000001100111111101011111100000000011111110000011111111111111111011111111111011001110111110111011011001011111000111001011111100011110110000000000111111110000000001101010000100111001111000111111011100011111111011100111001110001111100000000100000011111101101111111111
111111111111111111111111111111111111111111111111111111110111111111111111110111111111111111111111111111111111111111111111111111111111111111111111111111111111111111111111111111111111111111111111111111111111111111111111111111111111111111111111111111111111111111111111111111111111111111111111111111111111111111111111111111111111111111
110000000000001110101110000000000000000000000001111001100000000000000000000000000000000000000000000000000000000011110011100010000001100000000000000000011100111010000000000000000011010011100000000000000000000000111100000000000000000000000100000000000000000000000000000000000000000000000000000000000000000000000000000000001111101111
111111111111111111111111111111111111111111111111111111111111111111111111111111111111111111111111111111111111111111111111111111111111111111111111111111111111111111111111111111011111111111111111111111111111111111111111111111110111111111111111111111111111111111111111111111111111111111111111111111111111111111111111111111111111111111
111111111111111111111111111111111111111111111111111111111111111111111111111111111111111111111111111111111111111111111111111111111111111111111111111111111111111111101111111101111111111111111111111111111111111111111111111111111111111111111111111111111111111111111111111111111111111111111111111111111111111111111111111111111111111111
111111111011011111101111001111011100100000011011111001110011011111011010111000100000011110000000000011011001111111110111111101101111111101111011100111011111111001010001111010100011011011111100111101001101111110111111110000000001110001000110111000101110110000000000000000000000000000000111111111111111111101111111110000001111111111
110000000000001110101100000000000000000000000001111001100000000000000000000000000000000000000000000000000000000011110011110000000001111110000000000111000000111000000010000000000011100011100000000000000000000000111100000000000000000000000110000000000000000000000000000000000000000000000000000000000000000000000000000000001111101111
110000000000000000000000000000000000000000000001111001100000000000000000000000000000000000000000000000011000000011110011100010000001100000000000000000011001111000000100000000000011001011100000000000000000000000111100000000000000000000000100000000000000000000000000000000000000000000000000000000000000000100000000000000001111111111
111110000000001110101100110000011101011100110101111101111011011111001111100100011000100001101111001100011101101111111011100011010111100000000000000000011100111101011001111010100111110011110000000000000000111101111111110000000001110110111110000000000000000000000000000000000000000000000000000000000000111001111100001101111111101111
111111111011110000000000000000000000000000000001111001111011100000000000011000000000100000000000000000011010000011111111100011001111100000000000000000011010111010000111011111011011101011111110011110111111000000111111111111110001100011000101111010100000111111111111000000000000000000000110110011011111111001111111111111001111101111
111101110111101110101110001111000000001110101101111001110011100000000000010100011101100001100000000011111010000011111011111111001011111101111011001111000000111100111000100000000011011011101110111111001110111010111111110000000001111111111111111101001101111110111011011111111011100110101111111111001010000001110011111100011111111111
111110000000000000000000000000000000000000000001111011100111100000000000011111111110111111101111110111111010000011111011100010000001111101111011111111111010111110000010011000010011111011101111111111101110000000111111111111111111101101000101000000000000000000000000000000000000000000000000000000000000111111110011111110101111111111
110000000000000000000000000000000000000000000001111001100000000000000000000000000000000000000000000010011000000011110011100010000001100000000000000000011001111000000100000000000011010011100000000000000000000000111100000000000000000000000100000000000000000000000000000000000000000000000000000000000000000000000000000000001111101111
111111111011011110111111111111111111001100101001111001100011111000000001010001011110111110000000000010011111101011111011111110000001111111111011001111111110111100000111011101110111001011101111111101001110000000111100000000000000000000111111111011100000111111011100011111011111111110101110111111101110000100000011111111001111101111
111111111111111111111111111111111111111111111111111111111111111111111111111111111111111111111111111111111111111111111111111111111111111111111111111111111111111111111111111111111111111111111111111111111111111111111111111111111111111111111111111111011111111111011111111111111111111111111111111111111111111111111111111111111111111111
111111111111111111111111111111111101111111111111111111111111111111111111111111111111111111111111111111111111111111111111111111111111111111111111111111111111111111111111111111111111111111111111111111111111111011111111111111111111111111111111111111111111111111111111111111111111111111111111111111111111111111111111111111111111111111
111101111111011111111110110000011001011101001111111011101100000000000000011110011101000000000000000000011011101111110111111011100011111111111111110110111010111001000110011010101011001011110000000000000000111111111111111111111110000000000100111101100110111111111011111111111111110110101000000011011100111000000000001110001111101111
110000000000001111001100000000000000000000000001111001100000000000000000000000000000000000000000000000000000000011110011100010000001100000000000000000011010111000000100000000000011000111100000000000000000000000111100000000000000000000000100000000000000000000000000000000000000000000000000000000000000000000000000000000001111101111
110000000000001110101100000000000000000000000001111001100000000000000000000010000000000000000000000000000000000011110011100010000001100000000000000000011001111000000010000000000011001011100000000000000000000000111100000000000000000000000100000000000000000000000000000000000000000000000000000000000000000000000000000000001111101111
111111111111111111111111111111111111111111111111111111111111111111111111111111111111111111111111111111111111101111111111111111111111111111111111111111111111111111111111111111111111111111111111111111111111111111111111111111111111111111111111111111111101111111111111111111111111111111111111111111111111111111111111111111111111111111
111111111111111111111111111111111111011111111111111111111111111111111111111111111111111111111111111111111111111111111111111111111111111111111111111111111111111111111011111111111111111111111111111111111111111111111111111111111111111111111111111111111111111111111111111111111111111111111111111111111111111111111111111111111111111111
110000000000000000000000000000000000000000000001111100100000000000000000000100000000000000000000000000011000000011110011100010000001100000000000000000011100111000010000000000000011010011100000000000000000000000111100000000000000000000111000000000000000000000000000000000000000000000000000000000000000000000000000000000001111111111
111111111111111111111111111111111111111111111111111111111111111111111011111111111111111111111111111111111111111111111111111111111111111111111111111111111111111111111111111111101111111111111111111111111111111111111111111111111111111111111111111111111111111111111111111111111111111111111111111111111111111111111111111111111111111111
110000000000001111001110001111111000100000010001111001100111111110110111110000011101000001111000000000000000000011111111100011001111111101111011010111111011111100100111000000000011101011111111111111011101111100111111110000000001100010000110000000000000000000000000000000000000000000000000000000000000111001110000001110011111111111
111111111111111111111111111111111111111111111111111111111111111111111111111111111111111111111111101111111111111011111111111111111111111111111111111111111111111111111111111111111111111111111111111111111111111111111111111111111111111111111111111111111111111111111111111111111111111111111111111111111111111111111111111111111111111111
111110000000000000000000000000000000000000000001111011101111111110110001111110111000111101101111011111011000000011111111100011000011111110000000000110100000111100101011011000011011001011101111011101011110111100111111111111100011100111000111111001101001111111011111111111011001110110111110110011110000111111110000001110011111111111
111111111111111111111111111111111111111111111111111111111111111111111111111111111111111111111111111111111111111111111111111111111111111111111111111111111111111111111111111111111111110111111111111111111111111111111111111111111111111111111111111111111101111111111111111111111111111111111111111111111111111111111111111111111111111111
111110000000001111111111000000011011001111011001111001100000000000000000000100011101000001111110100110000000000011111011100011110011111111111100000110111111111000101000111111101011100011101111100000000000111111111111111111110101100010000111111111000000111110111011111111111111101111011000000011001100000110000011111100111111101111
110000000000001110011100000000000000000000000001111010100000000000000000000110000000000000000000000000000000000011110011100010000001100000000000000000011100111000000001000000000011001011100000000000000000000000111111111110000000000000000000000000000000000000000000000000000000000000000000000000000000000000000000000000001111101111
111111111111111111111111111111111111111111011111111111111111111111111111111111111111111111111111111111111111111111111111111111111111111111111111111111111111111111111011111111111111111111111111111111111111111111111111111111111111111111111111111111111111111111111111111111111111111111111111111111111111111111111111111111111111111111
110000000000001111111100100000011000101101000101111010100011011110001010110110111110011011111110001010011101100111110111110001001011100000000000000000011001111110110100100000000011010111111111111111101101111111111111111111101111100101000000000000000000000000000000000000000000000000000000000000000000111110000000000000001111101111
~~~
0.0 2.0 177.0 626.0 3313.0
0.0 154.0 102.0 305.0 1751.0
0.0 2.0 178.0 625.0 3303.0
0.0 276.0 28.0 119.0 534.0
0.0 2.0 179.0 618.0 3295.0
0.0 2.0 178.0 623.0 3304.0
0.0 2.0 177.0 626.0 3305.0
0.0 149.0 104.0 314.0 1860.0
0.0 1.0 178.0 626.0 3316.0
0.0 282.0 24.0 100.0 478.0
0.0 279.0 28.0 104.0 514.0
0.0 282.0 25.0 105.0 469.0
0.0 2.0 179.0 614.0 3300.0
0.0 137.0 106.0 350.0 1975.0
0.0 279.0 26.0 108.0 509.0
0.0 2.0 177.0 626.0 3309.0
0.0 275.0 28.0 122.0 547.0
0.0 279.0 27.0 109.0 512.0
0.0 280.0 26.0 109.0 495.0
0.0 143.0 100.0 374.0 1882.0
0.0 278.0 26.0 110.0 524.0
0.0 279.0 26.0 114.0 504.0
0.0 278.0 27.0 110.0 517.0
0.0 271.0 34.0 116.0 559.0
0.0 2.0 177.0 626.0 3298.0
0.0 275.0 29.0 110.0 541.0
0.0 2.0 177.0 626.0 3309.0
0.0 167.0 89.0 318.0 1648.0
0.0 126.0 105.0 407.0 2062.0
0.0 159.0 94.0 309.0 1735.0
0.0 272.0 29.0 128.0 584.0
0.0 2.0 178.0 626.0 3296.0
0.0 282.0 26.0 101.0 475.0
0.0 279.0 26.0 114.0 505.0
0.0 2.0 178.0 617.0 3303.0
0.0 176.0 83.0 308.0 1536.0
0.0 280.0 27.0 106.0 505.0
0.0 271.0 33.0 116.0 580.0
0.0 2.0 178.0 618.0 3299.0
0.0 2.0 178.0 625.0 3301.0
0.0 171.0 90.0 272.0 1604.0
0.0 2.0 179.0 624.0 3301.0
0.0 279.0 25.0 118.0 496.0
0.0 271.0 35.0 107.0 574.0
0.0 1.0 178.0 626.0 3315.0
0.0 279.0 27.0 106.0 505.0
0.0 2.0 179.0 610.0 3307.0
0.0 2.0 178.0 626.0 3298.0
0.0 279.0 27.0 113.0 501.0
0.0 2.0 179.0 624.0 3302.0
0.0 2.0 178.0 624.0 3298.0
0.0 173.0 83.0 348.0 1629.0
0.0 279.0 26.0 112.0 518.0
0.0 123.0 111.0 425.0 2118.0
0.0 135.0 108.0 345.0 1935.0
0.0 271.0 35.0 107.0 570.0
0.0 2.0 177.0 626.0 3302.0
0.0 146.0 97.0 373.0 1800.0
0.0 2.0 179.0 616.0 3300.0
0.0 282.0 24.0 113.0 478.0
0.0 126.0 106.0 425.0 2044.0
0.0 3.0 177.0 624.0 3290.0
0.0 275.0 29.0 110.0 545.0
0.0 2.0 177.0 626.0 3304.0
0.0 275.0 28.0 114.0 530.0
0.0 2.0 179.0 615.0 3304.0
0.0 142.0 106.0 331.0 1864.0
0.0 269.0 32.0 134.0 607.0
0.0 279.0 27.0 112.0 505.0
0.0 2.0 177.0 626.0 3312.0
0.0 282.0 26.0 98.0 487.0
0.0 148.0 104.0 311.0 1833.0
0.0 2.0 178.0 626.0 3304.0
0.0 2.0 179.0 623.0 3311.0
0.0 143.0 109.0 309.0 1921.0
0.0 2.0 177.0 626.0 3303.0
0.0 134.0 98.0 403.0 1963.0
0.0 2.0 177.0 626.0 3307.0
0.0 278.0 26.0 119.0 518.0
0.0 167.0 97.0 264.0 1662.0
0.0 2.0 179.0 616.0 3304.0
0.0 118.0 113.0 428.0 2128.0
0.0 139.0 100.0 354.0 1910.0
0.0 271.0 33.0 114.0 574.0
0.0 2.0 179.0 624.0 3304.0
0.0 154.0 91.0 367.0 1796.0
0.0 2.0 177.0 626.0 3298.0
0.0 170.0 92.0 274.0 1599.0
0.0 271.0 34.0 113.0 568.0
0.0 279.0 28.0 108.0 501.0
0.0 145.0 97.0 347.0 1857.0
0.0 131.0 102.0 391.0 1984.0
0.0 282.0 26.0 98.0 478.0
0.0 2.0 177.0 626.0 3293.0
0.0 280.0 27.0 108.0 497.0
0.0 2.0 179.0 616.0 3312.0
0.0 2.0 177.0 626.0 3298.0
0.0 126.0 116.0 365.0 2057.0
0.0 2.0 179.0 617.0 3294.0
0.0 278.0 27.0 111.0 510.0
0.0 2.0 178.0 620.0 3310.0
0.0 278.0 26.0 113.0 522.0
0.0 2.0 179.0 615.0 3298.0
0.0 280.0 26.0 113.0 492.0
0.0 2.0 178.0 625.0 3297.0
0.0 2.0 177.0 626.0 3295.0
0.0 135.0 110.0 360.0 1934.0
0.0 271.0 35.0 107.0 569.0
0.0 2.0 177.0 626.0 3306.0
0.0 280.0 27.0 106.0 500.0
0.0 2.0 179.0 618.0 3306.0
0.0 1.0 178.0 626.0 3310.0
0.0 152.0 92.0 344.0 1791.0
0.0 147.0 104.0 355.0 1877.0
0.0 160.0 93.0 311.0 1750.0
0.0 278.0 25.0 107.0 520.0
0.0 2.0 179.0 623.0 3309.0
0.0 279.0 28.0 106.0 511.0
0.0 2.0 178.0 617.0 3298.0
0.0 2.0 177.0 626.0 3297.0
0.0 2.0 177.0 626.0 3310.0
0.0 169.0 88.0 300.0 1633.0
0.0 2.0 179.0 625.0 3295.0
0.0 145.0 98.0 381.0 1883.0
0.0 282.0 25.0 102.0 478.0
0.0 130.0 112.0 353.0 1976.0
0.0 2.0 179.0 622.0 3308.0
0.0 278.0 27.0 111.0 520.0
0.0 2.0 177.0 626.0 3298.0
0.0 2.0 177.0 626.0 3302.0
0.0 133.0 112.0 373.0 1990.0
0.0 274.0 29.0 114.0 539.0
0.0 281.0 26.0 100.0 488.0
0.0 182.0 84.0 264.0 1501.0
0.0 173.0 89.0 291.0 1574.0
0.0 131.0 117.0 338.0 1978.0
0.0 173.0 87.0 310.0 1557.0
0.0 282.0 26.0 100.0 486.0
0.0 125.0 109.0 434.0 2054.0
0.0 2.0 178.0 619.0 3306.0
0.0 2.0 178.0 621.0 3304.0
0.0 139.0 98.0 360.0 1919.0
0.0 279.0 26.0 112.0 504.0
0.0 278.0 29.0 106.0 516.0
0.0 2.0 178.0 619.0 3302.0
0.0 2.0 178.0 622.0 3303.0
0.0 279.0 27.0 109.0 515.0
0.0 2.0 177.0 626.0 3309.0
0.0 182.0 79.0 302.0 1493.0
0.0 2.0 178.0 620.0 3296.0
0.0 140.0 102.0 362.0 1883.0
0.0 2.0 178.0 619.0 3299.0
0.0 144.0 98.0 362.0 1874.0
0.0 271.0 32.0 122.0 564.0
0.0 2.0 179.0 621.0 3298.0
0.0 184.0 78.0 291.0 1482.0
~~~
15.4763348103
