111101110111011110111100001111011001001110111001111001100111111111010110111000011100011101111110101110011101100111110111111110000001100000000000000000011001111100011110011100011011001111101111111100111110111001111111110000000001111111000110111101001000110000000000001111111111110111101110110011111000000100000011111101001111101111
111111111111011111111111111111111111111111111111111111111111111111111111111111111111111111111111111111111111111111111111111111111111111111111111111111111111111011111111111111111111111111111111111111111111111111111111111111111111111111111111111111111111111111111111111111111111111111111111111111111111111111111111111111111111111111
111111111111111111111111111111111111111111111101111111111111111111111111111111111111111111111111111111111111111111111111111111111111111111111111111111111111111111111111111111011111111111111111111111111111111111111111111111111111111111111111111111111111111111111111111111111111111111111111111111111111111111111111111111111111111111
111110000000001110101100101111111011001101111001111010101100000000000000000110011100111110000000000011111100000011111011111101101011111101111000000110111101111101010100011111011011001011101110011110101111111110111111110000000001100101111000111001000100110000000000001111111101100110101111111111001101111000000011111111011111101111
111110000000001111111100101111011101011100101101111001100100000000000000000101100000111101101110101010000000000011111111111110000001100000000000000000011010111110000111111101010011100011111111100000001110000000111100000000000000000000111111111100010000111111011100101111111101110111011110001111111010000110000011110000001111101111
111111111111111111111111111111111111111111111111111111111111111111111111111111111111111111111111111111111111111111111111111111111111111111111111111111111111111111111011111111111111111111111111111111111111111111111111111111111111110111111111111111111111111111111111111111111111111111111111111111111111111111111111111111111111111111
110000000000000000000000000000000000000000000001111001100000000000000000000000000000000000000000000010011000000011110011100010000001100000000000000000011010111010000000000000000011100011100000000000000000000000111100000000000000000000000100000000000000000000000000000000000000000000000000000000000000000000000000000000001111101111
111111111111111111111111111111111111111111111111111111111111111111111111111111111111111111111111111111111111111111111111111111111111111111111111111111111111111111111111111110111111111111111111111111111101111111111111111111111111111111111111111111111111111111111111111111111111111111111111111111111111111111111111111111111111111111
111111111111111111111111111111111111111111111111111111111111111111111111111111111111111111111111111111111111111111111111111111111111111111111111111111111111111110111111111111111111101111111111111111111111111111111111111111111111111111111111111111111111111111111111111111111111111111111111111111111111111111111111111111111111111111
110000000000001111001100000000000000000000000001111100100000000000000000000100000000000000000000000000000000000011110011100010000001111110000000000110100000111000100000000000000011001011100000000000000000000000111100000000000000000000111000000000000000000000000000000000000000000000000000000000000000000000000000000000001111101111
111110000000001111111100110000011001001101001101111100110111111110001000100111111000111111111111010011011101110111110111111000000001111111111100000110100000111101111110000000000011100011111100000000001110000000111100000000000000000000111110111100101010111110111100011111011111111111101000000011111111000110000000001100101111111111
111111111111111111111111111111111111111111111111111111111111111111111111111111111111111111101111111111111111111111111111111111111111111111111111111111111111111111111111111111111111111111111111111111111111111111111111111111111111101111111111111111111111111111111111111111111111111111111111111111111111111111111111111111111111111111
111111111111111111111111111111111111111111111111111111111111111111111111111111111111111111111111111111111111111111111111111111111111111111111111111111111111111111111111111111111111111111111111111111111111111111111111111111111111111111111111111111111111111111111111111111011111111111111111111111111111111111111111111110111111111111
110000000000000000000000000000000000000000000001111001100000000000000000000000000000000000000000000000011000000011110011100010000001100000000000000000011010111001000001000000000011000111100000000000000000000000111100000000000000000000000100000000000000000000000000000000000000000000000000000000000000000000000000000000001111101111
111101111011011111101110100000011010110000011011111001110011011000000001000100000000111101101111101100000000000011110111110001010111111111111111110110100000111000000010011100110111101011111111111110001110111011111111110000000001111000000101111010110110111111011111000000000000000000000000000011001100000000000000001100011111101111
111111111011101110111111101111100000001100111101111101111000000000000000011100000000011101101110011111111000000011111111110001101111111111111100000111011101111100100111000000000011111011101111100000000000111111111111111111101100000000111110111000001100111110111111100000000000000000000111001111001100000110000000001110101111111111
110000000000001110101100000000000000000000000001111100100000000000000000000100000000000000000000000000000000000011110011110000000001100000000000000000011010111000000010000000000011100011100000000000000000000000111100000000000000000000111000000000000000000000000000000000000000000000000000000000000000000000000000000000001111101111
110000000000000000000000000000000000000000000001111001100000000000000000000000000000000000000000000000011000000011110011100010000001100000000000000000011010111000000001000000000011010011100000000000000000000000111100000000000000000000000101000000000000000000000000000000000000000000000000000000000000000000000000000000001111101111
110000000000000000000000000000000000000000000001111100100000000000000000000100000000000000000000000000011000000011110011100010000001100000000000000000011010111000000001000000000011001011100000000000000000000000111100000000000000000000111000000000000000000000000000000000000000000000000000000000000000000100000000000000001111101111
110000000000001110101100000000000000000000000001111001100000000000000000000000000000100000000000000000000000000011110011110000000001100000000000000000011100111000000010000000000011010011100000000000000000000000111100000000000000000000000100000000000000000000000000000000000000000000000000000000000000000000000000000000001111101111
111111111111111111111111111111111111111111011111111111111111111111111111111111111111111111111111111111111111111111111111111111111111111111111111111111111111111111111111111111111111111111111111111111111111111111111111111111111111101111111111111111111111111111111111111111111111111111111111111111111111111111111111111111111111111111
110000000000000000000000000000000000000000000001111001100000000000000000000010000000000000000000000000011000000011110011100010000001100000000000000000011100111100000000000000000011100011100000000000000000000000111100000000000000000000000100000000000000000000000000000000000000000000000000000000000000000000000000000000001111101111
111111111111111111111111111111111111111110111111111111111111111111111111111111111111111111111111111111111111111111111111111111110111111111111111111111111111111111111111111111111111111111111111111111111111111111111111111111111111111111111111111111111111111111111111111111111111111111111111111111111111111111111111111111111111111111
110000000000000000000000000000000000000000000001111001100000000000000000000000000000000000000000000000011000000011110011100010000001111101111000000111000000111001000000000000000011100011100000000000000000000000111100000000000000000000000100000000000000000000000000000000000000000000000000000000000000000000000000000000001111101111
110000000000000000000000000000000000000000000001111001100000000000000000000000000000000000000000000000011000000011110011100010000001100000000000000000011100111100000000000000000011001011100000000000000000000000111100000000000000000000000100000000000000000000000000000000000000000000000000000000000000000000000000000000001111111111
111110000000001111101100101111000000011111111001111010110111011111010101100110011111011111111111101111000000000011111111111101110111111101111111100110111010111011101010011010000011000111101111111111010000111101111111111111110101110011111000111100100100110000000000000000000000000000000111000011011000111101111100001100111111111111
110000000000001110101100000000000000000000000001111100100000000000000000000100000000000000000000000000000000000011110011100010000001100000000000000000011100111000001000000000000011001011100000000000000000000000111100000000000000000000111000000000000000000000000000000000000000000000000000000000000000000000000000000000001111101111
110000000000001110011100000000000000000000000001111001100000000000000000000000000000000000000000000000000000000011110011100010000001100000000000000000011100111000100000000000000011010011100000000000000000000000111100000000000000000000000100000000000000000000000000000000000000000000000000000000000000000000000000000000001111101111
111111111111101111001100001111011110011101100001111001111011011111010110010001100000000001101000000011011101110111111111100010000001100000000000000000011100111010100010111101010111011011111110011111001101000000111100000000000000000000000110111101100011111110111011001111111001110111001110111111010001000111111111111110011111101111
111111111111111111111111111111111111111111111011111111111111111111111111111111111111111111111111111110111111111111111111111111111111111111111111111111111111111111111111111111111111111111111111111111111111111111111111111111111111111111111111111111111111111111111111111111111111111111111111111111111111111111111111111111111111111111
110000000000000000000000000000000000000000000001111001100000000000000000000000000000000000000000000000011000000011111011100010000001111110000000000111000000111000100000000000000011010011100000000000000000000000111100000000000000000000000100000000000000000000000000000000000000000000000000000000000000000000000000000000001111101111
111111111111111111101111111111111111111111111111111111111111111111110111111111111111111111111111111111111111111111111111111111111111111111111111111111111111111111111111111111111111111111111111111111111111111111111111111111111111111111111111111111111111111111111111111111111111111111111111111111111111111111111111111111111111111111
111111111111111111111111111111111111111111111111111111111111111111111111111111111111111111111111111111111111111111111111111111101111111111111111111111111111111111111111111111111111111111111111111111111111111111111111111111111111111111111111111111011111111111111111111111111111111111111111111111111111111111111111111111111111111111
110000000000000000000000000000000000000000000001111001100000000000000000010000000000000000000000000000011000000011110011100010000001100000000000000000011100111000000001000000000011010011100000000000000000000000111100000000000000000000000100000000000000000000000000000000000000000000000000000000000000000000000000000000001111101111
111111111111111111111111111111111111111111111111111111111111111111111111111111111111111111111111111111111111111111111111111111111111111111111111111111011111111111111111111111111111111111111111111111111111111111111111111111111111111111111111111111111111111111111111111111111111111111111111111111111111111111111111111111111111111111
110000000000001110011100110000011111111101100001111010101011111111111101100110011110011111111110101011011011101011111111100011111111100000000000000000011101111001100111111010111111100011111100111110001111111100111111111111100100000000000110111010011000110000000000001111111101110110111110001111100000000001111100001111101111111111
111111111111111111111111111111111111111111111111111111111111111111111111111111111111111111111111111111111111111111111111111111111111111111111111011111111111111111111111111111111111111111111111111111111111111111111111111111111111111111111111111111111111111111011111111111111111111111111111111111111111111111111111111111111111111111
111111111011101110111100111111111100100000011001111111101011011111011010110110100000100001101000000011100000000011111111100011010011111101111000000110100000111001110100011001110011101011101100111111101111000000111111111111110001100110111110111010000010110000000000000000000000000000000110110011010001111101110011110000001111101111
111111111111111111111110111111111111111111111111111111111111111111111111111111111111111111111111111111111111111111111111111111111111111111111111111111111111111111111111111111111111111111111111111111111111111111111111111111111111111111111111111111111111111110111111111111111111111111111111111111111111111111111111111111111111111111
111101111011011110011100111111100000001101001001111010111100000000000000000111011101100001101110110011011111111011110111100011010111111110000000000110111101111111000011111111000111000111101111100000001111111101111111111111100111111000000000111100001101111110111111010000000000000000000000000011101010111100000000000000001111111111
111110000000001111011110001111111100010000000011111011101011111111111100110110100000011111101111011000011101111111110111100011110011111110000000000111100000111010000101111100001111001011111100011100110000111110111111110000000001110011000101111000011110111110111011000000000000000000000110001111101110111100000011111111111111101111
111101110111011111011100000000011110110000000001111010110011111111110110111111111111100001101110111011000000000011111011100011111111111101111111010111011010111000010111000000000011110011101100011111110000000000111111111111111001101110111100111001000010111111111111111111011100100111011111000011110001111101111100001111011111111111
111111111111111111111111111111111111111111111111111111111111111111111111111111111111111111111111111111111111111111111111111111111111111111111111111111111111111111111111111111111111101111111111111111111111111111111111111111111111111111111111111111111111111111111111111111111111111111111111111111111111111111111111111101111111111111
111101111011011110111110000000011110001110001001111001101100000000000000000111011111100001101111101011111011101011110111110011110111100000000000000000011011111011001011011111101111110111101111100000001110111101111111110000000001110011000110111111100001111111111100000000000000000000000111001111101100000111110000001110101111111111
111111111011111111101111100000011111100000001111111101100011111000000001110101011111011101101111010110111101110111111111110000000001111101111111001110100000111111000111011101101011110111101110000000001111111011111111111110000001100011111110111001100001111110111111110000000000000000000110001111101101000110000000000000001111111111
110000000000000000000000000000000000000000000001111100100000000000000000000100000000000000000000000000011000000011110011100010000001100000000000000000011001111000100000000000000011000111100000000000000000000000111100000000000000000000111000000000000000000000000000000000000000000000000000000000000000000000000000000000001111101111
111111111111111111111111111111111111111111111111111111111111111111111111111111111111111111111111111111111111111111111111111111111111111111111011111111111111111111111111111101111111111111111111111111111111111111111111111111111111111111111111111111111111111111111111111111111111111111111111111111111111111111111111111111111111111111
110000000000000000000000000000000000000000000001111001100000000000000000000000000000000000000000000010011000000011110011100010000001111110000000000111000000111000001000000000000011001011100000000000000000000000111100000000000000000000000100000000000000000000000000000000000000000000000000000000000000000000000000000000001111101111
110000000000000000000000000000000000000000000001111001100100000000000000000000000000000000000000000000011000000011110011100010000001111110000000000110100000111010000000000000000011100011100000000000000000000000111100000000000000000000000100000000000000000000000000000000000000000000000000000000000000000000000000000000001111101111
110000000000001111111110111111011101111100100101111010100111011000000001000110011101111101101111100100011001111111111111110011111011111110000000000110100000111010000001111010111111101111111100000000001101111011111111111111101001111000000110111100011100110000000000000000000000000000000110110011100000111110000000000000001111101111
111111111111011110101110001111111100011111001111111100101011011110111111000100011110011100000000000011111111111111110011111101100111111101111100000110111011111011000110111110000011111111111111111111100000111001111111110000000001101100111000111111111011111111111100101111111001101111011110110011001011111101110011110000001111101111
111111111111111111111111111111111111111111111111111111111111111111111111111111111111111111111111111111111111111111111111111111111111111111111111111110111111111111111111111111111111111111111111111111111111111111111111111111111111111111111111111111111110111111111111111111111111111111111111111111111111111111111111111111111111111111
111111111111111111111111111111111111111111111111111111111111111111111111111111111111111011111111111111111111111111111111111111111111111111111011111111111111111111111111111111111111111111111111111111111111111111111111111111111111111111111111111111111111111111111111111111111111111111111111111111111111111111111111111111111111111111
111110000000001110111110001111011010011100110101111010111111111111101000111111111000111111101111000011011101110011111011100010000001100000000000000000011100111000110010011010101111001011111111100000000000111011111111111111111111111001000000111100010001110000000000000000000000000000000110110011111010000111111100001100101111101111
111101111111111111111100101111111011001110100011111010110111111111001101110110000000011100000000000010111010000011111111110000000001111101111011011111000000111101110100100000000011100111100000000000000000111010111111111111101001110100000111111111010010111110111011111111011001100110111111000011011111111001111100001100101111101111
111111111011101111101110110000011100000000011001111101111111111110001101100110111100011101110000000010100000000011110111111110000001100000000000000000011111111111010001011101100011011111101111011111111101000000111100000000000000000000111100000000000000000000000000000000000000000000000000000000000000000110000011111110111111101111
110000000000000000000000000000000000000000000001111001100000000000000000010000000000000000000000000000011000000011110011100010000001111110000000000110100000111010000000000000000011000111100000000000000000000000111100000000000000000000000100000000000000000000000000000000000000000000000000000000000000000000000000000000001111101111
110000000000000000000000000000000000000000000001111100100000000000000000000100100000000000000000000000011000000011110011100010000001111110000000000111000000111100000000000000000011001011100000000000000000000000111100000000000000000000111000000000000000000000000000000000000000000000000000000000000000000000000000000000001111101111
111111111111111111111111111111111111111111111111111111111111111111111111111111111111111111111111111111111111111111111111111111111111111111111111111111111111111111101111111111111111111111111111111111111111111111111111111111111111111111111111111111101111111111111111111111111111111111111111111111111111111111111111111111111111111111
110000000000001111101100101111111101111101001011111110110011111000000001111110011111011110000000000011011011111111110011111101010011111110000000000111011100111110111100000000000011010011111110011100111110111111111111111110000001101000111000111110001111111111011100011111111010110111111000000011001110000000000011110000001111111111
111111111111111111111111111111111111011111111111111110111111111111111111111111111111111111111111111111111111111111111111111111111111111111111111111111111111111111111111111111111111111111111111111111111111111111111111111111111111111111111111111111111111111111111111111111111111111111111111111111111111111111111111111111111111111111
111111111111111111111111111111111111111111111111111111111111111111111111111111111110111111111111111111111111111111111111111111111111111111111111111111111111111111111111111111111111111111111111011111111111111111111111111111111111111111111111111111111111111111111111111111111111111111111111111111111111111111111111111111111111111111
110000000000000000000000000000000000000000000001111010100000000000000000000110000000000000000000000000011000000011110011100010000001100000000000000000011010111000010000000000000011001011100000000000000000000000111111110000000001100010000000000000000000000000000000000000000000000000000000000000000000000000000000000000001111111111
110000000000000000000000000000000000000000000001111001100000000000000000000000000000000000000000000000011000000011110011100010000001100000000000000000011010111010000000100000000011100011100000000000000000000000111100000000000000000000000100000000000000000000000000000000000000000000000000000000000000000000000000000000001111101111
110000000000000000000000000000000000000000000001111001100100000000000000000000000000000000000000000000011000000011110011100010000001100000000000000000011100111100000000000000000011100011100000000000000000000000111100000000000000000000000100000000000000000000000000000000000000000000000000000000000000000000000000000000001111101111
110000000000001110101111101111111100010000001101111010100111011111110100110111011111111111101111011100011011101111110011111101100111111110000000000111100000111101010100100000000011011011111110011110011110000000111111111111110111101111000000000000000000000000000000000000000000000000000000000000000000000111111100001100101111111111
111111111111111111111111111111111111111111111111111011111111111111111111111111111111111111111111111111111111111111110111111111111111111111111111111111111111111111111111111111111111111111111111111111111111111111111111111111111111111111111111111111111111111111111111111111111111111111111111111111111111111111111111111111111111111111
111111111111111111111111111111111111111111111111111111111111111111111111111111111111111111111111111111111101111111111111111111111111111111111111111111111111111111111111111111111111111111111111111111111111111111111111111111111111111111111111111111111111111110111111111111111111111111111111111111111111111111111111111111111111111111
111111111111111111111111111111111110111111111111111111111111111111111111111111111111111111111111111111111111111111111111111111111111111111111111111111111111111111011111111111111111111111111111111111111111111111111111111111111111111111111111111111111111111111111111111111111111111111111111111111111111111111111111111111111111111111
111111111111111111111111111111111111111111111111111111111111111111111110111111111111111111111111111111111111111111111011111111111111111111111111111111111111111111111111111111111111111111111111111111111111111111111111111111111111111111111111111111111111111111111111111111111111111111111111111111111111111111111111111111111111111111
111111111111111111111111111111111111111111111111111111111111111111111111111111111111111101111111111111111111111111111111111111111111111111111111111111111111111111111111111111111111111111111111111111111111111111111111111111101111111111111111111111111111111111111111111111111111111111111111111111111111111111111111111111111111111111
111111111111111111111111111111111101111111111111111111111111111111101111111111111111111111111111111111111111111111111111111111111111111111111111111111111111111111111111111111111111111111111111111111111111111111111111111111111111111111111111111111111111111111111111111111111111111111111111111111111111111111111111111111111111111111
110000000000000000000000000000000000000000000001111100100000000000000000000100000000000000000000000000011000000011110011100010000001100000000000000000011010111000001000000000000011100011100000000000000000000000111100000000000000000000111000000000000000000000000000000000000000000000000000000000000000000000000000000000001111101111
111111111111111111111111111111111111111111111111111111111111111111111111111111111111111111111111111111111111111111111111111111111111111111111111111111111111111011111111111111111111111111111111111111111111111111111111111111111111111111111111111111111111111111111111111111111111101111111111111111111111111111111111111111111111111111
111110000000000000000000000000000000000000000001111111100000000000000000010111111000111101111110111111111010000011111011100011110111100000000000000000011001111101011000011010111111101111111110100000001101111001111111111111101001110111111101000000000000000000000000000000000000000000000000000000000000111110000011110000001111101111
110000000000000000000000000000000000000000000001111100100000000000000000000100000000000000000000000000011000000011110011100010000001100000000000000000011010111100000000000000000011010011110000000000000000000000111100000000000000000000111000000000000000000000000000000000000000000000000000000000000000000000000000000000001111101111
111111111011111110111111111111111011011101111011111110110011111111001010000110011000011100000000000011100000000011110111111000000001111101111011010110111111111100011000111110000011001011101110011111111111111010111111111111100011111111111110111101100111111110111111011111011110110110111111001111111110111111111111111101111111101111
110000000000000000000000000000000000000000000001111010100000000000000000000110000000000000000000000000011000000011110011100010000001111110000000000111000000111010000000000000000011001011100000000000000000000000111111111110000000000000000000000000000000000000000000000000000000000000000000000000000000000000000000000000001111101111
111111111111111111111111111111111011111101111111111111111111111111111111111111111111111111111111111111111111111111111111111111111111111111111111111111111111111111111111111111111111111111111111111111111111111111111111111111111111111111111111111111111111111111111111111111111111111111111111111111111111111111111111111111111111111111
110000000000001110101100000000000000000000000001111001100000000000000000000000000000000000000000000000000000000011110011110000000001111110000000000110100000111000010000100000000011010011100000000000000000000000111100000000000000000000000100000000000000000000000000000000000000000000000000000000000000000000000000000000001111101111
111111111011111111111111111111111111111111111111111111111111111111111111111111111111111111111111111111111111111111111111111111111111111111111111111111111111111111111111111111111111111111111111111111111111111111111111111111111111111111111111111111101111111111111111111111111111111111111111111111111111111111111111111111111111111111
111111111111111111111110111111111111111111111111111111111111111111111111111111111111111111111111111111111111111111111111111111111111111111111111111111111111111111111111011111111111111111111111111111111111111111111111111111111111111111111111111111111111111111111111111111111111111111111111111111111111111111111111111111111111111111
111111111111111111111111111111111111111111111111111111111111111111111111111111111111111111111111111111111111111111111111111111111111111111111111111111111111111101111111111111111111111111111111111111111111111111111111111111111111111111111111111111111011111111111111111111111111111111111111111111111111111111111111111111111111111111
110000000000000000000000000000000000000000000001111100100000000000000000000100000000000000000000000000011000000011110011100010000001100000000000000000011001111000000100000000000011010011100000000000000000000000111100000000000000000000111000000000000000000000000000000000000000000000000000000000000000000000000000000000001111101111
110000000000000000000000000000000000000000000001111100100000000000000000000100000000000000000000000000011010000011110011100010000001100000000000000000011010111100000000000000000011010011100000000000000000000000111100000000000000000000111000000000000000000000000000000000000000000000000000000000000000000000000000000000001111101111
110000000000000000000000000000000000000000000001111001100000000000000000000100000000000000000000000000011000000011110011100010000001100000000000000000011010111001000000000000000011010011100000000000000000000000111100000000000000000000000100000000000000000000000000000000000000000000000000000000000000000000000000000000001111101111
111110000000001110101110110000011001101111100101111001100011111110110011010001000000000000000000000010011100000011111111100011111011100000000000000000011111111110111010000000000011011111101111111111000000111010111111111111111011110011111110111110110101111111111011100000000000000000000111001111100000111111111111111111011111101111
110000000000001110111111100000011011101101101001111001111111011000000000111011100000000001101111110111111011101011111011100010000001111110000000000111100000111000011101011001110011111011111100100000001110111101111111111111110001110001000110111001100110111111011100001111011001100111101111001111010000111101111100001111011111111111
111111111111111111111111111111111111101111111111111111111111111111111111111111111111111111111111111111111111111111111011111111101111111111111111111111111111111111111111111111111111111111111111111111111111111111111111111111111111111111111111111111111111111111111111111111111111111111111111111111111111111111111111111111111111111111
111111111111111111111111111111111111111111111111111111111111111111111111111111111111111111111111111111111111111111111111111111011111111111111111111111011111111111111111111111111111111111111111111111111111111111111111111111111111111111111111111111111111111111111111111111111111111111111111111111111111111111111111111111111111111111
110000000000001111111111000000011100011101010101111100101000000000000000000101111111111011111110000110011010000011111011100011000011111110000000000111011010111101011000111111011111010011111111100000001101111101111111111111100100000000111111111110000011111111111100111111111100110110111111000011110000000111111100001100011111101111
111101111011011111101100110000000000001100111101111010100111011111001111100111111100000001101111100010111011110111111011111111001111111101111111010111111110111100011011111001110011111111110000000000000000111011111111111111101011110011000000111001100101111110111111100000000000000000000111001111111011000111111100001101101111111111
111101110111011110101111000000000000011110010001111011111111011111100100000110100000011011101000000010011001110111110011110010000001111101111100000111011100111010001111111010111011100011101110011111011111111111111111110000000001111000000101111100000010110000000000001111011011111110111110110011101011000100000011110000001111111111
111111111011011111111100001111000000011111101001111100111011111111100111011100100000011111101111101110111100000011111011111101011111100000000000000000011010111010010101011001000011111011111111100000000000111011111111111111100111111000111101111100110110111110111011010000000000000000000111111111011100000001110011111101001111111111
111101111011101111111111000000011001111110101011111010110011011000000000110111000000000001101111011000000000000011111011111111111111100000000000000000011011111110001101100000000011001111101110000000001110111101111111111110000000000000111000000000000000000000000000000000000000000000000000000000000000000101111111110000001111101111
111101111111101110111111101111100000011101101101111001101011011110110000111011011100111111110000000010111011110111110111110000000001100000000000000000011101111000101101111111110111011111101111100000001110111010111111111111101011110110000110111011010100111111111100101111111011101111011111000011111111000111111100001101101111101111
111111111111111111111111111111111111111111111111111111111011111111111111111111111111111111111111111111111111111111111111111111111111111111111111111111111111111111111111111111111111111111111111111111111111111111111111111111111111111111111110111111111111111111111111111111111111111111111111111111111111111111111111111111111111111111
111101111111011111101111111111011001011111111101111001100000000000000000010000011101000000000000000010111001100111110111111111110011111101111011111111011010111011101011011100001011101011101111111111000000000000111111110000000001101110111110111001101011111111011100101111011010101111101000000011101000000100000011110000001111111111
110000000000001110101100000000000000000000000001111001100000000000000000000000000000000000000000000000000000000011110011110000000001100000000000000000011001111001000000000000000011000111100000000000000000000000111100000000000000000000000100000000000000000000000000000000000000000000000000000000000000000000000000000000001111101111
110000000000001111001111001111111100011111011111111011110011100000000000011111111111111111111000000000011101110111111111100011011011111111111111100111000000111101100000011101101011011111101100011101010000111101111111111110000001111110000111111011100110110000000000001111111010111111111111110011110000000111111111110000001111101111
110000000000000000000000000000000000000000000001111001100000000000000000000000100000000000000000000000011000000011110011100010000001100000000000000000011100111000010000000000000011001011100000000000000000000000111100000000000000000000000100000000000000000000000000000000000000000000000000000000000000000000000000000000001111101111
110000000000001110101100000000000000000000000001111001100000000000000000000000000000000000000000000000000000000011110011110000000001111101111000000110100000111000001000000000000011000111100000000000000000000000111100000000000000000000000100000000000000000000000000000000000000000000000000000000000000000000000000000000001111101111
110000000000000000000000000000000000000000000001111100100000000000000000000100000000000000000000000000011000000011110011100010000001100000000000000000011001111010000000000000000011000111100000000000000000000000111100000000000000000000111000000000000000000000000000000000000000000000000000000000000000000000000000000000001111101111
111111111111111111111111111111111111111111111111111111111111111111111111111111111111111101111111111111111111111111111111111111111111111111111111111111111111111111111111111111111111111111111111111111111111111111111111111111111111111111111111111111111111111111111111111111111111111111111111111111111011111111111111111111111111111111
110000000000001111001100000000000000000000000001111010100000000000000000000110000000000000000000000000000000000011110011100010000001100000000000000000011100111000000100000000000011010011100000000000000000000000111111111110000000000000000000000000000000000000000000000000000000000000000000000000000000000000000000000000001111101111
111110000000001111101100000000011111111100111011111100100111111111110100000110011100111011110000000010011111101011111111111101100111100000000000000000011001111111001100111111110111100011111100111110101101111111111111110000000001100111111000111100000001111111011011010000000000000000000111000011111111000100000011111101111111101111
111110000000001110101100000000000000001111110101111100100100000000000000010101011101000001101110010111011001110111110011100011001011111101111011010110111001111110100100011001101011000111111100011110001110111101111111111111111010000000111111111001010101111110111100100000000000000000000111000011010000000110000000001100101111111111
111111111111111111111111111111111011111111111111111111111111111111111111111110111111111111111111111111111111111111111111111111111111111111111111111111111111111111111111111111111111111111111111111111111111111111111111111111111111111111111111111111111111111111111111111111111111111111111111111111111111111111111111111111111111111111
111111110111111111111111111111111111111111111111111111111111111111111111111111111111111111111111111111111111111111111111111111111111111111111111111111111111111111111111111111111111011111111111111111111111111111111111111111111111111111111111111111111111111111111111111111111111111111111111111111111111111111111111111111111111111111
111111111111111111111111111111111111111111111111111111111111111111111111111111111111111111111111111111111111111111111111111111111111111111111011101111111111111111111111111111111111111111111111111111111111111111111111111111111111111111111111111111111111111111111111111111111111111111111111111111111111111111111111111111111111111111
111111111111111111111111111111111011111111111111111111111111111111111111111111111111111111111111111111111111110111111111111111111111111111111111111111111111111111111111111111111111111111111111111111111111111111111111111111111111111111111111111111111111111111111111111111111111111111111111111111111111111111111111111111111111111111
110000000000000000000000000000000000000000000001111001100000000000000000000100000000000000000000000000011000000011110011100010000001100000000000000000011010111000000100000000000011100011100000000000000000000000111100000000000000000000000100000000000000000000000000000000000000000000000000000000000000000000000000000000001111101111
110000000000000000000000000000000000000000000001111001100011011111001110011000000000111101101110100000011000000011111011100011101011111111111100000111011010111110011100111011010011100011101111011101011111111101111111110000000001100100111111111010110011110000000000001111111111101111111000000011011101000001110000001110011111101111
111111111111111111111111111111111111111111111111111111111111111111111111111111111111111111111111111111111111111111111111111111111111111111111111111111111011111111111111111111111111111111111111111111111111111111111111111111111111111111111111111101111111111111111111111111111111111111111111111111111111111111111111111111111111111111
111111111111111111111111111111111111111111111111111111111111111111111111111111111111111111111111111111111111111111111111111111111111111111111111111111111111111111111111111111111111111111111111111111111111111111111111111111111111111111111111111111100111111111111111111111111111111111111111111111111111111111111111111111111111111111
110000000000000000000000000000000000000000000001111110101111111111011110010111100000011011101111011011011000000011110011100011110011111110000000000111011010111101110000111011111011110011101100111101101111111111111111110000000001101100111000111000001010111110111111001111111011100111001110111111100000111101111111110000001111101111
111111111111111111111111111111111111111111111111111111111111111111111111111111111111111111111111111111111111111111111111111111111111111111111111111111111111111111111111111111111111111111111111111111111111111011111111111111111111111111111111111111111111111111011111111111111111111111111111111111111111111111111111111111111111111111
111110000000001111111110110000011011001110110101111100100011111110101101011100100000011011100000000010111001111111111111100010000001100000000000000000011100111010010111100000000011111011111110100000001111000000111111111111110111100011111101111101111000111111011011101111111110100111011110110011101010111001111111111100111111111111
111111111111111111111111111111111111111111111111111111111111111111111111111110111111111111111111111111111111111111111111111111111111111111111111111111111111111111111111111111111111111111111111111111111111111111111111111111111111111111111111111111111111111111111111111111111111111110111111111111111111111111111111111111111111111111
111111111111111111111111111111111111111111111111111111111111111111111111111111111111111111111111111111111111111111111111111111111111111111111111111111111111111111111111111111111111111111111111111111111111111101111111111111111111111111111111111111111111111111111011111111111111111111111111111111111111111111111111111111111111111111
111101111011111110111100110000000000011111010111111011111111111111001110100111100000000001101111100110011111110111111011110001101111111101111100000110111001111111001001111100110111111111101110011100100000111001111111111111100111101010000101111110000010111110111011100000000000000000000000000011011100111111110000000000001111111111
111101110111111111101111111111011011101110101111111001101111011111001101011011111111011101111111111010111110000011111111111110000001111110000000000111111011111010110100100000000011110011111111011111011110111010111111111111111000000000111111111100000100111110111100111111111001111111101000000011011010111111110011111100101111101111
111111111111111111111111111111111111111111111111111111111111111111111111111111111111111111111111111111111111111111111111111111111111111111111111111110111111111111111111111011111111111111111111111111111111111111111111111111111111111111111111111111111111111111111111111111111111111111111111111111111111111111111111111111111111111111
111101111111011110101110101111011001101101011011111001110011100000000000010000111000111011111110001010000000000011110011100011101111100000000000000000011110111001011000111011000111101111111111111101010000111100111111111110000001110111000111111100010100110000000000001111111001110111011110001111111101000001110000000000001111101111
110000000000000000000000000000000000000000000001111001100000000000000000000000000000000000000000000000011000000011110011100010000001100000000000000000011001111000000100000000000011010011100000000000000000000000111100000000000000000000000100000000000000000000000000000000000000000000000000000000000000000000000000000000001111111111
111111111111111111111111111111111111111111111111111101111111111111111111111111111111111111111111111111111111111111111111111111111111111111111111111111111111111111111111111111111111111111111111111111111111111111111111111111111111111111111111111111111111111111111111111111111111111111111111111111111111111101111111111111111111111111
110000000000001110101111100000011101100000000111111001101111111110001011110100100000011011101000000011011001110111111011110010000001111101111111111111100000111001101000111011111011010111111100111110001110111101111111110000000001110000000110111011100111111110111100010000000000000000000111000011010001000110000000000000001111111111
110000000000001110011100000000011000101101110001111100100011100000000000010101111111000001101110110110111001111111111111100010000001100000000000000000011101111100011001011101011111101111101111111101011101111100111111111111101101100010111000111011010000110000000000001111011001100111101000000011001011000111110011111101001111101111
111111111111111111111111111111111111111111111111111111111111111111111111111111111111111111111111111111111111111111111111111111111011111111111111111111111111111111111111111111111111111111111111111111111111111111111111111111111101111111111111111111111111111111111111111111111111111111111111111111111111111111111111111111111111111111
111111111111111111111111111111111111111111111111111111111111111111111111111111111111111111111111111111111111111111111011111111111111111111111111111111111111111111111111111111111111111111111110111111111111111111111111111111111111111111111111111111111111111111111111111111111111111111111111111111111111111111111111111111111111111111
111101111111011111111100111111011001000000001001111010110011011000000001111110011000011101111000000011011111110011110111111111111111111111111000000110100000111000110111011101101011001011111100111100101110111001111111111111110100000000000000111011011011111110111100101111011100101110101000000011111011111000000011111111001111101111
111111110111110000000000000000000000000000000001111010100111111111011000011110111111100001101000000011111000000011111011100011110111100000000000000000011100111001000001011001100011010111111100011101101101111101111111111111111011111100000000111000011111111111011100101111111011100111011111110011011110111001111111111100101111101111
110000000000000000000000000000000000000000000001111001100000000000000000000000000000000000000000000000011000000011110011100010000001100000000000000000011010111000001000000000000011100011100000000000000000000000111100000000000000000000000100000000000000000000000000000000000000000000000000000000000000000100000000000000001111101111
111111111111111111111111111111111111111111111111111111111111111111111111111111111111111111111111111111111111111111111011111111111111111111111111111111111111111011111111111111111111111111111111111111111111111111111111111111111111111111111111111111111111111111111111111111111111111111111111111111111111111111111111111111111111111111
111111111011011110101110111111011101001101101011111001100011111110100010110011011111111110000000000010111011110111110011110000000001111101111000000111111010111000111001011011101011101011101111000000001111111100111100000000000000000000111101111010111001110000000000001111111101101110101000000011001101000111110000001111101111101111
111111111111111111111111111111111111111111111111111111111111111111111111111111111111111111111111111111111111111111111111111111111111111111111111111111111111111111111111111110111111111111111111111111111111111111111111111111111111111110111111111111111111111111111111111111111111111111111111111111111111111111111111111111111111111111
111111111111111111111111101111111111111111111111111111111111111111111111111111111111111111111111111111111111111111111111111111111111111111111111111111111111111111111111111111111111111111111111111111111111111111111111111111111111111111111111111111111111111111111111111111111011111111111111111111111111111111111111111111111111111111
110000000000000000000000000000000000000000000001111100100000000000000000000100000000000000000000000000011000000011110011100010000001100000000000000000011001111100000000000000000011010011100000000000000000000000111100000000000000000000111000000000000000000000000000000000000000000000000000000000000000000000000000000000001111101111
110000000000000000000000000000000000000000000001111100100000000000000000000100000000000000000000000000011000000011110011100010000001100000000000000000011100111000001001000000000011000111100000000000000000000000111100000000000000000000111000000000000000000000000000000000000000000000000000000000000000000000000000000000001111101111
110000000000000000000000000000000000000000000001111100100000000000000000000100000000100000000000000000011000000011110011100010000001111110000000000111000000111000000010000000000011001011100000000000000000000000111100000000000000000000111000000000000000000000000000000000000000000000000000000000000000000000000000000000001111101111
111111111111111111111111111111111111111111111111111111111011111111111111111111011111111111111111111111111111111111111111111111111111111111111111111111111111111111111111111111111111111111111111111111111111111111111111111111111111111111111111111111111111111111111111111111111111111111111111111111111111111111111111111111111111111111
110000000000000000000000000000000000000000000001111010100000000000000000000110000000000000000000000000011000000011110011100010000001100000000000000000011010111000000100000000000011100011100000000000000000000000111111110000000001101000000000000000000000000000000000000000000000000000000000000000000000000000000000000000001111101111
111111111111111111111111111111111111111111111111111111111111111111111111111111111111111111111111111111111111111111111111111111111111111111111111111111111111111111111111111111111111110111111111011111111111111111111111111111111111111111111111111111111111111111111111111111111111111111111111111111111111111111111111111111111111111111
111111111111111111111111111111111111111111111111111111111111111111011111111111111111111111111111111111111111111111111111111011111111111111111111111111111111111111111111111111111111111111111111111111111111111111111111111111111111111111111111111111111111111111111111111111111111111111111111111111111111111111111111111111111111111111
111111111111111111111111111111111111111111111111111111111111111111111111111110111111111111111111111111111111111111111111111111111111111111111111111111111111111111111111111111110111111111111111111111111111111111111111111111111111111111111111111111111111111111111111111111111111111111111111111111111111111111111111111111111111111111
111111111111111111111111111111111111111111111111111111111111111111111111111111111111111111111111111111111111111111111111111111111111111111111111111111111111111111111111111111111111111111111111111111111101111111111111111111111111111111111111111111111111111111111111111111111111111111111111111111101111111111111111111111111111111111
111111111111111111111111111111111111111111111111111111111111111111111111111111111111111111111111111110111111111111111111111111111111111111111111111111111111111111111111111110111111111111111111111111111111111111111111111111111111111111111111111111111111111111111111111111111111111111111111111111111111111111111111111111111111111111
110000000000000000000000000000000000000000000001111001101000000000000000000000000000000000000000000000011000000011110011100010000001111110000000000110100000111100000000000000000011010011100000000000000000000000111100000000000000000000000100000000000000000000000000000000000000000000000000000000000000000000000000000000001111101111
111111111111111111111111111111111111111111111111111111111111011111111111111111111111111111111111111111111111111111111111111111111111111111111111111111111111111111111111111111110111111111111111111111111111111111111111111111111111111111111111111111111111111111111111111111111111111111111111111111111111111111111111111111111111111111
111111111111111111111111111111111111111111111111111111111111111111111111111111111111111111111111111111111111111111111111111111111111111111111111111111111111111111111111111011111011111111111111111111111111111111111111111111111111111111111111111111111111111111111111111111111111111111111111111111111111111111111111111111111111111111
111111111111111111111111111111111111111111111111111111111111111111111011111111111111111111111111111111111111111111111011111111111111111111111111111111111111111111111111111111111111111111111111111111111111111111111111111111111111111111111111111111111111111111111111111111111111111111111111111111111111111111111111111111111111111111
111111111111111111111111111111111111111111111111111110111111111111111111111111111101111111111111111111111111111111111111111111111111111111111111111111111111111111111111111111111111111111111111111111111111111111111111111111111111111111111111111111111111111111111111111111111111111111111111111111111111111111111111111111111111111111
111111110111011110111111001111011101111111011111111001111111011110111100111000011101100001100000000010111000000011110111111100000001111101111011001111011110111100111000000000000011001111101111111110000000111110111100000000000000000000111111111010101000110000000000001111011111100110111110110011111001111001111100000000001111111111
110000000000001110101100000000000000000000000001111001100100000000000000000000000000000000000000000000000000000011110011110000000001100000000000000000011100111000100000000000000011000111100000000000000000000000111100000000000000000000000100000000000000000000000000000000000000000000000000000000000000000000000000000000001111101111
111111111111111111111111111111111111111111111111111111111111111111111111111111111110111111111111111011111111111111111111111111111111111111111111111111111111111111111111111111111111111111111111111111111111111111111111111111111111111111111111111111111111111111111111111111111111111111111111111111111111111111111111111111111111111111
111111111111111111111111111111111111111111111111111111111111111111111111111111111111111111111111111111111111111111111111111111111011111111111111111111111111111111111111111111111111111111111111111111111111111111111111111111111111111111111111111111111111111111111111111111111111111111111110111111111111111111111111111111111111111111
~~~
0.0 134.0 101.0 401.0 1982.0
0.0 2.0 178.0 622.0 3303.0
0.0 2.0 178.0 619.0 3305.0
0.0 142.0 102.0 370.0 1916.0
0.0 167.0 85.0 332.0 1613.0
0.0 2.0 178.0 622.0 3306.0
0.0 282.0 26.0 98.0 484.0
0.0 2.0 177.0 626.0 3308.0
0.0 2.0 178.0 623.0 3295.0
0.0 272.0 29.0 128.0 577.0
0.0 150.0 92.0 364.0 1795.0
0.0 2.0 178.0 624.0 3304.0
0.0 2.0 177.0 626.0 3298.0
0.0 282.0 24.0 104.0 478.0
0.0 161.0 95.0 344.0 1700.0
0.0 147.0 97.0 349.0 1831.0
0.0 276.0 29.0 116.0 532.0
0.0 282.0 24.0 109.0 485.0
0.0 279.0 27.0 109.0 502.0
0.0 278.0 28.0 111.0 508.0
0.0 2.0 178.0 625.0 3301.0
0.0 282.0 25.0 105.0 473.0
0.0 2.0 178.0 620.0 3296.0
0.0 276.0 27.0 113.0 535.0
0.0 282.0 24.0 105.0 471.0
0.0 133.0 111.0 367.0 1993.0
0.0 276.0 29.0 119.0 531.0
0.0 279.0 25.0 114.0 509.0
0.0 146.0 105.0 321.0 1859.0
0.0 2.0 177.0 626.0 3301.0
0.0 278.0 26.0 104.0 523.0
0.0 2.0 179.0 621.0 3299.0
0.0 2.0 178.0 621.0 3308.0
0.0 282.0 24.0 106.0 471.0
0.0 1.0 179.0 618.0 3309.0
0.0 135.0 105.0 368.0 1955.0
0.0 2.0 179.0 612.0 3304.0
0.0 152.0 103.0 325.0 1823.0
0.0 2.0 177.0 626.0 3306.0
0.0 150.0 101.0 343.0 1761.0
0.0 143.0 98.0 377.0 1866.0
0.0 119.0 118.0 356.0 2112.0
0.0 2.0 178.0 625.0 3299.0
0.0 149.0 103.0 317.0 1817.0
0.0 134.0 108.0 384.0 1948.0
0.0 280.0 27.0 104.0 500.0
0.0 2.0 178.0 625.0 3310.0
0.0 278.0 27.0 104.0 514.0
0.0 278.0 26.0 112.0 521.0
0.0 159.0 100.0 296.0 1712.0
0.0 106.0 121.0 435.0 2257.0
0.0 2.0 178.0 624.0 3302.0
0.0 2.0 179.0 617.0 3305.0
0.0 155.0 101.0 291.0 1785.0
0.0 133.0 108.0 358.0 1988.0
0.0 186.0 78.0 296.0 1476.0
0.0 278.0 26.0 112.0 515.0
0.0 275.0 27.0 118.0 531.0
0.0 2.0 178.0 626.0 3299.0
0.0 137.0 102.0 408.0 1880.0
0.0 2.0 177.0 626.0 3300.0
0.0 2.0 178.0 619.0 3300.0
0.0 274.0 32.0 99.0 554.0
0.0 282.0 26.0 98.0 481.0
0.0 282.0 24.0 107.0 471.0
0.0 167.0 86.0 321.0 1650.0
0.0 2.0 178.0 621.0 3304.0
0.0 2.0 178.0 622.0 3312.0
0.0 2.0 179.0 622.0 3297.0
0.0 2.0 178.0 626.0 3307.0
0.0 2.0 178.0 622.0 3308.0
0.0 2.0 178.0 621.0 3300.0
0.0 280.0 27.0 106.0 500.0
0.0 2.0 179.0 617.0 3304.0
0.0 194.0 80.0 252.0 1368.0
0.0 279.0 27.0 110.0 514.0
0.0 94.0 133.0 456.0 2386.0
0.0 271.0 33.0 109.0 569.0
0.0 2.0 178.0 621.0 3300.0
0.0 274.0 29.0 120.0 565.0
0.0 2.0 179.0 625.0 3303.0
0.0 2.0 177.0 626.0 3300.0
0.0 2.0 178.0 623.0 3299.0
0.0 280.0 27.0 108.0 502.0
0.0 279.0 26.0 114.0 506.0
0.0 282.0 25.0 101.0 486.0
0.0 147.0 104.0 314.0 1869.0
0.0 139.0 102.0 342.0 1947.0
0.0 3.0 179.0 618.0 3301.0
0.0 2.0 179.0 618.0 3296.0
0.0 140.0 101.0 383.0 1937.0
0.0 124.0 123.0 325.0 2080.0
0.0 144.0 105.0 356.0 1842.0
0.0 132.0 109.0 387.0 2020.0
0.0 190.0 79.0 258.0 1422.0
0.0 118.0 117.0 385.0 2145.0
0.0 2.0 179.0 616.0 3295.0
0.0 138.0 104.0 345.0 1920.0
0.0 279.0 27.0 109.0 506.0
0.0 126.0 112.0 384.0 2028.0
0.0 282.0 25.0 103.0 471.0
0.0 272.0 30.0 126.0 573.0
0.0 280.0 28.0 104.0 495.0
0.0 2.0 178.0 619.0 3305.0
0.0 271.0 33.0 120.0 571.0
0.0 143.0 106.0 341.0 1888.0
0.0 161.0 94.0 317.0 1747.0
0.0 2.0 177.0 626.0 3301.0
0.0 2.0 177.0 626.0 3303.0
0.0 2.0 178.0 625.0 3305.0
0.0 2.0 177.0 626.0 3307.0
0.0 282.0 25.0 102.0 479.0
0.0 163.0 94.0 309.0 1673.0
0.0 2.0 178.0 621.0 3305.0
0.0 2.0 178.0 626.0 3308.0
0.0 147.0 102.0 354.0 1830.0
0.0 2.0 179.0 614.0 3308.0
0.0 134.0 103.0 378.0 1952.0
0.0 2.0 178.0 624.0 3302.0
0.0 2.0 178.0 619.0 3307.0
0.0 132.0 109.0 367.0 2038.0
0.0 102.0 126.0 422.0 2322.0
0.0 2.0 179.0 619.0 3301.0
0.0 150.0 96.0 339.0 1790.0
0.0 282.0 25.0 100.0 486.0
0.0 2.0 177.0 626.0 3306.0
0.0 159.0 96.0 334.0 1737.0
0.0 156.0 96.0 323.0 1741.0
0.0 2.0 179.0 623.0 3297.0
0.0 2.0 179.0 617.0 3305.0
0.0 125.0 111.0 376.0 2084.0
0.0 141.0 108.0 327.0 1903.0
0.0 282.0 26.0 98.0 477.0
0.0 2.0 179.0 622.0 3310.0
0.0 143.0 103.0 369.0 1917.0
0.0 2.0 178.0 624.0 3301.0
0.0 2.0 178.0 618.0 3300.0
0.0 280.0 27.0 108.0 497.0
0.0 279.0 27.0 112.0 496.0
0.0 275.0 29.0 112.0 535.0
0.0 2.0 179.0 622.0 3305.0
0.0 275.0 32.0 103.0 535.0
0.0 2.0 178.0 619.0 3299.0
0.0 2.0 178.0 626.0 3304.0
0.0 2.0 177.0 626.0 3294.0
0.0 2.0 177.0 626.0 3311.0
0.0 2.0 177.0 626.0 3306.0
0.0 278.0 25.0 117.0 518.0
0.0 2.0 178.0 623.0 3303.0
0.0 2.0 178.0 621.0 3295.0
0.0 2.0 178.0 626.0 3309.0
0.0 2.0 177.0 626.0 3301.0
0.0 139.0 102.0 369.0 1940.0
0.0 278.0 26.0 113.0 515.0
0.0 2.0 178.0 621.0 3302.0
0.0 2.0 178.0 624.0 3296.0
~~~
14.0858888626
