111110000000001110111111101111111001001101111101111010110111100000000000011110111000100001101110001100011000000011111011111010000001111111111111110111100000111101010100111010011111110111111111000000001110000000111111110000000001101101000111111110111010111111011100011111111110110111001000000011101011111100000000001111011111101111
111101111011010000000000000000000000000000000001111110111011111111110100110110011111100000000000000010111000000011111011100011111011100000000000000000011101111000101001111011011011101111101110011101101101111011111111111110000001110111111101000000000000000000000000000000000000000000000000000000000000000001110000001111101111111111
110000000000000000000000000000000000000000000001111001100000000000000000000000000000000000000000000000011000000011110011100010000001111110000000000111000000111001000000000000000011000111100000000000000000000000111100000000000000000000000100000000000000000000000000000000000000000000000000000000000000000100000000000000001111101111
110000000000001110101110101111111101001101001101111010110011011000000001011110111100111011101110011010111101101011110111111110000001111111111011111111011110111011110010011111011011111011101100100000001101000000111111111111100011110111000111111011101001111110111100001111011011111111001110001111101110000101111111110000001111101111
111111111011111110101100000000011101111111001111111001111011011110001111010001011110100001111110010010111001101011110111111111101111111111111111111110111101111110110101011101010011100111101111011110101101111100111111111111111011111010111100000000000000000000000000000000000000000000000000000000000000111110000011111111001111101111
111110000000001110111111110000000000001111111101111100101000000000000000011100111110011011111000000011111101111111110011111100000001111101111111100111011111111000100010111010000011010111111111011111001111111101111100000000000000000000111100111001100001110000000000000000000000000000000110001111111001111111110000001101101111101111
111101111111111111111111111111111111111111111111111111111111111111111111111111111111111111111111111111111111111111111111111111111111111111111111111111111111111111111111111111111111111111111111011111111111111111111111111111111111111111111111111111111111111111111111111111111111111111111111111111111111111111111111111111111111111111
110000000000001110011100000000000000000000000001111001100000000000000000000000000000000000000000000000000000000011110011100010000001100000000000000000011010111000100000000000000011010011100000000000000000000000111100000000000000000000000100000000000000000000000000000000000000000000000000000000000000000000000000000000001111101111
111110000000001111111111100000011111001100111011111001101011111110111001100010011110000001111110111011011111111111110111110001010011111101111111010111111101111011100011000000000011110011100000000000000000111001111111111111111011111000000101111100000011111111111111101111111101111111001110001111101010000100000000001101011111101111
111111111111111111111111111111111111111111111111111111111111111111111111111111111111111111111111111111111111111111111111111111111111111111111111111111111111111111111111111111111111111111111111111111111111111111111111111111101101111111111111111111111111111111111111111111111111111111111111111111111111111111111111111111111111111111
111101111011011110111100000000011101110000011101111100100111100000000000000111011110011111111110100000011010000011111011111010000001100000000000000000011010111010001100111011111111110111101110111101100000111011111100000000000000000000111111111000010101111110111100111111111011101111011111001111101101000111111111110000001111111111
111111111111111111111111111111111111111111111111111111111111111111111111111111111111111111111111111111111111101111110111111111111111111111111111111111111111111111111111111111111111111111111111111111111111111111111111111111111111111111111111111111111111111111111111111111111111111111111111111111111111111111111111111111111111111111
111111111111111111111111111111111111111111111111111111111111111111111111111111111111111111111111111111111111111111111111111111111111111111111111111111111111111111111111111111111111111111111111111111111111111111111111111111111111111111111111111111111111111111111111111111111111111111111111111111111111111111111111111110111111111111
111111111111111111111111111111111111111111111111111111111111111111111111111111111111111111111111111111111011111111111111111111111111111111111111111111111111111111111111111111110111111111111111111111111111111111111111111111111111111111111111111111111111111111111111111111111111111111111111111111111111111111111111111111111111111111
110000000000001110011100000000000000000000000001111100100000000000000000000100000000000000000000000000000000000011110011100010000001111110000000000110100000111000010000000000000011000111100000000000000000000000111100000000000000000000111000000000000000000000000000000000000000000000000000000000000000000000000000000000001111101111
111111111111111111111111111111111111111111111111111111111111111111111111111111111111111111111111111111111111111111111111111111111111111111111111111111111111111111111111111011111111111111111111111111111111111111111111111111101111111111111111111111111111111111111111111111111111111111111111111111111111111111111111111111111111111111
110000000000001110111111110000011010000000001011111101111000000000000000011100011111011010000000000011100000000011111011111100000001111101111111110111100000111110111000100000000011101111111111011100101110111101111111111111101101100100111100111000010000111110111100001111011110110111011110001111001010000111111111111110001111111111
111111110111111111101111111111100000011101001111111010111011111110001011011111111000111101111110111100011010000011111111111101011011111101111111100110100000111100000101111111111111000111100000000000000000111100111111111110000001111011000000111101110110111111011111111111111011110111111000000011001001111101111111111111101111101111
110000000000000000000000000000000000000000000001111100100000000000000000000100000000000000000000000000011000000011110011100010000001100000000000000000011001111000100000000000000011010011100000000000000000000000111100000000000000000000111000000000000000000000000000000000000000000000000000000000000000000000000000000000001111101111
111111111111011111111111111111111111111111111111111111111111111111111111111111111111111101111111111111111111111111111111111111111111111111111111111111111111111111111111111111111111111111111111111111111111111111111111111111111111111111111111111111111111111111111111111111111111111111111111111111111111111111111111111111111111111111
111110000000001111001110000000000000011101101101111001111000000000000000000011111101111011111111100010100000000011110111100010000001111111111011100110111011111101001010111010000011011011111111000000001101000000111111111111100111101010000111111110100010111111011100101111011011110111011110001111101111111101110011111100111111111111
110000000000000000000000000000000000000000000001111001100000000000000000000000000000000000000000000000011000000011110011100010000001100000000000000000011001111000010000000000000011001011100000000000000000000000111100000000000000000000000101000000000000000000000000000000000000000000000000000000000000000000000000000000001111101111
111111111111111111111111111111111111111111111111111111111111111111111111111111111111111111111111111111111111111111111111111111111111111111111111111111111101111111111111111111111111111111111111111111111111111111111111111111111111111111111111111111111111111111111111111111111111111111111111111111111110111111111111111111111111111111
110000000000001111101111000000000000011111010001111100110011011110001011111100000000000000000000000010111101111011111111110000000001111110000000000110111100111100010011111001111011000111111100111110001101000000111111111111110000000000111000111101000011111111111011011111011011101110101110001111001101111110000011110000001111111111
111111111111111111111111111111111111111111111111111111111111111111111111111111111111111111111110111011111111111111111111111111111111111111111111111111111111111111111111111111111111111111111111111111111111111111111111111111111111111111111111111111111111111111111111111111111111111111111111111111111111111111111111111111111111111111
111111111111111111111111111111111111111111111111111111111111111111111111111111111111111111111111111111111111111111111111111111111111111111111111111111111111111111110111111111111111111111111111111111111111111111111111111111111111111111111111111101111111111111111111111111111111111111111111111111111111111111111111111111111111111111
110000000000000000000000000000000000000000000001111001100000000000000000000000000000100000000000000000011000000011110011100010000001100000000000000000011001111000100000000000000011100011100000000000000000000000111100000000000000000000000100000000000000000000000000000000000000000000000000000000000000000000000000000000001111101111
110000000000001110101100100000000000000000000001111100100000000000000000000100000000000000000000000000000000000011110011110000000001100000000000000000011010111000001000000000000011001011100000000000000000000000111100000000000000000000111000000000000000000000000000000000000000000000000000000000000000000000000000000000001111101111
111111111011111110111100100000011111011100110011111010100111011110100101011110100000011011101110111011111000000011111011100011111111111111111000000110100000111100000011011110111011110011111100100000000000111011111111110000000001100100000110111101100100111111111111001111111011111111001111000011100000000111110000001111111111111111
111111111111111111111111111111111111111111111111111111111111111111111111111111111111111111111111111111111111111111111111111111111111111111111111111111111111111111111111111111011111111111111111111111111111111111111111111111111111111111111111111101111111111111111111111111111111111111111111111111111111111111111111111111111111111111
110000000000001110101100000000000000000000000001111010100000000000000000000110000000000000000000000000000000000011110011110000000001100000000000000000011010111000000100000000000011010011100000000000000000000000111111110000000001110000000000000000000000000000000000000000000000000000000000000000000000000000000000000000001111101111
110000000000001110101100000000000000000000000001111001100000000000000000010000000000000000000000000000000000000011110011110000000001100000000000000000011010111000000100000000000011000111100000000000000000000000111100000000000000000000000100000000000000000000000000000000000000000000000000000000000000000000000000000000001111101111
110000000000000000000000000000000000000000000001111001100000000000000000000000000000000000000000000000011000000011110011100010000001100000000000000000011100111001001000000000000011001011100000000000000000000000111100000000000000000000000100000000000000000000000000000000000000000000000000000000000000000000000000000000001111101111
111111111111111111111111111111111111111111111111111101111111111111111111111111111111111111111111111111111111111111111111111111111111111111111111111111111111111111111111111110111111111111111111111111111111111111111111111111111111111111111111111111111111111111111111111111111111111111111111111111111111111111111111111111111111111111
110000000000000000000000000000000000000000000001111001100000000000000000000000000000000000000000000000011000000011110011100010000001100000000000000000011100111000001000000000000011001011100000000000000000000000111100000000000000000000000100000000000000000000000000000000000000000000000000000000000000000100000000000000001111101111
110000000000001110101100000000000000000000000001111001100000000000000000000000000000000000000000000000000000000011110011110000000001100000000000000000011010111000000010000000000011010011100000000000000000000000111100000000000000000000000100000000000000000000000000000000000000000000000000000000000000000000000000000000001111101111
110000000000000000000000000000000000000000000001111100100000000000000000000100000000000000000000000000011000000011110111100010000001100000000000000000011010111000000010000000000011100011100000000000000000000000111100000000000000000000111000000000000000000000000000000000000000000000000000000000000000000000000000000000001111101111
111111111111111111111111111111111111111111111111111111111111111111111111111111111111111111111111111111111111111111111111111111101111111111111111111111111111111111111111111111111111111111111110111111111111111111111111111111111111111111111111111111111111111111111111111111111111111111111111111111111111111111111111111111111111111111
111111111111111111111111111111111111111111111111111111111111111111111111111111111111111111111111111111111111111111111111111111111111111111111111111111111111111011111111111111111111111111111111111111111111111111111111111111111111111111111111111111111111111111111111111111111111111111111111111111111111111111111111111110111111111111
111111111111111111111111111111111111111111111111111111101111111111111111111111111111111111111111111111111111111111111111111111111111111111111111111111111111111111111111111111111111111111111111111111111111111111111111111111111111111111111111111111110111111111111111111111111111111111111111111111111111111111111111111111111111111111
110000000000001111111110100000011010111111111011111110111011111110110010000110111111011111111110101011111101100111110111111001111011111111111111101110100000111111001101011011011011100111101100100000001101111001111111111111110111110010111000111011011001111111011111111111111001100111101110001111101000111111110011111101101111111111
110000000000000000000000000000000000000000000001111010100000000000000000000110000000000000000000000000011000000011110011100010000001100000000000000000011010111100000000000000000011010011100000000000000000000000111111111110000000000000000000000000000000000000000000000000000000000000000000000000000000000000000000000000001111101111
110000000000000000000000000000000000000000000001111010100000000000000000000110000000000000000000000000011000000011110011100010000001100000000000000000011100111100000000000000000011010011100000000000000000000000111111110000000001100010000000000000000000000000000000000000000000000000000000000000000000000000000000000000001111101111
111111111111111111111111111111111111111111111111111111111111111111111111111111111111111111111111111111111111111111111111111111111111111111111111111111111111111111111111111111111111111111111111111111111111111111111111111111111111111111111101111111111111111111111111111111111111111111011111111111111111111111111111111111111111111111
111111111111111111111111111111111111111111111111111111111111111111111111111111111111111111111111111111111111111111111111111111111111111111111111111111111111111111111111111111111111111111111111111111111111111111111111111111111011111111111111111111111111111111111111111111111111111111111111111111111111111111111111111111011111111111
111110000000001110011110110000011110011100111001111111111011011110110001111110011110011111101111101111011101110111111011100011101111100000000000000000011100111011000001000000000011000111111100100000001110000000111111110000000001100111111111111001110000110000000000001111011010111111011111001111001111000101110000000000001111101111
111101111011011110111110101111100000000000011111111001111100000000000000011101000000100001101000000011011010000011111011110000000001100000000000000000011001111110010111111111000011000111110000000000000000111101111111111111110101111011000100111011001111111110111111101111111110101111111000000011011101111100000011110000001111111111
110000000000001111001100000000000000000000000001111001100000000000000000000000000000000000000000000000000000000011110011100010000001100000000000000000011010111001000000000000000011100011100000000000000000000000111100000000000000000000000100000000000000000000000000000000000000000000000000000000000000000000000000000000001111101111
110000000000001110101100000000000000000000000001111001100000000000000000000000000000100000000000000000000000000011110011110000000001100000000000000000011010111000000010000000000011010011100000000000000000000000111100000000000000000000000100000000000000000000000000000000000000000000000000000000000000000000000000000000001111101111
111111111111111111111111111111111111111111111101111111111111111111111111111111111111111111111111111111111111111111111111111111011111111111111111111111111111111111111111111111111111111111111111111111111111111111111111111111111111111111111111111111111111111111111111111111111111111111111111111111111111111111111111111111111111111111
110000000000000000000000000000000000000000000001111001100000000000000000000000000000000000000000000000011010000011110011100010000001111110000000000111000000111100000000000000000011010011100000000000000000000000111100000000000000000000000100000000000000000000000000000000000000000000000000000000000000000000000000000000001111101111
111111111111111111111111111111111111111111111111111111111111111111111110111111111111111111111111101111111111111111111111111111111111111111111111111111111111111111111111111111111111111111111111111111111111111111111111111111111111111111111111111111111111111111111111111111111111111111111111111111111111111111111111111111111111111111
111111111111111111111111111111111111111111111111111111111111111111111111111111111111111101111111111111111111111111111111111111111111111111111111111111111111111111111111111111111111111111111111111111111111111111111111111111111111111111111111111111111111111111111111011111111111111111111111111111111111111111111111111111111111111111
110000000000001111101111000000000000001110000001111011101011011111000010000110111000111011110000000011011101110111110011110011001011111111111100000111100000111011000100011001010011100011111100011111110000111101111111111111110111101111000101111101010011111111011100100000000000000000000110001111111110111000000000001100111111111111
111111110111101110101100101111111111101111100011111101101011100000000000010110100000011101101111101111011110000011110111100010000001111101111111001111111001111111111001111111111111100011100000000000000000111011111111111111111111111101111111111100010100110000000000001111011101101110101111000011010000111101111100001110011111101111
110000000000001111001100000000000000000000000001111010100000000000000000000110000000000000000000000000000000000011110011100010000001111110000000000110100000111000000010000000000011010011100000000000000000000000111111110000000001100010000000000000000000000000000000000000000000000000000000000000000000000000000000000000001111101111
111111111111111111111111111111111111111111111111111111111111111111111111111111111111111111111111111111111111111111111111111111111111111111111111111111111111111110111111111111111111111111111111111111111111111101111111111111111111111111111111111111111111111111111111111111111111111111111111111111111111111111111111111111111111111111
110000000000000000000000000000000000000000000001111001101000000000000000010001011110111101111111010111111000000011110111100011001111111111111011011110100000111010110110011111101111111111111110111110101110111010111111111111111000000000111101111011111011110000000000001111111001100111111110111111111110000110000000001100011111111111
111111111111111111111111111111111111111111111111111111111111111111111111111111111111111111111111111111111111111111111111111111111111111111111111111111111111111111111111111111111111110111111111111111111111111111111111111111111111111111111111111111111011111111111111111111111111111111111111111111111111111111111111111111111111111111
110000000000000000000000000000000000000000000001111100100000000000000000000100000000000000000000000000011000000011110011100010000001100000000000000000011001111110000000000000000011100011100000000000000000000000111100000000000000000000111000000000000000000000000000000000000000000000000000000000000000000000000000000000001111101111
110000000000000000000000000000000000000000000001111001100000000000000000000000000000000000000000000000011000000011110011100010000001100000000000000000011010111000100000000000000011010011100000000000000000000000111100000000000000000000000100000000000000000000000000000000000000000000000000000000000000000000000000000000001111101111
111111111011101110101110100000011010011110011101111010101011100000000000010110111110011111111110010011011100000011110011100011010111111110000000000110111001111101111110011101101011001111111110100000000000111111111111111111111101100100000000111010101011111111111100111111111001100110101111111111111111000001111111111101011111101111
110000000000000000000000000000000000000000000001111010100000000000000000000110000000000000000000000000011000000011110011100010000001111110000000000110100000111000100000000000000011000111100000000000000000000000111111110000000001100010000000000000000000000000000000000000000000000000000000000000000000000000000000000000001111101111
111111111011111111101110000000011111010000011001111001100000000000000000010110111101111111111111110000011111101111111011100010000001100000000000000000011111111010001100111110010111110011110000000000000000000000111111110000000001100001000100111011100000110000000000001111011100101110101110110011111011000101110011111111101111111111
111111111111011111001110001111011011010000010001111001110111111111010100111011100000111011101110101011100000000011111011100011100011100000000000000000011101111110101100111010010011010111101100111111001101111101111111111111100011100101000100111010010111111111011011001111111011111110101000000011001011000101110000001101011111111111
110000000000000000000000000000000000000000000001111001100000000000000000000000000000000000000000000000011000000011110011100010000001100000000000000000011100111000100000000000000011000111100000000000000000000000111100000000000000000000000100000000000000000000000000000000000000000000000000000000000000000100000000000000001111101111
110000000000000000000000000000000000000000000001111001100000000000000000000000000000000000000000000000011000000011110011100010000001100000000000000000011001111001000000000000000011000111100000000000000000000000111100000000000000000000000100000000000000000000000000000000000000000000000000000000000000000000000000000000001111101111
111111111111011111111111111111111111111111111111111111111111111111111111111111111111111111111111111111111111111111111111111111111111111111111111111111111111111111111110111111111111111111111111111111111111111111111111111111111111111111111111111111111111111111111111111111111111111111111111111111111111111111111111111111111111111111
111101111011101111001100111111111001011111000111111001100111011110010011111010111000011011111110011010011101110011111111100011001111100000000000000000011111111001110001011100000011011111101110100000001101111100111111110000000001110011111101111111011110110000000000001111111100101111011111001111111000111101110000001110001111111111
110000000000001111001100000000000000000000000001111001100000000000000000000000000000000000000000000000000000000011110011100010000001100000000000000000011001111000000010000000000011001011100000000000000000000000111100000000000000000000000100000000000000000000000000000000000000000000000000000000000000000000000000000000001111101111
110000000000000000000000000000000000000000000001111001100000000000000000000000000000000000000000000000011000000011110011100010000001100000000000000000011100111000100000000000000011001011100000000000000000000000111100000000000000000000000100000000000000000000000000000000000000000000000000000000000000000000000000000000001111101111
110000000000001110101110000000000000000000000001111001100000000000000000000000000000000000000000000000000000000011110011110000000001100000000000000000011001111000100000000000000011100011100000000000000000000000111100000000000000000000000100000000000000000000000000000000000000000000000000000000000000000000000000000000001111101111
110000000000001110011100000000000000000000000001111001100000000000000000000000000000000000000000000000000000000011110011100010000001100000000000000000011010111000000001000000000011001011100000000000000000000000111100000000000000000000000100000000000000000000000000000000000000000000000000000000000000000000000000000000001111101111
110000000000000000000000000000000000000000000001111001100000000000000000000000000000100000000000000000011000000011110011100010000001100000000000000000011001111000100000000000000011000111100000000000000000000000111100000000000000000000000100000000000000000000000000000000000000000000000000000000000000000000000000000000001111101111
111111111111111111111111111111111111111111111111111111111111111111111111111111111110111111111111111111111111111111111111111111111111111111111111111111111111111111101111111111111111111111111111111111111111111111111111111111111111111111111111111111111111111111111111111111111111111111111111111111111111111111111111111111111111111111
111111111011011110111110001111100000001110011011111110110111011111001010000111111101111101101110010111011110000011111011111101101011111101111011010110100000111010111000111100000011100111101111011110111101111110111111111111100110000000111000111111100010111110111011100000000000000000000111000011011010000101111100000000001111101111
110000000000000000000000000000000000000000000001111100100000000000000000000100000000000000000000000000011000000011110011100010000001100000000000000000011100111000100000000000000011000111100000000000000000000000111100000000000000000000111000000000000000000000000000000000000000000000000000000000000000000000000000000000001111101111
110000000000000000000000000000000000000000000001111100100000000000000000000100100000000000000000000000011000000011110011100010000001100000000000000000011001111000000100000000000011000111100000000000000000000000111100000000000000000000111000000000000000000000000000000000000000000000000000000000000000000000000000000000001111101111
110000000000000000000000000000000000000000000001111100100000000000000000000100100000000000000000000000011000000011110011100010000001100000000000000000011001111100000000000000000011010011100000000000000000000000111100000000000000000000111000000000000000000000000000000000000000000000000000000000000000000000000000000000001111101111
111111111111111111111111111111111111111111111111111111111111111111111111111111111111111111111111111111111111111111111111111111111111111111111111110111111111111111111111111111111111111111111111111111111111111111111111111111111111111111111111111101111111111111111111111111111111111111111111111111111111111111111111111111111111111111
111111111111111111111111111111111111111111111111111111111111111110111111111111111111111111111111111111111111111111111111111111111111111111111111111111111111111111111111111111111111111111111111111111111111111111111111111111111111111111111111111111111111111111111111111111111111110111111111111111111111111111111111111111111111111111
110000000000000000000000000000000000000000000001111001100000000000000000000000000000000000000000000000011000000011110011100010000001100000000000000000011001111000001000100000000011100011100000000000000000000000111100000000000000000000000100000000000000000000000000000000000000000000000000000000000000000000000000000000001111101111
111111111111111111111111111111111111111111111111111111111111111111111111111111111111111101111111111111111111111111111111111011111111111111111111111111111111111111111111111111111111111111111111111111111111111111111111111111111111111111111111111111111111111111111111111111111111111111111111111111111111111111111111111111111111111111
111111111111111111111111111111111111111111111101111111111111111111111111111111111111111111111111111111111111111111111111111111111111111111111111111111111111111111111111111111101111111111111111111111111111111111111111111111111111111111111111111111111111111111111111111111111111111111111111111111111111111111111111111111111111111111
110000000000000000000000000000000000000000000001111001110000000000000000000000000000000000000000000000011000000011110011100010000001100000000000000000011100111001000000000000000011100011100000000000000000000000111100000000000000000000000100000000000000000000000000000000000000000000000000000000000000000000000000000000001111101111
111110000000000000000000000000000000000000000001111001100011011110011010111100000000011101101111001110111010000011111111100011111011111111111111110111011101111111101000011100000011111011110000000000000000000000111111111111100010000000000100000000000000000000000000000000000000000000000000000000000000000100000011111111011111101111
110000000000001110101100000000000000000000000001111001100000000000000000000000000000000000000000000010000000000011110011110000000001100000000000000000011001111000010000000000000011100011100000000000000000000000111100000000000000000000000100000000000000000000000000000000000000000000000000000000000000000000000000000000001111101111
110000000000000000000000000000000000000000000001111100100000000000000000000100000000000000000000000000011000000011110011100010000001100000000000000000011100111100000000000000000011100011100000000000000000000000111100000000000000000000111000000000000000000000000000000000000000000000000000000000000000000000000000000000001111101111
110000000000001110111110000000011001111101100001111011111100000000000000011110111111111101111111100111011111101111111111100011111111111110000000000111111111111001100111111010000011110111111111100000001110111010111111111110000000000000111110000000000000000000000000000000000000000000000000000000000000000111110011110000001111111111
111111111111111111111111111111111111111111111111111111111111111111111111111111111111111111111111111111111111111111111111111111111111111111111111111111111111111111110111111111111111111111111111111111111111111111111111111111111111111111111111111111101111111111111111111111111111111111111111111111111111111111111111111111111111111111
111111111111111111111111111111111111111111111111111111111111111111111111111111111111111111111111111111111111111111111111111111111111111111111111111111111111111111111111111111111111110111111111111111011111111111111111111111111111111111111111111111111111111111111111111111111111111111111111111111111111111111111111111111111111111111
111111111111111111111110111111111111111111111111111111111111111111111111111111111111111111111111111111111111111111110111111111111111111111111111111111111111111111111111111111111111111111111111111111111111111111111111111111111111111111111111111111111111111111111111111111111111111111111111111111111111111111111111111111111111111111
111111111111111111111111111111111111111101111111111101111111111111111111111111111111111111111111111111111111111111111111111111111111111111111111111111111111111111111111111111111111111111111111111111111111111111111111111111111111111111111111111111111111111111111111111111111111111111111111111111111111111111111111111111111111111111
110000000000001111101100101111111110011100110101111001100111100000000000011100111110000001111110110111011010000011111111100011110011111110000000000110111101111010100001011010000111011111101111000000001111111001111111110000000001111110000110111111011001111111011100100000000000000000000111001111010001000101111100001111111111101111
110000000000000000000000000000000000000000000001111010100000000000000000000110000000000000000000000000011000000011110011100010000001111110000000000111000000111000100000000000000011001011100000000000000000000000111111110000000001101000000000000000000000000000000000000000000000000000000000000000000000000000000000000000001111101111
111111111111111111111111111111111111111111111111111111110111111111111111111111111111111111111111111110111111111111111111111111111111111111111111111111111111111111111111111111111111111111111111111111111111111111111111111111111111111111111111111111111111111111111111111111111111111111111111111111111111111111111111111111111111111111
110000000000000000000000000000000000000000000001111001100000000000000000000000000000000000000000000000011000000011110011100010000001100000000000000000011100111000000100000000000011000111100000000000000000000000111100000000000000000000000101000000000000000000000000000000000000000000000000000000000000000000000000000000001111101111
110000000000000000000000000000000000000000000001111001100000000000000000000000000000000000000000000000011000000011110011100010000001100000000000000000011010111000000001100000000011100011100000000000000000000000111100000000000000000000000100000000000000000000000000000000000000000000000000000000000000000000000000000000001111101111
111111111111111111111111111111111110111111111111111111111111111111111111111111111111111111111111111111111111111111111111111111111111111111111111111111111111111111111111111111101111111111111111111111111111111111111111111111111111111111111111111111111111111111111111111111111111111111111111111111111111111111111111111111111111111111
110000000000001110101100000000000000000000000001111001100000000000000000000000000000000000000000000000000000000011110011110000000001111110000000000110100000111001000000000000000011010011100000000000000000000000111100000000000000000000000100000000000000000000000000000000000000000000000000000000000000000000000000000000001111101111
110000000000000000000000000000000000000000000001111001100000000000000000000000000000000000000000000000011000000011110011100010000001100000000000000000011100111000001000000000000011000111100000000000000000000000111100000000000000000000000100000000000000000000000000000000000000000000000000000000000000000000000000000000001111111111
111111111111111111111111111111111111111111111111111111111111111111111111111111111111011111111111111111111111111111111111111111111111111111111111111111111111111111111111111111111111111111111111111111111111111101111111111111111111111111111111111111111111111111111111111111111111111111111111111111111111111111111111111111111111111111
110000000000000000000000000000000000000000000001111001100000000000000000000000000000000000000000000000011010000011110011100010000001100000000000000000011100111000010000000000000011100011100000000000000000000000111100000000000000000000000100000000000000000000000000000000000000000000000000000000000000000000000000000000001111101111
110000000000000000000000000000000000000000000001111001100000000000000000000000000000000000000000000010011000000011110011100010000001100000000000000000011100111000001000000000000011000111100000000000000000000000111100000000000000000000000100000000000000000000000000000000000000000000000000000000000000000000000000000000001111101111
110000000000000000000000000000000000000000000001111001100000000000000000000000100000000000000000000000011000000011110011100010000001100000000000000000011010111010000000000000000011000111100000000000000000000000111100000000000000000000000100000000000000000000000000000000000000000000000000000000000000000000000000000000001111101111
111111111111101110101110110000011101001110001011111001111111111110100001010101111110111011111111110000011101110011111011100011010111111101111100000111000000111010010100011110010011011111101100000000001111111111111111111111111100000000111111111000001100111111011111101111111011101111111111111111110000111101110000000000001111111111
110000000000001111111111101111111100011111011001111001111011111110011010010000011111011010000000000011000000000011111111100010000001111101111111001111011110111010011011111110100111111011110000000000000000000000111100000000000000000000000100111000100011110000000000001111111111111111011110111111110000000101111111111101011111111111
110000000000001111001100000000000000000000000001111001100000000000000000000000000000000000000000000000000000000011110011100010000001111110000000000110100000111000000100000000000011000111100000000000000000000000111100000000000000000000000100000000000000000000000000000000000000000000000000000000000000000000000000000000001111101111
110000000000000000000000000000000000000000000001111001100000000000000000000000000000000000000000000000011000000011110111100010000001111110000000000110100000111100000000000000000011000111100000000000000000000000111100000000000000000000000100000000000000000000000000000000000000000000000000000000000000000000000000000000001111101111
111111111111111111111111111111111110111111111111111111111111111111111111111111111111111111111111111111111111111111111111111111111111111111111111111111111111111111111111111111111111111111111111111111111111111011111111111111111111111111111111111111111111111111111111111111111111111111111111111111111111111111111111111111111111111111
110000000000000000000000000000000000000000000001111100100000000000000000000100000000000000000000000000011000000011111011100010000001100000000000000000011001111000100000000000000011000111100000000000000000000000111100000000000000000000111000000000000000000000000000000000000000000000000000000000000000000000000000000000001111101111
111101111011100000000000000000000000000000000001111001101111011111100000010011100000011011101110000110011000000011111111100010000001111101111100000111100000111101000110000000000011100111111111100000001110000000111100000000000000000000000101111010111001110000000000001111011010110111011110111111101101111111111111111111001111101111
111111111011101110011111001111111001110000010101111011101111111111101001011110100000100000000000000010011010000011111011100011111111100000000000000000011111111001011111111001011111111111110000000000000000111110111111111111111011111101000111000000000000000000000000000000000000000000000000000000000000111111111111110000001111101111
111111111111111111111111111111111111111111111111111111111111111111111111111111111111111111111111111111111111111111111111111111111111111111111111111111111111111111111111111111111111111111111111111111111111111111111111111111111111111111111111111111111111111111111111011111111111110111111111111111111111111111111111111111111111111111
111111111111111111111111111111111111111111111111111111111111111111111111111111111111111111111111111111111111111111111111111111111111111111111111111111111111111111111111111111111111111111111111111111111111111111111111111111111111111111111111111111111111111110111111111111111111111111111111111111011111111111111111111111111111111111
111101110111011111111111110000011111001110101011111010110100000000000000010111011101000001101111101111011101111111110011110010000001111110000000000111011111111111011001111011101011001011101111100000001111111101111111111111101100000000000111111100001011111110111100011111111010111111001111110011011100000111110000000000001111111111
110000000000001110011100000000000000000000000001111001100000000000000000000000000000000000000000000000000000000011110011100010000001100000000000000000011001111000100000000000000011000111100000000000000000000000111100000000000000000000000100000000000000000000000000000000000000000000000000000000000000000000000000000000001111101111
110000000000000000000000000000000000000000000001111001100000000000000000010000000000000000000000000000011000000011110011100010000001100000000000000000011100111000000100000000000011000111100000000000000000000000111100000000000000000000000100000000000000000000000000000000000000000000000000000000000000000000000000000000001111101111
111101111011101111101110001111011010011110110101111010101011011110000100111110011000100001101111001010111110000011110111110011011111111110000000000111011101111001011001111100000011111011101111100000001110000000111111110000000001100001000111111101001000111111011011010000000000000000000111111111010001111101110000001111001111101111
110000000000001110101100000000000000000000000001111010100000000000000000000110000000000000000000000000000000000011110011110000000001100000000000000000011010111000001000000000000011001011100000000000000000000000111111111110000000000000000000000000000000000000000000000000000000000000000000000000000000000000000000000000001111101111
110000000000000000000000000000000000000000000001111001100000000000000000000000000000000000000000000000011000000011110011100010000001100000000000000000011010111000010001000000000011001011100000000000000000000000111100000000000000000000000100000000000000000000000000000000000000000000000000000000000000000000000000000000001111101111
110000000000000000000000000000000000000000000001111100100000000000000000000100000000000000000000000000011000000011110011100010000001111110000000000110100000111000001000000000000011010011100000000000000000000000111100000000000000000000111000000000000000000000000000000000000000000000000000000000000000000000000000000000001111101111
111111111111111111111111111111111111111111111111111111111111111111111111111111111111111111111111111111111111111111111111111111111111111111111111111111111111111111111111111111111111111111111111111111111111111111111111111111111111111111111111111111011111111111111111111111111101111111111111111111111111111111111111111111111111111111
111101110111101111001111001111011000101111101011111010110111111111110001111111111101100000000000000011100000000011111111100011111111111110000000000110100000111011110000011001101011100111100000000000000000111110111111111111101111110111000110111110110000111111011011101111111101100110111000000011011111000111111100001111001111111111
111111111011100000000000000000000000000000000001111001110011111111010001011010111111011111101111101011111000000011110111100011001011111110000000000111000000111100111000111101111111001011101100111101100000111110111111111111101101101101111110111001110001110000000000000000000000000000000110001111001011000111111100001101111111111111
110000000000001110111100101111111001010000011011111001111011011000000001111011000000111101101111100111111101110011111111111001111111100000000000000000011011111111010010000000000011010111111111111111101101111110111111111111111011111000000111111001101101110000000000000000000000000000000111110011100001000100000000000000001111101111
110000000000001111001100001111000000000000001101111001110111111111011000010010011111111111111111001100011000000011111111100011100111100000000000000000011111111110101000011011010011000111111100111110011101000000111111111111110110000000000101111001110001110000000000000000000000000000000111110011110000111001110000001100011111111111
111111111111111111111111111111111111111111111111111111111111111111111111111111111111111111111111111111111111111111111111111111111111111111111111111111111111111111111111111111111111111111111111111111111111111111111111111111111111101111111111111111111111111111111111111111111110111111111111111111111111111111111111111111111111111111
111111111111111111111111111111111111111111111111111111111111111111011111111111111101111111111111111111111111111111111111111111111111111111111111111111111111111111111111111111111111111111111111111111111111111111111111111111111111111111111111111111111111111111111111111111111111111111111111111111111111111111111111111111111111111111
110000000000001110101100110000011001011110101001111001100111111111100000100000100000111111101110111100011101100111110111110010000001111101111111110111111111111011101100111011100011110111110000000000000000111100111100000000000000000000000110111110011001111111111111100000000000000000000110110011110000111001110000001101111111101111
110000000000001110101100000000000000000000000001111010100000000000000000000110000000000000000000000000000000000011110011110000000001111110000000000111000000111000010000000000000011000111100000000000000000000000111111111110000000000000000000000000000000000000000000000000000000000000000000000000000000000000000000000000001111101111
110000000000000000000000000000000000000000000001111001100000000000000000000000000000100000000000000000011000000011110011100010000001100000000000000000011001111000000010000000000011001011100000000000000000000000111100000000000000000000000100000000000000000000000000000000000000000000000000000000000000000000000000000000001111101111
110000000000000000000000000000000000000000000001111001100000000000000000000000000000000000000000000000011000000011111011100010000001100000000000000000011100111000100000000000000011001011100000000000000000000000111100000000000000000000000100000000000000000000000000000000000000000000000000000000000000000000000000000000001111101111
111111111111111111111111111111111111111111111111111111111111111111111111111111111111111111111111111111111111111111111111111111111111111111111111111111111111111111111111111111111011111111111111111111111111111111111111111111111111111111111111111111111111111111111111111111111111111111111111111111011111111111111111111111111111111111
111111111111111111111111111111111111111111111111111111111111111111111111111111111111111111111111111111111111111111111111111111111111111111111111111111111111111111111111111111111111101111111111111111111111111111111111111111111111111111111111111111111111111111111111101111111111111111111111111111111111111111111111111111111111111111
111111111111111111111111111111111111111111111111111111111111111111111111111111111111111111111111111111111111111111111111111111111111111101111111111111111111111111111111111111011111111111111111111111111111111111111111111111111111111111111111111111111111111111111111111111111111111111111111111111111111111111111111111111111111111111
111111111111111111111111111111111111111111011111111111111111111111111111011111111111111111111111111111111111111111111111111111111111111111111111111111111111111111111111111111111111111111111111111111111111111111111111111111111111111111111111111111111111111111111111111111111111111111111111111111111111111111111111111111111111111111
110000000000001110101100000000000000000000000001111001100000000000000000000000000000000000000000000000000000000011110011110000000001100000000000000000011010111000100000000000000011100011100000000000000000000000111100000000000000000000000100000000000000000000000000000000000000000000000000000000000000000000000000000000001111101111
111110000000001111111100100000011111000000001101111001111011011111100100111000011110000001111110110010011110000011111011111000000001111101111011001111011111111001100111111111000111011011101111111100110000111111111100000000000000000000111100111011111111111111011011101111111001101110101111000011101000000100000011110000001111111111
110000000000000000000000000000000000000000000001111001100000000000000000000000000000000000000000000000011000000011110011100010000001111101111000000111000000111000100000000000000011010011100000000000000000000000111100000000000000000000000100000000000000000000000000000000000000000000000000000000000000000000000000000000001111101111
111111111111111111111111111111111111111111111111111111111111111111111111111111111111111111111111111111111111111111111111111111111111111111111111111111111111111111111111111111111111111111101111111111111111111011111111111111111111111111111111111111111111111111111111111111111111111111111111111111111111111111111111111111111111111111
111111111111111111111111111111111111111111111111111111111111111111111111111111111111111111111111111111111111111111111111111111111111111111111111111111111111111111111101111111111111111111111111111111111111111111111111111111111111111111111111111111111111111111111111111111111110111111111111111111111111111111111111111111111111111111
110000000000000000000000000000000000000000000001111100100000000000000000000100000000000000000000000000011000000011110011100010000001100000000000000000011010111000000011000000000011000111100000000000000000000000111100000000000000000000111000000000000000000000000000000000000000000000000000000000000000000000000000000000001111101111
111111111111111111111111111111111111111111111111111111111111111111111111111111111111111111111111111111111111111111111111111111111111111111111111111111111111111111111111111111111111111111111111111111111111111111111111111111111111111111111111111111111111111111111111101111111111111111111111111111111110111111111111111111111111111111
110000000000001111111110100000011010011111001101111010100111111111011010100110111110111010000000000011111110000011110011111111101111100000000000000000011010111001010001011000000111000111101110100000001110111100111111111110000000000000111000111110111011111110111011100000000000000000000111001111001101000001110011111111111111101111
110000000000000000000000000000000000000000000001111001100000000000000000000000000000000000000000000000011000000011110011100010000001100000000000000000011010111001000000000000000011100011100000000000000000000000111100000000000000000000000100000000000000000000000000000000000000000000000000000000000000000000000000000000001111101111
110000000000000000000000000000000000000000000001111010100000000000000000000110000000000000000000000000011000000011110011100010000001111101111000000110100000111000000001000000000011001011100000000000000000000000111111111110000000000000000000000000000000000000000000000000000000000000000000000000000000000000000000000000001111101111
111111111011111111101100110000011001011110001101111001101111011111010101111000111111111011111111110000011110000011111011111101011011111111111111101110111111111010000111100000000011100011101100011101110000111011111111111111110111101010000111111011010110110000000000000000000000000000000111000011111101000101111100000000001111111111
110000000000001110111111111111011010111101110111111001101111011000000001010001111000011011111111010100011101110111111111110001000111111111111111010110111101111001011011111100001011101011111111000000001110111111111111111111110001101111000111111111001110111111011100000000000000000000000110111111010000111101111111110000001111101111
111110000000001111111100111111111110111110111011111111100111100000000000011110011000111011101110010110111101101111110011111000000001111110000000000111111100111011101101011001101111001011111100111111011111111011111111110000000001111101111100111111011100110000000000001111011101111110101110111111101010111001111111111110011111101111
110000000000000000000000000000000000000000000001111010100000000000000000000110000000000000000000000000011000000011110011100010000001100000000000000000011001111000100000000000000011100011100000000000000000000000111111110000000001100100000000000000000000000000000000000000000000000000000000000000000000000000000000000000001111101111
111111111111101110011100110000000000011110010011111010100111011111101010011111111101011011111111101010100000000011111011100011111011111111111111101111011110111100011101000000000011001011111100111101111101111100111111111110000001100001000111111000010110110000000000001111111111100111001110111111001101000110000000000000001111111111
111111110111101111001111000000011111011110110101111101111100000000000000010110111100011111111000000011011001101111110011100010000001111101111111101110111110111001000010000000000011110011101110000000001110000000111100000000000000000000111110111001110011111110111111011111111100101110111000000011100001000111111100000000001111101111
111111111111111111001110111111111001101100111011111001101011011110000011000000011110000001111110111100011011101111111111100010000001111101111100000111011110111011110011111100100111000111111110000000001111111111111111111110000000000000111101111001111001110000000000001111111110101110111111111111011011000110000011111101011111111111
110000000000000000000000000000000000000000000001111001100000000000000000000000000000000000000000000000011000000011110011100010000001100000000000000000011001111010000000000000000011000111100000000000000000000000111100000000000000000000000110000000000000000000000000000000000000000000000000000000000000000000000000000000001111101111
110000000000000000000000000000000000000000000001111001100000000000000000010000000000000000000000000000011000000011110011100010000001100000000000000000011001111000001000000000000011001011100000000000000000000000111100000000000000000000000100000000000000000000000000000000000000000000000000000000000000000000000000000000001111101111
~~~
0.0 138.0 102.0 363.0 1912.0
0.0 188.0 85.0 246.0 1447.0
0.0 278.0 26.0 107.0 510.0
0.0 120.0 113.0 406.0 2081.0
0.0 135.0 106.0 366.0 1982.0
0.0 160.0 95.0 313.0 1689.0
0.0 2.0 178.0 619.0 3299.0
0.0 279.0 25.0 111.0 517.0
0.0 127.0 105.0 398.0 1996.0
0.0 2.0 179.0 621.0 3302.0
0.0 144.0 105.0 342.0 1892.0
0.0 2.0 177.0 626.0 3304.0
0.0 1.0 178.0 626.0 3308.0
0.0 2.0 178.0 625.0 3298.0
0.0 272.0 29.0 131.0 579.0
0.0 2.0 179.0 617.0 3299.0
0.0 144.0 98.0 361.0 1855.0
0.0 106.0 124.0 397.0 2212.0
0.0 280.0 27.0 104.0 506.0
0.0 2.0 177.0 626.0 3303.0
0.0 137.0 103.0 367.0 1908.0
0.0 282.0 26.0 104.0 486.0
0.0 2.0 179.0 623.0 3302.0
0.0 153.0 95.0 359.0 1784.0
0.0 2.0 178.0 621.0 3296.0
0.0 2.0 177.0 626.0 3301.0
0.0 282.0 26.0 96.0 482.0
0.0 275.0 29.0 123.0 544.0
0.0 129.0 113.0 354.0 2012.0
0.0 2.0 177.0 626.0 3298.0
0.0 271.0 34.0 113.0 578.0
0.0 278.0 26.0 114.0 515.0
0.0 282.0 25.0 104.0 475.0
0.0 2.0 177.0 626.0 3306.0
0.0 282.0 26.0 101.0 468.0
0.0 279.0 27.0 108.0 506.0
0.0 279.0 27.0 106.0 502.0
0.0 2.0 179.0 612.0 3306.0
0.0 2.0 178.0 622.0 3302.0
0.0 2.0 177.0 626.0 3305.0
0.0 100.0 120.0 456.0 2281.0
0.0 275.0 31.0 107.0 539.0
0.0 275.0 31.0 106.0 528.0
0.0 2.0 177.0 626.0 3311.0
0.0 2.0 178.0 622.0 3307.0
0.0 152.0 91.0 362.0 1782.0
0.0 154.0 99.0 317.0 1757.0
0.0 279.0 26.0 111.0 509.0
0.0 278.0 28.0 108.0 516.0
0.0 2.0 179.0 619.0 3305.0
0.0 278.0 25.0 112.0 507.0
0.0 2.0 177.0 626.0 3299.0
0.0 2.0 178.0 625.0 3308.0
0.0 151.0 98.0 323.0 1794.0
0.0 122.0 114.0 368.0 2098.0
0.0 267.0 35.0 121.0 608.0
0.0 2.0 178.0 623.0 3298.0
0.0 150.0 104.0 321.0 1840.0
0.0 2.0 178.0 623.0 3300.0
0.0 279.0 28.0 108.0 503.0
0.0 283.0 24.0 98.0 479.0
0.0 119.0 116.0 389.0 2121.0
0.0 271.0 32.0 111.0 577.0
0.0 161.0 96.0 286.0 1716.0
0.0 132.0 115.0 324.0 2002.0
0.0 282.0 25.0 101.0 472.0
0.0 283.0 25.0 99.0 469.0
0.0 2.0 178.0 623.0 3303.0
0.0 130.0 104.0 389.0 2051.0
0.0 279.0 28.0 106.0 496.0
0.0 283.0 24.0 101.0 466.0
0.0 278.0 27.0 106.0 523.0
0.0 279.0 25.0 114.0 503.0
0.0 282.0 26.0 96.0 480.0
0.0 2.0 177.0 626.0 3300.0
0.0 130.0 114.0 383.0 2069.0
0.0 280.0 26.0 109.0 495.0
0.0 279.0 27.0 110.0 501.0
0.0 279.0 27.0 110.0 502.0
0.0 2.0 178.0 617.0 3305.0
0.0 2.0 177.0 626.0 3301.0
0.0 282.0 27.0 96.0 478.0
0.0 2.0 178.0 626.0 3312.0
0.0 2.0 178.0 619.0 3311.0
0.0 282.0 25.0 104.0 478.0
0.0 199.0 69.0 257.0 1322.0
0.0 278.0 29.0 106.0 523.0
0.0 280.0 26.0 113.0 488.0
0.0 169.0 79.0 335.0 1619.0
0.0 2.0 178.0 626.0 3304.0
0.0 2.0 178.0 625.0 3301.0
0.0 2.0 177.0 626.0 3298.0
0.0 2.0 178.0 621.0 3301.0
0.0 151.0 98.0 321.0 1757.0
0.0 271.0 33.0 105.0 569.0
0.0 2.0 178.0 623.0 3306.0
0.0 282.0 24.0 113.0 476.0
0.0 282.0 25.0 101.0 477.0
0.0 2.0 178.0 622.0 3305.0
0.0 275.0 27.0 123.0 553.0
0.0 282.0 25.0 101.0 474.0
0.0 2.0 177.0 626.0 3302.0
0.0 282.0 25.0 105.0 473.0
0.0 282.0 26.0 101.0 474.0
0.0 282.0 25.0 100.0 473.0
0.0 113.0 118.0 397.0 2154.0
0.0 154.0 94.0 348.0 1801.0
0.0 275.0 27.0 124.0 542.0
0.0 278.0 25.0 114.0 509.0
0.0 2.0 179.0 617.0 3305.0
0.0 279.0 28.0 104.0 513.0
0.0 171.0 84.0 311.0 1618.0
0.0 167.0 96.0 265.0 1667.0
0.0 2.0 178.0 625.0 3303.0
0.0 2.0 177.0 626.0 3313.0
0.0 127.0 106.0 408.0 2050.0
0.0 279.0 26.0 109.0 508.0
0.0 282.0 24.0 107.0 470.0
0.0 145.0 101.0 348.0 1868.0
0.0 271.0 34.0 113.0 575.0
0.0 282.0 25.0 101.0 480.0
0.0 276.0 28.0 118.0 542.0
0.0 2.0 177.0 626.0 3309.0
0.0 129.0 112.0 311.0 2039.0
0.0 154.0 109.0 262.0 1781.0
0.0 159.0 94.0 333.0 1734.0
0.0 169.0 89.0 309.0 1658.0
0.0 2.0 177.0 626.0 3309.0
0.0 2.0 177.0 626.0 3301.0
0.0 158.0 87.0 353.0 1732.0
0.0 267.0 35.0 119.0 610.0
0.0 282.0 27.0 96.0 471.0
0.0 282.0 25.0 101.0 479.0
0.0 2.0 177.0 626.0 3305.0
0.0 2.0 177.0 626.0 3301.0
0.0 2.0 178.0 622.0 3302.0
0.0 2.0 179.0 618.0 3296.0
0.0 279.0 26.0 108.0 512.0
0.0 138.0 104.0 366.0 1958.0
0.0 276.0 27.0 110.0 540.0
0.0 2.0 178.0 621.0 3302.0
0.0 2.0 177.0 626.0 3312.0
0.0 279.0 27.0 109.0 499.0
0.0 2.0 178.0 625.0 3308.0
0.0 157.0 89.0 363.0 1772.0
0.0 283.0 24.0 101.0 474.0
0.0 268.0 34.0 124.0 602.0
0.0 131.0 109.0 368.0 1999.0
0.0 124.0 108.0 417.0 2072.0
0.0 117.0 117.0 407.0 2142.0
0.0 275.0 32.0 97.0 540.0
0.0 132.0 102.0 412.0 1974.0
0.0 154.0 92.0 358.0 1770.0
0.0 119.0 113.0 409.0 2139.0
0.0 282.0 27.0 96.0 471.0
0.0 282.0 26.0 98.0 475.0
~~~
14.0445559025
