111100001100000111111100000000011100111000101001111000110111100000000100000000100101000000001100000110111011000011110011100010001011111001101000100110110000111001100010011001000011001111100000100010000110001010111110010000010010111111000100011000100100110000000000110011011000001100100000000111100000000100010000000000001111111111
111100110100101111100001000000011010101110001001111100110100100111111110111000111101100000001010001110100001010011110011110111100111110000100000010000000010111010000001011011010011000011101010000001000101011000111111110010010000111010001110000000100000000000000100010111011000001100100000000100000010010110000000000000001111101111
111000110100000111000000000000111000110110001001111100100111100110001100000110000001000000000110001010001000101011110011100010001011100101101000010110110000111000100001011100001011011011101111000101001000001100111110111000100011110110111110000001000000111111111100111111111010100111100110001111010110111110001100000010001111101111
110000010101101110001010101101011000110000001111111010110011111110100101010110111110111011110010000100010010001011111011100011110111100000000001101001111110111001100000101100011011111011110010100001001000111100111100111001111011100110111111111001110000111111111111011010011000100110100010001111100001111100000010101010001111101111
111111111011011110111110111111100110001101101111111011111101011111011110000000011010100001110011010111111000001111110011111101101111100100001111100101001011111011111100101010001011010111111000001101110000101100111111111111100111101101000111111111111001111010110000111111011010100111101110001111011100101000000001000100101111111111
110000000111001111011100000110011110111000101101111010110111100001100000001101000110100001100111110010000010000011111111101011110011100100100010000000001001111010111011111101010011001011100010000101001100001010111111100010000000111110111110100100100000111001000001011011011011101011100000000111110010000100010000000000101111111111
110010000100001111010000010000011110101100101101111001111111100010111100011010100000010000000100110001001100111111110011101111110111110110100010000000001000111010100011101101110111001011100110000100100110001000111111100010000000111110011110100101100000110001000001011011001011100111100000000111110010000100010000000000001111111111
110011111011011111101000000000011000110101101001111001111101000011001000001101000000000001111111110010001000000011111111100111110111110001100000000000100000111001100000011001101011000011110000000101000010001100111110100010000100111101010100100100000000010001000100011111010010000011010011000101001100011000000100000010001111101111
111111110111101111011010101101000000111000001111111010110011111110100100110100111110111011111011000000010010001111111011100111110111100000001001101011111111111000101010101010000011101011101101111101100000111111111110110111001111111101000111111110011011111011110000111111010011100111101110011111011100001000000011000100111111101111
110100000100001110101000000000011010101110000001111101110111100001111000001101000110010001101011110000000000100011111011101011110011100111000010000011000011111010000010011101001011001011100000000000000110011000111111000010000000110111111110000100110000010101000100011111011010100111101000010011100010001100000001000001001111111111
111101001101001111011000001000011110111100101001111010110111100011100000011101000100000001111111110010100010000011111011100111110111100100100001000011000010111111101011111011001111001011100000011110110000000101111111001000110010111110100100101100011110111001110000101101011010100101100110001111011010111100001100000010101111101111
110010000100001110001001000100011110110011001001111100110100100010111010111000111101000010001111010100110111100111111011110101111011100000000000000011111001111100000000111100011011101011100011100000010000010100111100111010110011010110011111111001110000110111111101011010011100100111100110001111011001111100000000101000001111101111
110110000100001110101000000000010000101101001001111100100101101010000010111110100110010000000000110000011110100111111011110111000111110001100000010000001110111010100101001000010111001011100010010101000111101110111100001111110100000001111010000000010001111000000010100010000010000011001111001111111110101000000001000000001111101111
111101100010111111101011111111010010010000001111111010110011010110100110111010010010111011111110100110111111000011110011100111110111100000110000101010111110111101101010101010000111011011100111011110101101001100111111111111101111101101000111111110111011111010110000111111011010000111101110001111011101010000000001000110101111101111
110000110111001110001000100110011100111000101101111110110101100001101001000101000110000000101111110010000100000111111111100111110111110000100001001011000010111000101010111011001111011011100110011111100000011000111111010010101000111110011110100100010000110000000011011111011011101111100000000111100010000100010000100000001111111111
111000010100000111100011110000011010111100101101111100100111101110000100001101000001000100000110001100111000000011110011100010001111110000101000000110100000111101100010111101001011001111100000000001000010001011111111111111101111101111000111111111110001000000110100111111011010100110101110001111011101101000000101000100101111101111
111100011001001111001101000100011110111000101001111010100111100001101000011101000000000011111110100000010100000011111011110111110111100000001001101011111111111000101010111010000011001011101111011100100000111111111110100101101111101101010111111110111011111010110000111111011010100111101110001111011100001010010010000100101111101111
110011000100001111010000010000011110100100100101111001101111100010111100011010110010010000000100110001001100111111110011101111111111110110100010000000001000111101100000001000001011000111110010000000100110000000111111000010000001111110010110100001110000010000000000011011011000101111100010000111000010000100000000000000001111111111
111000010101000111100011110000011010110100100101111100100111100110000100000001001001000000000110001100111100000011110011100010001011110000101000010110110000111001100000011000001011001111100000000001100110001000111111000010000010111110011110100000100000110000000000010011011000101110100000000111100010000100010000001000001111111111
110000111111001110011010101111000000111000001111111010110111011110100101010010111110110011111110000000111010000011110011100111110111100000001001101011111111111001101010111110000111001011101111011101100100111101111111010111101111100101000101111101011001111011000000111111011010101111100110011110011000111000001100000000001111101111
111100001100001111011100101010011100111000101001111010110111100001101100001101000110000001101111110010100000000011111011110111110111110101000001001011100010111100101010111001001111001011100110011110100000011100111111011111101010100001010111111110111000111010010000111111011010100111100110001111010010111100001100000010001111101111
110000010101101110001010101101011000110000001111111010110011111110100100010110111110111011110110000100010010000011111011100011110111100000000001101011111110111001100000101100011011111011110010100001001000111100111100111011110011110110111111111001110000110111111111011010011000100110100110001111100001111100000000101010001111101111
111000111111001110011010101111000000111000000001111100100111101000000011110100100110100010001111000100110111110111110011110101111011100000001000000111111010111100000000111100011011101011100010100001010000100100111101111010110011110110111111111001010000010111110101011110011100100111100110001111010001111100000000101000001111101111
110111111011011111101000000000011010010101100001111001110111000011011100010110111111111001101110000000010010010011111011100111110111100000101001100011111110111100101011111010000011001011101111011101001000001101111111110111101111100101001110001110000000010001000001011111111010111111011100010011100010110101000000000000001111111111
111100100100001111000000000000011111101110101001111100110100100010111110111000111101000010001111010100110111110111111011110101111011100000000000000011111001111100000000111100011011101011100011100100010000110100111100111010110011110110111011111001110000110111111101011010011100100111100110001111011001111100000000101000001111101111
110000010100010111101111110001011010110101101101111000100111100010000100000000100101000000001100000100111011000011110011100010001011111000101000100110110000111001100010011001000011001111100000000000000110001010111111010000010011111111000100111000100100110000000000010011011000001110100000000111100000000000010000000000001111111111
110100000100001110100000000000011010101110000001111101110111100001111000001101000110000001101111110000000000100011111011101011110011100110000010000000000001111010110011111101011011001011100010000101000100001100111111100010000000111110011110100100100000111001000001011011001011101111000001000111110010000110010000000000101111111111
111100100100001111000000000000011010101110101001111100110100100111111110111000111101000000000010001110100001010111110011110011010011101000101000000000100000111001000000011100001011000011100000000001000001001010111111110010010000111010001110100000100010010000000100010011011000001100100000000100000010000100000000001000001111111111
111111000011101111011010101110010010010000101111111011100111011110100100111110010110111011111110100110010110000011111011111111010111100000000000101011111111111000101010111101010011101011100010000111000110001000111111100010000000111110011110100100100001111001000001011011011011101111100000000111111010000100000000000000001111111111
110001110101101111011010101101010000111000011111111010100001111110101100010110111010111001101110000100010011001011111011100111111111100000101001101011111110111100101000111010000011011011101111011101001000001101111111010111101111100101000101111110111001111011000000111111011010101111100110011110010000111000001100000000001111101111
111100010000001011000000000000110000001100100101111100110101100011011000001110000001000000000110001010101000101011111011100001001011100000100000001111101000111000000001101000011011001011101010000001000011101000111111111000010100111010011110000000100000010000000101111011011001001100100000000100000010000000000000000000001111101111
111000010100010111100111110001011010110100101101111000100111100010000100000000100101000000001100001100111011000011110011100010001011110000101000000110110000111001100000011001000011001111100000000000100110001010111111010000010001111111011110111000100000110000000000010011011000001110100000000111100000000000010000000000001111111111
110000111111001110011010101111000000111000001111111010110011011110100101010110111110110011111110000000110010000011110011100111110111100000001001101011111111111001101010111110000011001011101111011101100100111111111110100101101111111101000111111110111011111010110000111111011010100110101110001111011100101010000011000100101111101111
110010010000001110001101000100011000110010001011111100100111111000000010110100100111100010011111000100010101110111111111111101111001100000000001001101011000111100000100111000011011100011100010100101010000100100111100111010100010110110111110111001010100110011101100011010000000100011001111011011111000101100000000000000001111101111
111100010100001111000000000000011000101110101001111100110100100011111110111000100101000000000110001110100001010111110011110011010011100000101001000000110000111001000000011100101011000011100000000001000001001100111111100010000110111110000111111110111010111010011000111111011010100111100110001111000010111100001100000000001111101111
111100001100001111111100000000011100111000101001111000110111100000101000000101010100100000001011111010000000000011110111101010101001110000101000000010110010111001100010011000001011000111110100000011100010000001111111000010101011101110010111100001101000110000000000001011011000101110100010000111000010000100000000001000001111111111
111100011000001111001100000100011110111000101001111010100111100001101000011101000000000011111111100010110001000011111111100111100111100001110001011001100010111111101011111001000011111111111111000101100000011110111111110111111011110010000010000011010001110011110100011110111010111101010110000111001110111100001101000110111111101111
110110000100001110100000000000011010101111001001111100100111101010000010110100100110100010001111000101010101110111111011110101111001100000000000000111111000111100000110111000011011100011100010000101000000100100111100111010100010110111111111111001010000100110101100011010011100100111100110001101010001111100001000101000001111101111
111100010100001111000000000001011000011100100101111100110101100011011000001110000001000000001110001010101000101011111011100001001011100000100000000011101000111010000001111000011111101011100010000101010100001000111111100010000000111110011110100000100000110001000101011001011011101111100000000111111010000100110000100000001111111111
110111111111011111101000000000011010110101100011111010110010011110100110111111011111110001111111100110111010000011111011100111110111100100001000101001011100111101000011111010000011011111111011000001100000001010111111110111111011111010000010001011010001110011010000011111011000111011010111000111001100111110000101000110111111101111
111100000100001111011100100110011110111000101101111010110111100001101000001101000110100001101111110010000000000011111011101011110011100110100010000000001001111010110011111101010011001011100010000101000100001010111111100010000000111110011110100100100000111001000001011011011011101111100000000111110010000100010000000000101111111111
111101100000000111000000110000001100101100001001111111101100001110100100010100111111111001101110000100010110000011110011100111100111100000101001101011111110111100001010111010000111001011101111011001001000001101111111010111101111100101001110001110100000010001000011011111011010101111011100010011100010010101000000000000001111111111
111100001100001111111100000000011110111000101001111000110111100001101000001101000100000000101111111010000000000011110011100010101001110000101000000110110000111001100010011000001011000111110100000011100010001000111111000010000011101110010111100001101000110000000000001011011000101110100010000111000010000100000000000000001111111111
110111111011011111101100000000011010110100100001111001110101000010111010111110100110100000000000100000011001110111110011110111100111110000100000010000000010111010000001001011010011000011101010000001000101011000111111110010010000111010001110100000100000000000000100010111011000001100100000000100000010010100000000000000001111101111
111101110101101111011010101101010000111100001111111010110011011110100100011110111110111011111111000110010000000011111011100111110111100100001001101011111110111001101010111010000011001011101110011111001000001101111111010111101111100101101111001110000000010001000001011111011010100111110100010011100010010100000001000001001111111111
111111111011011110111111111111100111001101101111111011111101011111011110000000111010100001110011010111111000001111110011110101101111100100001111100101001011111011111100101000001011010111111010001101100000111111111110110101001110111101000111111110011011111110110000111111011011100111101110001111011100000010000011000100101111101111
110000000100001111010000110000111110100100100001111001111111100010101100001010100010010000000110110000011100111111110111101111110111110100100010000000001000111010101011111101010111001011100010000100000110001000111111100010000000111100011110110100100000110001000101011011011011101111100000000111110010000100010000000000101111111111
110111111011011111101010000000011110110100101001111001110000100011101110111110100110010000000000110000011110100111111011110111000111110001100000010000001110111010000101001000010111001011100010000101000111101100111100001111110100000001111010000000010000111000000010100010000010000011001111001111111110101100000001000000001111101111
111100011010001101001100000000011110010000101001111010100111100001111000011101000100000011111111100010110001000111110011100111110101110010000000010111001001111010001010101001010011110011100111000101001000000100111100111010100011110100111111101000010000111001100000011111011011110111101111001011010001111100001100001000001111101111
110000010101101111011010101101011000111000001111111010110011111110100100010110111110111011111110000100010010000011111011100011110111100000001001101011111110111000101010011101001011101111100001000001000010011001111111100010001011110101101100001010110001010011001000001011011010111111000000100111100010001001100001000000001111101111
110000000100001101000000000000111010101110000001111100100101100011011100011010000100000000000110001010111000101011110011100011011111100001101010010111000011111010000010011101001111001011110000000000000010011000111111100010001000110011111110000100110000011101000100011111011110100111101110001111011100101000000001000110101111101111
111000110100000111000001100000111000110110001001111100100111100011001100001110000001000000000110001010101000101011110011100010001011100101101000010110110000111000100001011100001011010011100111000101001000001100111100111010100011110110111110000001010000111111111100011101011100100111010110001101110000011000000100000010001111101111
110101110100001111110000000001011110100100100101111111111110111010111100011010101000110000000100110001001101111111110011101111110111110111100010000000001001111010110011111101010011101011100010000101000110001000111111100010000000111110011110100100100000111001000001011011011011101111100000000111110010000100010000000000001111111111
110010000100001111010000010000011110100100100101111001111111100010111100011010100010010000000100110001001100111111110011101111110111110110100010000000001000111010100011111101010111001011100010000100000110001000111111100010000000111100011110100100100000110001000001011011011011100111100000000111110010000100010000000000001111111111
111000010100000111100011110000011010111100101101111100100111100010000100000001001001000000000110001100111000000011110011100010001011110000101000000110110000111001100000011001001011001111100000000001100110001010111111010011010001111111011110101000100000110000000000010011011000101110100000000111100000000100010000000000001111111111
110000000100001111000000000000011010000110000001111100110101100011011100001010000001000000000110001110101000101011110011100011011111100001101010010101000010111100000000111100011011100011110110100101010000100100111100111010100010110110101111111011010000110011101100011110011100100111100110001101010001111100000000101000001111101111
110000110111001110011000101110011100111000101101111110110101100001101000000101000110000000101111110010000100000011111111100111110111110001100001001011000010111000101010111001001111011011100110011110100000011000111111010010101010010011000111111110111000111010000000111111011010100111100110001110010010111000001100000000001111101111
111100010100001111000000000000011000011100100101111100110101100011011000001110000001000000000110001010101000101011111011100001001011100000100000000111101000111100000001111000011111100011100010100101000000100100111100111110111111101001101010100000000000110111000010100010010000100011000001000001010001000000100001010110001111101111
111101100011101111101011111111010010010000001111111010110011010110100110111010010010111011111110100110111111000011111011100111110111100000010000101011111110111101101010101010000111001011100111011110101001001100111111111111101111101101000111111111111001111010110000111111011010100111101110001111011100101000000001000100101111101111
111100001100001111011101101110011110111000000101111100100111100001000100000001001001000000000110001000110000000011110011100010001011110000001001010110110000111001100000011101001011001111100000000001100110001000111111011010000001111110011110100000100000110000000000010010011000101110110000000111100010000100010000000010001111101111
111100001100001111011100000000011110111000101001111111110111100001111000001101000100000001110111110010000000000011111111100111110101110001100000000000100000111001100000011001101011000011110000000101000011001100111110100010000100111101010110100100010000000001000100011111010010000011010011001111001100011000000100000010001111101111
111101100011101111011010101110010010010000101111111010110011011110100100111110010110111011111110100110010110000011111011111111110111100000000000101011111110111001101010111010000111011111100111011111100000001101111111110111111011111010000010000010010001110011010000011111111000111011010111000111001000111110000100000111111111101111
111110001101101111011100100000011110111000100001111010110111110011100000011101001000000001111110110010000011000011111011100111100111100100100001000011000010111111100011101100001111001011100100011100110000000100111111001000010011110110111111111001010000110111111111011010011100100110101110001111110001111101000000101000001111101111
110111110011011111101010000000011110110101001001111001110000110111101010111110100110010000000000100000011100100111111011110111100001111001100010010000001110111010000001101000001011001111100000000001000010011000111111100010000001110111111110101000110100110001000100011111011010100111111000010010101110001100000001000001001111111111
110000000100001111000000000000011010101110000001111100110101100011011100001010000001000000000110001010101000101011110011100011011111100001101010010111000011111010000010011101001111001011100000000000000010011000111111000010000001110111111110000100110000010101000100011111011010101111111000010011100010001101000001000001001111111111
110111111011011111101000000000011010110101100001111001110101000010111010111110100110000000000000100000011001110111111011110111100111110000100000010000001010111010000001001001010011000011101010000001000111101000111111110010010000111010001110100000100000010000000100010011011000001100100000000100000010000100000000000000001111111111
111100011010001111001100000000011110111000101001111010100111100001101000011101000100000011111111100010110001001011111011100111110111100001100001001001100010111111101011111001000011011111111111000101100000001110111111110111111011111010000010000010010001110011010000011110111010111001010110000111001110111100001100000110111111101111
110100000100001110100000000000011010101110100001111100110100100111011100001110000001010100000110001000101001101011110111101011111011100000101000000111001001111010000010111010001011001011100000100001100011011010111111100010001001110111111110100100110000010001000100011111011010100111111000010011101010000100000001000001001111111111
110111111011011111101010000000011110110101001001111001110000110011101010111110100110010000000000100000011100100111111011110111100111110001100000010000001110111010000001101001010011001011100010000001000111101100111100011111110100100001111110000000010000110010000010100010000010100011001111001111111100101100000000000000001111101111
111100001100001111011100100110011110111000101101111010110111100001101000001101000110000001101111110010000000000011111011100111110111110001100001001011000010111100101010111001001111011011100110011110100000011100111111010111101010100001000111111110111000111010010000111111011010100111100110001111010010111100001100000000001111101111
111100000100001111000000000000011010101110101001111100110100100011111110111000110100000000000010001110100001010111110011110011010011100000101000000000100000111001000000011100101011000011100000000001000001001100111111100010000010111110011110100100110000110000000111011111011011101111100000000111110010001100010000100000001111111111
110101111011011111101001000100011010000101000001111001110001000011101010111110100110010000000000100000010100100111111011110111100111110000100000010000001010111010000001101001010011001011100010000101000011101000111111100000000000111110011110100100010000010001000000010011011010101111100000001110100010000101000001000000001111101111
110010010100001110001011000100011110110011001011111100100111100111011100001110001001010000000110001010001000001011111011100010000011110000001001010110101111111001100001011101001011001011100000000001000010011001111111100010000011110111101100001110110001010011000100001011011010101111000000000111100010000101100001000000001111101111
110100110111101111011010100000011011110100001101111100100111100011011100001101001001000000100110101100111000000011110011100010001011110000101000010110111000111011100000011001011011001011100000000001000010011000111111100010000001110111111110100100110001010001000100011111011010101111111000010011100010000100000001000001001111111111
111000010100010111100011110001011010110100101101111000100111100010000100000001000001000000001100001100111001000011110011100010101011110000101000000110110000111001100000001000001011000111110000000001100110001000111111000010000001111110010110100001100000110000000000011011011000101110100010000111000010000100000000000000001111111111
111101100011111111011010101101010000111000001111111010110011001111100100111110110110111011111110100110010010000011111011101111110111100000000000101011111110111001100000101100011011101111100010100001010000100100111100111011110011110110111111111001010000110111111111011010011100100110100110001111110001111100000000101000001111101111
111111110011101111011010101101010000111000001111111010110011111110100100010100111110111111111011000000010010000111111011100111110111100000001001101011111111111000101010101010000011001011101111011101100100111111111110110111001111111101000111111110011011111010110000111111011011100111101110001111011100001010000011000100101111101111
110010010100001110001101001100011110110011001001111100100111100111011100001110001001000000001110001010001000001011110011100010000011110000001001010110101010111001100001011101001011001011100000000001000010011001111111100010000001110111101100000110110001010011000100001111011010101111111001000001110010000101000001000001001111111111
111000010100000111100011110000011010110100101101111100100111100010000100000001001001000000000110001100111000000011110011100010001011110000101000010110110000111001100000011001001011001111100000000001100110001000111111000010000001111110011110100000100000110000000000010011011000101110100000000111100010000100010000000000001111111111
111100001101101111011100000000011110111000101001111010110111100011100000011101000100000001111111110010000010000011111011100111110111100100100001000011000010111111101010111001001111001011100100011110110000000100111111101000010011111010000100101110011110111001110000101101011011100110100011001011010000101100011100001010001111101111
110000110101101111011010101101010000111000011111111010110001111110100100010110111111111001101110000100010010000011111011100111110111100000101001101011111110111100101010111010000011001011101111011101001000001101111111010111101111100101001110001110100000010001000001011111011010101111011100010011100010010101000000000000001111111111
110100000100001111000000000000011010101110100001111100110100100111011100001110000001000100000110001000101001101011110011100011111111100000101000010111001001111010000010101011010011110011111111000101010000000100111100111010100011110000111111101000001010111011101100011111011011100111100111001111010010001100000100000000001111101111
110100000100001111000000000000011010101110101001111100110101100011011100001110000001000000000110101110010010000011111011100111110111100000001001111010110100111000100000111010000111000011100110011111001100001101111101010011101111100111101111000010100000010001000001011111011010101110101100000011100000010101000001000011001111111111
111100000100001111010000000000011110100100100001111101111110100010111100011011101010010000000100110001001100111111110011101111110111110110100010000000001001111010110011111101010011001011100010000101000110001000111111100010000000111110011110100100100000110001000101011011011011101111100000000111110010000100010000000000001111111111
110101110101100110011010101101010000111000001111111010110011111110100100010110111110111011111110000000010010000011111011100111110111100000001001101011111111111000101010111010000011001011101111011101100100111111111110100111101111111101000111111110111011111010110000111111011010100111101110001111011100001010000011000100101111101111
110100000100001111000000000000011010101110100001111100110101100011011100001110000001000000000110001010101000101011110011100011011111100000101000010111001001111010000010101011010011110011100111000101010000000100111100111010100011110100111111101000011010111011101100011111011011100011100111001111010010101100000100000000001111101111
111010010100001110001101001100011010110011000001111100100111101000000010110100000110100010001111000100110111110111111011110101111011100000000000000111111000111100000000111100011011101011100010100101010000100100111100111010110011110110111111111001010000110111111101011010011100100111100110001111010001111100000000101000001111101111
111100011110001111011100000000011110111000101001111001110011011110100100011110111110111011111110100110010010000011111011100111110111100000001001101011110110111000101010111010000111001011100110011111001000001101111101010111101111100111101111001110100000010001000001011111011010100110101100010011100000010101000001000001001111111111
110111111011011111101000000000011011110111000001111001110001010011101010111100100110010000000000100000001100100111111011110111101111110000100000010100001010111010100010101001010011110111100111000101000000000100111100111010100011110100111111101000010010011001100000011111011011100111100111001011010000101100000100001000001111101111
111100001100001111011100000000011110111000101001111010110111100001101000001101000100000001111111111010000000000011111011100111110111100001100001001011100010111101101010111001001111001011100010011111100000001101111111110110110011101001110111101000010010111001101000011111011001100011100111000111011001111100001100000100001111101111
110100110101101111011010101101010000111000001111111010110011111110100100010110111110111011111110000100010010000011111011100111110111100000001001101011111110111000101010111010000011001011101111011101001000001101111111010111101111100101101110001110100000010001000001011111011010101111011100010011110001000101000001100010101111101111
110111111011011110111111111111100111001101101111111010111101011111011110000000111110100001100011010111111000001011110011110101101111100100001111100101011011111011111101001000001011010111111010001101100100111111111110100111101111101101000111111110111011111010110000111111011010100111101110001111011100101000000011000100101111101111
110111111011011111101000000000011010110101000001111001110001000011101010111110100110010000000000100000011100100111111011110111100111110000100000010000001010111010000001101001010011001011100010000001000111101000111111100010000000111110011110100100000000010001000100011011011010101111100000000111100010000101000001000000001111101111
110100110101101111011010101101010000111100001111111010110011011110100100011110111110111011111110000110010010000011111011100111110111100000001001101011111110111000101010111010000111001011101110011111001000001101111111010111101111100101101111001110100000010001000001011111011010101111111100010011100010010101000001000001001111111111
110010010100001110001101001100011010110011001001111100100111101010000010110100100110100010001111000100010101110111111011110101111001100000000000000111111000111100000000111000011011100011100010100101010000100100111100111010100010110110111111111001010000110011101100011010011100100111100110001101010001111100000000101000001111101111
111100001100001111011100100010011110111000101001111010110111100001101000001101000100000001101111110010000000000011111011110111110111110001100001001011100010111100101010111001001111001011100110011110000000011100111111010111101010100001000111111110111000111010010000111111011010100011101110001111011100101000000011000100101111101111
111010010100001110001101001100011010110010001001111100100101100010000010110100100111100010001111000100010101110111111011110101111001100000000000000111111000111100000000111000011111100011100010100101000000000100111100111110110111101001101010000000000000110111000010100010010000100011000001000001010001000100100001000110001111101111
110100000000010110001000001101011101101000001001111100100100011011111000110100110101100010010000001001000001010111110011100011110011100000000100000001110100111001001011011011100111010011100110100000000000000001111100111101100101100001111110101000010000110000100010100111011010100011110011010011001110111000001000000010001111101111
111010011100001110001100000100011011111100101001111110100101100000101000011001100100000001111011011111000100000111110011101111110101110010000000010111001001111010001010101001010011110011100111000101000000000100111100111010100011110100111111101000010010111001100000011111011011100111100111001011010000111100001100001000001111101111
111100001100001111011100000000011110111000101001111010110111100001101000001101000100000001111111110010000000000011111011100111110111100001100001001011100010111101101010111001001111001011100110011111100000001101111111110110110011101011000101011110011111001000011110101111010001010111100111110100001101111100000100100000001111101111
~~~
51.0 196.0 69.0 233.0 1326.0 
50.0 190.0 79.0 220.0 1338.0 
35.0 171.0 81.0 312.0 1572.0 
30.0 146.0 96.0 356.0 1845.0 
31.0 120.0 123.0 326.0 2148.0 
47.0 170.0 100.0 205.0 1541.0 
54.0 173.0 91.0 211.0 1490.0 
49.0 187.0 77.0 227.0 1425.0 
32.0 125.0 118.0 355.0 2017.0 
46.0 183.0 82.0 234.0 1431.0 
50.0 153.0 100.0 245.0 1757.0 
45.0 158.0 79.0 365.0 1694.0 
47.0 183.0 75.0 269.0 1416.0 
33.0 125.0 112.0 366.0 2035.0 
50.0 164.0 94.0 232.0 1610.0 
40.0 161.0 91.0 279.0 1681.0 
37.0 143.0 104.0 306.0 1851.0 
58.0 186.0 78.0 208.0 1396.0 
52.0 195.0 77.0 206.0 1351.0 
30.0 136.0 105.0 340.0 1933.0 
40.0 149.0 101.0 275.0 1798.0 
30.0 146.0 93.0 366.0 1837.0 
41.0 155.0 87.0 336.0 1708.0 
30.0 148.0 99.0 319.0 1787.0 
41.0 151.0 86.0 353.0 1766.0 
39.0 193.0 71.0 254.0 1372.0 
50.0 180.0 92.0 202.0 1446.0 
55.0 199.0 70.0 228.0 1288.0 
38.0 151.0 106.0 283.0 1732.0 
34.0 139.0 102.0 339.0 1905.0 
57.0 204.0 70.0 227.0 1183.0 
48.0 194.0 73.0 243.0 1351.0 
30.0 131.0 111.0 343.0 1981.0 
43.0 170.0 77.0 317.0 1540.0 
42.0 175.0 82.0 268.0 1525.0 
50.0 189.0 77.0 214.0 1444.0 
45.0 144.0 107.0 270.0 1817.0 
41.0 169.0 77.0 321.0 1590.0 
47.0 185.0 86.0 226.0 1377.0 
36.0 137.0 113.0 298.0 1897.0 
44.0 170.0 100.0 206.0 1535.0 
40.0 160.0 91.0 307.0 1630.0 
47.0 191.0 78.0 208.0 1396.0 
43.0 192.0 79.0 230.0 1329.0 
35.0 142.0 106.0 312.0 1856.0 
39.0 119.0 123.0 337.0 2157.0 
50.0 173.0 92.0 224.0 1479.0 
42.0 173.0 86.0 257.0 1522.0 
43.0 163.0 92.0 262.0 1641.0 
37.0 158.0 95.0 294.0 1716.0 
41.0 178.0 81.0 277.0 1484.0 
42.0 177.0 76.0 312.0 1501.0 
58.0 161.0 101.0 214.0 1609.0 
53.0 177.0 90.0 211.0 1443.0 
48.0 192.0 78.0 218.0 1374.0 
42.0 177.0 78.0 292.0 1516.0 
48.0 160.0 93.0 242.0 1703.0 
50.0 193.0 73.0 237.0 1349.0 
30.0 126.0 114.0 345.0 2024.0 
47.0 192.0 81.0 220.0 1347.0 
53.0 183.0 76.0 238.0 1442.0 
34.0 134.0 113.0 304.0 1946.0 
40.0 153.0 93.0 297.0 1766.0 
43.0 168.0 93.0 242.0 1583.0 
44.0 184.0 79.0 242.0 1410.0 
47.0 191.0 80.0 221.0 1346.0 
45.0 150.0 104.0 256.0 1753.0 
45.0 176.0 87.0 227.0 1483.0 
42.0 173.0 84.0 267.0 1521.0 
37.0 153.0 101.0 255.0 1754.0 
46.0 185.0 78.0 250.0 1394.0 
52.0 186.0 87.0 205.0 1394.0 
43.0 178.0 83.0 247.0 1504.0 
43.0 172.0 88.0 251.0 1543.0 
53.0 198.0 74.0 208.0 1326.0 
35.0 139.0 97.0 381.0 1897.0 
31.0 127.0 115.0 360.0 1999.0 
42.0 178.0 84.0 249.0 1503.0 
48.0 197.0 77.0 207.0 1317.0 
44.0 159.0 96.0 249.0 1710.0 
34.0 149.0 96.0 332.0 1767.0 
40.0 170.0 89.0 277.0 1548.0 
42.0 173.0 82.0 276.0 1547.0 
55.0 171.0 94.0 214.0 1487.0 
32.0 131.0 110.0 348.0 1974.0 
41.0 172.0 87.0 272.0 1523.0 
39.0 159.0 84.0 347.0 1684.0 
34.0 149.0 100.0 302.0 1785.0 
40.0 166.0 92.0 267.0 1647.0 
40.0 155.0 96.0 274.0 1733.0 
36.0 145.0 99.0 334.0 1795.0 
35.0 119.0 121.0 351.0 2155.0 
45.0 182.0 88.0 224.0 1424.0 
35.0 141.0 105.0 320.0 1856.0 
40.0 168.0 77.0 340.0 1601.0 
41.0 155.0 97.0 271.0 1727.0 
47.0 185.0 74.0 272.0 1414.0 
49.0 182.0 72.0 297.0 1471.0 
41.0 164.0 88.0 276.0 1646.0 
40.0 154.0 91.0 303.0 1736.0 
~~~
1.262
