111111110111111111011100101111011101100000001001111010111111011110000010011111111110111100000000000000011101101111110011100011001011111111111100000110111110111110110111011101000111010011101110011100101111000000111111111110000001111111111000111001011010111111011011101111111010100111101111110011010000111110000000001101001111101111
110000000000000000000000000000000000000000000001111001100000000000000000000000000000000000000000000000011000000011110011100010000001100000000000000000011010111001000000000000000011010011100000000000000000000000111100000000000000000000000100000000000000000000000000000000000000000000000000000000000000000100000000000000001111101111
110000000000001111111100001111100000010000000001111001101111011110111100000100100000000000000000000011111100000011111111110010000001111111111000000111111100111100011111111101101011100111101110011101011101000000111111111110000001100100000111111011100001111111111011110000000000000000000111111111010000111111111100001110101111101111
110000000000000000000000000000000000000000000001111001100000000000000000000000000000000000000000000010011000000011110011100010000001111110000000000110100000111010000000000000000011001011100000000000000000000000111100000000000000000000000100000000000000000000000000000000000000000000000000000000000000000000000000000000001111101111
111101111011111110111100111111000000000000011101111100110000000000000000010100011101111111111111011010011001101111110111111110000001111101111111110111100000111010100110111001011111101011101111011101001101000000111111111111110001100010111000111000010000111110111011001111111101110110111110110011011010111110000011111110011111111111
110000000000001110011100000000000000000000000001111001100000000000000000000000000000000000000000000000000000000011110011100010000001100000000000000000011001111000100000000000000011010011100000000000000000000000111100000000000000000000000100000000000000000000000000000000000000000000000000000000000000000000000000000000001111101111
110000000000001110011100000000000000000000000001111001100000000000000000000000000000000000000000000000000000000011110011100010000001100000000000000000011100111000100000000000000011010011100000000000000000000000111100000000000000000000000100000000000000000000000000000000000000000000000000000000000000000000000000000000001111101111
111111111111111111111111111111111111111101111111111111111111111111111111111111111111111111111111110111111111111111111111111111111111111111111111111111111111111111111111111111111111111111111111111111111111111111111111111111111111111111111111111111111111111111111111111111111111111111111111111111111111111111111111111111111111111111
111111111111111111111111111111111111111111111111111111111111111111111111111111111111111111111111111111111111111111111111111111111111111111111111111111111111111111111111111111111111111111101111111111111110111111111111111111111111111111111111111111111111111111111111111111111111111111111111111111111111111111111111111111111111111111
110000000000000000000000000000000000000000000001111010100000000000000000000110000000000000000000000000011000000011110011100010000001100000000000000000011010111000001000000000000011010011100000000000000000000000111111110000000001100010000000000000000000000000000000000000000000000000000000000000000000000000000000000000001111101111
110000000000000000000000000000000000000000000001111001100000000000000000000000100000000000000000000000011000000011110011100010000001100000000000000000011010111001000000000000000011001011100000000000000000000000111100000000000000000000000100000000000000000000000000000000000000000000000000000000000000000000000000000000001111101111
111101111011101111001100111111111010100000001011111100100111011111110011000100000000011111101000000011111101110111110011100011001111111101111011001111100000111011000110011100100111111011110000000000000000111011111111111110000001111011111100000000000000000000000000000000000000000000000000000000000000000101111100001101101111111111
110000000000000000000000000000000000000000000001111001100000000000000000000000000000000000000000000000011000000011110011100010000001100000000000000000011001111000010000000000000011100011100000000000000000000000111100000000000000000000000100000000000000000000000000000000000000000000000000000000000000000100000000000000001111101111
110000000000001111111110111111111011110000011001111010101011011110010000000110111110000001111110011100011101100111111011111000000001111111111011010110100000111010111011111110001111000111111100100000000000111101111111111111100101100111111000111001111000111110111100110000000000000000000110001111011010111001111100001100101111101111
110000000000000000000000000000000000000000000001111100100000000000000000000100000000000000000000000000011000000011110011100010000001100000000000000000011010111000100000000000000011100011100000000000000000000000111100000000000000000000111000000000000000000000000000000000000000000000000000000000000000000000000000000000001111101111
111111111111111111111111111111111111111111111111111111111111111111111111111111111111111111111111111111111111101111111111111111111111111111111111111111111111111111111111111111111111111111111111111111111111111111111111111111111111111111111111111111111111111111111111111111111111111111111111111111111111111111111111111111011111111111
110000000000001110111100111111111000101111111101111100111011011111110010111110100000111110000000000000011011111011111011111100000001111111111111100111011100111000011000100000000011010111101111100000000000000000111100000000000000000000111100111001001000111110111111101111111100101111111111001111001000111001111111111101101111101111
111110000000001110111100110000011111111100101111111001111011011111000010100011111111100001100000000010111111100111110111111000000001111111111111010110111111111111111110000000000011111011101110011111100000111111111111111111101101110010000101111101100100111111011011100000000000000000000111000011001010111101111111111111011111101111
110000000000000000000000000000000000000000000001111010100000000000000000000110000000000000000000000000011000000011110011100010000001100000000000000000011010111000000100000000000011010011100000000000000000000000111111111110000000000000000000000000000000000000000000000000000000000000000000000000000000000100000000000000001111101111
110000000000000000000000000000000000000000000001111001100000000000000000000000000000000000000000000000011000000011110011100010000001100000000000000000011100111010000000000000000011100011110000000000000000000000111100000000000000000000000100000000000000000000000000000000000000000000000000000000000000000000000000000000001111101111
110000000000000000000000000000000000000000000001111001100000000000000000000000000000000000000000000000011000000011110011100010000001100000000000000000011100111000001000000000000011010011110000000000000000000000111100000000000000000000000100000000000000000000000000000000000000000000000000000000000000000000000000000000001111101111
111110000000001111111111000000000000011111000001111100111111111110010011000101011100111011101110011111011011111011110011110001001011100000000000000000011010111100100100100000000011011011100000000000000000000000111111111111101111100011111110111110001011111111011100011111111110101111001110001111110000111111111111110000001111101111
111111111111111111111111111111111111101111111111111111111111111111111111111111111111111111111111101111111111111111111111111111111111111111111111111111111111111111111111111111111111111111111111111111111111111111111111111111111111111111111111111111111111111111111111111111111111111111111111111111111111111111111111111111111111111111
110000000000000000000000000000000000000000000001111001100000000000000000000000000000000000000000000010011000000011110011100010000001100000000000000000011010111100000000000000000011001011100000000000000000000000111100000000000000000000000100000000000000000000000000000000000000000000000000000000000000000000000000000000001111101111
111111111111111111101111111111111111111111111111111111111111111111011111111111111111111111111111111111111111111111111111111111111111111111111111111111111111111111111111111111111111111111111111111111111111111111111111111111111111111111111111111111111111111111111111111111111111111111111111111111111111111111111111111111111111111111
110000000000000000000000000000000000000000000001111001100000000000000000000000000000000000000000000010011000000011110011100010000001100000000000000000011010111000000001000000000011000111100000000000000000000000111100000000000000000000000100000000000000000000000000000000000000000000000000000000000000000000000000000000001111101111
111111111111111111111111111111111111111111111111111111111111111111111111111111111111111111111111111111111111111111111111111111111111111111111111111111111111111111111111111111111111111111111111111111111111111111111111111111111111111111111111111011111111111111111111111111111101111111111111111111111111111111111111111111111111111111
111111111111111111111111111111111111111111111111111111111111111111111111111111111111111111111111110111111111111111111111111111101111111111111111111111111111111111111111111111111111111111111111111111111111111111111111111111111111111111111111111111111111111111111111111111111111111111111111111111111111111111111111111111111111111111
111111111111111111111111111111111111111111111111111111111111111111111111011111111111011111111111111111111111111111111111111111111111111111111111111111111111111111111111111111111111111111111111111111111111111111111111111111111111111111111111111111111111111111111111111111111111111111111111111111111111111111111111111111111111111111
111111111111111111101111111111111111111111111111111111111111111111111111111111111111111111111111111111111111111111111111111111111111111111111111111111111111111111111111111111111111111111111111111111111111111111111111111111111111111111111111111111111111111111111111111111111111111111111111111111111101111111111111111111111111111111
111111111111111111111111111111011111111110111111111111111111111111111111111111111111111111111111111111111111111111111111111111111111111111111111111111111111111111111111111111111111111111111111111111111111111111111111111111111111111111111111111111111111111111111111111111111111111111111111111111111111111111111111111111111111111111
111111111111111111111111111111111111111111111111111111111111111111111111111111111111111111111111111111111111111111111111111111111011111111111111111111111111111111111101111111111111111111111111111111111111111111111111111111111111111111111111111111111111111111111111111111111111111111111111111111111111111111111111111111111111111111
110000000000000000000000000000000000000000000001111001100000000000000000000000000000100000000000000000011000000011110011100010000001100000000000000000011100111001000000000000000011010011100000000000000000000000111100000000000000000000000100000000000000000000000000000000000000000000000000000000000000000000000000000000001111101111
110000000000001110101110000000000000000000000001111001100000000000000000000000000000000000000000000000000000000011110011110000000001100000000000000000011010111100000000000000000011000111100000000000000000000000111100000000000000000000000100000000000000000000000000000000000000000000000000000000000000000000000000000000001111101111
111111111111111111111111111111111111111111111111111111111111111111111111111111111111111111111111111111111111111111111111111111111111111111111111111111111111111111111111111111111111111111111111111111111111111111111111111111101111111111111111111111111111111111111111111111111111111111111111111111111111111101111111111111111111111111
110000000000001111111111001111100000011111011101111001101011111111000011000101011111100000000000000010011001111011110111111110000001111111111111010110100000111010010001111011000111110011101110011111001110000000111100000000000000000000111110111000010001111111011100010000000000000000000000000011001100111111111111111111101111101111
110000000000000000000000000000000000000000000001111001100000000000000000000000000000000000000000000000011000000011110011100010000001111110000000000110100000111000001000000000000011100011100000000000000000000000111100000000000000000000000110000000000000000000000000000000000000000000000000000000000000000000000000000000001111101111
111111111011101110101110101111100000001100100011111110101111111111101111010110000000011111101000000011100000000011110111100011010111111101111011010111000000111100101111111110000111111111101100111111100000111101111111110000000001101011111100111000010001111111111100110000000000000000000000000011001010111110000000001111111111101111
111101110111011110101100100000011001000000010001111001101111111110010101000111111110111011101110101111011011110011111111110011110111100000000000000000011111111100001011111110011011110011101110011110011111111111111111111111100101100101000111111010011110111111011111111111011111100110101111111111101101111110000000001111111111111111
110000000000001110101100000000000000000000000001111001100000000000000000000000000000000000000000000000000000000011110011100010000001111110000000000110100000111000010000000000000011001011100000000000000000000000111100000000000000000000000100000000000000000000000000000000000000000000000000000000000000000000000000000000001111101111
110000000000001111001100000000000000000000000001111001100000000000000000000000000000000000000000000000000000000011110011100010000001100000000000000000011100111000000001000000000011001011100000000000000000000000111100000000000000000000000100000000000000000000000000000000000000000000000000000000000000000000000000000000001111101111
111111111111111111111111111111111111111111111111111111111111111111111111111111111111011111111111111111111111111111111111111111111111111111111111111111111111111111111111111111111111111111111111111111111111111111111111111111111111111111111111111111111111111111111111111111111111110111111111111111111111111111111111111111111111111111
110000000000001111101110000000011100001110001001111001111011111000000001000000111000011011110000000000011001111111110111111111101011111110000000000110111001111000101001000000000011111011101111011110001101000000111111110000000001110110000111111110010011111111111100000000000000000000000110111111100001000001110000000000001111111111
110000000000001110111110110000011110101101000101111001111111111000000001000101111111000001111111011011000000000011110011110000000001111111111111011111111111111100001011011011111011111011111110100000000000000000111111111111101110000000111100111011010000110000000000001111111001111111101110001111001101111101110011111100111111101111
110000000000000000000000000000000000000000000001111100100000000000000000000100000000000000000000000000011000000011110011100010000001100000000000000000011010111000000001000000000011010011100000000000000000000000111100000000000000000000111000000000000000000000000000000000000000000000000000000000000000000000000000000000001111101111
110000000000000000000000000000000000000000000001111001100000000000000000010000000000000000000000000000011000000011110011100010000001111110000000000110100000111000000010000000000011010011100000000000000000000000111100000000000000000000000100000000000000000000000000000000000000000000000000000000000000000000000000000000001111101111
111111111111111111111111111111111111101111111111111111111111111111111111111111111111111111111111111111111111111111111111111111111111111111111111111111111111111111111111111111111111111111111111111111111111111111111111111111111111111111111111111111111111111111111111111111111111111111111111111111111111111111111111111111111111111111
110000000000001110101100000000000000000000000001111010100000000000000000000110000000000000000000000000000000000011110011110000000001100000000000000000011100111000001000000000000011001011100000000000000000000000111111111110000000000000000000000000000000000000000000000000000000000000000000000000000000000000000000000000001111101111
111111111111111111111111111111111111111111111111111111111111111111111111111111111111111111111111111111111111111111111111111111111111111111111111111111111111111111111111111111111111111111111111111111111111111111111111111111111111111111111111111111101111111111111111111111111111111111111111111111111111111111111111111111111111111111
110000000000000000000000000000000000000000000001111100100000000000000000000100000000000000000000000000011000000011110011100010000001111101111000000111000000111100000000000000000011001011100000000000000000000000111100000000000000000000111000000000000000000000000000000000000000000000000000000000000000000000000000000000001111101111
111110000000001110101100001111111101001111100011111100101111011111010111010101111111111100000000000010111110000011111111110001001011111110000000000111000000111011011011011111010111110011111111000000001110111111111111110000000001111001111110111011011000111111011100100000000000000000000110110011110000111101110000000000001111111111
111111110111011111011111001111011001100000010011111001101111011110111101100001000000111011101111011100011111101011111011100011010111111101111100000110111101111010101011000000000011101011101111111111111111111100111111111111111100000000000100111011001000110000000000001111111111100110111000000011010000111111110011110000001111101111
111111110111011111111110111111111001110000011011111010111100000000000000000110011110111111111111101110011011101011111011111100000001111111111111001110111001111011000001011111010111101111111100011100110000111101111111110000000001101101000111111001001101111111011100111111011011100111011111000011111101111110000011111110101111101111
111111111111111111111111111111111111111111111111111111111111111111111111111111111111111111111111011111111111111111111111111111111111111111111111111111111111111111111111111111111111110111111111111111111111111111111111111111111111111111111111111111111111111111111111111111111111111111111111111111111111111111111111111111111111111111
111111111111111111111111111111111111111111111111111111111111111111111111111111111111111111111111111111111111111111111111111111111111111111111111111111111111111111111111111111111111111011111111111111111111111111111111111111111111111111111111111111111111111110111111111111111111111111111111111111111111111111111111111111111111111111
110000000000000000000000000000000000000000000001111001100000000000000000000000000000000000000000000000011000000011110011100010000001100000000000000000011001111000000010000000000011001011100000000000000000000000111100000000000000000000000101000000000000000000000000000000000000000000000000000000000000000000000000000000001111101111
111101110111111110011110110000011011101110110011111010100111100000000000000111100000000001101111111111011111101111111011100011001111111101111011110111011001111111000010011101000111111111101111000000000000111001111111111111101011100110000000111110101001110000000000001111011010101111101111111111111011111111111111111101101111101111
111101111011111111001100001111011110111111111111111010100011111110011011110111000000011010000000000011111011111011110111100011101011111101111111100110111110111010111101011110100111111111111100100000001110111111111111111111111011110000000111111100100110111111111111111111011110101111111000000011110001000111110000001101011111111111
110000000000000000000000000000000000000000000001111001100000000000000000000000000000000000000000000000011000000011110011100010000001100000000000000000011100111000000001000000000011100111100000000000000000000000111100000000000000000000000100000000000000000000000000000000000000000000000000000000000000000000000000000000001111101111
110000000000001110111100000000011001010000000001111001101111011111110101011000000000011111101111110011111101110111110011110010000001111101111100000111011101111100011001111101111011010011111100011111001111111110111111110000000001110110111100111010001000111110111011100000000000000000000000000011110001000000000011110000001111111111
111101111011011110101111111111011000101101000001111001111011011111011100100011100000011101101110110010100000000011110011110010000001111101111111100111011001111010000000000000000011000111111100111111010000111111111100000000000000000000111101111011010001110000000000000000000000000000000110110011010001000101111111111110001111101111
111111111111111111111111111111111011111111111111111111111111111111111111111111111111111111111111111111111111111111111111111111111111111111111111111111111111111111111111111111111111111111111111111111111111111111111111111111111111111111111111111111111101111111111111111111111111111111111111111111111111111111111111111111111111111111
110000000000000000000000000000000000000000000001111100100000000000000000000100000000000000000000000000011000000011110011100010000001100000000000000000011010111000001000000000000011100011100000000000000000000000111100000000000000000000111000000000000000000000000000000000000000000000000000000000000000000000000000000000001111101111
110000000000001110101100000000000000000000000001111100100000000000000000000100000000000000000000000000000000000011110011110000000001100000000000000000011100111100000000000000000011010011100000000000000000000000111100000000000000000000111000000000000000000000000000000000000000000000000000000000000000000000000000000000001111101111
110000000000001111001100000000000000000000000001111001110000000000000000000000000000000000000000000000000000000011110011100010000001100000000000000000011100111010000000000000000011001011100000000000000000000000111100000000000000000000000100000000000000000000000000000000000000000000000000000000000000000000000000000000001111101111
110000000000001111101110110000011001001110110001111001110011111111001100110100011111000001101111100000011111111011111011100011110111111110000000000111000000111010110101111001001011111011111100000000001101111010111111111111100011111011000100111100000101110000000000000000000000000000000110110011111111000001111100001100011111101111
111111111111111111111111111111111111111111111111111111111111111111111111111111111111111111111111111111111111111111111111111111111111111111111111111111111111111111111111111111111111111111111111111111111111111111111111111111111111111111111111111111111111111111111111011111111111111111011111111111111111111111111111111111111111111111
110000000000000000000000000000000000000000000001111001100000000000000000000000000000000000000000000010011000000011110011100010000001100000000000000000011010111000000010000000000011100011100000000000000000000000111100000000000000000000000100000000000000000000000000000000000000000000000000000000000000000000000000000000001111101111
110000000000001111011110111111111111011110001011111100110111011110101110100110100000011101101111110000011001100111111011100010000001111101111011010110111111111101001100111011101011011011111110100000001110111011111100000000000000000000111111111111101101111111011111000000000000000000000111111111001010000111111111111110001111101111
111111111011111111001100110000011000111100100101111100110011011110111111100111111101100001111000000000000000000011110011100011001011100000000000000000011111111010011011011111001011111011101100111110111110000000111111111111101111111011111101111000000010111111111111011111111100100111011000000011011000000111111100001111111111101111
110000000000000000000000000000000000000000000001111001110011011111101001000000000000000001101110110100011000000011110011100010000001111111111011110111011010111110110010011110001011110111100000000000000000000000111111111111101011111111000101111011110000111110111011101111111100111110101111000011001101111001110011111110001111111111
110000000000000000000000000000000000000000000001111001100000000000000000010000000000000000000000000000011000000011110011100010000001100000000000000000011010111000100000000000000011010011100000000000000000000000111100000000000000000000000100000000000000000000000000000000000000000000000000000000000000000000000000000000001111101111
111101111011111110111110101111011001011100101111111001111111111111100010011011011100111011101110100010011111101011111111111110000001100000000000000000011100111010110000011001010111101111100000000000000000111110111100000000000000000000000111000000000000000000000000000000000000000000000000000000000000000110000000001111101111101111
111101111011101111101111000000000000000000001111111010101111111110001010100110000000111110000000000010011010000011111011111101101011111101111111001111100000111010011010111011000111001011101110111101111110111011111111111110000000000000000000111011101111111111111011101111011010111111011111000011101010000001111111111110111111101111
111110000000000000000000000000000000000000000001111001110111100000000000010000000000011111101110111111111000000011111011100010000001111101111111100111000000111101010101011010100111100011111110011111011110000000111100000000000000000000000110111010101010111111011011110000000000000000000111111111111110111001110011111100011111111111
111111111111111111111111111111111111111111111111111111111111111111111111111111111111111111111111111111111111111111111111111111111111111111111111110111111111111111111111111111111111111111111111111111111101111111111111111111111111111111111111111111111111111111111111111111111111111111111111111111111111111111111111111111111111111111
111111111011010000000000000000000000000000000001111010110111111111111010011111000000111111101111110110011010000011110011100011011011111111111011110111011101111111101011111010101111010111100000000000000000000000111111111111110111100011111111111011001010111110111111010000000000000000000111110011111101000101111100001100111111111111
110000000000000000000000000000000000000000000001111001100000000000000000000000000000000000000000000000011000000011110011100010000001100000000000000000011100111000000001000000000011001011100000000000000000000000111100000000000000000000000101000000000000000000000000000000000000000000000000000000000000000000000000000000001111101111
111111111111111111111111111111111111111111111111111111111111111111111011111111111111111111111111111111111111111111111111111111111111111111111111111111111111111111111111111101111111111111111111111111111111111111111111111111111111111111111111111111111111111111111111111111111111111111111111111111111111111111111111111111111111111111
111111111111111111111111111111111111111111111111111111111111111111111111111111111111111111111111111111111111111111111111111111111111111111111111111111111111111110111111111111111111111111111111111111111101111111111111111111111111111111111111111111111111111111111111111111111111111111111111111111111111111111111111111111111111111111
111111111111111111111111111111111111111111111111111111111111111111111111111111111111111111111111111111111111111111111111111111111111111111111111111111111111111111111111111111111111111111111111111110111111111111111111111111111111101111111111111111111111111111111111111111111111111111111111111111111111111111111111111111111111111111
110000000000001110101100000000000000000000000001111010100000000000000000000110000000000000000000000000000000000011110011110000000001100000000000000000011100111100000000000000000011100011100000000000000000000000111111110000000001100001000000000000000000000000000000000000000000000000000000000000000000000000000000000000001111101111
111111111111111111111111111111111111111111101111111111111111111111111111111111111111111111111111111111111111111111111111111111111111111111111111111110111111111111111111111111111111111111111111111111111111111111111111111111111111111111111111111111111111111111111111111111111111111111111111111111111111111111111111111111111111111111
110000000000000000000000000000000000000000000001111100100000000000000000000100000000100000000000000000011000000011110011100010000001100000000000000000011100111000001000000000000011000111100000000000000000000000111100000000000000000000111000000000000000000000000000000000000000000000000000000000000000000000000000000000001111101111
111111111111111111111111111111111111111111111111111111111111111111111111111111111111111111111111111111111111111111111111111111111111111111111111111111111111111111111111011111111111111111111111111111111111111111111111111111111111111111111111111111111111111111111111111111011111111111111111111111111111111111111111111111111111111111
110000000000000000000000000000000000000000000001111001100000000000000000000010000000000000000000000000011000000011110011100010000001100000000000000000011100111000000100000000000011010011100000000000000000000000111100000000000000000000000100000000000000000000000000000000000000000000000000000000000000000000000000000000001111101111
111111111111111111111111111111111111111111111111111111111111011111111111111111111111111111111111111111111111111111111111111111111111111111111111111111111111111111111111111111111111111111111111111111111111111111111111111111111111110111111111111111111111111111111111111111111111111111111111111111111111111111111111111111111111111111
110000000000001110101100000000000000000000000001111001100000000000000000000000000000000000000000000000000000000011110011110000000001100000000000000000011001111000000001000000000011000111100000000000000000000000111100000000000000000000000100000000000000000000000000000000000000000000000000000000000000000000000000000000001111101111
110000000000000000000000000000000000000000000001111001100000000000000000000000000000000000000000000000011000000011110011100010000001100000000000000000011010111101000000000000000011000111100000000000000000000000111100000000000000000000000100000000000000000000000000000000000000000000000000000000000000000000000000000000001111101111
111110000000001111101110111111100000001101000011111100100100000000000000000110111101100001101110111111111001110011110011110000000001111101111111101111000000111001110101111000011011101011111100100000000000111111111100000000000000000000111100111010101011111110111100011111111100101110111110110011101010111101111100001110101111111111
110000000000001110101100000000000000000000000001111100100000000000000000000100000000000000000000000000000000000011110011110000000001100000000000000000011001111001000000000000000011001011100000000000000000000000111100000000000000000000111000000000000000000000000000000000000000000000000000000000000000000000000000000000001111101111
110000000000000000000000000000000000000000000001111001100000000000000000000000000000000000000000000000011000000011110011100010000001111110000000000110100000111000010000000000000011000111100000000000000000000000111100000000000000000000000100000000000000000000000000000000000000000000000000000000000000000000000000000000001111101111
110000000000000000000000000000000000000000000001111001100000000000000000000000000000000000000000000010011000000011110011100010000001100000000000000000011010111000100000000000000011010011100000000000000000000000111100000000000000000000000100000000000000000000000000000000000000000000000000000000000000000000000000000000001111101111
110000000000001111011111111111011100101110111001111111101011111110111010111111111101000001100000000011100000000011110011100010000001111101111100000110111001111011011101011110001011010111111100100000000000000000111111111111110111110110111111111110010000111110111111001111011001111111111110001111101100000111111100000000001111111111
111111111111111111111111111111111111111111111111111111111111111111111111111111111111111111111111111111111111111111111111111011111111111111111111111111111111111111111111111111111111111111111111111111111111111111111111111111111111111111111111111111111110111111111111111111111111111111111111111111111111111111111111111111111111111111
110000000000001111001100000000000000000000000001111100100000000000000000000100000000000000000000000000000000000011110011100010000001100000000000000000011010111100000000000000000011001011100000000000000000000000111100000000000000000000111000000000000000000000000000000000000000000000000000000000000000000000000000000000001111101111
111111111111111111111111111111111111111111111111111111111111111111111111111111111111111111111111111111111111111111111111111111111111111111111111111111111111111111111111011111111111101111111111111111111111111111111111111111111111111111111111111111111111111111111111111111111111111111111111111111111111111111111111111111111111111111
111111111111111111111111111111111111111111111111111111111111011111111111111111111111111111111111111111111111111111111111111011111111111111111111111111111111111111111111111111111111111111111111111111111111111111111111111111111111111111111111111111111111111111111111111111111111111111111111111111111111111111111111111111111111111111
110000000000001110011100000000011001100000001111111001111011011111000011000000100000111011101111011010111111100111111011100011010011111111111111110111011011111000111001111000110011011011101100011101011111111101111111111110000000000000000101111000010101111111111100111111011011111111011111000011100000111001110000001101011111111111
111111111111111111111111111111111111111101111111111111111111111111111111111111111111111111111111111111111111111111111111111111111111111111111011111111111111111111111111111111111111111111111111111111111111111111111111111111111111111111111111111111111111111111111111111111111111111111111111111111111111111111111111111111111111111111
111111111111111111111111111111111111111111111011111111111111111111111111111111111101111111111111111111111111111111111111111111111111111111111111111111111111111111111111111111111111111111111111111111111111111111111111111111111111111111111111111111111111111111111111111111111111111111111111111111111111111111111111111111111111111111
110000000000001111001100000000000000000000000001111010100000000000000000000110000000000000000000000000000000000011110011100010000001100000000000000000011001111010000000000000000011010011100000000000000000000000111111111110000000000000000000000000000000000000000000000000000000000000000000000000000000000000000000000000001111101111
111110000000001110111100101111111100111111111011111010110111011110100100010111111111100001111000000011111101110111111111111011010011111101111011110110111011111000110111111011100011000111111111000000001101111001111111110000000001100100000110111001101001111110111100111111011100110110111110111111001100000110000011111101111111101111
111111111111111111111111111111111111111101111111111111111111111111111111111111111111111111111111111111111111111111111111111111111111111111111111111111111111111101111111111111111111111111111111111111111111111111111111111111111111111111111111111111111111111111111111111111111111111111111111111111111111111111111111111111111111111111
110000000000001110111110101111011100001110001101111001111111111111101001111000111000111101101111101100011011101011111111111011011111111101111100000110111101111111101100000000000011100011111111011101111111111001111111111111100101110101000110111100100001111111111100010000000000000000000111111111100000111001111100000000001111101111
111101111111011111101100111111111100011110101001111001100000000000000000000000111100011101111111011111111101101011111011110011101111111110000000000110100000111101001000111011111111011011101100100000000000000000111111111111110101110100111101111111110001111111011100001111011111110111011000000011010001111001110000001101101111111111
111110000000001110111100101111111110101101011011111010100011111110011000100111011111000001100000000011100000000011110111111101000011111110000000000111011001111111101000111010100111011011101110111100110000111111111111111111111011110101000000111000010000111110111100110000000000000000000000000011001110111101110011111101011111101111
110000000000001111001110110000000000011111101101111001100011111110110010110010111100011011101110011111111100000011111111100011110111111101111011100110111101111011010101011111000011111111111111011110001110000000111111111111111110000000000100111011111001111110111011010000000000000000000111000011001101111100000011111111111111101111
110000000000000000000000000000000000000000000001111100100000000000000000000100000000000000000000000000011000000011110011100010000001100000000000000000011010111000000010100000000011010011100000000000000000000000111100000000000000000000111000000000000000000000000000000000000000000000000000000000000000000000000000000000001111101111
111111111111111111111111111111111111111111111111111111111111111110111111111111111111111111111111111111111111111111111111111111111111111111111111111111111111111111111101111111111111111111111111111111111111111111111111111111111111111111111111111111111111111111111111111111111111111111111111111111111111111111111111111111111111111111
111111111011011111111111101111011001111111010111111001110000000000000000011011100000000001101110010000011011110011110011100011011111111101111100000111011111111110000101111101001111011111101110111101000000111011111111110000000001110101000111111101100101110000000000000000000000000000000110110011100001111111111111110000001111111111
110000000000001111001100000000000000000000000001111001100000000000000000000000000000000000000000000000000000000011110011100010000001100000000000000000011001111000100000000000000011000111100000000000000000000000111100000000000000000000000100000000000000000000000000000000000000000000000000000000000000000000000000000000001111101111
111111111111111111111111111111111111111101111111111111111111111111111111111111111111111111111111111111111111111111111011111111111111111111111111111111111111111111111111111111111111111111111111111111111111111111111111111111111111111111111111111111111111111111111111111111111111111111111111111111111111111111111111111111111111111111
111111111111111111111111111111111111111111111111111111111111111111111111111111111111111111111111111111111111111111111111111111111111111111111111111111111101111111111111111111111111111111111111111101111111111111111111111111111111111111111111111111111111111111111111111111111111111111111111111111111111111111111111111111111111111111
110000000000000000000000000000000000000000000001111100100000000000000000000100000000000000000000000000011000000011110111100010000001100000000000000000011100111000000010000000000011000111100000000000000000000000111100000000000000000000111000000000000000000000000000000000000000000000000000000000000000000000000000000000001111101111
110000000000001110101100000000000000000000010001111100100000000000000000000100000000000000000000000000000000000011110011110000000001111110000000000110100000111010000000000000000011001011100000000000000000000000111100000000000000000000111000000000000000000000000000000000000000000000000000000000000000000000000000000000001111101111
111111111111111111111111111111111101111111111111111111111111111111111111111111111111111111111111111111111111111111111111111111101111111111111111111111111111111111111111111111111111111111111111111111111111111111111111111111111111111111111111111111111111111111111111111111111111111111111111111111111111111111111111111111111111111111
110000000000001111111111101111100000001101101101111001101111011110110111110101111111000001101110100111111110000011110011111011010011100000000000000000011111111000100010000000000011110111111100011111100000111101111111110000000001100101111101111101100110110000000000001111011010111111101110110011100000111110000011110000001111111111
111111111111111111111111111111111111111111111111111111111111111111111111111111111111111111111111111111111111111111111111111111111111111111111111111111111111111111011111111111111111111111111111111111111111111111111111111111111111101111111111111111111111111111111111111111111111111111111111111111111111111111111111111111111111111111
111101111111010000000000000000000000000000000001111110110011111111111001110111100000011101101110101111011010000011110111100011101111111101111011010111011011111100100010111110101011000111101110100000000000000000111111110000000001111101111111111001000010111111011111001111011111110111001110110011001011111101110011111111001111111111
111111111111111111111111111111111111111111111111111111111111111111111111111111111111111111111111111111111111111111111111111111111111111111111111111111111111111111111111111111111111111111111111111111111111111111111111111111111111111111111101111111111111111111111111111111111111111110111111111111111111111111111111111111111111111111
111111111111111111111111111111111111111111111111111111111111111111111111111111111111111111111111111111111111111111111111111111111111111111111111111111111111111111111111111111111111111111111111111111111111111111111111111111111111101111111111111111111111111111111111111111111111111110111111111111111111111111111111111111111111111111
110000000000001110011100000000000000000000000001111010100000000000000000000110000000000000000000000000000000000011110011100010000001100000000000000000011100111100000000000000000011001011100000000000000000000000111111111110000000000000000000000000000000000000000000000000000000000000000000000000000000000000000000000000001111101111
111111111011011110111110101111011111001101101001111010111011111110011001011110011110011111110000000011011010000011111011111001000111111101111111101111011111111011111000011011110111010011111111111110011101000000111111110000000001101001000000111111010001111111111111010000000000000000000111110011111101000111111100001100101111111111
110000000000001110101100000000000000000000000001111001100000000000000000000000000000000000000000000000000000000011110011110000000001100000000000000000011010111000010000000000000011000111100000000000000000000000111100000000000000000000000110000000000000000000000000000000000000000000000000000000000000000000000000000000001111101111
111111111111111111101111111111111111111111111111111111111111111111111111111111111111111111111111111111111111101111111111111111111111111111111111111111111111111111111111111111111111111111111111111111111111111111111111111111111111111111111111111111111111111111111111111111111111111111111111111111111111111111111111111111111111111111
110000000000000000000000000000000000000000000001111001100000000000000000000000000000000000000000000000011010000011110011100010000001100000000000000000011010111000000010000000000011100011100000000000000000000000111100000000000000000000000100000000000000000000000000000000000000000000000000000000000000000000000000000000001111101111
111111111111111111111111111111111111111111111111111111111111111111111111111111111111111111111111111111111111111011111111111111111111111111111111111111111111111111111111111111111111111111111111111111111111111111111111111111111111111111111111111111111111111111111111111111111111111111111111111111111111111111111111111111111111111111
111101111011101111001100111111111011001111100101111111101011011110101011011110011101000001101000000011000000000011111111100011100111111111111011100110111111111101000100000000000011011111110000000000000000111100111111110000000001101011111111000000000000000000000000000000000000000000000000000000000000111101110000001100011111101111
110000000000000000000000000000000000000000000001111100100000000000000000000100000000000000000000000000011000000011110011100010000001100000000000000000011100111001000000000000000011100011100000000000000000000000111100000000000000000000111000000000000000000000000000000000000000000000000000000000000000000000000000000000001111101111
111111111111111111111111111111111111111101111111111111111111111111111111111111111111111111111111111111111111111111111111111101111111111111111111111111111111111111111111111111111111111111111111111111111111111111111111111111111111111111111111111111111111111111111111111111111111111111111111111111111111111111111111111111111111111111
110000000000000000000000000000000000000000000001111100100000000000000000000100000000000000000000000000011000000011110011100010000001100000000000000000011001111001000000000000000011000111100000000000000000000000111100000000000000000000111000000000000000000000000000000000000000000000000000000000000000000000000000000000001111111111
111111111111111111111111111111111111111111111111111111111111111111111111111111111111111111111111111111111111111111111111111111111111111111111111111111111111111111111111111111111111111111111111111110111111111111111111111111111111111111111111111111111110111111111111111111111111111111111111111111111111111111111111111111111111111111
111101111011011110111110111111100000010000001011111001111111011110000010010000111000000001101111110010000000000011111011111110000001111111111111111110100000111111001000111111100011011111111110111101111110111010111111111111101101100100000111111000010111111111111100111111011101100110111110111111011001000001111100001100111111111111
111111111111111111111111111111111111111111111111111111111111111111111111111111111111111111111111111111111111111111111111111111011111111111111111111111111111111111111111111111111111111111111111111111101111111111111111111111111111111111111111111111111111111111111111111111111111111111111111111111111111111111111111111111111111111111
110000000000001110101100000000000000000000000001111001100000000000000000000000000000000000000000000000000000000011110011110000000001100000000000000000011100111000000001000000000011010011100000000000000000000000111100000000000000000000000100000000000000000000000000000000000000000000000000000000000000000000000000000000001111101111
110000000000001110101100000000000000000000000001111100100000000000000000000100000000000000000000000010000000000011110011110000000001100000000000000000011001111000000010000000000011001011100000000000000000000000111100000000000000000000111000000000000000000000000000000000000000000000000000000000000000000000000000000000001111101111
110000000000000000000000000000000000000000000001111001100000000000000000000000000000000000000000000010011000000011110011100010000001100000000000000000011100111100000000000000000011100011100000000000000000000000111100000000000000000000000100000000000000000000000000000000000000000000000000000000000000000000000000000000001111101111
110000000000001111111100111111100000001100111001111001101000000000000000000101011100100001111111111111111001110111110011111100000001111111111011111110100000111100111001111000111111001011110000000000000000111110111100000000000000000000000110111111111001110000000000001111111111111111011110001111111110000100000000001101101111101111
110000000000000000000000000000000000000000000001111010100000000000000000000110000000000000000000000000011000000011110011100010000001100000000000000000011100111000000100000000000011001011100000000000000000000000111111111110000000000000000000000000000000000000000000000000000000000000000000000000000000000000000000000000001111101111
111111111111111111111111111111111111111111111111111111111111111111111111111111111111111111111111111111111111111111111111111111111111111111111111111111111111111111111111111111111111111111111111111111011111111111111111111111111111111111111111111111111111111111111111111111111111111111111111111111111110111111111111111111111111111111
111111111111111111111111111111111111111111111111111111111111111111111111111111111111111111111111111111111111111111111111111111111111111111111111111111111111111011111111111111111111111111111111111111111111111111111111111111111111111111111111111011111111111111111111111111111111111111111111111111111111111111111111111111111111111111
110000000000001111111111001111111111000000001001111010101011011111110011000110111000111111111111100110111011110011110011111001000111100000000000000000011001111000001001011110100011000111110000000000000000000000111111110000000001111011000000111010100011111111011100101111111111100111111110111111110001111001111111110000001111111111
110000000000001110101100000000000000000000000001111001100000000000000000000000000000000000000000000000000000000011110011100010000001100000000000000000011010111001000000000000000011000111100000000000000000000000111100000000000000000000000100000000000000000000000000000000000000000000000000000000000000000000000000000000001111101111
111111111111111111111111111111111111111111111111111111111111111111101111111111111111111111111111111111111111111111111111111111111111111111111111111111111111111111111111111111111111111111111111111111111111111111111111111111111111111111111111111110111111111111111111111111111111111111111111111111111111111111111111111111111111111111
110000000000000000000000000000000000000000000001111100110000000000000000000100000000000000000000000000011000000011110011100010000001111110000000000110100000111000010000000000000011001011100000000000000000000000111100000000000000000000111000000000000000000000000000000000000000000000000000000000000000000000000000000000001111101111
111111111111111111111111111111111111111111111111111111111111111111111111111111111111111111111111111111111111111111111111111111111111111111111111111111111111111111111111111111111111111111111111111111111111111111111111111111111111111111111111111111111111111111111111111111111111111111111111111111111011111111111111111111111111111111
110000000000000000000000000000000000000000000001111010100000000000000000000110100000000001101110011011011000000011111011100010000001111111111111111110111001111100001001011000011111010111111111000000000000111010111111111111110101101000000110111011110010111111011011100000000000000000000111000011100001111001110000001111001111111111
111111111111111110111111111111111111111111111111111111111111111111111111111111111111111111111111111111111111111111111111111111111111111111111111111111111110111111111111111111111111111111111111111111111111111111111111111111111111111111111111111111111111111111111111111111111111111111111111111111111111111111111111111111111111111111
111111111111111111111111111111111011111111111111111111111111111111111111111111111111111111111111111111111111111111111111111111111111111111111111111111111111111111111111111111111111111111111111111111111111111111111111111111111111111111111111111111111111111111111111111111111111111111111110111111111111111111111111111111111111111111
111111111111111111111111111111111111111101111111111111111111111111111111111111111111111111111111111111111111111111111111111111111111111111111111111111111111111011111111111111111111111111111111111111111111111111111111111111111111111111111111111111111111111111111111111111111111111111111111111111111111111111111111111111111111111111
110000000000000000000000000000000000000000000001111010100000000000000000000110000000100000000000000000011000000011110011100010000001100000000000000000011010111000010000000000000011001011100000000000000000000000111111110000000001100010000000000000000000000000000000000000000000000000000000000000000000000000000000000000001111101111
110000000000000000000000000000000000000000000001111001100000000000000000000000000000000000000000000000011000000011110111100010000001111110000000000110100000111100000000000000000011000111100000000000000000000000111100000000000000000000000100000000000000000000000000000000000000000000000000000000000000000000000000000000001111101111
110000000000001110101100000000000000000000000001111010100000000000000000000110000000000000000000000000000000000011110011110000000001100000000000000000011010111000000100000000000011100011100000000000000000000000111111110000000001110000000000000000000000000000000000000000000000000000000000000000000000000000000000000000001111101111
110000000000000000000000000000000000000000000001111001100000000000000000010000000000000000000000000000011000000011110011100010000001111110000000000110100000111000100000000000000011010011100000000000000000000000111100000000000000000000000100000000000000000000000000000000000000000000000000000000000000000000000000000000001111101111
110000000000001110101100000000000000000000000001111100100000000000000000000100000000000000000000000000000000000011110011110000000001111110000000000111000000111000010000000000000011010011100000000000000000000000111100000000000000000000111000000000000000000000000000000000000000000000000000000000000000000000000000000000001111101111
~~~
0.0 123.0 111.0 385.0 2081.0
0.0 282.0 25.0 101.0 485.0
0.0 156.0 98.0 336.0 1746.0
0.0 278.0 27.0 110.0 521.0
0.0 124.0 114.0 390.0 2070.0
0.0 279.0 26.0 109.0 514.0
0.0 279.0 25.0 114.0 509.0
0.0 2.0 179.0 612.0 3302.0
0.0 2.0 177.0 626.0 3300.0
0.0 275.0 32.0 99.0 540.0
0.0 282.0 24.0 103.0 478.0
0.0 169.0 97.0 280.0 1624.0
0.0 282.0 27.0 96.0 479.0
0.0 142.0 102.0 355.0 1910.0
0.0 280.0 26.0 106.0 505.0
0.0 2.0 177.0 626.0 3310.0
0.0 144.0 95.0 401.0 1876.0
0.0 127.0 114.0 361.0 2054.0
0.0 274.0 32.0 107.0 551.0
0.0 282.0 26.0 101.0 476.0
0.0 282.0 26.0 101.0 480.0
0.0 146.0 102.0 342.0 1831.0
0.0 2.0 178.0 623.0 3299.0
0.0 282.0 25.0 102.0 479.0
0.0 2.0 178.0 623.0 3296.0
0.0 282.0 25.0 101.0 478.0
0.0 2.0 178.0 620.0 3313.0
0.0 2.0 179.0 612.0 3311.0
0.0 2.0 178.0 619.0 3300.0
0.0 2.0 178.0 623.0 3304.0
0.0 2.0 179.0 611.0 3296.0
0.0 2.0 178.0 624.0 3304.0
0.0 282.0 25.0 104.0 480.0
0.0 278.0 26.0 112.0 515.0
0.0 2.0 178.0 622.0 3304.0
0.0 158.0 101.0 308.0 1763.0
0.0 278.0 27.0 110.0 514.0
0.0 142.0 113.0 298.0 1875.0
0.0 110.0 118.0 424.0 2170.0
0.0 275.0 28.0 120.0 552.0
0.0 279.0 26.0 114.0 492.0
0.0 2.0 177.0 626.0 3302.0
0.0 173.0 80.0 318.0 1550.0
0.0 139.0 105.0 344.0 1911.0
0.0 280.0 26.0 109.0 500.0
0.0 278.0 26.0 112.0 516.0
0.0 1.0 179.0 623.0 3314.0
0.0 271.0 34.0 116.0 567.0
0.0 1.0 179.0 626.0 3314.0
0.0 273.0 29.0 122.0 556.0
0.0 147.0 102.0 353.0 1830.0
0.0 128.0 111.0 396.0 2025.0
0.0 112.0 119.0 410.0 2161.0
0.0 2.0 177.0 626.0 3307.0
0.0 2.0 177.0 626.0 3310.0
0.0 282.0 26.0 104.0 476.0
0.0 119.0 119.0 360.0 2107.0
0.0 105.0 124.0 425.0 2271.0
0.0 282.0 25.0 104.0 466.0
0.0 158.0 95.0 325.0 1719.0
0.0 163.0 97.0 310.0 1736.0
0.0 2.0 178.0 619.0 3300.0
0.0 280.0 27.0 106.0 500.0
0.0 276.0 28.0 123.0 529.0
0.0 278.0 28.0 111.0 508.0
0.0 158.0 92.0 311.0 1745.0
0.0 2.0 178.0 625.0 3308.0
0.0 282.0 26.0 98.0 479.0
0.0 136.0 105.0 412.0 1992.0
0.0 132.0 116.0 353.0 2022.0
0.0 164.0 90.0 290.0 1704.0
0.0 282.0 24.0 100.0 488.0
0.0 186.0 80.0 245.0 1476.0
0.0 130.0 116.0 362.0 2019.0
0.0 176.0 87.0 303.0 1523.0
0.0 2.0 178.0 617.0 3312.0
0.0 141.0 109.0 334.0 1909.0
0.0 282.0 24.0 112.0 472.0
0.0 2.0 177.0 626.0 3310.0
0.0 2.0 178.0 623.0 3304.0
0.0 2.0 177.0 626.0 3309.0
0.0 271.0 33.0 118.0 565.0
0.0 2.0 179.0 617.0 3301.0
0.0 279.0 28.0 109.0 500.0
0.0 2.0 177.0 626.0 3302.0
0.0 282.0 25.0 105.0 482.0
0.0 2.0 178.0 623.0 3312.0
0.0 279.0 27.0 109.0 498.0
0.0 282.0 24.0 105.0 478.0
0.0 146.0 101.0 353.0 1844.0
0.0 276.0 29.0 117.0 537.0
0.0 279.0 26.0 110.0 511.0
0.0 282.0 25.0 98.0 493.0
0.0 132.0 103.0 389.0 2001.0
0.0 2.0 178.0 626.0 3304.0
0.0 276.0 28.0 120.0 530.0
0.0 2.0 177.0 626.0 3298.0
0.0 2.0 179.0 623.0 3313.0
0.0 134.0 105.0 377.0 1973.0
0.0 2.0 179.0 620.0 3301.0
0.0 2.0 177.0 626.0 3300.0
0.0 271.0 35.0 111.0 575.0
0.0 116.0 117.0 428.0 2143.0
0.0 2.0 178.0 621.0 3298.0
0.0 129.0 105.0 409.0 2010.0
0.0 132.0 108.0 353.0 2024.0
0.0 146.0 104.0 336.0 1867.0
0.0 134.0 104.0 397.0 2002.0
0.0 279.0 28.0 106.0 510.0
0.0 2.0 177.0 626.0 3307.0
0.0 143.0 104.0 330.0 1904.0
0.0 279.0 27.0 106.0 505.0
0.0 2.0 179.0 621.0 3301.0
0.0 2.0 178.0 624.0 3304.0
0.0 279.0 27.0 109.0 492.0
0.0 271.0 30.0 135.0 589.0
0.0 2.0 178.0 621.0 3305.0
0.0 148.0 101.0 337.0 1856.0
0.0 2.0 178.0 626.0 3300.0
0.0 135.0 104.0 376.0 1960.0
0.0 2.0 178.0 624.0 3310.0
0.0 2.0 178.0 624.0 3308.0
0.0 271.0 32.0 123.0 564.0
0.0 122.0 116.0 401.0 2100.0
0.0 278.0 28.0 108.0 516.0
0.0 2.0 178.0 623.0 3304.0
0.0 282.0 25.0 102.0 471.0
0.0 1.0 179.0 620.0 3311.0
0.0 172.0 89.0 288.0 1607.0
0.0 280.0 26.0 112.0 496.0
0.0 2.0 178.0 621.0 3295.0
0.0 279.0 27.0 107.0 513.0
0.0 2.0 177.0 626.0 3303.0
0.0 117.0 116.0 408.0 2164.0
0.0 2.0 179.0 618.0 3301.0
0.0 279.0 26.0 114.0 499.0
0.0 275.0 31.0 114.0 542.0
0.0 282.0 25.0 105.0 472.0
0.0 159.0 96.0 311.0 1708.0
0.0 275.0 31.0 110.0 531.0
0.0 2.0 179.0 624.0 3303.0
0.0 2.0 179.0 616.0 3312.0
0.0 147.0 103.0 327.0 1822.0
0.0 279.0 26.0 111.0 512.0
0.0 2.0 178.0 621.0 3299.0
0.0 275.0 29.0 118.0 554.0
0.0 1.0 179.0 619.0 3311.0
0.0 184.0 83.0 259.0 1455.0
0.0 2.0 177.0 626.0 3302.0
0.0 2.0 177.0 626.0 3302.0
0.0 2.0 179.0 617.0 3302.0
0.0 274.0 33.0 99.0 550.0
0.0 278.0 25.0 114.0 509.0
0.0 271.0 34.0 113.0 574.0
0.0 278.0 25.0 112.0 526.0
0.0 272.0 30.0 122.0 577.0
~~~
15.1765060425
