111111111011111110111110100000011101011101001101111001111011111111101111000000111000111011101111111000000000000011111111111101101011111111111000000111111010111011111001000000000011010011111110111100101101111011111111110000000001101011000110111000000111111110111111010000000000000000000111111111001000111001111111110000001111111111
110000000000000000000000000000000000000000000001111010100000000000000000000110000000000000000000000000011000000011110011100010000001100000000000000000011100111000010000000000000011001011100000000000000000000000111111110000000001101000000000000000000000000000000000000000000000000000000000000000000000000000000000000000001111101111
110000000000001110101100000000000000000000000001111001100000000000000000000000000000000000000000000000000000000011110011110000000001100000000000000000011001111001000000000000000011010011100000000000000000000000111100000000000000000000000100000000000000000000000000000000000000000000000000000000000000000100000000000000001111101111
111110000000001111111111000000011110101100111111111001110111011110010011000000011111111111111111010100011111111111111011100011010111111101111000000111111111111000101100011111111011000111111100011110001110111011111111111111111101110000000110111110111001110000000000001111111010101110101110111111011100000110000011111101001111101111
110000000000001110101100000000000000000000000001111001100000000000000000000000000000000000000000000000000000000011110011110000000001100000000000000000011010111000000010000000000011001011100000000000000000000000111100000000000000000000000100000000000000000000000000000000000000000000000000000000000000000000000000000000001111101111
110000000000000000000000000000000000000000000001111001110000000000000000000000000000000000000000000000011000000011110011100010000001100000000000000000011001111010000000000000000011001011100000000000000000000000111100000000000000000000000100000000000000000000000000000000000000000000000000000000000000000000000000000000001111101111
110000000000001111001100000000000000000000000001111001100000000000000000000000000000000000000000000000000000000011110011100010000001100000000000000000011010111000000010000000000011001011100000000000000000000000111100000000000000000000000100000000000000000000000000000000000000000000000000000000000000000000000000000000001111101111
110000000000001110101100000000000000000000000001111001100000000000000000000000000000000000000000000000000000000011110011100010000001100000000000000000011100111000000010000000000011010011100000000000000000000000111100000000000000000000000100000000000000000000000000000000000000000000000000000000000000000000000000000000001111101111
110000000000000000000000000000000000000000000001111001100000000000000000000000000000000000000000000000011000000011110111100010000001100000000000000000011010111000010000000000000011010011100000000000000000000000111100000000000000000000000100000000000000000000000000000000000000000000000000000000000000000000000000000000001111101111
110000000000000000000000000000000000000000000001111001100000000000000000000000000000000000000000000000011000000011110011100010000001100000000000000000011001111100000000000000000011000111100000000000000000000000111100000000000000000000000100000000000000000000000000000000000000000000000000000000000000000000000000000000001111101111
111111111111111111111111111111111111111111111111111111111111111111111110111111111111111111111111111111111111111111111111111111111111111111111111111111111111111111111111111111111111111111111111111111111111111111111111111111111111111111111111111111111011111111111111111111111111111111111111111111111111111111111111111111111111111111
111111111111111110111111111111111111111111111111111111111111111111111111111111111111111111111111111111111111111111111111111111111111111111111111111111111111111111111111111111111111111111111111111111111111111111111111111111111111111111111110111111111111111111111111111111111111111111111111111111111111111111111111111111111111111111
110000000000001111001100000000000000000000000101111100100000000000000000000100000000000000000000000000000000000011110011100010000001100000000000000000011001111000000100000000000011000111100000000000000000000000111100000000000000000000111000000000000000000000000000000000000000000000000000000000000000000000000000000000001111101111
110000000000000000000000000000000000000000000001111001100000000000000000000000000000000000000000000000011000000011111011100010000001100000000000000000011100111000001000000000000011010011100000000000000000000000111100000000000000000000000100000000000000000000000000000000000000000000000000000000000000000000000000000000001111101111
111111111111111111111110111111111111111111111111111111111111111111111111111111111111111111111111111111111111111111111111111111111111111111111111111111111111111111111111111111111111111111111111111111111111111111111111111111111111111111111111111111111111111111011111111111111111111111111111111111111111111111111111111111111111111111
110000000000000000000000000000000000000000000001111001100000000000000000000100000000000000000000000000011000000011110011100010000001100000000000000000011010111000000010000000000011001011100000000000000000000000111100000000000000000000000100000000000000000000000000000000000000000000000000000000000000000000000000000000001111101111
110000000000000000000000000000000000000000000001111001100000000000000000000000000000000000000000000011011000000011110011100010000001100000000000000000011100111001000000000000000011000111100000000000000000000000111100000000000000000000000100000000000000000000000000000000000000000000000000000000000000000000000000000000001111101111
110000000000001110101100000000000000000000000101111001100000000000000000000000000000000000000000000000000000000011110011110000000001100000000000000000011100111000000001000000000011010011100000000000000000000000111100000000000000000000000100000000000000000000000000000000000000000000000000000000000000000000000000000000001111101111
111111111011101110111111110000011111011111111001111001101111011110010100011000011000011011111110100110100000000011110111111100000001111110000000000111100000111000001011111110110111110011111111011111110000111010111111111111101001101001000110111100100011111111011100000000000000000000000111001111110001000111111111111100011111101111
110000000000001110101100000000000000000000000001111100100000000000000000000100000000000000000000000000000000000011110011110000000001111110000000000111000000111000000010000000000011000111100000000000000000000000111100000000000000000000111000000000000000000000000000000000000000000000000000000000000000000000000000000000001111101111
111101111011101110111111101111111101000000001101111001101100000000000000011101011100111011111110010111111011111111111111111011010111111111111111010110111101111100011110011011000111001011111111111110100000111011111111111110000001111010000110111000011110110000000000000000000000000000000111001111111010111101110000001110011111111111
110000000000000000000000000000000000000000000001111001100000000000000000000000000000000000000000000000011000000011110011100010000001111110000000000111000000111000001000100000000011001011100000000000000000000000111100000000000000000000000100000000000000000000000000000000000000000000000000000000000000000000000000000000001111101111
110000000000001110101100000000000000000000000001111001100000000000000000000000000000000000000000000000000000000011110011110000000001111101111000000111000000111000000100000000000011100011100000000000000000000000111100000000000000000000000100000000000000000000000000000000000000000000000000000000000000000000000000000000001111101111
111111111111111111111111111111111111111111111111111111110111111111111111111111111111111111111111111111111111111111111111111111111111111111111111111111111111111111111111111111111111111111111111111111111111111111111111111111111111110111111111111111111111111111111111111111111111111111111111111111111111111111111111111111111111111111
111111111111111111111111111111111111111111111111111111111111111111111111111111111111111111111111111111111111111111111111111111111111111111111111111111111111111111111111111111111111110011111111111111111111111111111111111111111111111111111111111111111111111111111111111111111111111111111111111111111111111111111111111111111111111111
111101110111111110111100111111011111111101101001111010101111111111000111100110011111111011101110111000011100000011111011111100000001111111111100000111011111111000000001111101100111111111101111000000001111000000111111111111111110000000111000111001110011111111011100111111011010101111111111110011100001111101110000001101101111111111
110000000000000000000000000000000000000000000001111010100000000000000000000110000000000000000000000000011000000011110011100010000001100000000000000000011001111100000000000000000011100011100000000000000000000000111111110000000001110000000000000000000000000000000000000000000000000000000000000000000000000000000000000000001111101111
110000000000001110101100111111111001100000001011111100100111111111001100111101011111011010000000000000011110000011110011110011010011111111111011010111000000111111111110111101001111011111111111011101010000111111111111111110000001110101111000111010110111111110111011011111111100101111011000000011110000000101111111111100011111101111
111101111111111111111111111111111111111111011111111111111111111111111111111111111111111111111111111111111111111111111111111111111111111111111111111111111111111111111111111111111111111111111111111111111111111111111111111111111111111111111111111111111111111111111111111111111111111111111111111111111111111111111111111111111111111111
111111111111111111111111111111111111111111111111111111111111111111111111111111111111111111111111111111111111111111111111111111111111111111111111111111111111111111111111111111111111011111111111111111111111111111111111111111111111111111111111111111111111111111111111111111111111111111111111111111111011111111111111111111111111111111
110000000000001111011110000000000000001100101001111001111111011000000000110100011101011101100000000011111010000011111111100011010111111111111111001111111010111010001001011111010011110011111100111110101111000000111111111111100100000000111110111011111000111111111100011111011101101110101111111111100001111001110011111111001111101111
111110000000001110111111110000011111111101001101111100100111111110011011000100011101100001101110110011111001110011111111100011001011100000000000000000011010111011011010111100001011110011101111100000000000111010111111111111101110000000111000111101000011110000000000001111011010100110111111001111001110000110000000000000001111111111
110000000000001110101100000000000000000000000001111001100000000000000000000000000000000000000000000000000000000011110011100010000001100000000000000000011100111000000001000000000011000111100000000000000000000000111100000000000000000000000100000000000000000000000000000000000000000000000000000000000000000000000000000000001111101111
110000000000000000000000000000000000000000000001111001100000000000000000000000000000000000000000000000011000000011110011100010000001100000000000000000011100111010000000000000000011100011100000000000000000000000111100000000000000000000000100000000000000000000000000000000000000000000000000000000000000000000000000000000001111101111
111111111111111111111111111111111111111111111111111111111111111111111111111111111111111111111111111111111111111111111111111111111111111111111111111111111111111111111111111111111111111111111111111111111111111101111111111111111111111111111111111111111111111110111111111111111111111111111111111111111111111111111111111111111111111111
110000000000000000000000000000000000000000000001111100100000000000000000000100000000000000000000000000011000000011110011100010000001100000000000000000011100111100000000100000000011000111100000000000000000000000111100000000000000000000111000000000000000000000000000000000000000000000000000000000000000000000000000000000001111101111
111111111111111111111111111111111111111111111111111011111111111111111111111111111110111111111111111111111111111111111111111111111111111111111111111111111111111111111111111111111111111111111111111111111111111111111111111111111111111111111111111111111111111111111111111111111111111111111111111111111111111111111111111111111111111111
111111111111111111111111111111111111111111111111111111111111111111111111111111111111111111111111111111111111101111111111111111111111111111111111111111111111111111111111111111111111111111111111111111111111111110111111111111111111111111111111111111111111111111111111111111111111111111111111111111111111111111111111111111111111111111
111101111011101111111111111111011010001110111011111110111011011111001011000110111111100001111110000110100000000011110111111111011111111110000000000110111001111100000110111101011111100111101110100000001110111001111111111110000001110100111101111010000010111110111100111111111111100110111110110011001101111001110011110000001111101111
111110000000001110101111001111000000001111011001111010111011011110100110110111111111111101110000000011011111101011110111111111111011111101111011100111111110111001011000011110111011110111101110111101101101111100111111111111111101100011111000111010110010111111111011010000000000000000000110001111111110111101111100000000001111101111
111110000000001111111111001111011111111101111111111111100111011111101011000111000000011101101110011100011101110111110111111001001111111111111000000111000000111100101110111000011011101111111110111111000000111010111111111111110001111000111100111010001101110000000000000000000000000000000111001111100001000110000000001111101111111111
110000000000000000000000000000000000000000000001111001100000000000000000000000000000000000000000000000011000000011110011100010000001100000000000000000011001111000000001000000000011000111100000000000000000000000111100000000000000000000000100000000000000000000000000000000000000000000000000000000000000000100000000000000001111101111
111111111111111111111111111111111111111111111111111111111111111111111111111111111110111111111111111111111111111111111111111111111111111111111111111111111101111111111111111111111111111111111111111111111111111111111111111111111111111111111111111111111111111111111111111111111111111111111111111111111111111111111111111111111111111111
111111111111111111111111111111111111111111111111111111110111111111111111111111111111111111111111111111111111111111111111111111111111111111111111111111111111111111111111111111111111111111111111111111111111111111111111111111111111111111111111111111111111111111111111111111111111111111111111111111111111111111111111111111101111111111
111111111111111111111111111111111111101111111111111111111111111111111111111111111111111111111111111111111111111111111111111111111111111111111111111111111111111111111111111111111111111111111111111111111111111111111111111111111111111111111111111111011111111111111111111111111111111111111111111111111111111111111111111111111111111111
110000000000000000000000000000000000000000000001111001100000000000000000000000000000000000000000000010011000000011110011100010000001111110000000000111000000111000000010000000000011100011100000000000000000000000111100000000000000000000000100000000000000000000000000000000000000000000000000000000000000000000000000000000001111101111
111111111111111111111111111111011111111111111111111111111111111111111111111111111111111111111111111111111111111111111111111111111111111111111111111111111111111111111111111111111111111111111111111111111110111111111111111111111111111111111111111111111111111111111111111111111111111111111111111111111111111111111111111111111111111111
111111111011101110101111111111111101111111011101111010110111111111100111100110111000011010000000000000011101100111111111111001100111111111111111011111011011111111000101111101010111010011111110011100110000111111111111111111110011100100111000000000000000000000000000000000000000000000000000000000000000000001111111111110111111101111
110000000000001110101100101111011111100000001101111111110100000000000000011110011111111111101111101010111101101011110011111101010111100000000000000000011100111111000011000000000011101111111111111101101101111100111111111110000001110100111111111001100010111111111111000000000000000000000110110011001100111110000000001100011111111111
110000000000001110101100000000000000000000000001111001100000000000000000000000000000000000000000000000000000000011110011110000000001100000000000000000011100111000000001000000000011001011100000000000000000000000111100000000000000000000000100000000000000000000000000000000000000000000000000000000000000000000000000000000001111101111
111111111011011110101111101111111010111111111011111010111111111110101100111111011000100001110000000010111000000011110111111001010111100000000000000000011001111110110110011001100011111111100000000000000000111011111111111110000001111101000000111110010111111111011111111111111111110111111111110011111110111110000011111110011111111111
111111111111111111111111111111111111111111111111111111111111111111111111111111111111111111111111111111111111111111111111111111111111111111111111111111111111111111111111111111111111111111111111111111111111111111111111111111111111111011111111111111111111111111111111011111111111111111111111111111111111111111111111111111111111111111
110000000000000000000000000000000000000000000001111100110111011111110101000100011111111011101111100000011010000011110111100010000001111111111011011110111001111000100011000000000011001111111111100000001101111010111111111111101011100110111000111001100111111111011100111111011010100111001000000011100000000000000011111101001111111111
110000000000000000000000000000000000000000000001111001100000000000000000000000000000000000000000000000011000000011110011100010000001111110000000000110100000111001000000000000000011100011100000000000000000000000111100000000000000000000000100000000000000000000000000000000000000000000000000000000000000000000000000000000001111101111
111111111011101110101100000000000000011100111001111001100111111110001111110100111111100001101111001000011000000011111111111000000001111101111011101111111101111011100110111100000111010111100000000000000000000000111111111111100100000000000100000000000000000000000000000000000000000000000000000000000000111000000000001100011111101111
111111111111111111111111111111011111111111111111111111111111011111111111111111111111111111111111111111111111111111111111111111111111111111111111111111111111111111111111111111111111111111111111111111111111111111111111111111111111111111111111111111111111111111111111111111111111111111111111111111111111111111111111111111111111111111
111110000000001111101100100000011010000000001101111001111111111111110000110000000000111111101111001010111001100111111111111111101111111111111111111111011111111100111100011010000011110111100000000000000000111111111111111111110101101000111101111000011011111110111011110000000000000000000000000011111011111000000000000000001111111111
110000000000001110111111101111000000001101101011111010111111111110110110010110011111000001101110110010011111111011111111111011100111111111111100000111000000111001111011111101101011011011111100100000001111111110111111110000000001111111000000111100101110110000000000001111011101110111011000000011100000000111111100000000001111111111
110000000000001111111100111111111000110000011101111001101011111111010010000110011100111111100000000011011011101111110011111001001011111111111011101111011010111010100100100000000011111011111110011101011101111011111111110000000001101001000110111011101100111110111100101111111010110110101111001111101011111001111100001110011111101111
110000000000001110111100111111111010111110101011111001110000000000000000011100111111111101110000000011011110000011110111110001000111100000000000000000011001111100000101111110111111110111101111111110011101111011111111110000000001111100000100111110111101110000000000001111111011100110101000000011111010111001110000001110111111111111
110000000000000000000000000000000000000000000001111100100000000000000000000100000000000000000000000000011000000011110011100010000001100000000000000000011010111000000001000000000011010011100000000000000000000000111100000000000000000000111000000000000000000000000000000000000000000000000000000000000000000000000000000000001111101111
111111111011011111111111111111011001001110011101111001111111111000000001011100000000011010000000000011011001110011111111111101111011111101111111001110111010111110111001111101100011000111111110011111101110111100111111111111101111111001111111111001000010111111111011111111011010100111101110001111100000111001110000000000001111111111
111111111111111111111111111111111111111111111111111111111111111111111111111111111111111111111111111111111111111111111111111111111111111111111111111111111111111111111111111111111111111111111111111111111111111110111111111111111101111111111111111111111111111111111111111111111111111111111111111111111111111111111111111111111111111111
111101111111101110101111110000000000011101100001111100111011111111100110011100100000100001101110010000011111111011111011110001111111111101111100000110111010111111110100100000000011000111111110011101011101000000111111110000000001110011111111111101111001111111011111111111111001110111011110001111100000111111110000000000001111101111
111111111111111111111111111111111111111111111111111110111111111111111111111111111111111111111111111111111111111111111111111111111111111111111111111110111111111111111111111111111111111111111111111111111111111111111111111111111111111111111111111111111111111111111111111111111111111111111111111111111111111111111111111111111111111111
111110000000001111111111001111000000001111010101111100111011111111001110011111011111000001101111011110111111111011111011110011010011111101111100000111000000111110110110111101011011010011110000000000000000111101111111111110000001111010111101111001000101111111111011011111011010101110111111000011010001000100000000001110011111111111
111101111011011111101111100000000000011111100001111111101111111110100010100110111100100001111111111110011110000011111111110000000001100000000000000000011001111001001001011000110011010011101111000000001101000000111111111111100101110011111111111010011010111110111100111111111111100111001000000011101001000000000011111101001111111111
111111111011111110101100100000011101111110011001111001101111111110111100000100011111000001101000000011011011111111111011110000000001111111111011111110100000111100101110011011011111101011111100000000001101000000111111111111110001110011111111111111110001111110111100011111011001110111001000000011101011111111111111110000001111111111
111101110111101110111100111111000000010000001101111001110111011110101000000011011111011110000000000000000000000011111111110010000001100000000000000000011100111101110100100000000011010011111111100000001101000000111100000000000000000000111111111010110011111111011111111111111110110111111111111111110001111110000011111101111111111111
111101111111110000000000000000000000000000000001111010100111011111010111011111011110011111111111100011111010000011111011100011001011111110000000000111111100111110011000011011000011100011100000000000000000111110111111110000000001110011000100111000101110111110111011101111111001111110111110001111011111111110000000001110011111111111
111111111011101110111111110000011110101101001011111010111111111110110010111110111101011111111110111000011100000011110011111101100111111110000000000111100000111001010110011110011011011011111100011101001101111010111111110000000001100101000000111100011001110000000000001111011111101110111110001111101001000110000011110000001111101111
110000000000000000000000000000000000000000000001111100100000000000000000000100000000000000000000000000011000000011110011100010000001100000000000000000011010111000000010000000000011010011100000000000000000000000111100000000000000000000111000000000000000000000000000000000000000000000000000000000000000000000000000000000001111101111
110000000000000000000000000000000000000000000001111001100000000000000000010000000000000000000000000000011000000011110011100010000001100000000000000000011010111100000000000000000011100011110000000000000000000000111100000000000000000000000100000000000000000000000000000000000000000000000000000000000000000000000000000000001111101111
111111111111111111111111111111111111111111111111111111111111111111111111111111111111111111111111111111111111111111111111111111111111111111111011111111111111111111111111111111111111111111111111111111111111111111111111111111110111111111111111111111111111111111111111111111111111111111111111111111111111111111111111111111111111111111
111111111111111111111111111111111111111111111111111111111111111111111111111111111101111111111111111111111111111111111111111111111111111111111111111111111111111111111111111111111111111011111111111111111111111111111111111111111111111111111111111111111111111111111111111111111111111111111111111111111111111111111111111111111111111111
111110000000001111111111111111011100110000000001111001110111011111011010010000011110111101111111001010111001101111110011110000000001111110000000000110111100111011010000111100001011100011111110100000001101000000111100000000000000000000000110111000110011111111011100000000000000000000000000000011001110111110000011111111101111101111
111111111111111111111111111111111111111111111111111111111111111111111111111111111111111011111111111111111111111111111111111111111111111111111111111111011111111111111111111111111111111111111111111111111111111111111111111111111111111111111111111111111111111111111111111111111111111111111111111111111111111111111111111111111111111111
110000000000001111101100001111100000011111111001111001110100000000000000011000000000011010000000000010111001111111110011111010000001111110000000000110100000111101111010000000000011110111110000000000000000000000111111111111101001110101111110111110111000110000000000001111111110101110111000000011011010000110000000001110101111101111
110000000000001110111111111111111100011110111001111010111111111110110100000110111000100001110000000011111101111111110111111011101111111110000000000111011100111001000010011000010111110011111111011110010000111111111111110000000001101100000101111010100100111111111111000000000000000000000111110011010001000000000011111111101111101111
111111111111111111111111111111111111111111111111111111111111111111111111111111111111111111111111111111111111111111111111111111111111111111111111111111111111111111011111111111111111111111111111111111111111111111111111111111111011111111111111111111111111111111111111111111111111111111111111111111111111111111111111111111111111111111
111111111111111111111111111111111111111111111111111111111111111111111111111111111111111111111111111111111101111111110111111111111111111111111111111111111111111111111111111111111111111111111111111111111111111111111111111111111111111111111111111111111111111111111111111111111111111111111111111111111111111111111111111111111111111111
111111111111111111111111111111111111111111111111111111111111111111111111111111111111111111111111111111111111111111111111111111111111111111111111111111111111111111111111111111111111111111111111111111111111111101111111111111111111111111111111111011111111111111111111111111111111111111111111111111111111111111111111111111111111111111
110000000000001110111100001111111011000000011001111010111011111111111011000111011111011111101111100000011110000011111011111111000111100000000000000000011110111000011110011011010011011011110000000000000000000000111111111111101011110110000111111001101011111110111011101111011010100111011110001111101010111100000011111110011111101111
111111111111111111101111001111100000011111101111111010100000000000000000010110011101111011111000000000000000000011111111111101101111111111111011110111111110111010010000011001000111000111110000000000000000111101111111111111111111100111000000111010110000111110111011101111111111100110111110110011010001111111111111110000001111111111
111111111111111111111111111111111111111111111111111111111111111111111111111111111111111111111111111111111111111111111111111111111111111111111111111111111111111111111111111111111111111111111111111111111111111111111111111111111111111111111111111111111111111111111111111111111111101110111111111111111111111111111111111111111111111111
111111111111111111111111111111111111111111111111111111111111111111111111111111111101111111111111111111111111111111111111111111111111111111111111111110111111111111111111111111111111111111111111111111111111111111111111111111111111111111111111111111111111111111111111111111111111111111111111111111111111111111111111111111111111111111
110000000000000000000000000000000000000000000001111100101000000000000000000100000000000000000000000000011000000011110011100010000001111110000000000111000000111000001000000000000011001011100000000000000000000000111100000000000000000000111000000000000000000000000000000000000000000000000000000000000000000000000000000000001111101111
110000000000000000000000000000000000000000000001111100100000000000000000000100000000000000000000000000011000000011110011100010000001100000000000000000011001111000100000100000000011000111100000000000000000000000111100000000000000000000111000000000000000000000000000000000000000000000000000000000000000000000000000000000001111101111
111101110111011111111111110000011111011110101011111010100011111110101010011110111110000001101111110110000000000011111111111100000001111110000000000111100000111010101011011111101011011111111111011111111111111100111111110000000001111010111000111011100111110000000000001111011110101110111110110011111011111101110011111100011111101111
111111111111111111111111111111111111111111111111111111111111111111111111111111111111111111111111111111111111111111111111111111111011111111111111111111111111111111111111111111111111111111111111111111111111111111111111111111111111111111111111111111111111111111111111111111111111111111111111111111111111111101111111111111111111111111
111111111111111111111111111111111111111111111111111111111111111111111011111111111111111111111111111111111111111111111011111111111111111111111111111111111111111111111111111111111111111111111111111111111111111111111111111111111111111111111111111111111111111111111111111111111111111111111111111111111111111111111111111111111111111111
111101111011011111111100101111000000011111110101111010101111111111111010110110111111111101101111001100011001111011110111100011100011111111111111001111011010111101111010011010010111001111111111111110100000111111111111110000000001111101111000111110011101111111011100011111011101100111111000000011110001111101110011111100011111101111
111101110111101111101100110000011100011100101101111001100111011000000001110001111111000000000000000000011110000011110011110001100011100000000000000000011010111011001110111011101011100011111111011101001111000000111111111111110101110010111100111000001000110000000000001111111110110111101111110011101100000111111100000000001111111111
110000000000001110011100000000000000010000010111111100100111111111010010000111011100100001111110111111011001111011111011100010000001100000000000000000011101111100100101111111101111110011111100111101010000111011111111111111111001110111111101111000010001110000000000000000000000000000000110110011001010111101111100001100101111111111
111111111111111111111111111111111111111111111111111111111111111111111111111111111111111111111111111111111111111111111111111111111111111111111111111111111111111111111111111111111111011111111111111111111111111111111111111111111111111111111111111111111111111111111011111111111111111111111111111111111111111111111111111111111111111111
111111111111101111111111111111111111111111111111111111111111111111111111111111111111111111111111111111111111111111111111111111111111111111111111111111111110111111111111111111111111111111111111111111111111111111111111111111111111111111111111111111111111111111111111111111111111111111111111111111111111111111111111111111111111111111
111110000000000000000000000000000000000000000001111101111011100000000000011110000000011011101111100111011010000011110011100011100111111101111000000111011010111000000110111100110011001111111111000000000000111111111111111111110011111001111101111010101000111111011100001111011011100111111111000011100000111100000011111101001111111111
110000000000001110101100000000000000000000000001111001100000000000000000000010000000000000000000000000000000000011110011110000000001100000000000000000011001111000000001000000000011000111100000000000000000000000111100000000000000000000000100000000000000000000000000000000000000000000000000000000000000000000000000000000001111101111
111111111111111111111111111111111111111111111111111111111111111111111111111111111111111111111111111111111111111111111111111101111111111111111111111111111011111111111111111111111111111111111111111111111111111111111111111111111111111111111111111111111111111111111111111111111111111111111111111111111111111111111111111111111111111111
111111111011111111111111111111111111111111111111111111111111111111111111111111111111111111111111111111011111111111111111111111111111111111111111111111111111111111111111111111111111111111111111111111111111111111111111111111111111111111111111111111111111111111111111111111111111111111111111111111111111111111111111111111111111111111
111111111111111111111111111111111111111111101111111111111111111111111111111111111111111111111111111111111111111111111111111111111111111111111111111111111111111111111111111111111111111111111111111111111111111011111111111111111111111111111111111111111111111111111111111111111111111111111111111111111111111111111111111111111111111111
110000000000000000000000000000000000000000000001111100100000000000000000000100000000000000000000000000011000000011110011100010000001100000000000000000011010111000000100000000000011001011100000000000000000000000111100000000000000000000111000000000000000000000000000000000000000000000000000000000000000000000000000000000001111101111
111101111111011110111111000000011011111110011001111011101011111111011100011110111110111101111111010110111010000011111011111000000001111101111111111111111101111011101101100000000011010111111100000000001101000000111111110000000001110111000100111110110000111110111111101111011001101111101000000011001111000110000000001110101111111111
111101111111011110111100001111100000001100100001111011101011111110000010111110100000000001101111111000011101101111111111100011010011111101111011111111011100111000010001111001100111111011101111011111011111000000111111111111100010000000111100111011111010111110111100101111111101110110111000000011111001111111111100001101011111101111
111110000000001111111111001111011100010000000011111100101111011110011110100100111110011101111111101010100000000011111111110001101111111111111000000111111101111100110011111000000111100011101111100000001111111100111111111111100011111010111100111001110011110000000000000000000000000000000110110011100000000111110000001111101111111111
111111111111111111101111111111111111111111111111111111111111111111111111111111111111111111111111111111111111111111111111111111111111111111111111111111111111111111111111111111111111111111111111111111111111111111111111111111111111111111111111111111111110111111111111111111111111111111111111111111111111111111111111111111111111111111
111111111111111111111111111111111111111111111111111111111111111111111111111111111111111111111111111111111111111111111111111111111111111111111111111111111111111111111111111111111111111111111111011110111111111111111111111111111111111111111111111111111111111111111111111111111111111111111111111111111111111111111111111111111111111111
110000000000000000000000000000000000000000000001111001100000000000000000000000000000000000000000000000011000000011110011100010000001100000000000000000011001111000000100000000000011100011100000000000000000000000111100000000000000000000000110000000000000000000000000000000000000000000000000000000000000000000000000000000001111101111
110000000000001111101111000000011010101100100101111001110111011111111001110101011101100001101110110011011011100111110111110001110111111111111011111111100000111010000110111010010111111111111110011101010000111011111111111111100100000000000101111001110001111110111011001111011011101111111110110011001010000110000000001110101111101111
110000000000000000000000000000000000000000000001111001100000000000000000000000000000000000000000000000011000000011110011100010000001100000000000000000011100111100000000000000000011001011100000000000000000000000111100000000000000000000000101000000000000000000000000000000000000000000000000000000000000000000000000000000001111101111
111101110111111110011111001111000000001110110101111010100011011111110101100111000000011111101110010100000000000011111011100011111011111111111000000111011100111111111111111110110111110011101111100000001101111101111111110000000001111101111111111010100001111111011100111111111010110110111000000011101101000111110011110000001111101111
111111111111111111111111111111111111111111111111111111111111111111111111111111111111111111111111111111111111111111111111111111111011111111111111111111111111111111111111111111111111111111111111111111111111111111111111111111111111111111111111111111111101111111111111111111111111111111111111111111111111111111111111111111111111111111
110000000000000000000000000000000000000000000001111001100000000000000000000010000000000000000000000000011000000011110011100010000001100000000000000000011100111000000001000000000011100011100000000000000000000000111100000000000000000000000100000000000000000000000000000000000000000000000000000000000000000000000000000000001111101111
111111111011101110011110111111111011000000000001111001101111011110001111011001011110111111111110100010100000000011111111100011011111111110000000000110100000111011001000011000001111010011111111011110110000000000111111111111110011111000111110111000010011111111111011100000000000000000000110110011011010000110000011111101111111111111
111111111111101110101100111111111000101110111011111100111111111111000001010100100000111100000000000011011010000011111011111010000001111101111011010110100000111100111010111001011111100011111110100000000000111010111111111111110001101001111000111100100011111111111100001111011111100110101000000011011110000001110011110000001111111111
111111111111111111111111111111111111111111111111111111111111111111111111110111111111111111111111111111111111111111111111111111111111111111111111111111111111111111111111111111111111111111111111111111111110111111111111111111111111111111111111111111111111111111111111111111111111111111111111111111111111111111111111111111111111111111
111111111111101111111111111111111111111111111111111111111111111111111111111111011111111111111111111111111111111111111111111111111111111111111111111111111111111111111111111111111111111111111111111111111111111111111111111111111111111111111111111111111111111111111111111111111111111111111111111111111111111111111111111111111111111111
110000000000001110011100000000000000000000000001111001100000000000000000000000000000000000000000000000000000000011110011100010000001100000000000000000011010111010000000000000000011001011100000000000000000000000111100000000000000000000000100000000000000000000000000000000000000000000000000000000000000000000000000000000001111101111
111111111111111111111111111111111111111111111111111111111111111111111111111111111111111111111111111111111111111111111111111111111111111111111111111111111111111111111011111111111111111111111111111111111111111111111111111111111111111111111111111111111111111111111111111111111111111111111111111111111111111111111111111111111111111111
111111111111111111111111111111111111111111111111111111111111111111111111111111111111111111111111111111111111111111111111111111111111111111111111111111111111111111111111111111111111111111111111111111101111111111111111111111111111111111111111111111111111111111111111111111111110111111111111111111111111111111111111111111111111111111
110000000000000000000000000000000000000000000001111010100000000000000000000110000000000000000000000000011000000011110011100010000001100000000000000000011100111010000000000000000011100011100000000000000000000000111111110000000001101000000000000000000000000000000000000000000000000000000000000000000000000000000000000000001111101111
110000000000001111001100000000000000000000000001111001100000000000000000000000000000000000000000000000000000000011110011100010000001111110000000000110100000111001000000000000000011100011100000000000000000000000111100000000000000000000000100000000000000000000000000000000000000000000000000000000000000000000000000000000001111101111
111111111111111111111111111111111111111111111101111111111111111111111111111111111111111111111111111111111111111111111111111111111111111111111111111111111111111111111111111111111111111111111111111111111111111111111111111111111111111111111111111111111111111111111111111111111111111111111111111111111011111111111111111111111111111111
111111110111111111111111111111111111111111111111111111111111111111111111111111111111111111111111111111111111111111111111111111111111111111111111111111111111111111111111111111111111111111111111111111111111111111111111111111111111111111111111111111111111111111111111111111111111111110111111111111111111111111111111111111111111111111
111111111111111111111111111111111111111111111111111111111111111111111111111111111111111111111111111111111111111111111111111111111111111111111111111111111111111111111111111111111111111111111111111111111111111111111111111111111111111101111111111111111111111111111111111111111111111111111111111111111111111111111111111111111111111111
111111111111111111111111111111111111111111111111111111111111111111111111111111111111111111111111111111111111111111111111111111111111111111111111111111111111111111111111111111111111111111111111111111111111111111111111111111111111111111111111111101111111111111111111111111111111111111111111111111101111111111111111111111111111111111
110000000000001110011100000000000000000000001001111001100000000000000000000000000000000000000000000000000000000011110011100010000001100000000000000000011010111001000000000000000011010011100000000000000000000000111100000000000000000000000100000000000000000000000000000000000000000000000000000000000000000000000000000000001111101111
111111111011011110111100001111011100010000011111111010110100000000000000011110111110111101101110111111111001110011110011111111101011100000000000000000011001111001111010111000110111100111101110000000001101111011111111110000000001100101000100111000101100110000000000001111011101100111101111000011111101111101110000000000001111111111
110000000000000000000000000000000000000000000001111001100000000000000000000000000000000000000000000000011000000011110011100010000001100000000000000000011100111000100000000000000011100011100000000000000000000000111100000000000000000000000100000000000000000000000000000000000000000000000000000000000000000100000000000000001111101111
111101111111101110101100000000000000011111001001111001111011011000000000111011111111011101111111001110111011101111111011111101011111111111111011001111011011111111101111011100110111110011100000000000000000111111111111111111111011111011111110111100110001111111011100111111011111110110101111111111111010111101111100001110001111111111
111111111011111110101100000000011111111101010011111010111111111110101000111110000000100001100000000011011111111011111111110011110011111110000000000110111011111110000101000000000011001011101110100000001101111011111111111110000001110111000000000000000000000000000000000000000000000000000000000000000000000111111111111101011111101111
111111110111011111111111001111111011111111011101111100111011011110010010011110111101111010000000000010011001100111111011111110000001111101111011111111000000111011010110111100001011100111101111111110111111111010111100000000000000000000111000111001100100111110111100011111011101101110101000000011011001111001111100001100101111111111
110000000000001110111100110000000000011101110111111001110011111111001011111010011000111111100000000010111011110011111011100010000001111111111011001111011111111100001101100000000011101011111100011101010000111100111111110000000001100101000101000000000000000000000000000000000000000000000000000000000000000001111100001111111111111111
110000000000001110101100000000000000000000000001111001100000000000000000000000000000100000000000000000000000000011110011110000000001100000000000000000011001111100000000000000000011000111100000000000000000000000111100000000000000000000000100000000000000000000000000000000000000000000000000000000000000000000000000000000001111101111
111111111111111111111111111111111111101111111111111111111111111111111111111111111111111111111111111111111111111111111111111111111111111111111111111111111111111111111111111111101111111111111111111111111111111111111111111111111111111111111111111111111111111111111111111111111111111111111111111111111111111111111111111111111111111111
111111111111111111111111111111111111111111111111111111111111111111111111111111111111111111111111111011111111111111111111111111111111111111111111111111111111111111111111111111111111111111111111111111111111111111111111111111111101111111111111111111111111111111111111111111111111111111111111111111111111111111111111111111111111111111
110000000000001111001110101111011011101110110101111010111111011000000000111110011101111101111110101111100000000011111011100011000111111101111111011110111010111100110110000000000011100011111110011111001101000000111111111110000001100010000101111111100010110000000000000000000000000000000110111111100001000000000000000000001111101111
110000000000001111011100111111011010110000011011111010100100000000000000011110011000100001110000000011011111111111111111100011110111111110000000000111011010111111110111000000000011100111100000000000000000111101111111111111100011111101000101111000010001111111011011010000000000000000000111111111001000000111110000001110001111101111
110000000000001111001100000000000000000000000001111001100000000000000000000000000000000000000000000000000000000011110011100010000001111110000000000110100000111000001000000000000011001011100000000000000000000000111100000000000000000000000100000000000000000000000000000000000000000000000000000000000000000000000000000000001111101111
111111111111111111111111111111111111111111111111111111111111111111111111111111111111111111111111111111111111111111111111111111111111111111111111111111111111111111111111111111111111111111111111111111111111111111111111111111111111111111111111111111110111111111111111111111111111111111111111111111111110111111111111111111111111111111
111111111111111111111111111111111111111111111111111111111111111111111101111111111111111111111111011111111111111111111111111111111111111111111111111111111111111111111111111111111111111111111111111111111111111111111111111111111111111111111111111111111111111111111111111111111111111111111111111111111111111111111111111111111111111111
111111111111111111111111111111111111111111111111111111111111111111111111111111111111111111111111111111111111111111111111111111111111111111111111111111111111111111111111111111111111111111111111111111101111111111111111111111111111111111111111111111111111111111111111111111111111110111111111111111111111111111111111111111111111111111
110000000000000000000000000000000000000000000001111001100000000000000000000000000000000000000000000010011000000011110011100010000001100000000000000000011001111000000001000000000011010011100000000000000000000000111100000000000000000000000100000000000000000000000000000000000000000000000000000000000000000000000000000000001111101111
110000000000000000000000000000000000000000000001111100100000000000000000000100000000000000000000000000011000000011110011100010000001100000000000000000011010111000010000000000000011000111100000000000000000000000111100000000000000000000111000000000000000000000000000000000000000000000000000000000000000000000000000000000001111101111
110000000000001110011100110000011101110000010011111101101000000000000000000101111111100001111110101111011011101111111011100011000111111111111011001111111111111101101111011010011011100011110000000000000000111011111111110000000001101110111100111000110100110000000000001111011011101111111110110011111000000110000011110000001111101111
111111111111111111111111111111111111011111111011111111111111111111111111111111111111111111111111111111111111111111111111111111111111111111111111111111111111111111111111111111111111111111111111111111111111111111111111111111111111111111111111111111111111111111111111111111111111111111111111111111111111111111111111111111111111111111
110000000000001110101100000000000000000000000001111010100000000000000000000110000000000000000000000000000000000011110011110000000001100000000000000000011001111100000000000000000011010011100000000000000000000000111111110000000001110000000000000000000000000000000000000000000000000000000000000000000000000000000000000000001111101111
111111111011101111001100100000011010101101011011111101101011111000000001110100000000111111101110010111111110000011110011100011110111100000000000000000011001111001110011011000110111110111100000000000000000111010111111111111110011101101111111111110111100110000000000000000000000000000000111000011101011111111111111111100101111101111
111111111111111111111111111111111111111111111111111111111111111111111111111111111111111111111111111111111111111111111111111111111111111111111111111111111111111111111111111111111111111111111111111111111101111111111111111111111111110111111111111111111111111111111111111111111111111111111111111111111111111111111111111111111111111111
111111111111111111111111111111111111111111011111111111111111111111111111111111111111111111111111111111111111111011111111111111111111111111111111111111111111111111111111111111111111111111111111111111111111111111111111111111111111111111111111111111111111111111111111111111111111111111111111111111111111111111111111111111111111111111
111111111011101110101111111111011101110000011001111010101000000000000000010111100000011110000000000010011001111011111011100011010011111101111100000110111100111000110011111011101011101111111111011101010000111100111111111111100110000000000000111010101011110000000000000000000000000000000110001111111101111100000000001111111111101111
111101111011111111101110001111100000010000000101111011100011011111011010000110011110111011110000000011011001111011110011110011111011100000000000000000011010111101100010111101011011100111111100100000001110000000111111111110000001111011000111111010010000111111111100101111011111100111001110110011111100000101111111111110001111111111
110000000000000000000000000000000000000000000001111001100000000000000000010000000000000000000000000000011000000011110011100010000001100000000000000000011001111000100000000000000011001011100000000000000000000000111100000000000000000000000100000000000000000000000000000000000000000000000000000000000000000000000000000000001111101111
110000000000000000000000000000000000000000000001111010100011111111101000011110011111011101101110100110111000000011110011100011101111111110000000000111000000111011110001011101000111001111100000000000000000111100111111111111110111110101000000111001001110111111111111100000000000000000000111111111111101000001111111111110011111111111
111111111111011111111110001111111010100000001001111100111111011110010100000100000000111101101111111000011111111111111111111111100111111111111100000111011101111100010000111101000011111111110000000000000000111011111111111111101110000000111111111001100100111110111100011111111010110111001111110011101110000001111100001110111111101111
110000000000001110101100000000000000000000000001111001100000000000000000000000000000000000000000000000000000000011110011100010000001100000000000000000011100111001000000100000000011010011100000000000000000000000111100000000000000000000000100000000000000000000000000000000000000000000000000000000000000000000000000000000001111101111
~~~
0.0 131.0 108.0 381.0 2048.0
0.0 275.0 33.0 102.0 530.0
0.0 278.0 28.0 109.0 519.0
0.0 117.0 120.0 395.0 2158.0
0.0 279.0 27.0 108.0 501.0
0.0 282.0 27.0 96.0 478.0
0.0 279.0 27.0 108.0 499.0
0.0 279.0 27.0 111.0 501.0
0.0 282.0 25.0 98.0 486.0
0.0 283.0 25.0 100.0 461.0
0.0 2.0 178.0 623.0 3300.0
0.0 2.0 178.0 618.0 3298.0
0.0 275.0 30.0 118.0 546.0
0.0 282.0 26.0 101.0 479.0
0.0 2.0 178.0 619.0 3303.0
0.0 282.0 26.0 98.0 472.0
0.0 281.0 26.0 104.0 485.0
0.0 278.0 27.0 114.0 514.0
0.0 134.0 110.0 345.0 1974.0
0.0 272.0 30.0 122.0 561.0
0.0 129.0 117.0 329.0 2001.0
0.0 278.0 27.0 104.0 511.0
0.0 272.0 29.0 124.0 569.0
0.0 2.0 178.0 623.0 3307.0
0.0 2.0 177.0 626.0 3306.0
0.0 109.0 120.0 403.0 2238.0
0.0 275.0 33.0 101.0 529.0
0.0 125.0 114.0 394.0 2049.0
0.0 2.0 178.0 625.0 3300.0
0.0 2.0 178.0 619.0 3301.0
0.0 132.0 105.0 400.0 1983.0
0.0 153.0 99.0 317.0 1808.0
0.0 279.0 26.0 114.0 496.0
0.0 283.0 25.0 101.0 462.0
0.0 2.0 177.0 626.0 3307.0
0.0 279.0 27.0 113.0 497.0
0.0 2.0 178.0 621.0 3309.0
0.0 2.0 177.0 626.0 3304.0
0.0 115.0 117.0 420.0 2181.0
0.0 118.0 120.0 403.0 2148.0
0.0 136.0 112.0 319.0 1980.0
0.0 282.0 26.0 99.0 468.0
0.0 2.0 178.0 624.0 3301.0
0.0 2.0 178.0 623.0 3305.0
0.0 2.0 178.0 623.0 3305.0
0.0 278.0 27.0 104.0 510.0
0.0 2.0 178.0 617.0 3300.0
0.0 138.0 106.0 352.0 1969.0
0.0 151.0 99.0 358.0 1757.0
0.0 279.0 26.0 114.0 494.0
0.0 118.0 118.0 372.0 2137.0
0.0 2.0 179.0 625.0 3304.0
0.0 161.0 93.0 327.0 1693.0
0.0 279.0 25.0 113.0 512.0
0.0 187.0 77.0 272.0 1448.0
0.0 2.0 179.0 614.0 3304.0
0.0 143.0 101.0 353.0 1875.0
0.0 138.0 104.0 338.0 1944.0
0.0 126.0 115.0 396.0 2040.0
0.0 149.0 104.0 313.0 1791.0
0.0 280.0 26.0 109.0 500.0
0.0 110.0 120.0 398.0 2199.0
0.0 2.0 178.0 625.0 3298.0
0.0 126.0 109.0 368.0 2022.0
0.0 2.0 178.0 624.0 3302.0
0.0 128.0 114.0 339.0 2030.0
0.0 142.0 98.0 372.0 1916.0
0.0 119.0 117.0 402.0 2111.0
0.0 152.0 96.0 365.0 1828.0
0.0 147.0 104.0 317.0 1811.0
0.0 133.0 108.0 361.0 1972.0
0.0 280.0 27.0 106.0 499.0
0.0 281.0 25.0 104.0 489.0
0.0 2.0 178.0 625.0 3304.0
0.0 2.0 177.0 626.0 3307.0
0.0 166.0 89.0 339.0 1690.0
0.0 2.0 179.0 610.0 3298.0
0.0 179.0 86.0 246.0 1514.0
0.0 144.0 99.0 362.0 1877.0
0.0 2.0 179.0 622.0 3299.0
0.0 2.0 178.0 622.0 3304.0
0.0 2.0 178.0 620.0 3307.0
0.0 140.0 107.0 334.0 1899.0
0.0 125.0 113.0 356.0 2071.0
0.0 2.0 179.0 619.0 3303.0
0.0 2.0 178.0 624.0 3308.0
0.0 275.0 28.0 115.0 540.0
0.0 279.0 28.0 104.0 511.0
0.0 119.0 117.0 375.0 2146.0
0.0 2.0 178.0 624.0 3299.0
0.0 2.0 178.0 626.0 3309.0
0.0 101.0 125.0 429.0 2293.0
0.0 154.0 99.0 311.0 1777.0
0.0 161.0 95.0 317.0 1752.0
0.0 2.0 178.0 619.0 3308.0
0.0 2.0 178.0 618.0 3297.0
0.0 155.0 98.0 308.0 1726.0
0.0 278.0 28.0 109.0 513.0
0.0 2.0 178.0 621.0 3304.0
0.0 2.0 178.0 625.0 3304.0
0.0 2.0 179.0 614.0 3301.0
0.0 280.0 26.0 110.0 500.0
0.0 126.0 104.0 392.0 2041.0
0.0 117.0 120.0 390.0 2137.0
0.0 143.0 99.0 370.0 1891.0
0.0 2.0 178.0 623.0 3296.0
0.0 2.0 178.0 619.0 3302.0
0.0 282.0 26.0 100.0 474.0
0.0 128.0 112.0 357.0 2030.0
0.0 282.0 24.0 113.0 472.0
0.0 122.0 117.0 396.0 2123.0
0.0 2.0 179.0 617.0 3294.0
0.0 282.0 25.0 104.0 473.0
0.0 138.0 109.0 343.0 1958.0
0.0 133.0 112.0 372.0 1994.0
0.0 2.0 178.0 625.0 3309.0
0.0 2.0 179.0 616.0 3303.0
0.0 279.0 26.0 111.0 507.0
0.0 1.0 179.0 622.0 3312.0
0.0 2.0 178.0 618.0 3308.0
0.0 275.0 33.0 102.0 526.0
0.0 275.0 27.0 123.0 547.0
0.0 2.0 179.0 612.0 3306.0
0.0 2.0 178.0 624.0 3306.0
0.0 1.0 179.0 626.0 3315.0
0.0 2.0 177.0 626.0 3304.0
0.0 278.0 25.0 117.0 525.0
0.0 147.0 106.0 305.0 1828.0
0.0 282.0 25.0 101.0 474.0
0.0 101.0 123.0 414.0 2276.0
0.0 169.0 87.0 308.0 1612.0
0.0 124.0 112.0 405.0 2136.0
0.0 180.0 79.0 315.0 1506.0
0.0 278.0 28.0 110.0 508.0
0.0 2.0 178.0 623.0 3307.0
0.0 2.0 179.0 620.0 3298.0
0.0 164.0 88.0 345.0 1662.0
0.0 164.0 86.0 296.0 1626.0
0.0 275.0 28.0 120.0 542.0
0.0 2.0 178.0 625.0 3310.0
0.0 2.0 177.0 626.0 3301.0
0.0 2.0 178.0 618.0 3303.0
0.0 282.0 26.0 99.0 481.0
0.0 280.0 27.0 106.0 503.0
0.0 151.0 93.0 350.0 1729.0
0.0 2.0 177.0 626.0 3299.0
0.0 271.0 35.0 111.0 570.0
0.0 150.0 104.0 301.0 1806.0
0.0 2.0 177.0 626.0 3312.0
0.0 2.0 179.0 619.0 3297.0
0.0 154.0 104.0 298.0 1753.0
0.0 135.0 111.0 363.0 1969.0
0.0 282.0 25.0 98.0 480.0
0.0 165.0 87.0 312.0 1657.0
0.0 116.0 117.0 387.0 2165.0
0.0 278.0 27.0 114.0 521.0
~~~
14.8325171471
