11111010100101010011110110111100000100001101000111101010011000100111100011001000100010100111000000110000110101111111011111111101110111100001000100000001100111100010001011100010001110001111011001101011
11100000010110110000110011101100011000110110101111111011000000111010011001000011000010111110011001010111000100011111101110001111101111111100010000110101010111101010111011001001001101011110000100011000
11010000011011100111011011010111000111001111010111100111110011100001000110110011100001001010000001010000001100001111011111100001000111111010000010111111001011110001001111001010001100101110111010010110
11000001111000100100100110100100001111001010101111110010010000001001110110000001101111001001000111100011001010001111001110100110110110101001001011101100000011100101000111010010111101101110001100110010
11111010010001111010111010101010111110001000100111110010101100011001010110011101101000110101111001110111011000111111011111110000100110111010000010001010101011111011110000001010011101001110000001010110
11010000001011000111010011010100001101011101000111101111110010000001000100111011100010001011010010001010001000001111001111110011100111111000000010101111100011110001011111001010101100101110111000010100
11011111000011101100010001101100001001100000011111111010010001000111010110110100010010100000010110010001101100011111101110000000001111101001000000110010000011100011000101111111001100011110001111010001
11111101110001000001000100110010000001100000011111110111111110100011101000101000101011110001000110101001001101111111001111000000101111101010100010001010101011111000010011001101111101001111010100001011
11010000000011000011010011010100000101001001000111101111100010000001010111111011100010001011010000000110001000101111001111100011100111111000000010111111000011110001011111001010101100001110011000010100
11101011101101110011110111100101110000010001100111110011000010000101101010110100101000101001001110000111010101001111001111100000001111110101001010111110110011110001011111010110111100001111010000101001
11110000011001100101000001110110111101110000110111110010111001010011010001011000010100111110011000000100110101101111101111000000110110010000001011010000101011111000100011100111111101001110100000001001
11111101100001000001010100110110000001100000011111110111111110000011101000101100111011010101000110111001000101111111001111000000100111101110000010000010101011111000010111101100101110001111011100001010
11100110010110111000100011101100001100110101101111111011000000101001011001000011010010111010011001010111001100011111101110001110101111111011010010010101010111101010110011001101001101001110000100011000
11101011101000100011110110100101110000010001100111100011010010000100000010110100100001101001001110000111011101001111101111100000001111110101001010111100110011110001010111010110111101001111010000101001
11000000010110100000110011101101011000110101001111111111010000101010011001100011010010111011011000010101000000011111001110000111100111111100010000010101010111101010110011001001001101011111000100111000
11000011100010011001110111001101101000100010011111111111111010011111010011011001101011101000110001101100110100011111001110010111111111010111010110100010110111100001111001001110111101011111111101001101
11011110000011101100001001100101001001100100011111111011010001000111010110110000010011100000010111010100101100001111101111010000011110101001000000100010000011100011000000111111001100101110001100010100
11011110000011101111001001100101101001000100011111111011010001000111010110111110010111100000110111010001001100001111101111010000011110101011000000100010000011110111000000110010001100101110001100110100
11000110000000001010100111110010010110110100100111111011001101111010000101011111111000101111101100111111100010001111001110111011110110011000001000000100100111101000010011001100001101001111101011100101
11100000010110100000110011101100011000100101001111111111000000101010010001100001010010111000011001010101000000011111001110000110100111111100010000010101010111101010111011001001001101011111000100111000
11100110110000100011101010100010001111100110111111101110001111110000010110101001110110110000011011100110010110101111001110001100111111001100011101100110000011101110101001101001011100101110110010000010
11011100000011001100001001100100001001100100011111111011010001001111000110110100010011100000010110010011101100001111101111010000001110101001000000100010000011111011000100101111001100101110011000010000
11110011100000011100100011001111101000101010111111111011011011000000101111010011100101000100000000010111001010001111011110001011011110101111011100110110001011100001010111000001001111101110000001011110
11000100100010100001100111110110010110110100100111101011001101110010001001010110111010101111011100111111110000101111001110111011110110011000001000000110100111100000010011001100001101111111001001100101
11111111100001000001010100110010000001100000011111110111111110100011101000101000101001110001010110101011000100111111001111000000101111101010000010001010101011101000010011001101001101001111010100101011
11011110000011001100001000100101011001110110011111111111010100001111010110110100010011100000010100011001101110001111101111010000001110101001000000100010000011110011000101011011001100111110101000110000
11100000010110000000111011101000010000110101101111111011000010001010011001010011010011111100011001010111110100011111011110001111101111101100010000010001010111101010111011001011001101101110000100011101
11010101010110110100101100001001000000111110111111100011011110101111111001101011110100101111001101110111110100001111111111010100100110000010011001110011011111100111000001101011111101001111111110100001
11101010011100011010100011100111100010100010101111111011111010010101001111011111101110011101010110001001110011001111111111010000110111110000101000100110011111100001100011001000001100101110101111101101
11011001101011010110001111010010111110000011011111101011110010101111100101100101110011101100110011010101110010101111001111011010100111110111110101011000010111100101100111111111111100111111111011110110
11111101100001000001010100010010000001100000111111111111111111110011101000101010101010110001000110101001000100111111001111000000101111101010100010001000101011111000010011101101101100001111110000001011
11100011100010011100111110001101101000100010011111111011011010011111010001011001101011101000110011101100110100011111001110010011111111010111010110100010110111100011111001001110111101011111111100000101
11111101010001000001010100110010000001100000011111110111111110000011101000101000111011110000100110101001000100101111001111000000000111101110001010001110101011111000011111001001101110011111011100001011
11010001111000000110100111100000001011001010101111110110110100001001110111000001101111001101000111000001001010001111001110100110001110101001011011100110000011110111000111010010111101101110001101111000
11110000011101100101000011110110101101110000110111110011101001010001010000011001010100111010011000000110110101101111101111001000010110010000001011010000001011111100100111100111111100001110100000001101
11100000010110100000101011101100011000110101001111111111000000101010011001100011010010111010011000010101100001011111001110000111100111011000011000010101010111101010111011001001001101111111100100101000
11000000111000101100101111100000001011001010111111110110010100001001101111100001101101011001000101111001001010101111101111100110110111100001011011101110000011100111000011010010111101101110001100110000
11011110000111101100011001100101001000100100011111110011010101000111010110110100010011100000010111010001101100001111101111010000011110101000000000100010000011110110001000111111001100101110001100110100
11110101101010010110111001001101110110101110111111110010001011110110010010011100101111010101100101101100100010101111111110111111100110000111110100111001110111101111110000001000101110101111111000111100
11111101000001000101000100110010001001100000011111110111111110100011101000101010101001110001000110101001000101011111011111000000101111101100000010001010101011111000110011101101001100001111110100001011
11010100000001101100011110011100111000011110010111111110000011001000101111011001101001100111010000101001111100101111111110100110111110110000101000111101111111101100000100101001011101101110101001011111
11111101100000000001010100011010000011110000011111110111111111100011101000101000101011110001000110101001000000111111001111000100101111101110001010001010101011111100000010001001101100101111010100001011
11100000010110100000110011101110011000110101101111111111000100101010011011000001010010111010011011010011000100011111001110001111101111111100010000010100010111101010111011001001001101011110000100011000
11010101010110110101101000001010000100111110111111100011011110101111111000101011110100101111001101110111100100001111111111111100100110000010011001110011011111100111000001001011011101001111111110110001
11100000010110110010110111101100001000110100101111111011000000111010011001000011010010111010011001010011000100011111101110001111101111111100010000010101010111101010111001001001001111011110000100111000
11011111000011101100000001101100001001100000011111111010010001000111010110110100010010100000010110010001101100011111101110010000001111101001000000110010000011100011000101111111001100011110001110010011
11011110000011101100001001100101001001100100011111111011010001000111010110110100010011100000010111010001101100001111101111010000011110101001000000100010000011110111000000111111001100101110001100110100
11010000001000100111010011010110000101001111000111101111110010100001100110111010100000001011010001001010001100101111001111111011100111111010000010111111000111110001011111001000001100101110111000010100
11100011100010011101111110001101101000100010011111111011111010011111010011011001101011101000110011101100110100011111001110010011111111010111010110100010110111100001111001001110111101011111111100001101
11010110011111111100111011111011011100100001100111100110010110001100010101011100111011011110010101111010010100001111001110000011011110110000011101111101001111101010101111011001011110001111001011110111
11011110000011001100001001100101001001100100011111111011010001001111010110110100000011100000010110011001101100001111101111010010001110101001010000101010000011110001000101111010001110111110000001000000
11110011011011111010101010110001100010001100001111100111000011111001110110111000111111110010111110001010110100101111001110000100000110001111010110101011001111101000101100001100001111101110100011011000
11000000100010110000100110100110010110110100100111111011001000110010001001010110111010101111011100111111101000101111001110111001110110011001001000000100100111110000010011001100101111101110100101100101
11110010000000010100110100100010110111010100101111111010011000010101011010111010001001000010000011100100110110011111101111000100011110110001011011101100000111101101111110011011001100111111011010110100
11100000010110000000111011101100010000110101101111111111000000001010011001000011010011111110011001010111100100011111001110001111101111111100010000010001010111101010111011001001001101011110000100011000
11101011101001100011110110100101110000010001100111110011010010000101001010110100101000101001001110000111011101001111001111100000001111110101001010111110110011110001011111010110111100001111010000101001
11111101100001000101000100110010001001100000011111110111111110100011101000101000101001110001000110101001000101111111011111000000101111101110000010001010101011111000010011101101001100001111010100001011
11001101010111110101101000001000000100111110111111100011010110111110111001101011110100101011001110110110100000101111111111110100000110000010011001110011011111100101000011101011111101001111111110100001
11100110010110110000100011101100001000110101101111111011000000101011011001000011010010111110011011010111000100011111101110001110101111111100010000010101010111101010110011001001001101011110000100011000
11001011100111110000111001100111100100000001101111110110100110000001111010001010010111110101110111010100100100101111011111100000111111000110101010100011011111100111110111000111011110111110111001010011
11000001111000100100101111100000001011001010111111110110010100001001101111100001101101011001000111101001001010001111101110100110110111100001011011101110000011100111000111010010111101101110001100110000
11110011100000011100000011001110100001101010110111111011011011000100001111010001100101000100000000010011011100001111001110001011111110101111010000110110001011100011011101000011001111101110101001011110
11010101010110110101101000001000000100111110111111100011011110101111111001101011110100101111001100110111100100001111111111110100100110000010011001110011011111100111000001001011111101001111111110100001
11000001111000000100100111101100001011001010101111110110010000001101110110100000101111011101000111000001001000001111001110100110111110101001010011101110000011100111001111010010111101101110001110101000
11110000011101100101000001110110111101110000110111110011111001010001010000011000010100111110011000000110110101101111101111000000110110010000001011010000001011111000100011100111111100001110100000001001
11000001111000100100100111100100001011001010101111110110010000001001110111000001101111001000000111100011001011011111101111100010110110101001011011101110000011100111000111010010111101101111000100110000
11110011100000011100100011001111100000101010111111111011011011100100101111010001100101000100000000010111001100001111001110001011011110101111011100110110001011100001010111000001001111101110000001011110
11110000011101100101000001110110111110110011010111110011111001011000010000011000111100010100011000001110001101101111101111001001110110010001001011010000011011111000101010100111011101001110110000011000
11100000010110100000110010111101011000100101000111111111000000101010011001000011010010111000011001010100000000011111001110000111100111111110010000010101010111101011111011001001001101011111000100111001
11010000001011000111010011010010000001001111001111101111110010100001000110111011100000001011010001001010001100101111001111110011100111111110100010111111000011110001101111001011101100101110101000010100
11000100100000001010100111110110010110110100100111111011001101110010000001011110111000101111101100111111100000001111001110111011110110011000001000000100100111101000010011001100001101001110100011100101
11100101110001000001010100110011000001100000011111110111111110000011101100101001111111110001000110101001000100111111001111000000100111101110000010001010101011111100010111101101101110001111011100001011
11011110000011001100001001100101001001100100011111111010010001001111010110110100010011100000010110010001101100001111101111010000001111101001000000110010000011100011000101111111001100011110001110010011
11100011111110110001111010110010100001000000110111111011010001010010100100101110001000011000101101101110111101101111101111010100000111000011000100100100111011100111111000111101111101111111000010011110
11111101100001000001010100110010000001100000011111110111111110100011101000101000101011110001000110101001000100111111001111000000101111101010000010001010101011111000010011101101101100001111010100001011
11100000010110110000110011101100011000110100101111111011000000111010011001000011010010111110011001010111000100011111101110001111101111111100010000010101010111101010111011001001001101011110000100011000
11111001001011010110001111010010111110001011011111101010111010100110010101110100110011101100110011010001111000111111011110011001001111110111100101011010000111100101100111111111111100011111111011110110
11011101010110110101101000001000000100111110111111100011011110101110111001101011110100101011001110010111100100101111111111110100000110000010011001110011011111100101000011101011111101001111111110100001
11000100100010001010100111110110010110110100100111111011001101110010001001010110111010101111001100111111100000001111001110111011110110011000001000100100100111101000010011001100001101001110101001100101
11111100010000101101110000101000110000001100001111100011100101011011111111010010110010010110110111101010000010101111001110010101111110010111110010100001011011111101110001110011011101001110100001100100
11100010110001100011101010111010001111100110111111101110000111110000010110101001110110110000011011100110000110101111001110001100111111001100011101100110100011101110101001101001011100101110110110000010
11010100000001101101011110011100111000011110010111111110100011001000101111011001001001100111010000101001111100101111101111110110111110110000101000111101111111101100010100101101011101101110101001011111
11110011100000010110110100001110101110010001001111100111110001001101010100000111011001011100101110110100010000011111101111000100011110111100010011010001010111110110110000001010111111111110010000010110
11101010011100011010100011100111100010101100111111111010111010010001011111011111101110011101010110001001010011101111111111010000110111110000101000100110011111100001100011001000001100101110101111111101
11010000001011000111010011010100000101001101000111101111110010000001000110111011100010001011010000001010001000101111001111110011100111111000000010111111000011110001011111001010101100101110111000010100
11100000010110100000110011101100011000100101001111111111000000101010011001100011010010111010011001010101000000011111001110000111100111111100010000010101010111101010111011001001001101011111000100111000
11010110011111101100111011111011011100100001100111100010010110001100000100011100111011011110010101111010000100001111001110000011011110110000011001110101001111101000101111011001011110001111001011010111
11000000100010000001100111110110010110110100100111111011001100110010001001010110111010101111011100111111101000101111001110111001110110011000001000000100100111100000010011001100001101101110000001100101
11000001111000100100100111100100001011001010101111110110010000001001110111000001101111001001000111100001001010001111001110100110110110101001011011101110000011100111000111010010111101101110001100110000
11110011100000011100000011001111100001101010110111111011011011100100101111010001101101000100000000010011011100001111001110001011011110101111010000110110001011100011010111000011001111101110000001011110
11111101110001000001010100110010000001100000011111110111111110000011101000101000111011110001000110101001000100111111001111000000100111101110000010001010101011111000010111101101101110001111011100001011
11101011101001100011110110110000111000000011100111110011010010100101001010110100101000101101001110000111001101001111001111100000001111110101001010100110110011110001011101010110111100001111010000101000
11000100100010000001100111110110010110110100100111111011001101110010001001010110111010101111011100111111100000101111001110111011110110011000001000000100100111100000010011001100001101101110001001100101
11110010100101010011110110111100100100001101000111101010011000100111100011001000100010100111000000110001110101101111011111111101111111100001000100000011101111101010001011100010001110001111011001101011
11010110011111111100111011111011011000100000100111100010010110101100000000011100101011011110011101111010001100001111001110000011011110010000011001111101000111101000001111011001011110001111001011010111
11011110000011001100001001100101001001100100011111111011010001001111010110110100010011100000010110010001101100001111101111010000001110101001000000100010000011110011000101111111001100111110001000010000
11100000010110100000110011101100011000110101101111111111000000101010011001000011010010111110011001010111000100011111001110001111101111111100010000010100010111101010111011001001001101011110000100011000
11001001100111110000111001100101110100000001101111110110100100001001111010001010010111110101100011010100100100001111001111100100011111000110100010000011011111100111110111000011011110111110011001010011
11110010000000010101110100000010110111010100101111111010011000010101011010111010001011000010000011100110110110011111001111000100111110110001011001101100001111101100111110011010001100111111010010111100
11010001111000000110100111100000001011001010101111110110010000001001110111000001101111001101000111000001001010001111001110100110101110101001011011101110000011100111000111010010111101101110001100111000
~~~
83.0 172.0 99.0 261.0 1565.0 
98.0 170.0 87.0 277.0 1584.0 
88.0 174.0 100.0 259.0 1564.0 
99.0 185.0 86.0 235.0 1427.0 
95.0 160.0 96.0 313.0 1660.0 
89.0 179.0 85.0 303.0 1527.0 
89.0 184.0 83.0 264.0 1449.0 
91.0 173.0 91.0 286.0 1521.0 
90.0 183.0 86.0 267.0 1474.0 
84.0 160.0 90.0 348.0 1698.0 
106.0 179.0 83.0 257.0 1482.0 
90.0 172.0 91.0 291.0 1545.0 
103.0 167.0 91.0 266.0 1619.0 
90.0 161.0 86.0 366.0 1703.0 
99.0 178.0 82.0 267.0 1535.0 
98.0 149.0 97.0 361.0 1774.0 
80.0 188.0 85.0 237.0 1444.0 
86.0 178.0 93.0 249.0 1552.0 
92.0 165.0 87.0 349.0 1643.0 
105.0 183.0 80.0 251.0 1475.0 
101.0 169.0 94.0 255.0 1578.0 
82.0 189.0 81.0 267.0 1430.0 
96.0 170.0 94.0 244.0 1563.0 
88.0 162.0 94.0 319.0 1660.0 
86.0 174.0 92.0 281.0 1534.0 
93.0 184.0 86.0 251.0 1475.0 
105.0 177.0 84.0 242.0 1528.0 
98.0 152.0 107.0 267.0 1785.0 
96.0 156.0 100.0 293.0 1726.0 
113.0 138.0 107.0 349.0 1897.0 
91.0 171.0 92.0 288.0 1561.0 
98.0 151.0 93.0 346.0 1781.0 
87.0 173.0 87.0 306.0 1546.0 
100.0 180.0 89.0 251.0 1477.0 
107.0 185.0 80.0 246.0 1427.0 
97.0 182.0 82.0 250.0 1482.0 
99.0 177.0 91.0 254.0 1476.0 
80.0 179.0 89.0 268.0 1518.0 
97.0 148.0 103.0 319.0 1805.0 
92.0 177.0 91.0 261.0 1507.0 
92.0 156.0 100.0 298.0 1696.0 
94.0 175.0 88.0 285.0 1524.0 
95.0 171.0 85.0 282.0 1568.0 
99.0 154.0 104.0 268.0 1766.0 
101.0 167.0 90.0 277.0 1625.0 
94.0 184.0 85.0 261.0 1444.0 
87.0 180.0 90.0 257.0 1515.0 
86.0 173.0 95.0 283.0 1594.0 
96.0 150.0 96.0 349.0 1800.0 
93.0 152.0 100.0 317.0 1774.0 
88.0 187.0 84.0 267.0 1467.0 
97.0 163.0 97.0 281.0 1707.0 
93.0 170.0 88.0 307.0 1585.0 
94.0 170.0 91.0 274.0 1595.0 
105.0 177.0 82.0 260.0 1522.0 
88.0 159.0 90.0 349.0 1699.0 
86.0 174.0 92.0 274.0 1541.0 
96.0 159.0 96.0 299.0 1724.0 
110.0 172.0 87.0 254.0 1581.0 
97.0 162.0 93.0 306.0 1633.0 
106.0 181.0 88.0 239.0 1465.0 
110.0 180.0 90.0 229.0 1446.0 
95.0 158.0 100.0 275.0 1720.0 
94.0 186.0 87.0 251.0 1419.0 
106.0 184.0 81.0 244.0 1435.0 
102.0 184.0 86.0 240.0 1453.0 
106.0 175.0 94.0 230.0 1511.0 
98.0 174.0 84.0 294.0 1553.0 
105.0 180.0 83.0 248.0 1520.0 
88.0 172.0 94.0 284.0 1597.0 
88.0 167.0 87.0 344.0 1636.0 
95.0 162.0 94.0 311.0 1650.0 
92.0 179.0 88.0 268.0 1529.0 
101.0 165.0 90.0 290.0 1638.0 
86.0 178.0 88.0 277.0 1491.0 
94.0 171.0 86.0 270.0 1589.0 
101.0 145.0 107.0 331.0 1845.0 
91.0 153.0 101.0 295.0 1809.0 
90.0 167.0 87.0 340.0 1636.0 
95.0 166.0 89.0 334.0 1611.0 
100.0 166.0 95.0 273.0 1607.0 
101.0 156.0 96.0 310.0 1687.0 
104.0 169.0 87.0 285.0 1555.0 
101.0 159.0 99.0 277.0 1700.0 
87.0 180.0 87.0 287.0 1500.0 
101.0 181.0 81.0 261.0 1494.0 
86.0 164.0 93.0 300.0 1669.0 
92.0 176.0 82.0 305.0 1538.0 
104.0 188.0 84.0 235.0 1402.0 
106.0 177.0 93.0 229.0 1490.0 
89.0 176.0 86.0 292.0 1518.0 
93.0 170.0 86.0 323.0 1604.0 
90.0 173.0 85.0 312.0 1562.0 
90.0 170.0 100.0 263.0 1560.0 
91.0 166.0 95.0 299.0 1660.0 
88.0 190.0 82.0 254.0 1429.0 
100.0 178.0 81.0 264.0 1503.0 
94.0 172.0 89.0 285.0 1552.0 
99.0 176.0 88.0 260.0 1540.0 
100.0 186.0 87.0 230.0 1446.0 
~~~
1.564
