111111111011011111001100110000000000001111001011111100110111011111111110110100100000011011101110001010111110000011110111100010000001111111111000000111100000111000000110011110100111100111111100111110000000111001111100000000000000000000111000111010001011111110111111010000000000000000000000000011110001000001110000001100111111101111
110000000000001111101111110000011001101111100011111100101011111111100011111111100000100001101110111110111101100111111111110000000001111101111000000110111010111100100110111110000111010011111111000000001101111101111111111111100011100101111000111010000000111111111100101111111110111110111111111111110001111111110011111101101111111111
110000000000001111101111110000000000001101011001111101110011011111111000100100011101011110000000000000011101101011110011111100000001100000000000000000011001111010001110011010010111100011110000000000000000111011111111111111100011100101111101111110110010111111111011010000000000000000000000000011101100111110000000000000001111111111
110000000000000000000000000000000000000000000001111100100000000000000000000100000000000000000000000000011000000011110011100010000001100000000000000000011010111000010000000000000011000111100000000000000000000000111100000000000000000000111000000000000000000000000000000000000000000000000000000000000000000000000000000000001111101111
111101111011101110101100001111111011011110000001111100110011011000000000110110000000100001101111011111111011111111111111100011000011111111111000000110111111111101000001111111000111100011101110000000001110111001111111111111100111101001111000111000010011111110111111110000000000000000000110001111101011111111111100001101001111111111
110000000000001110011100000000000000000000000001111100100000000000000000000100000000000000000000000000000000000011110011100010000001100000000000000000011100111100000000000000000011000111100000000000000000000000111100000000000000000000111000000000000000000000000000000000000000000000000000000000000000000000000000000000001111101111
111111111111111111111111111111111111111111111111111111111111111111111111111111111111111111111111111111111111111111111111111111111111111111111111111111111111111111111111111111111111111111101111111111111101111111111111111111111111111111111111111111111111111111111111111111111111111111111111111111111111111111111111111111111111111111
111111111111111111111111111111111111111111111111111111111111111111111111111111111111111011111111111111111111111111111111111111111111111111111111111111111111111111111111111111111111111111111111111111111111111111111111111111111101111111111111111111111111111111111111111111111111111111111111111111111111111111111111111111111111111111
111111111111111111111111111111111111111111111111111111111111111111111111111111111111111111111111111111111111111111111111111111111111111111111111111111111111111011111111111111111111111111111111111111111111111111111111111111111111111111111111111111111111111111111111111111111101111111111111111111111111111111111111111111111111111111
110000000000000000000000000000000000000000000001111001100000000000000000000100000000000000000000000000011000000011110011100010000001111110000000000111000000111000000100000000000011000111100000000000000000000000111100000000000000000000000100000000000000000000000000000000000000000000000000000000000000000000000000000000001111101111
111101110111111110011111100000011011111101110011111001111000000000000000000111000000111111101111110110111111101111111111100010000001111111111011001110111010111101111110111110111011101111110000000000000000111011111100000000000000000000000101111110011111111111011100111111111001110111001111110011010000000111110000001111101111101111
110000000000000000000000000000000000000000000001111100100000000000000000000100000000000000000000000000011010000011110011100010000001100000000000000000011010111000001000000000000011000111100000000000000000000000111100000000000000000000111000000000000000000000000000000000000000000000000000000000000000000000000000000000001111101111
110000000000000000000000000000000000000000000001111001100000000000000000000000000000000000000000000000011000000011110011100010000001100000000000000000011001111001000000000000000011001011100000000000000000000000111100000000000000000000000101000000000000000000000000000000000000000000000000000000000000000000000000000000001111101111
110000000000000000000000000000000000000000000001111001100000000000000000000000000000000000000000000000011000000011110011100010000001100000000000000000011001111000001000000000000011000111100000000000000000000000111100000000000000000000000100000000000000000000000000000000000000000000000000000000000000000100000000000000001111101111
111111111111011110111111111111111111001100100111111001101111111000000000111100000000100001101110000111111010000011110111100010000001111101111100000111111001111101101100111011101111110011101111011111110000111100111100000000000000000000000101111101101101110000000000001111011101101110111111111111010001000000000011111111101111101111
110000000000000000000000000000000000000000000001111100101000000000000000000100000000000000000000000000011000000011110011100010000001100000000000000000011001111000000100000000000011100011100000000000000000000000111100000000000000000000111000000000000000000000000000000000000000000000000000000000000000000000000000000000001111101111
111111111111111111111111111111111111111111111111111111111111111111111111111111111111111111111111111111111111111111111111111111111111111111111111111111111111111111111111111111111111111111111111111111111111111011111111111111111111111111111111111101111111111111111111111111111111111111111111111111111111111111111111111111111111111111
111101111011011111101100000000011011111110101101111010100000000000000000010110000000000001101110110110111010000011111111111100000001100000000000000000011100111111011110100000000011101011101111011101111101000000111111111111100010000000000110111100101011111111011011011111111010101110111000000011001011000100000011110000001111101111
110000000000000000000000000000000000000000000001111001100100000000000000000000000000000000000000000000011000000011110011100010000001100000000000000000011100111000000010000000000011001011100000000000000000000000111100000000000000000000000100000000000000000000000000000000000000000000000000000000000000000000000000000000001111101111
111111111111111111111111111111111111111111111111111111111111111111111111111111111111111111111111111011111111111111111111111111111111111111111111111111111111111111111111111111111111111111111111111111111111111111111111111111111111111111111111111111111111111110111111111111111111111111111111111111111111111111111111111111111111111111
110000000000001111001100100000000000000000000001111001100000000000000000000000000000000000000000000000000000000011110011100010000001100000000000000000011100111000000100000000000011010011100000000000000000000000111100000000000000000000000100000000000000000000000000000000000000000000000000000000000000000000000000000000001111101111
110000000000001111001100000000000000000000000001111100100100000000000000000100000000000000000000000000000000000011110011100010000001111110000000000111000000111010000000000000000011100011100000000000000000000000111100000000000000000000111000000000000000000000000000000000000000000000000000000000000000000000000000000000001111101111
111111111111111111111111101111111111111111111111111111111111111111111111111111111111111111111111111111111111111111111111111101111111111111111111111111111111111111111111111111111111111111111111111111111111111111111111111111111111111111111111111111111111111111111111111111111111111111111111111111111111111111111111111111111111111111
110000000000001110101100000000000000000000000001111001100000000000000000000100000000000000000000000000000000000011110011110000000001100000000000000000011100111100000000000000000011001011100000000000000000000000111100000000000000000000000100000000000000000000000000000000000000000000000000000000000000000000000000000000001111101111
111111110111111111101100111111000000011100101011111001111011111000000001111111111000011111111111001000011001110011111011110001100011111101111111100111100000111001111001100000000011001111101110100000001101111111111111110000000001111100111110111110101000111111011011111111111100100110101000000011010001111101110000001111111111111111
110000000000000000000000000000000000000000000001111001101000000000000000000000000000000000000000000000011000000011110011100010000001100000000000000000011001111000000001000000000011001011100000000000000000000000111100000000000000000000000100000000000000000000000000000000000000000000000000000000000000000000000000000000001111101111
110000000000001110101100000000000000000000000001111001100000000000000000000100000000000000000000000000000000000011110011110000000001100000000000000000011001111000000100000000000011000111100000000000000000000000111100000000000000000000000100000000000000000000000000000000000000000000000000000000000000000000000000000000001111101111
111111111111111111111111111111111111111111111111111111111111111111111111111111111111111111111111111111111111111111111111111111111111111111111111111111111111111111011111111111110111111111111111111111111111111111111111111111111111111111111111111111111111111111111111111111111111111111111111111111111111111111111111111111111111111111
111110000000001111011110110000011110011101000101111010111011011110111101000110111111100000000000000010000000000011111011100010000001111111111100000111111100111110011110011101011011001011101110011100100000000000111111111110000001110111111000000000000000000000000000000000000000000000000000000000000000000001110011111101111111111111
110000000000001111011111000000011111101101111011111011110011011000000000111110000000011010000000000000011010000011111011100011101111111111111011001110100000111001100101011100101011001111101100011110011101111100111111110000000001100011111100000000000000000000000000000000000000000000000000000000000000111111110000001111101111101111
111101111111111111111111111111111111111111111111111111111111111111111111111111111111111111111111111111111111111111111111111111111111111111111111111110111111111111111111111111111111111111111111111111111111111111111111111111111111111111111111111111111111111111111111111111111111111111111111111111111111111111111111111111111111111111
110000000000001110011100000000000000000000000001111001100000000000000000000000000000000000000000000000000000000011110011100010000001100000000000000000011001111000010000000000000011010011100000000000000000000000111100000000000000000000000100000000000000000000000000000000000000000000000000000000000000000000000000000000001111101111
111101111011100000000000000000000000000000000001111001110111011111010000110000111101111101111000000000011010000011111111100011111111111111111000000111100000111101010111011001010011100011101111011111001111000000111111111111111111110100000110111011001011110000000000000000000000000000000110111111111111000110000011110000001111111111
111111111111111111111111111111111111111111111111111111111111111111111111111111111111111111111111111111111111111111111111111011111111111111111111111111111111111111111111111111111111111111111111111111111111111111111111111111111111111111111111111111111111111111111111111111111111111111111111111111111111111111111111111111011111111111
111111111111111111111111111111111111111111111111111111111111111111111111111111111111111111111111111111011111111111111111111111111111111111111111111111111111111111111111111111111111111111111111111111111111111111111111111111111111111111111111111111111111111111111111111111111111111111011111111111111111111111111111111111111111111111
110000000000000000000000000000000000000000000001111100100000000000000000000100000000000000000000000000011000000011110011100010000001111110000000000111000000111000001000000000000011100011100000000000000000000000111100000000000000000000111000000000000000000000000000000000000000000000000000000000000000000000000000000000001111101111
111111111111111111101111111111111111111111111111111111111111111111111111111111111111111111111111111111111111111111111111111111111111111111111111111111111111111111111111111111111111111111111111111111111111111111111111111111111111111111111111111111111110111111111111111111111111111111111111111111111111111111111111111111111111111111
110000000000000000000000000000000000000000000001111100100000000000000000000100000000000000000000000000011000000011110011100010000001100000000000000000011100111010000000000000000011000111100000000000000000000000111100000000000000000000111000000000000000000000000000000000000000000000000000000000000000000000000000000000001111101111
111111111111111111111111111111111011111111111111111111111111111111111111111111111111111111111111111111111111111111111111111111111111111111111111111111111111111111111111111111111111111111111111111111111111111111111111111111111111111111111110111111111111111111111111111111111111111111111111111111111111111111111111111111111111111111
110000000000000000000000000000000000000000000001111100101000000000000000000100000000000000000000000000011000000011110011100010000001100000000000000000011001111000100000000000000011100011100000000000000000000000111100000000000000000000111000000000000000000000000000000000000000000000000000000000000000000000000000000000001111101111
111111111011010000000000000000000000000000000001111010110100000000000000011111111000111111111110001011111010000011111011100011011011100000000000000000011111111001111010011010110111100111101100100000001111111111111111111111101110000000000111000000000000000000000000000000000000000000000000000000000000000101111111111110001111101111
111111111111111111111111111111111111111111111111111111111111111111111111111111111111111111111111111111111111111111111111111111111111111111111111111111111111111111111111111111111111111111111111111111111111111111111111111111111111111111111111111111111111111111111111111111111111111110111111111111111111111111111111111111111111111111
110000000000001110011100111111011001001100101001111101110011100000000000011110111110011100000000000010100000000011110111100011010111111110000000000111111011111001000111111010111111011011111100100000000000000000111111111111101100000000111100111100010000110000000000000000000000000000000110001111110001111110000000001110111111101111
110000000000000000000000000000000000000000000001111001100000000000000000000000000000000000000000000000011000000011110011100010000001100000000000000000011010111000000100000000000011001011100000000000000000000000111100000000000000000000000100000000000000000000000000000000000000000000000000000000000000000000000000000000001111101111
111110000000001111111111111111111111001111011011111100101011011111011100110100100000000001101110110110011101111011110111111000000001111101111011010111011010111010010000111000110011011011111100100000001101111111111111111111101011100001111000111000001000110000000000000000000000000000000110001111111111111001110000000000001111101111
110000000000001111101100001111111101101111110101111001101111111110010111100010000000111111101000000011011011101011110011100011100111111101111011101111100000111110010010111001001111011011110000000000000000000000111111111111111101110010000111111101111001111111011011000000000000000000000110001111010001111100000000001111101111101111
110000000000000000000000000000000000000000000001111001100100000000000000000000000000000000000000000000011000000011110011100010000001111110000000000110100000111001000000000000000011001011100000000000000000000000111100000000000000000000000100000000000000000000000000000000000000000000000000000000000000000000000000000000001111101111
111111111111111111111111111111111111111111111111111111111111111111111111111111111111111111111111111111111111111111111111111111111111111111111111111111111111111111111111111111111111111111111111111111111111111111111111111111111111111111111111111111111111111111111111111111111111111111111111111111111111111101111111111110111111111111
111111111111111111111111111111111111101111111111111111101111111111111111111111111111111111111111111111111111111111111111111111111111111111111111111111111111111111111111111111111111111111111111111111111111111111111111111111111111111111111111111111111111111111111111111111111111111111111111111111111111111111111111111111111111111111
110000000000000000000000000000000000000000000001111001100000000000000000000000100000000000000000000000011000000011110011100010000001111110000000000111000000111000100000000000000011010011100000000000000000000000111100000000000000000000000100000000000000000000000000000000000000000000000000000000000000000000000000000000001111101111
111111111111111111111111111111111111111111111111111111111111111111111111111111111111111111111111111111111111111111111111111111111111111101111111111111111111111111111111111111111111111111111111111111111111111111111111111111111111111111111111111111111111111110111111111111111111111111111111111111111111111111111111111111111111111111
110000000000000000000000000000000000000000000001111001110000000000000000000000000000000000000000000000011000000011110011100010000001100000000000000000011010111000000100000000000011100011100000000000000000000000111100000000000000000000000100000000000000000000000000000000000000000000000000000000000000000000000000000000001111101111
110000000000000000000000000000000000000000000001111001100000000000000000000000000000000000000000000000011000000011110011100010000001100000000000000000011001111001000000000000000011010011100000000000000000000000111100000000000000000000000100000000000000000000000000000000000000000000000000000000000000000000000000000000001111101111
111101111011011110011110101111111110100000000011111010110011011000000001100110011110011010000000000010111001100111111011100011100111111111111111010111111101111111101000000000000011010111110000000000000000111110111111111111100111111111000111111011111101111111011011100000000000000000000110001111101010000000000000000000001111101111
111111111111111111111111111111111111111110111111111111111111111111111110111111111111111111111111111111111111111111111111111111111111111111111111111111111111111111111111111111111111111111111111111111111111111111111111111111111111111111111111111111111111111111111111111111111111111111111111111111111111111111111111111111111111111111
111101110111011110111100111111011111101110001101111001110111100000000000010000000000111011101110110000000000000011111111111101010111111111111111101111000000111110101111000000000011011011101100011100100000000000111111111110000000000000000110111100100001111111011100011111111100111110111111000011011000111000000000001100101111111111
110000000000000000000000000000000000000000000001111001100000000000000000010000000000000000000000000000011000000011110011100010000001111110000000000111000000111000000001000000000011100011100000000000000000000000111100000000000000000000000100000000000000000000000000000000000000000000000000000000000000000000000000000000001111101111
110000000000000000000000000000000000000000000001111001100000000000000000000000000000000000000000000010011000000011110011100010000001100000000000000000011100111000000010000000000011100011100000000000000000000000111100000000000000000000000100000000000000000000000000000000000000000000000000000000000000000000000000000000001111101111
110000000000001110101100111111000000001100111011111010111000000000000000011111011000111111111110011100011011110011111011111101100111111101111100000111000000111000100000111111111011000111111111011101111110111011111111110000000001110111000000111011000100111110111011011111011010101111011111110011011100111100000000001100111111111111
111110000000001110111110110000011011101101111111111001100100000000000000011001011110000001111111000111000000000011111011110010000001111101111000000110111011111011100000111111011011010011111111111110010000111110111111111111101101111110111110000000000000000000000000000000000000000000000000000000000000111111110011110000001111101111
111101110111011111111100110000000000011110001001111100101011111000000001010101011111111011101110101110100000000011110011111101100111111101111111101111111010111101000000000000000011100111101110011101101111000000111111111111110101110101111111111000100000111110111011001111111111100111111110110011001101111111111111111100101111111111
110000000000000000000000000000000000000000000001111100100000000000000000000100000000000000000000000000011000000011110011100010000001100000000000000000011001111100010000000000000011010011100000000000000000000000111100000000000000000000111000000000000000000000000000000000000000000000000000000000000000000000000000000000001111101111
111101111111101110011111101111111000111110111101111010110011011111011011110111111110111011101110011000011111101111110111100011011011111101111011110110111100111001110001011110100011011011111110100000000000111111111111111110000001111110000101111011000101110000000000001111111100101110101000000011001000000110000011111110001111111111
111110000000001110111100000000011010100000001011111110111011100000000000000110111100111101111111111110100000000011110111111001100111111101111111111111000000111001111001111011101011110111111111011101111111111100111111111111101011111110111000000000000000000000000000000000000000000000000000000000000000000110000000000000001111101111
110000000000000000000000000000000000000000000001111100100000000000000000000100000000000000000000000000011000000011110011100010000001100000000000000000011100111000001000000000000011100011100000000000000000000000111100000000000000000000111000000000000000000000000000000000000000000000000000000000000000000000000000000000001111101111
111111111111111111111111111111111111111111111111111111111111111111111101111111111111111111111111111111111111111111111111111111111111111111111111111111111101111111111111111111111111111111111111111111111111111111111111111111111111111111111111111111111111111111111111111111111111111111111111111111111111111111111111111111111111111111
111111111111111111111111111111111111111111111111111111110111111111111111111111111111111111111111111111111111111111111111111111111111111111111111111111011111111111111111111111111111111111111111111111111111111111111111111111111111111111111111111111111111111111111111111111111111111111111111111111111111111111111111111111111111111111
111111111111111111111111111111111111111111111111111111111111111111111111111111111111111111111111111111111111111111111111111111111111111111111111111111111111111111111111111111111111111111111110111111111111111111111111111111111111111011111111111111111111111111111111111111111111111111111111111111111111111111111111111111111111111111
111111111111111111111111111111111111111111111111111111111111111111111111111111111111111111111111111111111111111111111111111111111111111111111111111111111111111111111111111111111111111111111111111111111111111111111111111111111111111111111111111111111111111111111111111111111111111111111111111111111111111111111111111110011111111111
110000000000000000000000000000000000000000000001111001100000000000000000000000000000000000000000000000011000000011110011100010000001100000000000000000011010111000000010000000000011100011100000000000000000000000111100000000000000000000000100000000000000000000000000000000000000000000000000000000000000000000000000000000001111101111
111111111111111111111111111111111111111111111111111111111111111111111111111111111111111111111111110111111111111111111111111111111111111111111111111111011111111111111111111111111111111111111111111111111111111111111111111111111111111111111111111111111111111111111111111111111111111111111111111111111111111111111111111111111111111111
110000000000001110011111111111100000001111110111111011100011111111101011111110000000100001101110101010011011100111111011100011110111111101111111010111000000111110000000111001100111000111101111011101001110111010111111111110000001111100000110111100101100111110111111000000000000000000000110001111111011000110000011111111111111111111
110000000000000000000000000000000000000000000001111001100000000000000000000000000000000000000000000011011000000011110011100010000001100000000000000000011001111000010000000000000011010011100000000000000000000000111100000000000000000000000100000000000000000000000000000000000000000000000000000000000000000000000000000000001111101111
111110000000001111111111111111011100100000000101111001110000000000000000011110111110111111101110101100011100000011111111110010000001111111111111100111011111111101010101011000110011010011101100011110111110111100111100000000000000000000000111111010000011111111011100101111011011110111011000000011001110111000000011110000001111111111
111111111111111111111111111111111111111111111111111111111111111111111111111111111111111111111111110111111111111111111111111111111111111111111111111111111111111111111111111111111111111111111111111111111111111111111111111111111111111111111111111111111111111111111111111111111111111111111111111111111111111101111111111111111111111111
111110000000001110111111100000011110111110101011111001110111111110110010100010111000011011101111101010011011110011111011111000000001111111111100000110111010111000101011100000000011100011101100011100110000111011111100000000000000000000111111111100000101110000000000000000000000000000000111000011111010111101110000000000001111101111
110000000000000000000000000000000000000000000001111100100000000000000000000100000000000000000000000000011000000011110011100010000001111101111000000111000000111000000100000000000011010011100000000000000000000000111100000000000000000000111000000000000000000000000000000000000000000000000000000000000000000000000000000000001111101111
111111111111111111111111111111111111111111111111111111111111111111111111111111111111111111111111111111111111111111111111111111111111111111111111111111111111111111111111111110111111111111111111111111111111111111111111111111111111111111111111111111111111111111111111111111111111111111101111111111111111111111111111111111111111111111
111110000000001111101110100000000000010000001011111011111111011111011101100110111110011101101110111111111111110011110111111111010111111110000000000111100000111100000101011111000011111011111100100000001110111111111111110000000001111101111101111001011110111111011100101111111100111111101110110011011010000110000011111110001111111111
110000000000000000000000000000000000000000000001111010100000000000000000000110000000000000000000000000011000000011110011100010000001100000000000000000011010111000000100000000000011001011100000000000000000000000111111110000000001100001000000000000000000000000000000000000000000000000000000000000000000000000000000000000001111101111
111101111111011110101100101111100000010000011101111001100100000000000000000001111110111010000000000000011101100111110011111111001011100000000000000000011010111000011111100000000011110111101100111110101110111011111111111111111011101001111100111001001110111110111100011111011011110111101110110011110001000101110011111101001111111111
110000000000001110101100000000000000000000000001111010100000000000000000000110000000000000000000000000000000000011110011110000000001111110000000000111000000111010000000000000000011000111100000000000000000000000111111110000000001100001000000000000000000000000000000000000000000000000000000000000000000000000000000000000001111101111
110000000000001110101100000000000000000000000001111001100000000000000000000000000000000000000000000000000000000011110011110000000001100000000000000000011100111000000010000000000011010011100000000000000000000000111100000000000000000000000100000000000000000000000000000000000000000000000000000000000000000000000000000000001111101111
110000000000001111111111001111011111111110010001111100101011100000000000000111000000100001101111111000011010000011111011110001101011100000000000000000011001111011010001011100000111111011101110100000001101000000111111110000000001111101111101111011010011110000000000000000000000000000000111110011001101111111110011111111001111101111
110000000000000000000000000000000000000000000001111001100000000000000000000000000000000000000000000000011000000011110011100010000001100000000000000000011010111000000001000000000011010111100000000000000000000000111100000000000000000000000100000000000000000000000000000000000000000000000000000000000000000000000000000000001111101111
111111111011111111101111111111111111111111111111111111111111111111111111111111111111111111111111111111111111111111111111111111111111111111111111111111111111111111111111111111111111111111111111111111111111111111111111111111111111111111111111111111111111111111111111111111111111111111111111111111111111111111111111111111111111111111
111111111111111111111111111111111111111111111111111111111111111111111111111111111111111111111111111111111111111111111111111111111111111111111111111111111111111111111111111111111111111111111111111111011111111111111111111111111111111111111111111111111101111111111111111111111111111111111111111111111111111111111111111111111111111111
110000000000001111101100111111000000011101100011111100110111111000000001000101111110000000000000000000011011100111111011100010000001100000000000000000011101111111110010011011100011100011111110011110100000111011111100000000000000000000111101000000000000000000000000000000000000000000000000000000000000000110000011111101101111101111
110000000000000000000000000000000000000000000001111001100000000000000000000000000000000000000000000000011000000011110111100010000001100000000000000000011100111000000001000000000011001011100000000000000000000000111100000000000000000000000100000000000000000000000000000000000000000000000000000000000000000000000000000000001111101111
110000000000001110101100000000000000000000000001111100100000000000000000000100000000000000000000000000000000000011110011110000000001100000000000000000011001111000000001000000000011010011100000000000000000000000111100000000000000000000111000000000000000000000000000000000000000000000000000000000000000000000000000000000001111101111
111101110111101110101100001111111010011101001001111111111111111111010110100110011111011011111110110000000000000011110111111110000001100000000000000000011100111101011011011001011011011111110000000000000000111100111111111111110111111001111101111101010011111111011011111111111101101111001111001111011111000100000000001111101111111111
110000000000000000000000000000000000000000000001111001100000000000000000000000000000000000000000000000011000000011110011100010000001111110000000000111000000111000000010000000000011000111100000000000000000000000111100000000000000000000000100000000000000000000000000000000000000000000000000000000000000000100000000000000001111101111
110000000000000000000000000000000000000000000001111001100000000000000000000000000000000000000000000010011000000011110011100010000001100000000000000000011100111000100000000000000011001011100000000000000000000000111100000000000000000000000100000000000000000000000000000000000000000000000000000000000000000000000000000000001111101111
110000000000000000000000000000000000000000000001111001110111011111000111111001000000100001101110110110011010000011111011100011100111111101111111110111111011111011001100100000000011001011101111100000000000111111111111111110000001100011111110111000010111111111011111111111011010110110111111110011111010111110000011110000001111101111
110000000000001110011100000000000000000000000001111100100000000000000000000100000000000000000000000000000000000011110011100010000001100000000000000000011001111100000000000000000011100011100000000000000000000000111100000000000000000000111000000000000000000000000000000000000000000000000000000000000000000000000000000000001111101111
110000000000001110101100000000000000000000000001111001100000000000000000000000000000000000000000000000000000000011110011110000000001111101111000000111000000111010000000000000000011001011100000000000000000000000111100000000000000000000000100000000000000000000000000000000000000000000000000000000000000000000000000000000001111101111
111111111011101111111110001111011111110000011011111010111011111110100101111110111111111011101110100110111100000011110111111011011011111110000000000111011010111001000010011101001111110111101100111101100000111111111111111111101110000000000000000000000000000000000000000000000000000000000000000000000000000001110000000000001111111111
110000000000000000000000000000000000000000000001111001100000000000000000010000000000000000000000000000011000000011110011100010000001111110000000000111000000111000000001000000000011010011100000000000000000000000111100000000000000000000000100000000000000000000000000000000000000000000000000000000000000000000000000000000001111101111
111111111011011110101100000000011010010000001001111100111011111110000010111100100000111011101110011011111111111011110011110011000011111101111111100111011010111001010011011110100111111111101100100000000000000000111111110000000001101110111101111000010001110000000000001111011111111111001110001111010000111101110000001111111111101111
110000000000000000000000000000000000000000000001111100100000000000000000000100000000000000000000000000011000000011110011100010000001111110000000000110100000111010010000000000000011000111100000000000000000000000111100000000000000000000111000000000000000000000000000000000000000000000000000000000000000000000000000000000001111101111
110000000000000000000000000000000000000000000001111001100000000000000000000000000000000000000000000000011010000011110011100010000001111110000000000111000000111000000100000000000011010011100000000000000000000000111100000000000000000000000100000000000000000000000000000000000000000000000000000000000000000000000000000000001111101111
110000000000001111001100000000000000000000000001111001100000000000000000000100000000000000000000000000000000000011110011100010000001100000000000000000011001111000010000000000000011100011100000000000000000000000111100000000000000000000000100000000000000000000000000000000000000000000000000000000000000000000000000000000001111101111
110000000000000000000000000000000000000000000001111001100000000000000000000000000000000000000000000000011000000011110011100010000001100000000000000000011001111000010000000000000011010011110000000000000000000000111100000000000000000000000100000000000000000000000000000000000000000000000000000000000000000000000000000000001111101111
111111111011011110101111110000011001100000001011111010110111011110100100011110111101111011101110011111100000000011111011110001001111100000000000000000011110111101100110011010100011000111101111011101101101111010111111111110000000000000000000111011110110111110111100111111111111101111101110001111011111111001110011111110001111111111
111101111011011111001111110000011110111110000101111100100111011111101111110100011100011111101111110010011111110111111011100010000001100000000000000000011110111100000100111011011011001111101110011110111111000000111111111111101111110011111101111001010011111111011111000000000000000000000110110011111100000110000011111110101111101111
110000000000000000000000000000000000000000000001111001100000000000000000000000000000000000000000000000011000000011110011100010000001111101111000000111000000111000001000000000000011010011100000000000000000000000111100000000000000000000000100000000000000000000000000000000000000000000000000000000000000000000000000000000001111101111
111111111111111111111111111111111111111111111111111111111111111111111111111111111111111111111111111111111111111111111111111111111111111111111111111111111111111111111111111111111111111111111111111111111111111111111111111111111111111111111111111111111111111111111111111111011111111111111111111111111101111111111111111111111111111111
111111111111111111111111111111111111111111111111111110111111111111111111111111111111111111111111111111111111111111111111111111111111111111111111111111111111111111111111111111111111111111111111111111111111111111111111111111111111111111111111111111111111111111111011111111111111111111111111111111111111111111111111111111111111111111
110000000000000000000000000000000000000000000001111001100100000000000000000000000000000000000000000000011000000011110011100010000001100000000000000000011010111000100000000000000011010011100000000000000000000000111100000000000000000000000100000000000000000000000000000000000000000000000000000000000000000000000000000000001111101111
111111111111111111111111111111111111111111111111111111111111011111111111111111111111111111111111111111011111111111111111111111111111111111111111111111111111111111111111111111111111111111111111111111111111111111111111111111111111111111111111111111111111111111111111111111111111111111111111111111111111111111111111111111111111111111
110000000000000000000000000000000000000000000001111100110011011110101110011100011100000001111110011110011010000011111011100010000001111101111100000110111110111111101111000000000011110111111100100000001101111011111100000000000000000000111101111010011101111111111100101111011100100111101111111111011010111001111100001111011111101111
110000000000001110011100000000000000010000000001111001100000000000000000000000000000000000000000000000000000000011110011100010000001100000000000000000011010111000000010000000000011010011100000000000000000000000111100000000000000000000000100000000000000000000000000000000000000000000000000000000000000000000000000000000001111101111
111110000000001111101100111111011100111111011001111010101011011111010110010110011100000000000000000011111110000011110111110000000001111101111011010111111101111110001001111011010011000111111111011101011101111111111111111111101000000000000000111110000001111110111100111111011100101110111110111111011101000001111111111100101111101111
111101110111010000000000000000000000000000000001111010100111111111101100111110111111100001101110011111111000000011111111100011111011111101111111010111111001111110000010111011111111001011101110011101000000111101111111111110000001111100111000111000110100111110111011101111011100101111111111111111101101000110000000001100111111111111
110000000000001110101110110000011010001101001111111100111011011111001010100110011101100001101111000000011010000011111111111100000001111111111100000110100000111101110111011000010111100011101111011101010000111001111100000000000000000000111111000000000000000000000000000000000000000000000000000000000000000000000000001110001111101111
110000000000000000000000000000000000000000000001111001100100000000000000000000000000000000000000000000011000000011110011100010000001111110000000000110100000111000100000000000000011001011100000000000000000000000111100000000000000000000000100000000000000000000000000000000000000000000000000000000000000000000000000000000001111101111
110000000000001110111100001111000000001100111001111100111111111000000001111111100000011111101111101011000000000011110111111011001111111111111111110110111101111111101001111011011011110111101110111100101111111010111111111111100010000000111000111010000110110000000000001111011001111111101000000011001100111101110011111100011111101111
111111111111111111111111111111111111111111111111111111111111111111111111111111111111111111111111111111111111111111111111111111111111111111111111111111111101111111111111111111111011111111111111111111111111111111111111111111111111111111111111111111111111111111111111111111111111111111111111111111111111111111111111111111111111111111
110000000000001110011100000000000000000000000001111001100000000000000000000000000000000000000000000000000000000011110011100010000001100000000000000000011010111000001000000000000011100011100000000000000000000000111100000000000000000000000100000000000000000000000000000000000000000000000000000000000000000000000000000000001111101111
111111110111111110111111101111100000011100101101111010100111011111110000011110011100111101111111101110111000000011111111111011000011111111111111011111011010111010110100011110001011010011101110111100111111111010111111111110000001110111000111111010000101111110111111111111111111111110111110001111010000111111111100001101001111111111
111111111111101111111111111111111111111111111111111111111111111111111111111111111111111111111111111111111111111111111111111111111111111111111111111111111111111111111111111111111111111111111111111111111111111111111111111111111111111111111111111111111111111111111111111111111111111111111111111111111111111101111111111111111111111111
111111111111111111111111111111111111111111111111111111111111111111111111111111111111111111101111111111111111111111111111111101111111111111111111111111111111111111111111111111111111111111111111111111111111111111111111111111111111111111111111111111111111111111111111111111111111111111111111111111111111111111111111111111111111111111
110000000000000000000000000000000000000000000001111100100000000000000000000100000000000000000000000000011010000011110011100010000001100000000000000000011100111001000000000000000011100011100000000000000000000000111100000000000000000000111000000000000000000000000000000000000000000000000000000000000000000000000000000000001111101111
111111111111111111111111101111111111111111111111111111111111111111111111111111111111111111111111111111111111111111111111111111111111111111111111111111111111111111111111111111111111111111111111111111111111111111111111111111111111111111111111111111111011111111111111111111111111111111111111111111111111111111111111111111111111111111
111111111111111111111111111111111111111111101111111111111111111111111111111111111111111111111111111111111111111111111111111111111111111111111111111111111111111111111111111111111111111111111111111111111111111111111111111111111111111111111111111111111101111111111111111111111111111111111111111111111111111111111111111111111111111111
110000000000000000000000000000000000000000000001111001100000000000000000000010000000000000000000000000011000000011110011100010000001100000000000000000011010111001000000000000000011010011100000000000000000000000111100000000000000000000000100000000000000000000000000000000000000000000000000000000000000000000000000000000001111101111
110000000000001110011100000000000000000000000001111001100000000000000000000000000000000000000000000000000000000011110011100010000001111110000000000110100000111000010000000000000011001011100000000000000000000000111100000000000000000000000100000000000000000000000000000000000000000000000000000000000000000000000000000000001111101111
110000000000000000000000000000000000000000000001111001100011100000000000000000000000000000000000000000011000000011110011100010000001100000000000000000011100111000010000000000000011100011100000000000000000000000111100000000000000000000000100000000000000000000000000000000000000000000000000000000000000000000000000000000001111101111
110000000000001111101100001111111110101110000101111001101011111111001011000011000000000001101110010111011011101111111111100011011111111101111011011110111010111011000010100000000011001111101111111111100000000000111111111111111011101001111111111011110000111111111011010000000000000000000000000011011110000101110011111101101111111111
110000000000001110101100000000000000000000000001111001100000000000000000000000000000000000000000000000000000000011110011110000000001111110000000000111000000111000000100000000000011001011100000000000000000000000111100000000000000000000000100000000000000000000000000000000000000000000000000000000000000000000000000000000001111101111
111111111111111111111111111111111111111111111111111111111111111111111111111111111111111111111111111111111111111111111111111111111111111111111111111111111111111111111111111111111111111111111111111111111111111111111111111111111111111111111111111111111111111111111111111111111110111111111110111111111111111111111111111111111111111111
111111111111111111111111111111111111111111111111111111111111111111111111111111111111111111111111111111111111111111111111111111111111111111111111111111111111111111111111111111111111111111111111111111111111111101111111111111111111111111111111111111111111111111111011111111111111111111111111111111111111111111111111111111111111111111
110000000000000000000000000000000000000000000001111001100000000000000000000010000000000000000000000000011000000011110011100010000001100000000000000000011001111000000100000000000011001011100000000000000000000000111100000000000000000000000100000000000000000000000000000000000000000000000000000000000000000000000000000000001111101111
111111111111111111111111111111111111111111111111111111111111111111111111111111111111111111111111111111111111111111111111111111111111111111111111111111111111111111111111111111111111111111111111111111111111111111111111111111110111111111111101111111111111111111111111111111111111111111111111111111111111111111111111111111111111111111
110000000000001110011100000000000000000000000001111001100000000000000000000000000000000000000000000000000000000011110111100010000001100000000000000000011001111000010000000000000011010011100000000000000000000000111100000000000000000000000100000000000000000000000000000000000000000000000000000000000000000000000000000000001111101111
110000000000000000000000000000000000000000000001111001100000000000000000000000000000000000000000000000011000000011110011100010000001100000000000000000011001111000000100000000000011000111100000000000000000000000111100000000000000000000000101000000000000000000000000000000000000000000000000000000000000000000000000000000001111101111
110000000000001111001100000000000000000000000001111100100000000000000000000100000000000000000000000000000000000011110011100010000001111110000000000111000000111010000000000000000011100011100000000000000000000000111100000000000000000000111000000000000000000000000000000000000000000000000000000000000000000000000000000000001111101111
111111111111100000000000000000000000000000000001111101111111011110111010010110111111100001111111111110011000000011110111100010000001111101111111001110111110111001000100011010001011010111111100111100101111111111111111111110000001101001111101111001011111110000000000001111011011100111111111110011101110111000000011111101111111111111
111101110111010000000000000000000000000000000001111001111111011111111110111010111100000001111111010100011000000011110011100011110111111101111011011111011111111000011001011011011111101011101111000000001111111100111111111111101011110101111110111010011111111111111111011111111100110110101000000011011011000101110000001101111111111111
111111111111111111111111111111111111111111111101111111111111111111111111111111011111111111111111111111111111111111111111111111111111111111111111111111111111111111111111111111111111111111111111111111111111111111111111111111111111111111111111111111111111111111111111111111111111111111111111111111111111111111111111111111111111111111
110000000000001110101100000000000000000000000001111100100000000000000000000100011000000000000000000000000000000011110011100010000001100000000000000000011100111000100000000000000011001011100000000000000000000000111100000000000000000000111000000000000000000000000000000000000000000000000000000000000000000000000000000000001111101111
111110000000000000000000000000000000000000000001111110111111111000000001011111111111111011111111101111011000000011111111100011101111111101111100000111011111111110110000000000000011110011101111111110110000000000111111111111111101101111111000111010011010111111011111111111111001100111011110111111111111111100000000000000001111111111
111111111111111111111111111111111111111111111111111111111111111111111111111111111111111111111111111110111111111111111111111111011111111111111111111111111111111111111111111111111111111111111111111111111111111111111111111111111111111111111111111111111111111111111111111111111111111111111111111111111111111111111111111111111111111111
110000000000001110101110000000000000000000000001111001100000000000000000000000000000000000000000000000000000000011110011100010000001100000000000000000011010111000000001000000000011010011100000000000000000000000111100000000000000000000000100000000000000000000000000000000000000000000000000000000000000000000000000000000001111101111
110000000000000000000000000000000000000000000001111001100000000000000000000000000000100000000000000000011000000011110011100010000001100000000000000000011001111000000100000000000011001011100000000000000000000000111100000000000000000000000100000000000000000000000000000000000000000000000000000000000000000000000000000000001111101111
111111111011111111111111111111111111111111111111111111111111111111111111111111111111111111111111111111111111111111111111111111111111111111111111110111111111111111111111111111111111111111111111111111111111111111111111111111111111111111111111111111111111111111111111111111111111111111111111111111111111111111111111111111111111111111
110000000000001110101110000000000000000000000001111100100000000000000000000100000000000000000000000000000000000011110011110000000001100000000000000000011001111000000001000000000011001011100000000000000000000000111100000000000000000000111000000000000000000000000000000000000000000000000000000000000000000000000000000000001111101111
111110000000001111101100000000011010100000001001111001100011011110001100011011111110011111101111101111111010000011110111111001100111111101111111100110111101111111111011111011101011001011101110111100101101111110111111111111111011100100111110111001101000111111011111101111011101111110101111110011111101111101111111111101101111101111
111111111111111111111111111111111101111111111111111111111111111111111111111111111111111111111111111111111111111111111111111111111011111111111111111111111111111111111111111111111111111111111111111111111111111111111111111111111111111111111111111111111111111111111111111111111111111111111111111111111111111111111111111111111111111111
111111111111111111111111111111111111111111111111111111111111111111111111111111111111011111111111111111111111111111111111111111111111111111111111111111111111111111111111111111111111111111111111111111011111111111111111111111111111111111111111111111111111111111111111111111111111111111111111111111111111111111111111111111111111111111
111111111111111111111111111111111011111111111111111111111111111111111111111111111111111111111111111111111111111111111111111111111111111111111111111111111111111111111111111111111111111111111111111111111111111111111111111111111111111111111111111111111111111111111111111111111111111111111111111111111111111111111111111111111111111111
111111111111111111111111111111111111111111111111111111111111111111111111111111111111111111111111111111111111111111111111111111111111111111111111111111111111111111111111111111111111111111111111111111111110111111111111111111111111111111111111111110111111111111111111111111111111111111111111111111111111111111111111111111111111111111
111111111011111111011100000000011001010000010111111110111000000000000000011110011110100001111110111000011111110011111111100011101011111110000000000110111100111010010001011010001111011111100000000000000000111110111111110000000001101100111000000000000000000000000000000000000000000000000000000000000000000001110000001111001111101111
110000000000000000000000000000000000000000000001111001101000000000000000000000000000000000000000000000011000000011110011100010000001111110000000000111000000111010000000000000000011001011100000000000000000000000111100000000000000000000000100000000000000000000000000000000000000000000000000000000000000000000000000000000001111101111
111111111111101111111111111111111111111111111111111111111111111111111111111111111111111111111111111011111111111111111111111111111111111111111111111111111111111111111111111111111111111111111111111111111111111111111111111111111111111111111111111111111111111111111111111111111111111111111111111111111111111111111111111111111111111111
111101111011011111111100001111111001101111110111111001110011111111011001111010111110100001111000000000000000000011110011110010000001111111111111001111000000111110110111011010111011011011101111100000000000111111111111111111110011111110000111111101000011111110111100111111011110110111011111000011111001111100000000001110111111111111
~~~
0.0 165.0 92.0 327.0 1671.0
0.0 116.0 108.0 437.0 2176.0
0.0 176.0 86.0 301.0 1561.0
0.0 280.0 27.0 106.0 503.0
0.0 131.0 110.0 371.0 2001.0
0.0 276.0 27.0 126.0 524.0
0.0 2.0 177.0 626.0 3304.0
0.0 2.0 179.0 617.0 3300.0
0.0 2.0 178.0 622.0 3312.0
0.0 278.0 26.0 108.0 508.0
0.0 133.0 104.0 368.0 2032.0
0.0 279.0 27.0 110.0 504.0
0.0 282.0 25.0 107.0 485.0
0.0 282.0 27.0 96.0 472.0
0.0 136.0 102.0 370.0 1972.0
0.0 279.0 27.0 111.0 508.0
0.0 2.0 178.0 621.0 3304.0
0.0 161.0 96.0 291.0 1677.0
0.0 282.0 25.0 103.0 469.0
0.0 2.0 178.0 621.0 3305.0
0.0 278.0 26.0 122.0 510.0
0.0 271.0 30.0 124.0 579.0
0.0 2.0 177.0 626.0 3301.0
0.0 278.0 27.0 115.0 502.0
0.0 123.0 115.0 367.0 2038.0
0.0 282.0 25.0 102.0 472.0
0.0 278.0 28.0 110.0 511.0
0.0 2.0 178.0 626.0 3293.0
0.0 180.0 83.0 276.0 1523.0
0.0 182.0 77.0 303.0 1517.0
0.0 2.0 178.0 624.0 3307.0
0.0 279.0 27.0 109.0 514.0
0.0 160.0 94.0 332.0 1692.0
0.0 2.0 178.0 626.0 3311.0
0.0 2.0 177.0 626.0 3309.0
0.0 276.0 28.0 112.0 531.0
0.0 2.0 178.0 623.0 3296.0
0.0 280.0 27.0 109.0 490.0
0.0 2.0 178.0 618.0 3300.0
0.0 279.0 27.0 107.0 512.0
0.0 189.0 83.0 256.0 1414.0
0.0 1.0 179.0 624.0 3316.0
0.0 177.0 81.0 289.0 1519.0
0.0 283.0 24.0 102.0 470.0
0.0 147.0 102.0 344.0 1860.0
0.0 149.0 102.0 331.0 1827.0
0.0 278.0 25.0 115.0 524.0
0.0 2.0 177.0 626.0 3298.0
0.0 2.0 178.0 623.0 3302.0
0.0 278.0 25.0 106.0 515.0
0.0 2.0 178.0 622.0 3310.0
0.0 282.0 25.0 102.0 483.0
0.0 283.0 25.0 99.0 475.0
0.0 151.0 100.0 325.0 1768.0
0.0 2.0 178.0 620.0 3301.0
0.0 147.0 101.0 308.0 1815.0
0.0 278.0 25.0 109.0 506.0
0.0 282.0 26.0 101.0 471.0
0.0 136.0 104.0 354.0 1934.0
0.0 169.0 88.0 306.0 1659.0
0.0 117.0 111.0 429.0 2102.0
0.0 279.0 28.0 108.0 512.0
0.0 120.0 114.0 390.0 2151.0
0.0 168.0 90.0 306.0 1611.0
0.0 280.0 27.0 109.0 492.0
0.0 2.0 178.0 624.0 3294.0
0.0 2.0 179.0 615.0 3299.0
0.0 2.0 179.0 617.0 3302.0
0.0 2.0 177.0 626.0 3301.0
0.0 283.0 25.0 98.0 465.0
0.0 2.0 179.0 609.0 3303.0
0.0 135.0 108.0 372.0 1918.0
0.0 281.0 28.0 96.0 497.0
0.0 146.0 97.0 368.0 1833.0
0.0 2.0 178.0 617.0 3307.0
0.0 166.0 89.0 320.0 1680.0
0.0 273.0 29.0 122.0 566.0
0.0 2.0 178.0 622.0 3303.0
0.0 123.0 105.0 434.0 2059.0
0.0 275.0 31.0 105.0 540.0
0.0 141.0 105.0 360.0 1917.0
0.0 267.0 35.0 117.0 606.0
0.0 279.0 27.0 111.0 498.0
0.0 169.0 90.0 301.0 1678.0
0.0 282.0 25.0 101.0 478.0
0.0 2.0 179.0 622.0 3299.0
0.0 2.0 179.0 618.0 3295.0
0.0 205.0 69.0 252.0 1262.0
0.0 282.0 24.0 104.0 464.0
0.0 276.0 29.0 117.0 534.0
0.0 126.0 114.0 350.0 2053.0
0.0 278.0 27.0 104.0 501.0
0.0 282.0 25.0 101.0 480.0
0.0 150.0 98.0 344.0 1801.0
0.0 276.0 28.0 121.0 531.0
0.0 272.0 30.0 120.0 567.0
0.0 161.0 97.0 289.0 1720.0
0.0 278.0 25.0 109.0 510.0
0.0 139.0 105.0 340.0 1892.0
0.0 275.0 29.0 118.0 551.0
0.0 278.0 25.0 112.0 512.0
0.0 278.0 29.0 106.0 515.0
0.0 282.0 27.0 96.0 490.0
0.0 127.0 111.0 384.0 2036.0
0.0 133.0 108.0 387.0 1998.0
0.0 276.0 28.0 110.0 535.0
0.0 2.0 177.0 626.0 3307.0
0.0 2.0 178.0 619.0 3304.0
0.0 282.0 24.0 100.0 492.0
0.0 2.0 178.0 623.0 3310.0
0.0 160.0 87.0 357.0 1734.0
0.0 278.0 26.0 114.0 516.0
0.0 126.0 112.0 416.0 2032.0
0.0 128.0 115.0 346.0 1991.0
0.0 195.0 67.0 286.0 1383.0
0.0 278.0 25.0 112.0 525.0
0.0 132.0 110.0 366.0 2016.0
0.0 2.0 178.0 624.0 3296.0
0.0 279.0 26.0 111.0 508.0
0.0 98.0 127.0 437.0 2370.0
0.0 2.0 178.0 618.0 3298.0
0.0 2.0 178.0 624.0 3299.0
0.0 279.0 26.0 116.0 502.0
0.0 2.0 178.0 623.0 3300.0
0.0 2.0 179.0 612.0 3293.0
0.0 282.0 25.0 101.0 493.0
0.0 275.0 27.0 123.0 550.0
0.0 280.0 26.0 113.0 491.0
0.0 139.0 111.0 341.0 1943.0
0.0 275.0 27.0 118.0 538.0
0.0 2.0 177.0 626.0 3304.0
0.0 2.0 178.0 619.0 3307.0
0.0 282.0 26.0 100.0 482.0
0.0 2.0 177.0 626.0 3305.0
0.0 278.0 27.0 109.0 521.0
0.0 282.0 25.0 108.0 481.0
0.0 272.0 30.0 122.0 566.0
0.0 131.0 111.0 373.0 2044.0
0.0 127.0 112.0 370.0 2051.0
0.0 2.0 179.0 617.0 3313.0
0.0 274.0 29.0 124.0 554.0
0.0 135.0 103.0 356.0 1900.0
0.0 2.0 178.0 626.0 3303.0
0.0 278.0 26.0 111.0 524.0
0.0 282.0 26.0 100.0 477.0
0.0 2.0 179.0 616.0 3306.0
0.0 275.0 29.0 117.0 543.0
0.0 102.0 127.0 427.0 2280.0
0.0 2.0 178.0 624.0 3297.0
0.0 2.0 178.0 625.0 3300.0
0.0 1.0 178.0 626.0 3315.0
0.0 2.0 177.0 626.0 3301.0
0.0 188.0 78.0 254.0 1416.0
0.0 278.0 26.0 107.0 510.0
0.0 2.0 179.0 613.0 3295.0
0.0 117.0 111.0 408.0 2143.0
~~~
14.6247911453
