111110000000001110101110000000000000011100111101111001101011100000000000011010111000000001101110010000011111101011111111110000000001100000000000000000011010111100000000011000001011000111101100011101000000111010111100110000000001110000000110111000001000110000000000000010000000000000000111000011001010111100000000001110001111111111
110000000000001110101100000000011010011110010001111001101011100000000000011010111100100001101000000000011111110011110111110000010001100000000000000000011010111100000000011100000011000111100000000000000000000000111100000000000000000000000110111000001000110000000000000000100000000000000111000011001011111100000000000000001111101111
110000000000001110101111000000000000011100110001111001100100000000000000011000111110000001101110001000011111110011110111110000000001100000000000000000011010111100000000000000000011000111100000000000000000111010111100000000000000000000000110111000010000110000000000000000000000000000000111000011001011111000000001011110001111101111
111110000000001110101110000000011100011100110001111001100011100000000000011010111000100001101000000010010001101011111011110000000101100000000000000000011010111000001000000000000011000111101100011101000000000000111100000000000000000000000110111000001000110000000000000000000000000000000111000011001001111100000000000000001111101111
110000000000001110101100000000011010010000000001111001101011100000000000011010111110100001101000000000011111110011110111110000000001100000000000000000011010111100000000000000000011000111101100011101010000111100111100000000000000000000000100111000001000110000000000000000000000000000000111000011001000111100000000100000001111101111
110000000000001110101110100000011100001101001001111001101000000000000000011110100000000001101110010010111110000011110111110001011011100000000000000000011001111100000000011000001011000111100000000000000000000000111100111111101000000000000100111000001000110000000000000000000000000000000111000011001011001110000000001110001111111111
110000000000001110101110000000011001010000000001111001101111100000000000010000100000000001101110001010011111100111111011110000000001111101111011001110100000111100000000011000010011001011100000000000000000000000111100111111101000000000000110111000010000110000000000000000000000000000000111000011001001111100000000001110001111101111
110000000000001110101100000000011010010000010101111001100011011000000001010000100010000001101000000010011010000011111011110000000001100000000000000000011010111000001000000000000011000111100000000000000000000000111100000000000000000000000110111000001000110000000000000000011001000000000111000011001000111100000000001110001111101111
110000000000001110101100000000011010010000000001111001101111011111000000011010111000100001101110100000011111110011110111110000000001100000000000000000011100111100000000011000001011000111100000000000000000111010111100000000000000000000000110111000001000110000000000000000011010000000000110110011010001111111110000000000001111111111
110000000000001110101111000000011010010000000001111001101011011000000001011010111110100001101110000100011111110011110111110000000001100000000000000000011010111100000000011100000011000111101100100000010000111010111100000000000000000000000110111000001000110000000000000000000000000000000111000011001011111100000000001110001111101111
110000000000001110101111100000011000111100111101111001111000000000000000010110100000000001101110010011011111101011111011110000000001100000000000000110111010111100000000100000000011001011100000000000000000000000111100111111100010000000000110111000010000110000000000000000000000000000000111000011001011111000000000000000001111111111
110000000000001110101110000000000000010000000001111001101111100000000000010000100010000001101110001010011111100111111011110000000001100000000000000000011010110000000000000000000011000111101100011101000000000000111100000000000000000000000111111000010000110000000000000000000000000000000111000011001011111000000000001110001111111111
110000000000001110101110000000000000010000011001111001100011011000000001000000100000000001101000000010011010000011111011110000000001100000000000000000011010111000001000011010000011000111101100011101000000000000111100000000000000000000000110111000001000110000000000000000000000000000000111000011001011111100000000001110001111101111
110000000000001110101110000100011010011100110101111001100011011000000001010100100000000001101111000010011001101011111011110000000001100000000000000000011010111000001000000000000011000111101100011101000000000000111100000000000000000000000110111000001000110000000000000000000000000000000111000011001001111100000000000000001111111111
110000000000001110101100000000011010001110000001111001101000000000000000011010111110100001101000000000011111110011110111000000000001100000000000000000011001111000001000011000001011100011100000000000000000111010111100000000000000000000000110111000001000110000000000000000000000000000000111000011001011111100000000001110001111101111
110000000000001110101100000000011010010000000001111001101011011000000001010000100000000001101110010010011110000011111011110000000001100000000000000110111010111000000001000000000011000111100000000000000000000000111100000000000000000000000110111000001000110000000000000000000000000000000111000011001010111100000000001110001111101111
110000000000001110101100000000011010011110010001111001101011100000000000011010111110100001101000000000011111110011110111110000010001100000000000000000011010111100000000011100000011000111100000000000000000000000111100000000000000000000000110111000001000110000000000000000100000000000000111000011001011111100000000000000001111101111
110000000000001110101111000000011010010000000101111001101011100000000000011000100010000001101000000000011101110011111111110000000001100000000000000000011010111000001000100000000011000111101100011101010000000000111100000001101000000000000100111000001000110000000000000000000000000000000111000011001000111100000000000000001111101111
110000000000001110101110100000000000010000011001111001100011011000000001011000100000000001101110010000011111110011110111110000000001100000000000000000011001111000001000111000001011000111101111000000000000111010111100000000000000000000000100111000010000110000000000010000000000000000000111000011001011111110000000001110001111111111
110000111000001110101100000000011010010000000001111001101000000000000000011010011110100001101000000000011111110011110111110000000001100000000000000000011010111100000000011100000011000111100000000000000000111010111100000001100010000000000110111000001000110000000000000000000000000000000111000011001010111100000000001110001111101111
110000000000001110101110000000011100011100110001111001100011100000000000011010011000100001101110000110011001101011111111110001011111111101111100000110100000111100000000011100000011001011101100011101000000000000111100111111101000000000000110111000010000110000000000000000000000000000000111000011001011111100000000001110001111101111
110000000000001110101110000000000000011100111001111001100011100000000000010010111000100001101110010011011100000011111111111001011111111101111011100110100000111100000000000000000011001011100000000000000000000000111100111111101000000000000110111000010000110000000000000000000000000000000111000011001011111100000000001110001111101111
110000111000001110101100000000011010011101010001111001101011011110001000011010111100000001101110100000011111110011110111110000000001100000000000000000011010111000001000000000000011000111101100011101010000000000111100000000000000000000000100111000001000110000000000000000000000000000000111000011001010111100000000001110001111101111
110000000000001110101111000000000000011100110101111001101111011000000001010000100000000001101000000010011010000011111011110000000001100000000000000110111010111100000000000000000011001011100000000000000000000000111100111111100010000000000110111000010000110000000000000000000000000000000111000011001011111000000000001110001111111111
111110000000001110101100000000011010011100100101111001101011100000000000011000111010000001101110010000010101110011111111110000000001100000000000000000011010111000001000100000000011000111101100011101010000000000111100000000000000000000000100111000001000110000000000000000000000000000000111000011001000111100000000000000001111101111
110000000000001110101100100000011010011100100001111001101011100000000000011000100110100001101110010000011101110011110111110000000001100000000000000000011010111000001000011000001011000111101100100000000000111100111100000000000000000000000110111000010000110000000000000000000000000000000111000011001000111100000000000000001111101111
110000000000001110101111000000000000011100110001111001101011011000000001010000100000000001101111000010011110000011111011110000000001100000000000000110111010111000000001000000000011000111100000000000000000000000111100000000000000000000000110111000001000110000000000000000000000000000000111000011001010111111110000001110001111101111
110000000000001110101100100000000000000000001001111001101111100000000000011011111100111101101000000010011010000011111111110000000001100000000000000000011010111000001000000000000011000111101100011101010000000000111100000000000000000000000110111000001000110000000000000000000000000000000111000011001000111100000000010000001111101111
110000000000001110101110000000000000010000011001111001100000000000000000010000000000000001101000000010011010000011111011110000000001100000000000000000011010111000000001000000000011000111101100011101000000000000111100000000000000000000000111111000001000110000000000000000000000000110100110110011010001111110000000000000001111111111
110000000000001110101111100000000000011100110001111001100011100000000000010010111000100001101110010011011100000011111111110001011111111101111000000110100000111100000000000000000011001011100000000000000000111010111100111110000000000000000110111000010000110000000000000000000000000000000111000011001011111000000000001110001111101111
110000000000001110101111100000000000011100111101111001111000000000000000010110100000000001101110010011011111101011111111111101101111111101111000000110100000111100000000011010000011001011101100011100100000000000111100111111101000000000000110111000010000110000000000000000011001000000000111000011001011111100000000001110001111101111
110000000000001110101110000000000000010000010001111001101011011000000001010010100000000001100111000010011110000011111011110000000001100000000000000110111010111000001000000000000011000111100000000000000000000000111100000000000000000000000110111000010000110000000000000000000000000000000111000011001011111110000000001110001111111111
111110000000001110101110100000011010011100100101111001101011100000000000011000111010000001101110010000011101110011111111110000000001100000000000000000011010111000001000100000000011000111100000000000000000000000111100111111101000000000000110111000010000110000000000000000000000000000000111000011001011111100000000001110001111101111
110000000000001110101110000000000000000000000001111001110011011110100000011010011100100001101110100000011111110011110111110001011111111101111000000110100000111100000000000000000011001011100000000000000000000000111100111111101000000000000110111000010000110000000000000000000000000000000111000011001011111110000000001110001111111111
110000000000001110101100000000011010010000000001111001101111011111000000011010111100100001101110100000011111110011110111110000000001100000000000000000011100111100000000011000001011000111100000000000000000111010111100000000000000000000000110111000001000110000000000000000000000001000000111000011001011111100000000001110001111101111
111110000000001110101100100000011010011100100101111001101011100000000000011000111010000001101110010000011101110011111111110000000001100000000000000000011010111000001000111000000111000111101100011101010000000000111100000000000000000000000100111000001000110000000000000000000000000000000111000011001010111100000000001110001111101111
110000000000001110101110000000011100011100110001111001100011100000000000011010111000111101101110000111011101101011111011110000000001100000000000000000011010111000001000000000000011000111101100011101010000000000111100000000000000000000000100111000001000110000011100000000000000000000000111000011001000111100000000001110001111101111
110000000000001110101100000000011010000000000001111001101011011000000001011010111110100001101000000000011111110011110111110000000001100000000000000000011001111000001000011000001011000111101100100000000000111010111100000000000000000000000100111000010000110000000000000000000000000000000111000011001011111110000000001110001111111111
110000000000001110101110000000000000010000011001111001100000000000000000010000100000000001101110001010010010000011111011110000000001100000000000000000011001111000001000011000001011000111101100000000001110111010111100000000000000000000000100111000010000110000000000000000000000000000000111000011001011111110000000001110001111111111
110000000000001110101110000000000000010000010001111001101011011000000001010000100000000001101111000010011110000011111011110100000001100000000000000110111010111000001000000000000011000111100000000000000000000000111100000000000000000000000110111000001000110000000000000000000000000000000111000011001011111100000000001110001111101111
110000000000001110101100000000011010010000000001111001101000000000000000011010111110100001101000000000011111110011110111110000000001100000000000000000011010111100000000011100000011000111100000000000000000111010111100000000000000000000000110111000001000110000011011000000000000000000000111000011001010111100000000001110001111101111
110000000000001110101111000000000000011100111101111001101011011110000010010110100000000001101110010011011111101011111111110001010111111101111011001110100000111100000000011010000011001011101100011100100000111010111100111111101000000000000110111000010000110000000000000000000000000000000111000011001011111100000000001110001111101111
110000000000001110101110000000000000011100111001111001100011011000000001010000000000000001101000000010111010000011111011110000000001100000000000000000011010111000001000011000001011000111101100011101000000000000111100110000000001110000000110111000001000110000000000000000000000000000000111000011001010111100000000001110001111101111
110000000000001110101110000000011100011100110001111001100011100000000000011010111000100001101110000111011101101011111111110001011111111101111000000110100000111100000000011000010011001011100000000000000000000000111100111111101000000000000110111000010000110000000000100000000000000000000111000011001011111100000000001110001111111111
111110000000001110101100100000011010011100100001111001101011100000000000011000111010100001101110010000011101110011110111110000000001100000000000000000011010111000001000000000000011000111101100011101010000000000111100000000000000000000000100111000001000110000000000000000000000000000000111000011001010111100000000001110001111101111
110000000000001110101100000000011010010000010001111001101000000000000000011010111110000001101000000000011111110011110111110000000001000000000000000000000000111001000000000000000011000111100000000000000000111100111100110000000001100100000110111000001000110000000000000000000000000000000111000011001010111100000000000000001111101111
110000000000001110101110000000011010011100110001111001101011011000000001010000100000000001101111000010011110000011111011110000000001100000000000000110111010111000000001000000000011000111110000000000000000111001111100000000000000000000000110111000001000110000000000000000000000000000000111000011001011111100000000001110001111101111
110000000000001110101110000000000000010000011001111001100011011000000001010000100000000001101000000010011010000011111011111100001001100000000000000000011010111100000000011000100011000111111100011101010000111010111100000000000000000000000110111000001000110000000000000000000000000000000111000011001010111100000000000000001111111111
110000000000001110101110000000000000010000000001111001101011100000000000010000100010000001101110001010011110000011111011110000000001100000000000000000011010111000001000000000000011000111101100011101000000000000111100000000000000000000000110111000001000110000000000000000011001000000000111000011001000111100000000001110001111101111
110000000000001110101110000000000000010000011001111001100011011000000001010000100000000001101000000010011010000011111011110000000001100000000000000000011010111000001000000000000011000111101100011101000000000000111100000000000000000000000110111000001000110000000000000000000000000000000110110011010001111110000000000000001111111111
110000000000001110101100000000011010011101000101111001101111011110010000000010111100100001101110100000011111110011111111110000000001100000000000000000011100111100000000011000001011000111100000000000000000111010111100000000000000000000000110111000100000110000000000000000000000000110100111000011001011111100000000001110001111101111
110000000000001110101110000000000000000000000001111001110011011110100000011010011100100001101110100000011111110011110111110001011111111101111000000110100000111100000000000000000011001011100000000000000000000000111100111111101000000000000110111000010000110000000000000000000000000000000111000011001011111110000000001110001111111111
110000000000001110101110000000000000011100111101111001101011100000000000010110100000000001101110010010111110000011110111110001011011100000000000000000011001111100000000011000001011000111100000000000000000000000111100111111101000000000000110111000001000110000000000000000000000000000000111000011001011111100000000001110001111101111
110000000000001110101110000100011010011100110101111001100011011000000001010100100000000001101111000010011001101011111011110000000001100000000000000000011010111000001000000000000011000111101100011101000000000000111100000000000000000000000110111000001000110000000000000000100000000000000111000011001011111100000000001110001111101111
110000000000001110101110000000011010011100110001111001101011011000000001010000100000000001101111000010011110000011110011110000000001100000000000000110111010111000000001000000000011000111100000000000000000000000111101000000000000000000000110111000001000110000000000000000000000000000000111000011001010111100000000001110001111101111
110000000000001110101100000000011010010000000001111001101111011111000000011010111100100001101110100000011111110011110111110000000001100000000000000000011100111100000000011000001011000111100000000000000000111010111100000000000000000000000110111000100000110000000000000000000000000000000111000011001010111100000000001110001111111111
110000000000001110101110000000000000010000010101111001100011011000000001010000100010000001101000000010011010000011111011110000000001100000000000000000011010111000001000000000000011000111101100011101000000000000111100000000000000000000000110111000001000110000000000000000011001000000000111000011001000111100000000001110001111101111
110000000000001110101110000000011100011100110001111001100011100000000000011010111000100001101000000011011111101011111111110001111011111101111000000110100000111100000000011000010011001011101100100000000000000000111100000000000000000000000110111000001000110000000000000000000000000000000111000011001001111101110000001110001111111111
110000000000001110101100000000000000010000000011111001101011100000000000010000111100000001101110010010011110000011111011110000000001100000000000000000011001111000001000000000000011000111100000000000000000111010111100000000000000000000000100111000010000110000000000000000011100000000000111000011001011111110000000001110001111111111
110000000000001110101110000000000000011100110001111001100011100000000000010010111000100001101110010011011101101011111111110001111111111101111000000110100000111100000000011000010011001011101100100000000000000000111100111111101000000000000110111000010000110000000000000000000000000000000111000011001011111100000000001110001111111111
110000000000001110101110000000000000011100100001111001100100000000000000011000111100100001101110100000011111110011110011110000000001100000000000000000011010111100000000011000001011000111101100011100100000111010111100000000000000000000000110111000100000110000000000000000000000000000000111000011001110001100000000001110001111101111
110000000000001110101110000000000000001100100001111001101100000000000000011010011100100001101110100000011111110011110111110001011111111101111000000110100000111100000000000000000011001011100000000000000000000000111100111111101000000000000110111000010000110000000000000000011001000000000111000011001011111100000000001110001111111111
110000000000001110101100000000011010010000000001111001101111100000000000011000111100000001101110010010011111101011111011110000000001100000000000000000011010111100000000011000001011000111101100011101010000111010111100000000000000000000000110111000001000110000000000000010000000000000000111000011001010111100000000001110001111111111
110000000000001110101110000000000000011100110101111001100011011000000001010000100000000001101000000010011010000011111011110000000001100000000000000110111010111100000000000000000011001011100000000000000000000000111100111111100010000000000110111000010000110000000000000000000000000000000111000011001011111000000000001110001111111111
110000000000001110101100100000000000010000000001111001101111100000000000011011011100111101101000000010011010000011111011110000000001100000000000000000011010111000001000000000000011000111101100011101010000000000111100000000000000000000000110111000001000110000000000000000000000000000000111000011001010111100000000001110001111101111
110000000000001110101100100000011010011100100001111001101011100000000000011010111110111101101110010000011101110011110111110000000001100000000000000000011010111000001000011000001011000111101100011110000000000000111100000000000000000000010110111000001000110000000000000000000000000000000111000011001010111110000000001110001111101111
110000000000001110101110000000000000010000010001111001101011011000000001010000100000000001101111000010011110000011111011110000000001100000000000000110111010111000001000000000000011000111100000000000000000000000111100000000000000000000000110111000001000110000000000000000000000000000000111000011001000111100000000011110001111101111
110000000000001110101100100000011010011100100001111001101011100000000000011100111110100001101110010000011101110011111111110000010001100000000000000000011001111000000001011001000011000111101110000000000000111100111100000000000000000000000110111000001000110000000000000000000000000000000111000011001110111100000000001110001111111111
110000000000001110101100000000011010010000000011111001101011100000000000011000111100000001101110010010011110000011111111110000000001100000000000000000011001111000000001000000000011000111101110000000000000111100111100000000000000000000010110111000001000110000000000000000000000000000000111000011001110111100000000001110001111101111
110000000000001110101100100000011010011100100001111001101011100000000000011000111110100001101110010000011101110011110111110000000001100000000000000000011010111000001000011000001011000111101100100000000000000000111100000000000000000000000110011000010000000000000000000000000000000000000000000000000001111110000000000000001111111111
110000000000001110101110000000000000011100110001111001100011100000000000010000111000100001101110010011011101101011111111110001011011111101111000000110100000111100000000000000000011001011100000000000000000111010111100111111101000000000000110111000010000110000000000000000000000000000000111000011001000111100000000000000001111101111
110000000000001110101100000000011010010000000001111001101100000000000000011010111100100001101110100000011111110011110111110000000001100000000000000000011010111100000000011000001011000111100000000000000000111010111100110000000001100001000110111000001000110000000000000000000000000000000111000011001010111100000000001110001111111111
110000000000001110101100000000011010011100100001111001101011100000000000011011100000000001101111000010011110000011111011110000000101100000000000000110111010111000000001000000000011000111100000000000000000111100111100000000000000000000000110111000001000110000000000000000000000000000000111000011001010111100000000001110001111101111
110000000000001110101100000000011010000000010001111001101011100000000000011010011110100001101000000010011101110011110111110000000001100000000000000000011010111100000000011100000011000111100000000000000000111010111100111110000000000000000110111000010000110000000000000000000000000000000111000011001011111000000000001110001111101111
110000000000001110101110000000011100011100110001111001100011100000000000011010111000100001101000000011011101101011111111110001011111111101111000000110100000111100000000011000010011001011101100100000000000000000111100111111101000000000000110111000010000110000000000000000000000000000000111000011001011111100000000001110001111111111
110000000000001110101100000000011010011100100011111001100011100000000000011010111000000001101110010000011111101011111111110000000001100000000000000000011010111100000000011000001011000111101100011101000000111010111100000000000000000000000110111000001000110000000000000010000000000000000111000011001010111100000000001110001111111111
110000000000001110101100100000000000010000000001111001100000000000000000010110111100111101101110010011011111101011111111110001010111111101111000000110100000111100000000011000010011001011101100011101000000111010111100000000000000000000000111111000001000110000000000000000000000000000000111000011001010111100000000001110001111101111
110000000000001110101110000000011010011100110001111001101011011000000001010000100000000001101111000010011110000011111011110000000001100000000000000110111010111000000001000000000011000111100000000000000000000000111100000000000000000000000110111000001000110000000000000000000000000000000111000011001010111100000000001110001111101111
110000000000001110101110000000011010011100100001111001110011100000000000010010011100100001101000000010111110000011110111110001011011100000000000000000011001111100000000011000001011000111100000000000000000000000111100111111101000000000000110111000001000110000000000000000000000000000000111000011001010111100000000001110001111101111
110000000000001110101100000000000000011100100001111001101011100000000000011110111110100001101110010000011111110011110111110000000001100000000000000000011001111000001000011000001011000111100001000000000000111010111100000000000000000000000100111000010000110000000000000000000000000000000111000011001011111110000000001110001111111111
110000000000001110101110000000000000011100100001111001100011100000000000010000111010111011101110100010111011110011110111110001010011100000000000000000011100111000010000011000001011000111110000000000000000000000111100000000000000000000000100111000001000110000000000000000000000000000000111000011001000111100000000001110001111101111
110000000000001110101110000000000000011100110001111001100011100000000000010010111000100001101110010011011101101011111111110001011111111101111000000110100000111100000000000000000011001011100000000000000000000000111100111111101000000000000110111000010000110000000000000000000000000000000111000011001011111100000000001110001111111111
~~~
2.0 202.0 70.0 205.0 1277.0 
2.0 224.0 53.0 205.0 1039.0 
2.0 223.0 52.0 194.0 1058.0 
2.0 223.0 61.0 173.0 1068.0 
1.0 223.0 56.0 215.0 1037.0 
2.0 215.0 62.0 178.0 1144.0 
1.0 210.0 58.0 230.0 1185.0 
2.0 234.0 55.0 164.0 972.0 
1.0 211.0 62.0 218.0 1181.0 
1.0 211.0 60.0 227.0 1186.0 
2.0 213.0 60.0 195.0 1190.0 
2.0 227.0 51.0 195.0 1032.0 
0.0 230.0 58.0 171.0 1005.0 
1.0 222.0 61.0 173.0 1099.0 
1.0 225.0 58.0 171.0 1041.0 
1.0 231.0 53.0 172.0 995.0 
2.0 223.0 54.0 205.0 1047.0 
2.0 226.0 58.0 175.0 1040.0 
1.0 216.0 59.0 205.0 1133.0 
2.0 221.0 58.0 182.0 1092.0 
1.0 195.0 70.0 231.0 1357.0 
1.0 204.0 67.0 210.0 1259.0 
1.0 212.0 61.0 217.0 1187.0 
2.0 221.0 56.0 189.0 1118.0 
2.0 221.0 61.0 177.0 1080.0 
1.0 221.0 55.0 206.0 1086.0 
1.0 224.0 57.0 182.0 1080.0 
1.0 226.0 57.0 212.0 1035.0 
1.0 235.0 52.0 183.0 951.0 
1.0 207.0 65.0 212.0 1224.0 
2.0 190.0 75.0 220.0 1423.0 
2.0 229.0 53.0 174.0 1035.0 
2.0 211.0 63.0 184.0 1176.0 
1.0 205.0 66.0 214.0 1242.0 
1.0 214.0 61.0 205.0 1148.0 
1.0 212.0 65.0 194.0 1179.0 
1.0 213.0 61.0 218.0 1170.0 
0.0 217.0 61.0 198.0 1131.0 
1.0 228.0 55.0 187.0 1033.0 
2.0 230.0 53.0 174.0 1004.0 
1.0 222.0 57.0 191.0 1053.0 
1.0 184.0 79.0 248.0 1480.0 
1.0 222.0 64.0 176.0 1093.0 
2.0 197.0 67.0 220.0 1322.0 
1.0 217.0 61.0 190.0 1111.0 
2.0 231.0 53.0 172.0 957.0 
1.0 220.0 58.0 187.0 1124.0 
1.0 223.0 62.0 189.0 1087.0 
2.0 229.0 56.0 177.0 1005.0 
0.0 233.0 54.0 180.0 972.0 
1.0 209.0 64.0 220.0 1213.0 
1.0 205.0 66.0 214.0 1242.0 
1.0 213.0 64.0 187.0 1168.0 
2.0 218.0 64.0 174.0 1136.0 
2.0 226.0 54.0 180.0 1051.0 
0.0 215.0 60.0 204.0 1147.0 
2.0 230.0 59.0 170.0 1016.0 
1.0 203.0 65.0 225.0 1265.0 
1.0 226.0 55.0 192.0 1043.0 
1.0 198.0 68.0 226.0 1327.0 
1.0 220.0 58.0 190.0 1105.0 
2.0 206.0 63.0 205.0 1228.0 
1.0 212.0 62.0 210.0 1184.0 
2.0 224.0 55.0 184.0 1083.0 
0.0 225.0 59.0 206.0 1051.0 
1.0 210.0 64.0 218.0 1205.0 
2.0 232.0 52.0 178.0 999.0 
1.0 210.0 61.0 220.0 1173.0 
1.0 221.0 55.0 215.0 1065.0 
2.0 229.0 49.0 193.0 1001.0 
1.0 209.0 65.0 208.0 1197.0 
1.0 217.0 59.0 188.0 1113.0 
2.0 222.0 56.0 186.0 1089.0 
1.0 219.0 58.0 202.0 1102.0 
1.0 198.0 68.0 228.0 1315.0 
1.0 211.0 63.0 197.0 1189.0 
1.0 203.0 70.0 238.0 1260.0 
1.0 226.0 54.0 180.0 1059.0 
1.0 215.0 65.0 185.0 1151.0 
1.0 216.0 60.0 193.0 1133.0 
2.0 221.0 60.0 183.0 1068.0 
1.0 205.0 65.0 206.0 1246.0 
~~~
33.855
