1110101101
1110101101
1110101110
1110101110
1110101110
1110100110
1110100110
1110100110
1110100101
1110010000
1110010000
1110100101
1111111101
1110110001
1111111101
1110110111
1110010110
1110110001
1111111001
1111010010
1111111001
1110110111
1111010010
1110000011
1111110111
1111010011
1110010111
1110010111
1110010000
1110010111
1111111101
1111010111
1111110111
1110000011
1110101111
1111010011
1111011010
1111010010
1111011010
1110000000
1111010111
1110111111
1111110001
1110100010
1110100011
1111111111
1111110001
1110000000
1110110111
1110100000
1110000011
1111111011
1111111011
1110100010
1111011010
1110100011
1110100000
1110010011
1110110011
1111011011
1110110011
1110010010
1110100010
1110101111
1110000010
1111011111
1110100111
1111110010
1111111001
1111110001
1111110010
1111111111
1111011111
1110100001
1111011011
1110010110
1110010011
1110010010
1111111011
1110100000
1111110011
1110101111
1110000000
1110100001
1110100111
1110000010
1110011111
1111110011
1110111111
1110100011
1110100111
1111011011
1111111111
1110011111
1110011110
1110110011
1111110011
1110011110
1111011111
1110000010
~~~
0.0 3.0 3.0 15.0 67.0 
0.0 3.0 3.0 15.0 67.0 
1.0 3.0 3.0 15.0 64.0 
1.0 3.0 3.0 15.0 64.0 
1.0 3.0 3.0 15.0 64.0 
2.0 4.0 2.0 15.0 51.0 
2.0 4.0 2.0 15.0 51.0 
2.0 4.0 2.0 15.0 51.0 
1.0 4.0 2.0 15.0 54.0 
0.0 6.0 3.0 8.0 40.0 
0.0 6.0 3.0 8.0 40.0 
1.0 4.0 2.0 15.0 54.0 
1.0 1.0 5.0 15.0 88.0 
2.0 4.0 3.0 10.0 55.0 
1.0 1.0 5.0 15.0 88.0 
3.0 2.0 3.0 15.0 68.0 
1.0 4.0 3.0 13.0 53.0 
2.0 4.0 3.0 10.0 55.0 
3.0 2.0 5.0 10.0 80.0 
2.0 4.0 4.0 8.0 57.0 
3.0 2.0 5.0 10.0 80.0 
3.0 2.0 3.0 15.0 68.0 
2.0 4.0 4.0 8.0 57.0 
4.0 5.0 2.0 8.0 44.0 
3.0 1.0 4.0 15.0 80.0 
4.0 3.0 4.0 8.0 65.0 
2.0 3.0 3.0 13.0 61.0 
2.0 3.0 3.0 13.0 61.0 
0.0 6.0 3.0 8.0 40.0 
2.0 3.0 3.0 13.0 61.0 
1.0 1.0 5.0 15.0 88.0 
3.0 2.0 4.0 13.0 73.0 
3.0 1.0 4.0 15.0 80.0 
4.0 5.0 2.0 8.0 44.0 
1.0 2.0 3.0 15.0 72.0 
4.0 3.0 4.0 8.0 65.0 
3.0 3.0 5.0 8.0 70.0 
2.0 4.0 4.0 8.0 57.0 
3.0 3.0 5.0 8.0 70.0 
1.0 7.0 2.0 8.0 31.0 
3.0 2.0 4.0 13.0 73.0 
2.0 1.0 4.0 15.0 81.0 
2.0 3.0 4.0 10.0 67.0 
2.0 5.0 2.0 10.0 43.0 
3.0 4.0 2.0 10.0 51.0 
2.0 0.0 5.0 15.0 93.0 
2.0 3.0 4.0 10.0 67.0 
1.0 7.0 2.0 8.0 31.0 
3.0 2.0 3.0 15.0 68.0 
1.0 6.0 2.0 10.0 38.0 
4.0 5.0 2.0 8.0 44.0 
5.0 1.0 5.0 10.0 85.0 
5.0 1.0 5.0 10.0 85.0 
2.0 5.0 2.0 10.0 43.0 
3.0 3.0 5.0 8.0 70.0 
3.0 4.0 2.0 10.0 51.0 
1.0 6.0 2.0 10.0 38.0 
3.0 4.0 3.0 8.0 53.0 
4.0 3.0 3.0 10.0 60.0 
5.0 2.0 5.0 8.0 78.0 
4.0 3.0 3.0 10.0 60.0 
1.0 5.0 3.0 8.0 45.0 
2.0 5.0 2.0 10.0 43.0 
1.0 2.0 3.0 15.0 72.0 
2.0 6.0 2.0 8.0 36.0 
2.0 1.0 5.0 13.0 86.0 
2.0 3.0 2.0 15.0 59.0 
3.0 3.0 4.0 10.0 64.0 
3.0 2.0 5.0 10.0 80.0 
2.0 3.0 4.0 10.0 67.0 
3.0 3.0 4.0 10.0 64.0 
2.0 0.0 5.0 15.0 93.0 
2.0 1.0 5.0 13.0 86.0 
1.0 5.0 2.0 10.0 46.0 
5.0 2.0 5.0 8.0 78.0 
1.0 4.0 3.0 13.0 53.0 
3.0 4.0 3.0 8.0 53.0 
1.0 5.0 3.0 8.0 45.0 
5.0 1.0 5.0 10.0 85.0 
1.0 6.0 2.0 10.0 38.0 
4.0 2.0 4.0 10.0 72.0 
1.0 2.0 3.0 15.0 72.0 
1.0 7.0 2.0 8.0 31.0 
1.0 5.0 2.0 10.0 46.0 
2.0 3.0 2.0 15.0 59.0 
2.0 6.0 2.0 8.0 36.0 
1.0 2.0 4.0 13.0 74.0 
4.0 2.0 4.0 10.0 72.0 
2.0 1.0 4.0 15.0 81.0 
3.0 4.0 2.0 10.0 51.0 
2.0 3.0 2.0 15.0 59.0 
5.0 2.0 5.0 8.0 78.0 
2.0 0.0 5.0 15.0 93.0 
1.0 2.0 4.0 13.0 74.0 
0.0 3.0 4.0 13.0 66.0 
4.0 3.0 3.0 10.0 60.0 
4.0 2.0 4.0 10.0 72.0 
0.0 3.0 4.0 13.0 66.0 
2.0 1.0 5.0 13.0 86.0 
2.0 6.0 2.0 8.0 36.0 
~~~
0.954
