11111100100000000000000000000
11110101111111111001100101000
11010000000000000000000000000
11010000000000011000000110000
11111100100000000000000000000
11010000000000000000000000000
11111000000000011000000101000
11010000000000000000000000000
11111101111111110001100101000
11110000000000000000000000000
00010000000000000000000000000
11111000000000011000000101000
11010000000000000001000000000
11010000000000000000000000000
11110100000000010001000101000
11110000000000011000000101000
11010000000000000001000000000
11010000000000000000000000000
11111100100000010000000101000
00111000000000000000000000000
11111100100000011000000101000
11010100100000000000000000000
11111000000000000000000000000
11010000000000010001000000001
11010000000000000000000000000
11110100100000000000000000000
11010000000000001000000110000
11111100100000000011001000000
00010000000000000000000000000
00010000000000000001000000000
00010000000000000000000000000
11010000010000111000000110000
10010000000000000000000000000
11010101111111111001100110000
11010000010000111001000110001
11110000000000011000000110000
11110000010000111000000101000
11110000000000010000000101000
11110100110000111000000110000
11111101111111110001101000000
11110100110001111001100101000
11111100111000111000000101000
11110100000000000001000000000
11110100110001111001100110000
11111100100000000001100000000
11010000000000010000000101000
11111000000000000000000000000
11111000000000000001000000000
11111100100000000001000000000
11010000010000111000000101000
11010100100000000000000000000
11111100100000000011100000000
11110100100000000000000000000
11111100000000000001000000000
11110100010000111001000101000
11110100100000011001000101000
11111100100000000011000000000
01010000000000000000000000000
11111100000000000000000000000
11110100110000111001000101000
11110000000000000001000000000
11110000000000000001000000000
11110000000000011001000101000
11110100100000011000000110000
11111100100000000011101000000
11110101111111111001100101000
11111000000000000000000000000
11111100100000000000000000000
00010000000000000000000000000
11111100100000011000000101000
11010000000000011000000110000
11111100110000111000000101000
11010000000000011000000110000
11010000010000111000000110000
10010000000000000000000000000
10010000000000000000000000000
10010000000000000000000000000
11111100111000110000000101000
11110000000000000000000000000
11110000000000000000000000000
11110000000000000000000000000
11010000010000111000000110000
11111100100000011000000101000
11010000000000010001000101000
11111100100000000011000000000
11111000000000000000000000000
11010000000000000001000000001
11111100110001111001100101000
11010000000000000000000000001
11110100110000111000000110000
11110000000000011000000101000
11110100100000000001000000000
11111100100000000001000000000
11010101111111111001100110000
11111101111111110001101001000
11010000000000011001000110000
11010000000000001000000110000
11111100100000000000000000000
11010000000000010000000101000
11010000010000111001000110000
~~~
1.0 36.0 5.0 25.0 124.0 
6.0 18.0 18.0 41.0 295.0 
0.0 41.0 4.0 15.0 74.0 
2.0 35.0 10.0 15.0 130.0 
1.0 36.0 5.0 25.0 124.0 
0.0 41.0 4.0 15.0 74.0 
2.0 33.0 9.0 23.0 145.0 
0.0 41.0 4.0 15.0 74.0 
6.0 18.0 17.0 45.0 290.0 
0.0 40.0 4.0 17.0 85.0 
3.0 43.0 2.0 15.0 52.0 
2.0 33.0 9.0 23.0 145.0 
2.0 39.0 4.0 15.0 91.0 
0.0 41.0 4.0 15.0 74.0 
5.0 32.0 8.0 20.0 157.0 
2.0 34.0 9.0 19.0 140.0 
2.0 39.0 4.0 15.0 91.0 
0.0 41.0 4.0 15.0 74.0 
3.0 31.0 9.0 27.0 169.0 
3.0 41.0 2.0 21.0 68.0 
3.0 30.0 10.0 27.0 179.0 
1.0 38.0 5.0 19.0 108.0 
0.0 39.0 4.0 21.0 90.0 
4.0 37.0 6.0 15.0 104.0 
0.0 41.0 4.0 15.0 74.0 
1.0 37.0 5.0 21.0 119.0 
2.0 36.0 9.0 15.0 123.0 
5.0 32.0 5.0 33.0 153.0 
3.0 43.0 2.0 15.0 52.0 
5.0 41.0 2.0 15.0 69.0 
3.0 43.0 2.0 15.0 52.0 
3.0 32.0 13.0 15.0 161.0 
1.0 42.0 3.0 15.0 67.0 
6.0 19.0 19.0 37.0 285.0 
6.0 29.0 14.0 15.0 184.0 
2.0 34.0 10.0 17.0 141.0 
3.0 31.0 12.0 19.0 171.0 
2.0 35.0 8.0 19.0 130.0 
4.0 28.0 14.0 21.0 206.0 
6.0 21.0 14.0 48.0 258.0 
6.0 23.0 15.0 30.0 254.0 
4.0 26.0 13.0 32.0 221.0 
3.0 37.0 4.0 18.0 112.0 
6.0 23.0 16.0 28.0 255.0 
4.0 32.0 6.0 32.0 162.0 
2.0 36.0 8.0 17.0 119.0 
0.0 39.0 4.0 21.0 90.0 
2.0 37.0 4.0 21.0 107.0 
3.0 34.0 5.0 25.0 141.0 
3.0 32.0 12.0 17.0 160.0 
1.0 38.0 5.0 19.0 108.0 
5.0 31.0 6.0 35.0 168.0 
1.0 37.0 5.0 21.0 119.0 
3.0 36.0 4.0 22.0 117.0 
6.0 28.0 12.0 20.0 198.0 
5.0 29.0 10.0 23.0 191.0 
4.0 33.0 5.0 28.0 147.0 
2.0 42.0 3.0 15.0 59.0 
1.0 38.0 4.0 22.0 100.0 
6.0 26.0 13.0 23.0 222.0 
2.0 38.0 4.0 17.0 102.0 
2.0 38.0 4.0 17.0 102.0 
4.0 32.0 9.0 19.0 157.0 
3.0 31.0 11.0 21.0 175.0 
6.0 30.0 6.0 40.0 174.0 
6.0 18.0 18.0 41.0 295.0 
0.0 39.0 4.0 21.0 90.0 
1.0 36.0 5.0 25.0 124.0 
3.0 43.0 2.0 15.0 52.0 
3.0 30.0 10.0 27.0 179.0 
2.0 35.0 10.0 15.0 130.0 
4.0 27.0 13.0 27.0 210.0 
2.0 35.0 10.0 15.0 130.0 
3.0 32.0 13.0 15.0 161.0 
1.0 42.0 3.0 15.0 67.0 
1.0 42.0 3.0 15.0 67.0 
1.0 42.0 3.0 15.0 67.0 
4.0 27.0 12.0 32.0 211.0 
0.0 40.0 4.0 17.0 85.0 
0.0 40.0 4.0 17.0 85.0 
0.0 40.0 4.0 17.0 85.0 
3.0 32.0 13.0 15.0 161.0 
3.0 30.0 10.0 27.0 179.0 
4.0 34.0 8.0 17.0 136.0 
4.0 33.0 5.0 28.0 147.0 
0.0 39.0 4.0 21.0 90.0 
3.0 38.0 5.0 15.0 97.0 
6.0 22.0 15.0 34.0 259.0 
1.0 40.0 5.0 15.0 80.0 
4.0 28.0 14.0 21.0 206.0 
2.0 34.0 9.0 19.0 140.0 
3.0 35.0 5.0 21.0 136.0 
3.0 34.0 5.0 25.0 141.0 
6.0 19.0 19.0 37.0 285.0 
6.0 19.0 15.0 50.0 279.0 
4.0 33.0 10.0 15.0 147.0 
2.0 36.0 9.0 15.0 123.0 
1.0 36.0 5.0 25.0 124.0 
2.0 36.0 8.0 17.0 119.0 
5.0 30.0 13.0 15.0 178.0 
~~~
7.433
