1000000000000000010000000001100000000000000000000
1111111110111110011100000001111011011011100100000
1000000000000000010000110101111011000000000000000
1111111111000000011101110111111011000001111111001
1000011000000000010000000001111011000000000000000
1111111110111110011101110101111011000001100100000
1111111111111111010000000001111111011011100100000
1000000000000000011101110111100000000000000011001
1111010111000000011101110101111001000000000000000
1111111000000000010000000001111011000000000000000
1000000000000000011101110101100000000000000011001
1000000000000000010000000001111011000000000000000
1000000000000000011000000001100001000000000000000
1111111111111111111101110111111011011011101100000
1000000000000000010000110101100000000000000000000
1111010111000000011101110101111001000000000000000
1111110111000000010000000001111011000000000000000
1000000000000000010000000001100000000000000000000
1000000000000000011101110101111011000001100100000
1111010110000000011101111111100001000000000011001
1111110110000000011101110111100000000000000011001
1111010111110110111101111111111011000001101111001
1111111111000000011000000001111011000000000000000
1000000000000000010000000001111011000001100100000
1111111110111110011101110101111011000001100100000
1000000000000000010000000001111011000000000000000
1111110111000000011101111111111011000000000011001
1111111000000000010000000001111011000001100100000
1111111000000000010000000001111011000001100100000
1111110110000000010000000001111011000000000000000
1000000000000000011101111111100000000000000000000
1000000000000000010000000001111011000000000000000
1111110111000000011101110101111011000001100100000
1111010110000000011101110111100000000000000011001
1000000000000000011101111111100001000000000011001
1111110111000000011101111111111001000000000011001
1111111000000000010000000001111111000001100100000
1111010111000000011101111111111001000001111011001
1100010000000000010000000001100000000000000000000
1111111110111111011101110101111011000001100100000
1000000000000000011101110101111001000000000011001
1111110111110110111101110111111011000001100111001
1111111000000000010000000001111111011011100100000
1111111111111111111101110101111111011011100100000
1111111110111110011000000001111011011011100100000
1111111000000000010000000001111111111011100100000
1000000000000000010000000001111011000001100100000
1111111111000000011101110101111011000001100100000
1000000000000000011101110111100000000000000000000
1100010000000000010000000001100000000000000000000
1111111000000000010000000001111011011011100100000
1000011000000000010000000001111111011011100100000
1111111110000000010000000001111011011011100100000
1000000000000000011000000001111011000000000000000
1000000000000000011101111111100000000000000011001
1111010111000000011101111111111001000000000011001
1111111110000000010000000001111011000001100100000
1111111111111110111101111111111011000001110111001
1000000000000000010000000001111001000001100100000
1000000000000000011101110101111011000000000000000
1000011000000000010000000001111011000001100100000
1111110000000000011101110101111011000000000000000
1000000000000000011101110111111011000000000000000
1111110111000000011101110101111001000000000011001
1111110000000000010000000001111001000000000000000
1000000000000000010000000001111001000000000000000
1111111111000000010000000001111011000001100100000
1111111111111110111101110111111011011011100100000
1111110111000000011101110111111011000001110111001
1111110000000000010000000001111011000000000000000
1111110111000000011101111111111001000001111111001
1000000000000000010000000001100000000000000000000
1111110111000000011101110111111011000000000000000
1000000000000000011101110101111001000000000000000
1111111110111111111101110101111111011011100100000
1000000000000000011101110101100000000000000000000
1000000000000000010000110111100000000000000000000
1000000000000000010000110101100000000000000000000
1000000000000000010000000001100001000000000000000
1111110110000000011101110101111011000000000000000
1111111111111111111101111111111011000001111111001
1111111110000000011101110101111011000000000000000
1111000000000000011101111111100000000000000011001
1100010110000000011101110101111001000000000000000
1111111110000000011101110101111011000001100100000
1111111000000000010000000001111011000000000000000
1000000000000000010000000001100000000000000000000
1111111110111111010000000001111111111011100100000
1000000000000000010000000001111001000000000000000
1111111110111110010000000001111011000001100100000
1111011000000000010000000001111011000001100100000
1111111111000000010000000001111011011011100100000
1111111111000000011101110101111011000001100111001
1000000000000000011101110101111001000000000000000
1000000000000000011101110101100000000000000000000
1000000000000000011101110101100000000000000000000
1111110111110110111101111111111011000001111111001
1111111110111111010000000001111011011011100100000
1100010110000000011101110111100000000000000011001
1000000000000000010000000001100000000000000000000
~~~
0.0 45.0 2.0 9.0 40.0 
1.0 20.0 11.0 60.0 252.0 
0.0 38.0 5.0 19.0 100.0 
0.0 17.0 18.0 39.0 290.0 
1.0 39.0 2.0 26.0 85.0 
0.0 19.0 14.0 48.0 268.0 
0.0 19.0 11.0 74.0 258.0 
0.0 35.0 11.0 9.0 131.0 
0.0 29.0 11.0 23.0 186.0 
0.0 35.0 4.0 31.0 125.0 
0.0 36.0 10.0 9.0 121.0 
0.0 41.0 2.0 19.0 75.0 
2.0 43.0 2.0 9.0 57.0 
0.0 11.0 19.0 65.0 332.0 
0.0 42.0 5.0 9.0 65.0 
0.0 29.0 11.0 23.0 186.0 
0.0 33.0 6.0 28.0 151.0 
0.0 45.0 2.0 9.0 40.0 
0.0 32.0 8.0 26.0 149.0 
1.0 27.0 15.0 16.0 210.0 
0.0 28.0 14.0 18.0 201.0 
0.0 14.0 22.0 39.0 317.0 
1.0 31.0 6.0 32.0 165.0 
0.0 38.0 3.0 26.0 97.0 
0.0 19.0 14.0 48.0 268.0 
0.0 41.0 2.0 19.0 75.0 
0.0 22.0 16.0 28.0 254.0 
0.0 32.0 5.0 38.0 147.0 
0.0 32.0 5.0 38.0 147.0 
0.0 34.0 5.0 28.0 145.0 
0.0 37.0 9.0 9.0 114.0 
0.0 41.0 2.0 19.0 75.0 
0.0 24.0 12.0 35.0 225.0 
0.0 29.0 14.0 16.0 190.0 
1.0 33.0 12.0 9.0 151.0 
0.0 23.0 16.0 25.0 248.0 
0.0 31.0 5.0 47.0 152.0 
0.0 20.0 19.0 28.0 270.0 
0.0 43.0 3.0 12.0 60.0 
0.0 18.0 14.0 53.0 279.0 
0.0 33.0 10.0 16.0 150.0 
0.0 15.0 20.0 41.0 305.0 
0.0 28.0 6.0 59.0 172.0 
0.0 12.0 17.0 74.0 316.0 
1.0 21.0 10.0 60.0 245.0 
0.0 27.0 6.0 66.0 186.0 
0.0 38.0 3.0 26.0 97.0 
0.0 23.0 12.0 39.0 230.0 
0.0 38.0 8.0 9.0 102.0 
0.0 43.0 3.0 12.0 60.0 
0.0 29.0 6.0 50.0 167.0 
1.0 32.0 4.0 54.0 132.0 
0.0 27.0 7.0 51.0 192.0 
1.0 40.0 2.0 19.0 84.0 
0.0 34.0 12.0 9.0 143.0 
0.0 24.0 16.0 23.0 237.0 
0.0 30.0 6.0 39.0 172.0 
0.0 11.0 22.0 48.0 341.0 
0.0 39.0 3.0 23.0 91.0 
0.0 35.0 7.0 19.0 127.0 
1.0 36.0 3.0 33.0 107.0 
0.0 30.0 9.0 27.0 172.0 
0.0 34.0 8.0 19.0 137.0 
0.0 25.0 14.0 25.0 226.0 
0.0 37.0 4.0 24.0 114.0 
0.0 42.0 2.0 16.0 69.0 
0.0 29.0 7.0 39.0 178.0 
0.0 13.0 18.0 60.0 310.0 
0.0 19.0 17.0 35.0 274.0 
0.0 36.0 4.0 27.0 120.0 
0.0 18.0 19.0 32.0 291.0 
0.0 45.0 2.0 9.0 40.0 
0.0 26.0 12.0 28.0 213.0 
0.0 36.0 7.0 16.0 121.0 
0.0 13.0 16.0 74.0 310.0 
0.0 39.0 7.0 9.0 92.0 
0.0 41.0 6.0 9.0 75.0 
0.0 42.0 5.0 9.0 65.0 
1.0 44.0 2.0 9.0 48.0 
0.0 28.0 10.0 28.0 197.0 
0.0 9.0 23.0 53.0 363.0 
0.0 27.0 10.0 32.0 202.0 
0.0 31.0 14.0 12.0 172.0 
0.0 32.0 9.0 20.0 166.0 
0.0 24.0 11.0 39.0 224.0 
0.0 35.0 4.0 31.0 125.0 
0.0 45.0 2.0 9.0 40.0 
0.0 19.0 10.0 81.0 266.0 
0.0 42.0 2.0 16.0 69.0 
0.0 25.0 9.0 48.0 216.0 
0.0 33.0 5.0 36.0 136.0 
0.0 26.0 8.0 51.0 198.0 
0.0 20.0 15.0 39.0 259.0 
0.0 36.0 7.0 16.0 121.0 
0.0 39.0 7.0 9.0 92.0 
0.0 39.0 7.0 9.0 92.0 
0.0 12.0 23.0 41.0 338.0 
0.0 21.0 10.0 65.0 247.0 
0.0 31.0 13.0 13.0 176.0 
0.0 45.0 2.0 9.0 40.0 
~~~
7.244
