111111111111111111111111111111111111111111111111111111111111111111111111111111111110111111111111111111111111111111111111111111111111111111111111111111111111111111111111111111111111111111111111111111111111111111111111111111111111111111111111111011111111111111111111111111111111111111111111111111111111111111111111111111111111111111
110000000000001111001100000000000000000000000001111001100000000000000000000000000000000000000000000000000000000011110011100010000001100000000000000000011001111000100000000000000011100011100000000000000000000000111100000000000000000000000100000000000000000000000000000000000000000000000000000000000000000000000000000000001111101111
111111111111111111111111111111111111111111111111111111111111111111111110111111111111111111111111111111111111111111111111111111111111111111111111111111111111111111111111111111111111111111111111111111111111111111111111111111111111111110111111111111111111111111111111111111111111111111111111111111111111111111111111111111111111111111
110000000000000000000000000000000000000000000001111001100000000000000000000000100000000000000000000000011000000011110011100010000001100000000000000000011001111100000000000000000011100011100000000000000000000000111100000000000000000000000100000000000000000000000000000000000000000000000000000000000000000000000000000000001111101111
110000000000001110101100000000000000000000000001111001100000000000000000000000000000000000000000000010000000000011110011110000000001100000000000000000011001111000001000000000000011001011100000000000000000000000111100000000000000000000000100000000000000000000000000000000000000000000000000000000000000000000000000000000001111101111
110000000000000000000000000000000000000000000001111100100000000000000000000100000000000000000000000000011000000011110011100010000001100000000000000000011010111000010000000000000011000111100000000000000000000000111100000000000000000000111000000000000000000000000000000000000000000000000000000000000000000000000000000000001111111111
111111111111110000000000000000000000000000000001111010101111011111111110011110011110111011111110101010111010000011110011100011001111111111111000000110100000111111101010100000000011000111101110000000000000111011111111111111111001101110111101111000110110111110111011101111011111100111011000000011001010111001111111111101101111111111
111111111111111111111111111111111111111111111111111111111111111111111111111111111111111111111111111111111111111111111111111111111111111111111111111111111111111111111111111111111111111111111111011111111111111111111111111111111111111111111111111111111111111111111111101111111111111111111111111111111111111111111111111111111111111111
110000000000001111111110000000011010101111101001111111100011111110100101010110011111000001101110001100000000000011111111111111011111111110000000000111100000111100011111100000000011000111111111111110101110111001111111111110000000000000111110111010010000111111011011001111011110111110111110001111100000000000000011110000001111111111
110000000000001110101100000000000000000000000001111001100000000000000000000000000000000000000000000000000000000011110011110000000001111110000000000111000000111001000000000000000011001011100000000000000000000000111100000000000000000000000100000000000000000000000000000000000000000000000000000000000000000000000000000000001111101111
111101111011111110111111000000011110001100101001111101111000000000000000011110100000011111101000000010000000000011110011111110000001100000000000000000011100111000111011111011011011001111101100011110001111000000111100000000000000000000111110111001100000111111011011011111011111101111001110111111110000111110000000001100101111101111
110000000000001110101111111111011100101100101101111010100111100000000000010110011101000001101111000011111111101011111111111011110111100000000000000000011001111110101111111001001011000111111100011110001111000000111111111111101100000000111111111110001000111110111011010000000000000000000110001111011111111101110011111110101111101111
110000000000001110011110001111111010101111101101111001111011100000000000011010011100111011111000000011100000000011111011100010000001111101111011010111011001111001110111100000000011110111101111011101111111111111111100000000000000000000111101111101010101110000000000001111111010111110101000000011001001000000000000001110111111101111
111111111111111111111111111111111111111111111111111111111111111111111111111111111111111111111111111111111111111111111111111111111111111111111111111111111111111111111111011111111111111111111111111111111111111111111111111111111101111111111111111111111111111111111111111111111111111111111111111111111111111111111111111111111111111111
111110000000001110011111101111111010001101010001111001111011011110110000111001011110011101111000000000011100000011110011100010000001111111111111111111011011111111001110100000000011110111101100111110110000111100111100000000000000000000111110111010101101111110111100110000000000000000000111000011011110111100000011111110011111101111
110000000000000000000000000000000000000000000001111001100000000000000000000000000000000000000000000000011000000011110011100010000001100000000000000000011100111000100000000000000011100011110000000000000000000000111100000000000000000000000100000000000000000000000000000000000000000000000000000000000000000000000000000000001111101111
110000000000000000000000000000000000000000000001111001100000000000000000000000000000000000000000000000011000000011110011100010000001111110000000000111000000111010000000000000000011010011100000000000000000000000111100000000000000000000000100000000000000000000000000000000000000000000000000000000000000000000000000000000001111101111
110000000000000000000000000000000000000000000001111100110011011000000001010100011110100001111000000010111010000011110111100011101111111111111011101111011010111010100111111101111011000111111111000000001110111110111111111110000001101011111000111001110101111111011111110000000000000000000111111111011111000111111111111111001111101111
111111111111111111111111111111111111111111111111111111111111111111111111111111111111111111111111111111111111111111111111111111111111111111111111111111111111111101111111111111111111111111111111111111111111111111111111111111111111111111111111111111110111111111111111111111111111111111111111111111111111111111111111111111111111111111
111101111011110000000000000000000000000000000001111001111011011000000001110010011000000001111111101111111000000011111111100010000001111110000000000110100000111101101111011010110111011111111110011111011110000000111111110000000001110000000100111010001001111111111111010000000000000000000111000011110001000100000000001111101111101111
111111111111111111111111111111111111111111111111111111111111111110111111111111111111111111111111111111111111111111111111111111111111111111111111111111111111111111111111111111111111111111111111111111111111111111111111111111111111111111111111111111111111111111111111111111111111111111111111111111111101111111111111111111111111111111
110000000000000000000000000000000000000000000001111100100000000000000000000100000000000000000000000000011000000011110011100010000001100000000000000000011001111100000000000000000011001011100000000000000000000000111100000000000000000000111000000000000000000000000000000000000000000000000000000000000000000000000000000000001111111111
110000000000000000000000000000000000000000000001111001100000000000000000000000100000000000000000000000011000000011110011100010000001100000000000000000011010111001000000000000000011001011100000000000000000000000111100000000000000000000000100000000000000000000000000000000000000000000000000000000000000000000000000000000001111101111
111111111111111111111111111111111111111111111111111111111111111111111111111111111111111111111111111111111111111111111111111111111111111111111111111111111111111111111111111111111111111111111111111111111111111111111111111111111111111111111111111111111111111111011111111111111111111111111111111111111111111111111111111110111111111111
110000000000000000000000000000000000000000000001111010100000000000000000000110000000000000000000000000011000000011110011100010000001100000000000000000011001111000000100000000000011010011100000000000000000000000111111111110000000000000000000000000000000000000000000000000000000000000000000000000000000000000000000000000001111101111
111110000000000000000000000000000000000000000001111001101011111110111100011001111110111111111111101011011010000011110011100010000001111111111111001110111110111011000001011010001111111011101111111101100000111001111111111111111101100011000111000000000000000000000000000000000000000000000000000000000000111110000011110000001111111111
111111111111111111111111111111111111111111111111111111111111111111111111111111111111111111111111111111111111111111111111111111111111111111111111111111111111111110111111111111111111111111111111111111111111111111111111111111111111111111111111111111011111111111111111111111111111111111111111111111111111111111111111111111111111111111
110000000000001110101100000000000000000000000001111010100000000000000000000110000000000000000000000000000000000011110011110000000001111110000000000111000000111001000000000000000011000111100000000000000000000000111111111110000000000000000000000000000000000000000000000000000000000000000000000000000000000000000000000000001111101111
111101111011011111011100101111011100011111011101111010110011111000000001100110011000011011111111111100011011101111111011100011001111111111111011101111011011111011000110011100101111011011101111000000001101111001111111111111101001111000000110111111110001111110111011100000000000000000000000000011011011000101111111111110111111101111
111111111111111111111111111111111111111111111111111111111111111111111111111111111111111111111111111111111111111111111111111111111111111111111111111111111111111111111101111111111111111111111111111111111111111111111111111111111111111111111111111111111111111111111111101111111111111111111111111111111111111111111111111111111111111111
110000000000000000000000000000000000000000000001111001100000000000000000000000000000000000000000000000011000000011110011100010000001100000000000000000011010111010000000000000000011100011100000000000000000000000111100000000000000000000000100000000000000000000000000000000000000000000000000000000000000000000000000000000001111101111
111101111011011111111111001111011101101100110101111010110100000000000000011110111110100001110000000010111111100111110111110001111111111110000000000111000000111011011101111101101011101011111110000000001101000000111111111111111100000000111000111011011011110000000000001111011110101110111111110011010001111000000000001110101111101111
111111111111111111111111111111111111111111011111111111111111111111111111111111111111111111111111111111111111111111111111111111111111111111111111111111111111111111111111111111111111111111111111111111111111111111111111111111111111111111111111111111111111111111111111111111111110111111111111111111111111111111111111111111111111111111
110000000000001111001100000000000000000000000001111001100000000000000000000000000000000000000000000000000000000011110011100010000001100000000000000000011010111000001000000000000011000111100000000000000000000000111100000000000000000000000100000000000000000000000000000000000000000000000000000000000000000000000000000000001111101111
111101111011111110111110001111111111111110000111111001110111011110010101000100011110111110000000000010000000000011110111110001001111111101111111111111111110111110110101100000000011111111111111100000000000111011111111111110000001101101000100111100110110111111111100100000000000000000000111001111110000000110000011110000001111111111
111110000000001111111110000000011100110000011101111001111100000000000000010000011101011111110000000000011101110111111011111001111011100000000000000000011100111100110100111110111111011011111100011110010000111001111111111111101111101110111100111001100010111111011011011111111111110111011111110011101001000111110011111101111111101111
110000000000000000000000000000000000000000000001111001100000000000000000000000000000000000000000000000011000000011110011100010000001100000000000000000011010111001000000000000000011001011100000000000000000000000111100000000000000000000000100000000000000000000000000000000000000000000000000000000000000000100000000000000001111101111
111101111011010000000000000000000000000000000001111001101011111111011010110011111110000001111111100010111000000011110011100011100011111101111011110110111010111011100111011111101111000111101100111101101110111010111111110000000001110101000100111000011100111111111111110000000000000000000111001111011110111110000000001101111111111111
110000000000001110101100000000000000000000000001111100100000000000000000000100000000000000000000000000000000000011110011110000000001100000000000000000011001111000010000000000000011001011100000000000000000000000111100000000000000000000111000000000000000000000000000000000000000000000000000000000000000000000000000000000001111101111
110000000000000000000000000000000000000000000001111010100000000000000000000110000000000000000000000000011000000011110011100010000001111110000000000110100000111000000010000000000011000111100000000000000000000000111111111110000000000000000000000000000000000000000000000000000000000000000000000000000000000000000000000000001111101111
111111111111111111111111111111111111111111111111111111111111111111111101111111111111111111111111111111111111111111111111111111111111111111111111111111111111111111111111111111111111111111111111111111111111111111111111111111111111111111111111111111111111111111111111111111111111111111101111111111111111111111111111111111111111111111
111111111111111111111111111111111111111111111111111111111111111111111111111111111111111111111111011111111111111111111111111111111111111111111111111111111111111101111111111111111111111111111111111111111111111111111111111111111111111111111111111111111111111111111111111111111111111111111111111111111111111111111111111111111111111111
111111111011101110011111110000011000100000000111111101111011100000000000011101011101111101111110111111111011101111110011100010000001100000000000000000011001111000100011100000000011100111110000000000000000111110111100000000000000000000111111111001100011110000000000000000000000000000000110110011100001111101110011111101101111101111
110000000000000000000000000000000000000000000001111001100000000000000000000000000000000000000000000000011000000011111011100010000001100000000000000000011100111010000000000000000011000111100000000000000000000000111100000000000000000000000100000000000000000000000000000000000000000000000000000000000000000000000000000000001111101111
110000000000001110101111001111111101000000010111111110100111011111000101100110111111011011111000000010111111101011110011110001111111111101111011011111011111111101101001111000111111001011111110011111001110111101111111111110000001100001111101111000011100110000000000001111011110110110111110111111001101111101111111110000001111111111
110000000000001111001100000000000000000000000001111001100000000000000000000000000000000000000000000000000000000011110011100010000001100000000000000000011010111000010000000000000011001011100000000000000000000000111100000000000000000000000100000000000000000000000000000000000000000000000000000000000000000000000000000000001111101111
111111111111111111111111111111111111111111111111111111111111111111111111111111111111111101111111111111111111111111111111111111111111111111111111111111111111111111111111111111111111111111111111111111111111111111111111111111111111111011111111111111111111111111111111111111111111111111111111111111111111111111111111111111111111111111
110000000000000000000000000000000000000000000001111001100000000000000000000000000000000000000000000000011010000011110011100010000001111110000000000111000000111000100000000000000011001011100000000000000000000000111100000000000000000000000100000000000000000000000000000000000000000000000000000000000000000000000000000000001111101111
111101111011011110101100001111100000011110001011111101101011111111010010100110111111111111100000000011011101111011111111110000000001111101111000000111111100111111110000111011111111010111101111111100111101111011111100000000000000000000111101111101100100110000000000000000000000000000000111111111101001111101111111111100111111111111
111111111111111111111111111111111111111111101111111111111111111111111111111111111111111111111111111111111111101111111111111111111111111111111111111111111111111111111111111111111111111111111111111111111111111111111111111111111111111111111111111111111111111111111111111111111111111111111111111111111111111111111111111111111111111111
110000000000001110011100000000000000000000000001111010100000000000000000000110000000000000000000000000000000000011110011100010000001100000000000000000011010111100000000000000000011000111100000000000000000000000111111110000000001101000000000000000000000000000000000000000000000000000000000000000000000000000000000000000001111101111
110000000000001110011100000000000000000000000001111001100000000000000000000000000000000000000000000000000000000011110011100010000001111101111000000111000000111000000001000000000011001011100000000000000000000000111100000000000000000000000100000000000000000000000000000000000000000000000000000000000000000000000000000000001111101111
110000000000001110101100000000000000000000000001111100100000000000000000000100000000000000000000000000000000000011110011110000000001100000000000000000011001111000000001000000000011010011100000000000000000000000111100000000000000000000111000000000000000000000000000000000000000000000000000000000000000000000000000000000001111101111
110000000000001111101100000000011011101110111001111110110011011000000001011110111000000001111110011111100000000011111111100010000001111101111011101110111011111100101010011001010011101111111111000000000000000000111111111110000001110111111110111010100000111111111100000000000000000000000110001111001000000001111100001111001111101111
111101110111011110101100111111100000011101010001111001101000000000000000000110011000100001111000000011011101101111111111110000000001111111111000000110100000111110010010111110010111111011100000000000000000000000111100000000000000000000000111111100110000111111111111111111111010100111011111111111111000000101110000001111011111111111
110000000000000000000000000000000000000000000001111001100000000000000000000000000000000000000000000000011000000011111011100010000001100000000000000000011100111000000010000000000011100011100000000000000000000000111100000000000000000000000100000000000000000000000000000000000000000000000000000000000000000000000000000000001111101111
110000000000001110101100000000000000000000000001111001100000000000000000000000000000000000000000000000000000000011110011110000000001100000000000000000011001111000010000000000000011001011100000000000000000000000111100000000000000000000000100000000000000000000000000000000000000000000000000000000000000000000000000000000001111101111
111110000000001110101111111111111101111101110011111001110011111111010001000010111111100001111000000000011101100111110111100010000001111111111111010111011100111000101010111010000111111111111110111110111101111011111100000000000000000000111101111100101111111110111011111111111001110111001000000011010000111001110011111111111111111111
111111111111111111111111111111111111111111111111111111111111111111111111111111111111111111111111111111111111111111111111111111111111111111111111111111111111111111111111111111111111011111111111111101111111111111111111111111111111111111111111111111111111111111111111111111111111111111111111111111111111111111111111111111111111111111
111101110111111111001110101111011011011110111011111001110111011000000000111100011000111011111110110000011111101011110011100011100111100000000000000000011110111110110111111000111011110011100000000000000000111110111111111111111111110000000110111111110011111111111011111111111001110111001110111111101101000001111100001100101111101111
111111111111111111111111111111111111111111111111111111111111111111111111011111111111111111111111111111111111111111111111111111111111111111111111111111111111111111111111111111111111111111111111111111111111111111111111111111111111111111111111111111111111111111111111111111111111111111101111111111111111111111111111111111111111111111
111111111111111111111111111111111111111111111111111111111111111111111110111111111111111111111111111111111111111111111111111111111111111111111111111111111111111111111111111111111111111111111111111110111111111111111111111111111111111111111111111111111111111111111111111111111111111111111111111111111111111111111111111111111111111111
111111111111111111111111111111111111111111111111111111111111111111111111111111111111111111111111101111111111111111111111111111111111111111111111111111111111111111111111111111101111111111111111111111111111111111111111111111111111111111111111111111111111111111111111111111111111111111111111111111111111111111111111111111111111111111
111110000000000000000000000000000000000000000001111001111111100000000000000001011110000001101110001111111000000011111011100010000001100000000000000000011011111100100011100000000011001111111100011100110000111110111111110000000001111110000100111001110010110000000000001111011010110111111111000011001011000111110000001110111111111111
111111111111111111111111111111111111111111111111111111111111111111111111111111111111111111111111111111111111111111111111111111111111111111111111110111111111111111111111111111111111111111111110111111111111111111111111111111111111111111111111111111111111111111111111111111111111111111111111111111111111111111111111111111111111111111
111111111111111111101111111111111111111111111111111111111111111111111111111111111111111111111111111111111111111111111111111111111111111111111111111111111111111111111011111111111111111111111111111111111111111111111111111111111111111111111111111111111111111111111111111111111111111111111111111111111111111111111111111111111111111111
111111111111111111111111111111111111111111111111111111111111111111111111111111111110111111111111111111111111111111111111111111111011111111111111111111111111111111111111111111111111111111111111111111111111111111111111111111111111111111111111111111111111111111111111111111111111111111111111111111111111111111111111111111111111111111
110000000000000000000000000000000000000000000001111100100000000000000000000100000000000000000000000000011000000011110011100010000001100000000000000000011010111000100000000000000011001011100000000000000000000000111100000000000000000000111000000000000000000000000000000000000000000000000000000000000000000000000000000000001111101111
110000000000001111111110111111111100101111001011111100101111111111110001110101011110100001101110101000011001111111110111111000000001111101111011101111011110111010001101111101100111000111101100011110000000111100111111111111110011111111111101111110011001110000000000001111111111110111011000000011011000000111111111111100101111111111
110000000000000000000000000000000000000000000001111001100000000000000000000100000000000000000000000000011000000011110011100010000001100000000000000000011010111000100000000000000011001011110000000000000000000000111100000000000000000000000100000000000000000000000000000000000000000000000000000000000000000000000000000000001111101111
111110000000001111111111111111011111101100111001111001101011111110010000000010011111100001111110001111111111111011111011110000000001111101111011101111111110111011111101011101000111100111100000000000000000111010111100000000000000000000111110111010111100111110111100111111111111101110101111111111111001000000000000001110111111101111
111111111011011111111111100000000000000000011001111100101011111111011001000110000000111100000000000000000000000011110011100010000001111101111000000110111001111001011110011000110111100111111111000000001101000000111100000000000000000000111000000000000000000000000000000000000000000000000000000000000000000001111111111101011111111111
111101111011011111111110000000000000000000011111111110101111111111111111100110000000111101101110100011100000000011110011111110000001111110000000000110100000111011100100111011111011111111101100100000001101111010111111111111111001110001111101111011010110110000000000001111011010111111011110111111111010000111110000000000001111101111
110000000000001111111111101111111100001111110111111011110011111000000001000110100000011110000000000000011001110111111011100011100111100000000000000000011111111011011101011011011011111011110000000000000000111111111111111111110111111110111111111100111100111110111111011111011101100110111000000011001110111000000000000000001111101111
111101111011011110011100110000000000011101001011111110110111111000000000110110100000011111100000000011111011101111111111100011111111100000000000000000011001111010101111111100111011101011111100011101100000111111111111111111111011101100111000000000000000000000000000000000000000000000000000000000000000000101111100000000001111111111
111111111111111111111111111111111111111111111111111111111111111111111111111111111111111111111111111111111111111111111111111111111111111111111111111111111111111111111111111111111111101111111111111111111111111111111111111111111111111111111111111111111111111111111111111111111011111111111111111111111111111111111111111111111111111111
110000000000000000000000000000000000000000000001111100100000000000000000000100000000000000000000000000011000000011110011100010000001100000000000000000011001111100000000000000000011100011100000000000000000000000111100000000000000000000111000000000000000000000000000000000000000000000000000000000000000000000000000000000001111101111
111101111011011111101110111111111000101101111011111010100100000000000000000110011101111111101110001011100000000011111011110011010111100000000000000000011011111000110110011011100111101111101110100000000000111111111111110000000001101011000000111100100111110000000000000000000000000000000111001111111000000001111100001110111111101111
110000000000001110101100000000000000000000000001111001100000000000000000000000000000000000000000000000000000000011110011100010000001100000000000000000011100111000001000000000000011000111100000000000000000000000111100000000000000000000000100000000000000000000000000000000000000000000000000000000000000000000000000000000001111101111
111111111111111111111111111111111111111111111111111111111111111111111111111111111111111111111111111111111011111111111111111111111111111111111111111111111111111111111111111111111111111111111111111111111111111111111111111111111111111111111111111011111111111111111111111111111111111111111111111111111111111111111111111111111111111111
111111111111111111111111111111111111101111111111111111111111111111111111111111111111111111111111111111111111111111111111111111111111111111111111111111111111111111111111111111111111111111111111111111111111111111111111111111111111111111111111111111111111111111111111111111111111111111111111111111111111111111111111111101111111111111
110000000000000000000000000000000000000000000001111100100000000000000000000100000000000000000000000000011000000011110011100010000001100000000000000000011110111000000100000000000011000111100000000000000000000000111100000000000000000000111000000000000000000000000000000000000000000000000000000000000000000000000000000000001111101111
111101111111011111101100110000000000001111010011111001101111011111010101010110011101000001111110111011111101101011110111110001001111111110000000000111011101111111010010000000000011100111101110011110011101111100111111111110000001111110000111111101011100110000000000001111111110101110111110001111100000000101110000000000001111101111
111110000000001110111111110000011100011100100111111001101011111111011001011111011101011111101111111111000000000011110111110011010111111111111011101110111001111111000101111000001111001011101100011100110000111100111111111111101010000000111111111100010001111111011111011111011010100111011000000011101100111111111100001100011111101111
110000000000000000000000000000000000000000000001111001100000000000000000000000000000000000000000000000011000000011111011100010000001100000000000000000011100111000100000000000000011010011100000000000000000000000111100000000000000000000000100000000000000000000000000000000000000000000000000000000000000000000000000000000001111101111
111111111111111111111111111111111111111111111111111111111111111111111111111111111110111111111111111111111111111111111111111111111111111111111111111111111111111111111111111111111111111111111111111111111111111111111111111111111111111110111111111111111111111111111111111111111111111111111111111111111111111111111111111111111111111111
111111111111111111111111111111111111111111111111111111111111111111111111111111111111111111111111111111111111111111111111111111111111111111111111111111111111111111111011111111111111111111111111111111111111111111111111111111111111111111111111111111111111111111111111111111111111110111111111111111111111111111111111111111111111111111
110000000000001110011100000000000000000000000001111100100000000000000000000100000000000000000000000000000000000011110011100010000001100000000000000000011001111000000001000000000011001011100000000000000000000000111100000000000000000000111000000000000000000000000000000000000000000000000000000000000000000000000000000000001111101111
110000000000001111011111110000011011011111001101111010110000000000000000011111111000111101101110011110011001110011111011100011010111111101111111010111111101111101001101100000000011001011111100111110111110111110111111110000000001110000111101111111011010110000000000001111011100100110101111000011011110111100000000001110101111101111
111111111111111111111110111111111111111111111111111111111111111111111111111111111111111111111111111111111111111111111111111111111111111111111111111111111111111111111111111111111111101111111111111111111111111111111111111111111111111111111111111111111111111111111111111111111111111111111111111111111101111111111111111111111111111111
111111111111111111111111111111111111111111111111111111111111111111111111111111111111111111111111111111111111101111111111111111111111111111111111111111111111111111101111111111111111111111111111111111111111111111111111111111111111111111111111111111111111111111111111111111111111111111111111111111111111111111111111111111111111111111
110000000000000000000000000000000000000000000001111001100000000000000000000000000000000000000000000000011000000011110011100010000001100000000000000000011001111010000000000000000011010011100000000000000000000000111100000000000000000000000100000000000000000000000000000000000000000000000000000000000000000000000000000000001111111111
111110000000001110011100001111111101101101101001111010110011100000000000010110000000100001101111101000011100000011111111100010000001100000000000000000011010111100111111111101101011100011101111011110001111111011111111111111101111101101000110000000000000000000000000000000000000000000000000000000000000111111110011111110011111101111
110000000000000000000000000000000000000000000001111001100000000000000000000000000000000000000000000000011000000011110011100010000001100000000000000000011100111000010000100000000011100011100000000000000000000000111100000000000000000000000100000000000000000000000000000000000000000000000000000000000000000000000000000000001111101111
111111111011011111111111101111111011001101100111111100101111111000000000100100111110111101101111001110111011101011111011110011010111111101111111011110111100111000100100111110100111011111101100011100101110111001111111111111111001100001111111111001000000110000000000001111011001110110111000000011111111000000000011110000001111111111
111111111111111111111111111111111111111111111111111111111111111111111111111111111111111111111111111111111111111111111111111111111111111111111111111111111111111111111111111111111111111111111111111111111111111111111111111111111111111111111111111111111111111110111111111111111111111110111111111111111111111111111111111111111111111111
110000000000000000000000000000000000000000000001111100101000000000000000000100000000000000000000000000011000000011110011100010000001100000000000000000011010111000000100000000000011000111100000000000000000000000111100000000000000000000111000000000000000000000000000000000000000000000000000000000000000000000000000000000001111101111
111111111111111111111111111111111111111111111111111111111111111111101111111111111111111111111111111111111111111111111111111111111111111111111111111111111111111111111111111111111111110111111111111111111111111111111111111111111111111111111111111111111111111111111111111111111111111111111111111111111111111111111111111111111111111111
111111111111111111111111111111111111111111111111111111111111111111111111111111111111111111111111111111111111111111111111111111111111111111111111111111111111111111111111111111111111111111111111111111111111111110111111111111111111111111111111111111110111111111111111111111111111111111111111111111111111111111111111111111111111111111
110000000000000000000000000000000000000000000001111010100000000000000000000110000000000000000000000000011000000011110011100010000001100000000000000000011010111001000000000000000011010011100000000000000000000000111111111110000000000000000000000000000000000000000000000000000000000000000000000000000000000000000000000000001111111111
110000000000000000000000000000000000000000000001111100100000000000000000000100000000000000000000000000011000000011111011100010000001111110000000000111000000111001000000000000000011100011100000000000000000000000111100000000000000000000111000000000000000000000000000000000000000000000000000000000000000000000000000000000001111101111
~~~
0.0 2.0 178.0 620.0 3310.0
0.0 279.0 27.0 106.0 507.0
0.0 2.0 178.0 624.0 3302.0
0.0 282.0 25.0 102.0 468.0
0.0 278.0 29.0 106.0 517.0
0.0 279.0 27.0 106.0 517.0
0.0 134.0 109.0 347.0 1974.0
0.0 2.0 178.0 619.0 3300.0
0.0 146.0 96.0 367.0 1840.0
0.0 275.0 27.0 117.0 541.0
0.0 164.0 98.0 273.0 1657.0
0.0 145.0 106.0 321.0 1838.0
0.0 160.0 93.0 315.0 1737.0
0.0 2.0 178.0 625.0 3300.0
0.0 150.0 96.0 380.0 1834.0
0.0 282.0 25.0 101.0 481.0
0.0 279.0 26.0 104.0 505.0
0.0 153.0 98.0 344.0 1748.0
0.0 2.0 177.0 626.0 3307.0
0.0 175.0 92.0 268.0 1545.0
0.0 2.0 177.0 626.0 3306.0
0.0 279.0 27.0 108.0 506.0
0.0 282.0 24.0 103.0 478.0
0.0 2.0 178.0 619.0 3300.0
0.0 275.0 32.0 105.0 541.0
0.0 176.0 82.0 320.0 1532.0
0.0 2.0 178.0 623.0 3300.0
0.0 267.0 34.0 122.0 609.0
0.0 122.0 118.0 397.0 2087.0
0.0 2.0 177.0 626.0 3310.0
0.0 283.0 25.0 98.0 470.0
0.0 141.0 102.0 319.0 1943.0
0.0 2.0 178.0 625.0 3303.0
0.0 279.0 27.0 108.0 503.0
0.0 138.0 104.0 388.0 1931.0
0.0 133.0 110.0 355.0 2001.0
0.0 282.0 25.0 101.0 480.0
0.0 147.0 104.0 330.0 1861.0
0.0 276.0 30.0 114.0 538.0
0.0 271.0 33.0 115.0 570.0
0.0 2.0 178.0 622.0 3298.0
0.0 2.0 177.0 626.0 3306.0
0.0 175.0 87.0 297.0 1563.0
0.0 282.0 26.0 101.0 473.0
0.0 117.0 115.0 429.0 2128.0
0.0 279.0 27.0 108.0 509.0
0.0 2.0 178.0 626.0 3307.0
0.0 278.0 25.0 108.0 511.0
0.0 134.0 109.0 407.0 2014.0
0.0 2.0 178.0 619.0 3302.0
0.0 271.0 33.0 116.0 566.0
0.0 272.0 28.0 126.0 564.0
0.0 276.0 29.0 117.0 534.0
0.0 162.0 91.0 314.0 1669.0
0.0 159.0 93.0 314.0 1696.0
0.0 282.0 26.0 101.0 470.0
0.0 279.0 28.0 106.0 508.0
0.0 122.0 112.0 407.0 2115.0
0.0 2.0 177.0 626.0 3308.0
0.0 123.0 109.0 370.0 2065.0
0.0 2.0 179.0 615.0 3300.0
0.0 2.0 177.0 626.0 3308.0
0.0 2.0 177.0 626.0 3301.0
0.0 186.0 82.0 234.0 1427.0
0.0 2.0 179.0 608.0 3306.0
0.0 2.0 179.0 619.0 3299.0
0.0 2.0 178.0 624.0 3301.0
0.0 280.0 26.0 106.0 504.0
0.0 118.0 113.0 411.0 2116.0
0.0 281.0 26.0 98.0 496.0
0.0 130.0 106.0 380.0 1994.0
0.0 200.0 71.0 288.0 1363.0
0.0 138.0 108.0 363.0 1975.0
0.0 145.0 100.0 354.0 1857.0
0.0 173.0 89.0 282.0 1579.0
0.0 2.0 178.0 618.0 3295.0
0.0 280.0 27.0 108.0 493.0
0.0 164.0 99.0 285.0 1675.0
0.0 279.0 27.0 111.0 500.0
0.0 2.0 179.0 619.0 3308.0
0.0 2.0 179.0 622.0 3304.0
0.0 279.0 26.0 115.0 505.0
0.0 138.0 105.0 368.0 1882.0
0.0 119.0 114.0 410.0 2119.0
0.0 282.0 25.0 101.0 484.0
0.0 2.0 178.0 624.0 3303.0
0.0 2.0 178.0 622.0 3301.0
0.0 276.0 28.0 120.0 530.0
0.0 141.0 99.0 381.0 1895.0
0.0 3.0 176.0 626.0 3291.0
0.0 2.0 177.0 626.0 3302.0
0.0 282.0 26.0 96.0 485.0
0.0 176.0 87.0 271.0 1547.0
0.0 282.0 26.0 101.0 478.0
0.0 119.0 114.0 425.0 2135.0
0.0 2.0 178.0 624.0 3311.0
0.0 279.0 26.0 113.0 509.0
0.0 2.0 178.0 621.0 3303.0
0.0 2.0 177.0 626.0 3304.0
0.0 274.0 31.0 106.0 561.0
0.0 275.0 28.0 115.0 548.0
~~~
0.0857439041138
