0000000000111100000000000011000000000000000000000000000011000000000000000000001100000000000000000011000000000000000000110000000000000000100000000000000000000000000000000000000110000000000000000000000000110000000000000000000000000000000000000000000000000000000000000110000000000000000110110000000000000000000110000000100100100000000000000000000000000000000000000000000000000000000000000000000000000000000000000000000000000000000000000000000000000000000000000000000000000000000000000000000000000000000000000000000000000000000000000000000000000000
1111111111000000111100111111110000111100110011110000111100110000001111111100001100110011111111000000001111001111111100001111111111111111100000000000000000000000000000000000000000000000000000000000000000000000110110110110000000000110000000000000000000000000000000000000000000000000110110110110110110110110110110110110110110110000000000000000000000000000000000000000000000000000000000000000000000000000000000000000000000000000000000000000000000000000000000000000000000000000000000000000000000000000000000000000000000000000000000000000000000000000
0011000000000000110000001100000000110000110011110000000000000000001111001100000000000011000000000000001100000000000000001111001100000000100000000000000000000000000000000000000000000000000000000000110000110000110110110110000000000110000000000000110000000000000000000000000000000000110110110110110110110110110110110110110110110000000000000000000000000000000000000000000000000000000000000000000000000000000000000000000000000000000000000000000000000000000000000000000000000000000000000000000000000000000000000000000000000000000000000000000000000000
0000000000001100000000111111001100000000000000000000000011000000000000000000001100000000000011000011000000000000000000000000000000000000100000000000000000000000000000000000000000000000000000000000000000000000000000000000000000000000000000000000000000000000000000000110000000000000000000000000000110110110110110000000100100100000000000000000000000000000000000000000000000000000000000000000000000000000000000000000000000000000000000000000000000000000000000000000000000000000000000000000000000000000000000000000000000000000000000000000000000000000
1111111111001100001100001100111100111111110011110011110000111100001111111111110000110011111111000011111111001100111111001111110011001111100000000000000000000000000000000000000000000000000000000000110000110000110110110110000000000000000000000000110000000000000000000110000000000000000000000000000110110110110110000000100100100000000000000000000000000000000000000000000000000000000000000000000000000000000000000000000000000000000000000000000000000000000000000000000000000000000000000000000000000000000000000000000000000000000000000000000000000000
1111111100111100001100111100110000000000000000110000110000000011001100111111000011000011001111000000111100001100110000111100000000000011100000000000000000000000000000000000000000000000000000000000110000000000110110110110000000000110000000000000110000000000000000000110000000000000000110110000000000000000000000000000100100100000000000000000000000000000000000000000000000000000000000000000000000000000000000000000000000000000000000000000000000000000000000000000000000000000000000000000000000000000000000000000000000000000000000000000000000000000
0000000000111100110000000011001100000000000000000000000000000000000000000000001100000000000000000011000000000000000000110000000000000000100000000000000000000000000000000000000110000000000000000000000000110000110110110110000000000000000000000000000000000000000000000000000000000000000000000000000000000000000110000000100100100000000000000000000000000000000000000000000000000000000000000000000000000000000000000000000000000000000000000000000000000000000000000000000000000000000000000000000000000000000000000000000000000000000000000000000000000000
0000000000000000110000110000000000000000000000000000000000000000000000000000001100000000000000000011000000000000000000000000000000000000100000000000000000000000000000000000000110000000000000000000000000000000110110110110000000000000000000000000110000000000000000000000000000000000110110110110110110110110110110110110110110110000000000000000000000000000000000000000000000000000000000000000000000000000000000000000000000000000000000000000000000000000000000000000000000000000000000000000000000000000000000000000000000000000000000000000000000000000
1100110000000011110000110000000000110000000011110000110011110000111100111100000000110000111100000000000011001100110011000011110000001100100000000000000000000000000000000000000110000000000000000000110000000000000000000000000000000110000000000000110000000000000000000000000000000000110110110110110110110110110110110110110110110000000000000000000000000000000000000000000000000000000000000000000000000000000000000000000000000000000000000000000000000000000000000000000000000000000000000000000000000000000000000000000000000000000000000000000000000000
1111111111000000111100001111110000111100110011110000110000110000001111001100000000110011111111000000001111001111111111001111111111001111100000000000000000000000000000000000000000000000000000000000110000110000110110110110000000000110000000000000000000000000000000000000000000000000110110110110110110110110110110110110110110110000000000000000000000000000000000000000000000000000000000000000000000000000000000000000000000000000000000000000000000000000000000000000000000000000000000000000000000000000000000000000000000000000000000000000000000000000
1111111111001111111100001111110000111100111111110011110011110000111111111111111100111111111111000011111100001111111111001111111111111111100000000000000000000000000000000000000000000000000000000000000000110000000000000000000000000000000000000000000000000000000000000000000000000000000110110000000110110110110110000000100100100000000000000000000000000000000000000000000000000000000000000000000000000000000000000000000000000000000000000000000000000000000000000000000000000000000000000000000000000000000000000000000000000000000000000000000000000000
1111000000000000000000001100110000110000110011110011000011110000110000000000000000110000111111000011001100001100111111000011110000001111100000000000000000000000000000000000000000000000000000000000110000110000000000000000000000000000000000000000110000000000000000000110000000000000110110110110110110110110110110110110110110110000000000000000000000000000000000000000000000000000000000000000000000000000000000000000000000000000000000000000000000000000000000000000000000000000000000000000000000000000000000000000000000000000000000000000000000000000
0000000000111100000000111100000000000000000000000000000011000000000000000000001111000000000000000011000000000000000000110000000000000000100000000000000000000000000000000000000000000000000000000000000000000000000000000000000000000000000000000000110000000000000000000110000000000000000110110000000000000000000000000000100100100000000000000000000000000000000000000000000000000000000000000000000000000000000000000000000000000000000000000000000000000000000000000000000000000000000000000000000000000000000000000000000000000000000000000000000000000000
0000000000001100000000110011000000000000000000000000000011000000000000000000000000000000000000000011000000000000000000000000000000000000100000000000000000000000000000000000000110000000000000000000110000000000000000000000000000000000000000000000000000000000000000000110000000000000000110110000000110110110110110000000100100100000000000000000000000000000000000000000000000000000000000000000000000000000000000000000000000000000000000000000000000000000000000000000000000000000000000000000000000000000000000000000000000000000000000000000000000000000
0000000000111100110000110011000000000000000000000000110000000000000000000000001111000000000000000000000000000000000000110000000000000000100000000000000000000000000000000000000110000000000000000000000000000000110110110110000000000110000000000000000000000000000000000000000000000000000110110000000000000000000000000000100100100000000000000000000000000000000000000000000000000000000000000000000000000000000000000000000000000000000000000000000000000000000000000000000000000000000000000000000000000000000000000000000000000000000000000000000000000000
0000000000001100000000000000000000000000000000000000000011000000000000000000001100110000000000000000000000000000000000000000000000000000100000000000000000000000000000000000000110000000000000000000000000110000000000000000000000000110000000000000110000000000000000000110000000000000000110110000000110110110110110000000100100100000000000000000000000000000000000000000000000000000000000000000000000000000000000000000000000000000000000000000000000000000000000000000000000000000000000000000000000000000000000000000000000000000000000000000000000000000
0000000000111100000000000000000000000000000000000000000011000000000000000011001111000000000000000000000000000000000000110000000000000000100000000000000000000000000000000000000110000000000000000000000000110000000000000000000000000110000000000000110000000000000000000110000000000000000110110000000000000000000000000000100100100000000000000000000000000000000000000000000000000000000000000000000000000000000000000000000000000000000000000000000000000000000000000000000000000000000000000000000000000000000000000000000000000000000000000000000000000000
0000000000001100110000001111001100000000000000000000000011000000000000000000000000110000000000000011000000000000000000110000000000000000100000000000000000000000000000000000000000000000000000000000110000110000000000000000000000000000000000000000000000000000000000000000000000000000000000000000000000000000110110000000100100100000000000000000000000000000000000000000000000000000000000000000000000000000000000000000000000000000000000000000000000000000000000000000000000000000000000000000000000000000000000000000000000000000000000000000000000000000
0000000000111100110000000000001100000000000000000000000000000000000000000000001100000000000000000011000000000000000000110000000000000000100000000000000000000000000000000000000110000000000000000000000000110000110110110110000000000000000000000000110000000000000000000000000000000000000000000000000000000000000110000000100100100000000000000000000000000000000000000000000000000000000000000000000000000000000000000000000000000000000000000000000000000000000000000000000000000000000000000000000000000000000000000000000000000000000000000000000000000000
0000111111001100110011111111001100000000000000110000001111110000110000001100000000000011000011000011001100111111000011111100001111000011100000000000000000000000000000000000000000000000000000000000110000000000000000000000000000000000000000000000000000000000000000000000000000000000000000000000000000000000110110000000100100100000000000000000000000000000000000000000000000000000000000000000000000000000000000000000000000000000000000000000000000000000000000000000000000000000000000000000000000000000000000000000000000000000000000000000000000000000
0000000000001100000000110011000000000000000000000000000000000000000000000000001100000000000000000011110000000000000000110000000000000000100000000000000000000000000000000000000110000000000000000000000000000000110110110110000000000000000000000000000000000000000000000110000000000000000110110000000000000000110110000000100100100000000000000000000000000000000000000000000000000000000000000000000000000000000000000000000000000000000000000000000000000000000000000000000000000000000000000000000000000000000000000000000000000000000000000000000000000000
0000000000111100110000000011000000000000000000000000000011000000000000000000001111000000001100000011000000000000000000110000000000000000100000000000000000000000000000000000000110000000000000000000000000110000000000000000000000000000000000000000000000000000000000000000000000000000000110110000000000000000000000000000100100100000000000000000000000000000000000000000000000000000000000000000000000000000000000000000000000000000000000000000000000000000000000000000000000000000000000000000000000000000000000000000000000000000000000000000000000000000
0000000000001100000000000000000000000000000000000000000011000000000000000000000000000000000000000011000000000000000000000000000000000000100000000000000000000000000000000000000110000000000000000000110000110000000000000000000000000000000000000000110000000000000000000110000000000000000110110000000110110110110110000000100100100000000000000000000000000000000000000000000000000000000000000000000000000000000000000000000000000000000000000000000000000000000000000000000000000000000000000000000000000000000000000000000000000000000000000000000000000000
0000000000001100110000110011000000000000000000000000000011000000000000000000001100000000000000000011000000000000000000110000000000000000100000000000000000000000000000000000000110000000000000000000000000000000000000000000000000000000000000000000000000000000000000000000000000000000000110110000000000000000110110000000100100100000000000000000000000000000000000000000000000000000000000000000000000000000000000000000000000000000000000000000000000000000000000000000000000000000000000000000000000000000000000000000000000000000000000000000000000000000
1111001100111111110000110011111100001111110000110000001111110000110000111100111100000000000011000000111100000000000011111100111100001100100000000000000000000000000000000000000110000000000000000000000000000000000000000000000000000110000000000000000000000000000000000000000000000000000000000000000000000000000110000000100100100000000000000000000000000000000000000000000000000000000000000000000000000000000000000000000000000000000000000000000000000000000000000000000000000000000000000000000000000000000000000000000000000000000000000000000000000000
0000000000001100000000111111000000000000000000000000000011000000000000000000001100000000000000000000000000000000000000110000000000000000100000000000000000000000000000000000000000000000000000000000000000000000000000000000000000000110000000000000000000000000000000000110000000000000000110110000000000000000110110000000100100100000000000000000000000000000000000000000000000000000000000000000000000000000000000000000000000000000000000000000000000000000000000000000000000000000000000000000000000000000000000000000000000000000000000000000000000000000
0011111100000000001100111100110000111100000011000000111100110000001111111100001100000000000011000000000000001100001100000011000000000011100000000000000000000000000000000000000000000000000000000000000000000000110110110110000000000110000000000000110000000000000000000110000000000000110110110110110110110110110110110110110110110000000000000000000000000000000000000000000000000000000000000000000000000000000000000000000000000000000000000000000000000000000000000000000000000000000000000000000000000000000000000000000000000000000000000000000000000000
0000000000111100000000001111001100000000000000000000000000000000000000000000000011000000000000000011000000000000000000110000000000000000100000000000000000000000000000000000000000000000000000000000110000110000110110110110000000000000000000000000000000000000000000000110000000000000000000000000000000000000000000000000100100100000000000000000000000000000000000000000000000000000000000000000000000000000000000000000000000000000000000000000000000000000000000000000000000000000000000000000000000000000000000000000000000000000000000000000000000000000
1111110000001111110000001111111100110011000011000000000011000000001111110000111100111100111111000000110000001111111100001111111100110011100000000000000000000000000000000000000000000000000000000000000000110000000000000000000000000110000000000000000000000000000000000000000000000000000000000000000110110110110110000000100100100000000000000000000000000000000000000000000000000000000000000000000000000000000000000000000000000000000000000000000000000000000000000000000000000000000000000000000000000000000000000000000000000000000000000000000000000000
1111111111001100111111111100111100111111110011110011111100111100001111111111110000110011111111000011111111111100111111111111111111001111100000000000000000000000000000000000000000000000000000000000110000000000110110110110000000000000000000000000110000000000000000000000000000000000000000000000000000000000110110000000100100100000000000000000000000000000000000000000000000000000000000000000000000000000000000000000000000000000000000000000000000000000000000000000000000000000000000000000000000000000000000000000000000000000000000000000000000000000
0000001100001100000000111100001100000000000000000000000011000000000000000000001100000000000000000011000000000000000000110000000000000000100000000000000000000000000000000000000000000000000000000000000000000000000000000000000000000000000000000000110000000000000000000110000000000000000000000000000000000000110110000000100100100000000000000000000000000000000000000000000000000000000000000000000000000000000000000000000000000000000000000000000000000000000000000000000000000000000000000000000000000000000000000000000000000000000000000000000000000000
0011111100111100110011000000001100110011110000000000000011001111001100001100111111001100111100000011001111110000110011110000001100110000100000000000000000000000000000000000000110000000000000000000000000110000000000000000000000000000000000000000110000000000000000000000000000000000000000000000000000000000000000000000100100100000000000000000000000000000000000000000000000000000000000000000000000000000000000000000000000000000000000000000000000000000000000000000000000000000000000000000000000000000000000000000000000000000000000000000000000000000
0000000000001100000000111111000000000000001100000000000011000000000000000000000000000000000000000011000000000000000000000000000000000000100000000000000000000000000000000000000000000000000000000000110000000000000000000000000000000000000000000000000000000000000000000110000000000000000110110000000110110110110110000000100100100000000000000000000000000000000000000000000000000000000000000000000000000000000000000000000000000000000000000000000000000000000000000000000000000000000000000000000000000000000000000000000000000000000000000000000000000000
0000000000111100000000111111001100000000000000000000000011000000000000000000000000000000000000000000000000000011000000110000000000000000100000000000000000000000000000000000000000000000000000000000110000000000000000000000000000000110000000000000000000000000000000000110000000000000000000000000000000000000000110000000100100100000000000000000000000000000000000000000000000000000000000000000000000000000000000000000000000000000000000000000000000000000000000000000000000000000000000000000000000000000000000000000000000000000000000000000000000000000
0000000000001100110000001100000000000000000000000000000011000000000000000000001100000000000000000000000000000000000000000000000000000000100000000000000000000000000000000000000000000000000000000000000000110000000000000000000000000110000000000000110000000000000000000000000000000000000110110000000110110110110110000000100100100000000000000000000000000000000000000000000000000000000000000000000000000000000000000000000000000000000000000000000000000000000000000000000000000000000000000000000000000000000000000000000000000000000000000000000000000000
1100111111001100111100001111111100111100110011110000110011001100111100000000110000000000110011000000110000000011000011000000001100000011100000000000000000000000000000000000000000000000000000000000110000110000000000000000000000000110000000000000000000000000000000000000000000000000000000000000000110110110110110000000100100100000000000000000000000000000000000000000000000000000000000000000000000000000000000000000000000000000000000000000000000000000000000000000000000000000000000000000000000000000000000000000000000000000000000000000000000000000
0000000000111100110000111111000000000000000000000000001111000000000000000000000000000000000000000011000000000000000000110000000000000000100000000000000000000000000000000000000000000000000000000000110000000000000000000000000000000000000000000000000000000000000000000000000000000000000110110000000000000000000110000000100100100000000000000000000000000000000000000000000000000000000000000000000000000000000000000000000000000000000000000000000000000000000000000000000000000000000000000000000000000000000000000000000000000000000000000000000000000000
0011111111001100000000001111001100111111111111000000000011000000001100111111001100111100000000000000110011000000001111000011000011001100100000000000000000000000000000000000000000000000000000000000000000110000000000000000000000000110000000000000000000000000000000000110000000000000000000000000000110110110110110000000100100100000000000000000000000000000000000000000000000000000000000000000000000000000000000000000000000000000000000000000000000000000000000000000000000000000000000000000000000000000000000000000000000000000000000000000000000000000
0011000011001111110000111100000000001100000011000000001111110000111100001111110000001100000000000000111100000000000011001111001100001111100000000000000000000000000000000000000000000000000000000000110000000000000000000000000000000110000000000000110000000000000000000000000000000000000110110000000110110110110110000000100100100000000000000000000000000000000000000000000000000000000000000000000000000000000000000000000000000000000000000000000000000000000000000000000000000000000000000000000000000000000000000000000000000000000000000000000000000000
1111111111111100111111111100110000111100110011110011111100110011001111111111111111000011111111000011111111111100111111111111111111111111100000000000000000000000000000000000000000000000000000000000000000000000110110110110000000000000000000000000110000000000000000000000000000000000000110110000000000000000000000000000100100100000000000000000000000000000000000000000000000000000000000000000000000000000000000000000000000000000000000000000000000000000000000000000000000000000000000000000000000000000000000000000000000000000000000000000000000000000
0000000000001100110000000000001100000000000000000000110011000000000000000000000000000000000000000000000000000000000000000000000000000000100000000000000000000000000000000000000110000000000000000000110000110000000000000000000000000110000000000000110000000000000000000000000000000000000000000000000110110110110110000000100100100000000000000000000000000000000000000000000000000000000000000000000000000000000000000000000000000000000000000000000000000000000000000000000000000000000000000000000000000000000000000000000000000000000000000000000000000000
0011111100111100110011001111000000111100001111110011110011000011111100111100111111001100110000000011110011111100111111111111000000110000100000000000000000000000000000000000000000000000000000000000000000110000000000000000000000000000000000000000000000000000000000000000000000000000000110110000000000000000000000000000100100100000000000000000000000000000000000000000000000000000000000000000000000000000000000000000000000000000000000000000000000000000000000000000000000000000000000000000000000000000000000000000000000000000000000000000000000000000
0000000000111100110000001100001100000000000000000000000011000000000000000000000011000000110000000000000000000000000000110000000000000000100000000000000000000000000000000000000000000000000000000000110000110000000000000000000000000110000000000000110000000000000000000000000000000000000000000000000000000000000000000000100100100000000000000000000000000000000000000000000000000000000000000000000000000000000000000000000000000000000000000000000000000000000000000000000000000000000000000000000000000000000000000000000000000000000000000000000000000000
1111111111000011111100111111110000111100111111110011111111110000111111111100000000111111111111000011001111001111111111001111111111001100100000000000000000000000000000000000000000000000000000000000110000000000000000000000000000000000000000000000000000000000000000000000000000000000110110110110110110110110110110110110110110110000000000000000000000000000000000000000000000000000000000000000000000000000000000000000000000000000000000000000000000000000000000000000000000000000000000000000000000000000000000000000000000000000000000000000000000000000
1111111111000011111100000011110000111100111111110011110011110000001100111100001100111111111111000011001111001111111111001111111111111111100000000000000000000000000000000000000110000000000000000000000000110000000000000000000000000000000000000000000000000000000000000000000000000000110110110110110110110110110110110110110110110000000000000000000000000000000000000000000000000000000000000000000000000000000000000000000000000000000000000000000000000000000000000000000000000000000000000000000000000000000000000000000000000000000000000000000000000000
1111001111001100111111110011110000111100110011110011111100110000001100111111110000110011111111000011111111111111111111111111111111001111100000000000000000000000000000000000000110000000000000000000110000000000110110110110000000000000000000000000000000000000000000000000000000000000000110110000000000000000110110000000100100100000000000000000000000000000000000000000000000000000000000000000000000000000000000000000000000000000000000000000000000000000000000000000000000000000000000000000000000000000000000000000000000000000000000000000000000000000
0000000000001100110000110000000000000000000000000000000011000000000000000000000000000000000000000000000000000000000000110000000000000000100000000000000000000000000000000000000110000000000000000000110000000000000000000000000000000110000000000000110000000000000000000000000000000000000110110000000000000000110110000000100100100000000000000000000000000000000000000000000000000000000000000000000000000000000000000000000000000000000000000000000000000000000000000000000000000000000000000000000000000000000000000000000000000000000000000000000000000000
0000110000111111000000110011001100001100000000110011110011000000001100001111001111111100001100000011110000000000111100111100000000111111100000000000000000000000000000000000000110000000000000000000000000000000000000000000000000000000000000000000000000000000000000000110000000000000000000000000000000000000000000000000100100100000000000000000000000000000000000000000000000000000000000000000000000000000000000000000000000000000000000000000000000000000000000000000000000000000000000000000000000000000000000000000000000000000000000000000000000000000
1111110011001111111100001100001100000011000011110000000011001100000000000011110000000000000000000000110011001100111111000011000000001100100000000000000000000000000000000000000000000000000000000000110000110000000000000000000000000110000000000000110000000000000000000000000000000000000000000000000110110110110110000000100100100000000000000000000000000000000000000000000000000000000000000000000000000000000000000000000000000000000000000000000000000000000000000000000000000000000000000000000000000000000000000000000000000000000000000000000000000000
0011000000111100110000000000001100000000000000000000000011000000000000000000001100000000000000000011000000000000000000110000000000000000100000000000000000000000000000000000000110000000000000000000000000110000000000000000000000000000000000000000110000000000000000000000000000000000000000000000000000000000000110000000100100100000000000000000000000000000000000000000000000000000000000000000000000000000000000000000000000000000000000000000000000000000000000000000000000000000000000000000000000000000000000000000000000000000000000000000000000000000
0000000000111100000000111100000000000000000000000000000011000000000000000000001111110000000000000011000000000000000000110000000000000000100000000000000000000000000000000000000000000000000000000000000000000000000000000000000000000000000000000000110000000000000000000110000000000000000110110000000000000000000000000000100100100000000000000000000000000000000000000000000000000000000000000000000000000000000000000000000000000000000000000000000000000000000000000000000000000000000000000000000000000000000000000000000000000000000000000000000000000000
0000000000001100000000111100000000000000000000000000000011000000000000000000001100000000000000000011000000000000000000000000000000000000100000000000000000000000000000000000000000000000000000000000000000000000000000000000000000000000000000000000110000000000000000000110000000000000000110110000000110110110110110000000100100100000000000000000000000000000000000000000000000000000000000000000000000000000000000000000000000000000000000000000000000000000000000000000000000000000000000000000000000000000000000000000000000000000000000000000000000000000
0000000000000000110000111100000000000000000000000000000011000000000000000000001100000000000000000000000000000000000000000000110000000000100000000000000000000000000000000000000000000000000000000000000000000000000000000000000000000110000000000000110000000000000000000000000000000000110110110110110110110110110110110110110110110000000000000000000000000000000000000000000000000000000000000000000000000000000000000000000000000000000000000000000000000000000000000000000000000000000000000000000000000000000000000000000000000000000000000000000000000000
1111111111111100001111111111110000111100110011110000111100110011001111111111110011110011111111000000111111111111111111111111110011001111100000000000000000000000000000000000000000000000000000000000110000000000110110110110000000000110000000000000000000000000000000000110000000000000000110110000000000000000000000000000100100100000000000000000000000000000000000000000000000000000000000000000000000000000000000000000000000000000000000000000000000000000000000000000000000000000000000000000000000000000000000000000000000000000000000000000000000000000
1111111111001111111100001111110000111100111111110011110011110000111111111111110000111111111111000011111111001111111111001111111111001111100000000000000000000000000000000000000000000000000000000000110000110000000000000000000000000000000000000000000000000000000000000000000000000000000110110000000110110110110110000000100100100000000000000000000000000000000000000000000000000000000000000000000000000000000000000000000000000000000000000000000000000000000000000000000000000000000000000000000000000000000000000000000000000000000000000000000000000000
0011001111000000000000110011110000000000000011000011111100000000000000000000001100110011000011000011001111000000001111000000110000110000100000000000000000000000000000000000000110000000000000000000000000000000110110110110000000000000000000000000000000000000000000000110000000000000110110110110110110110110110110110110110110110000000000000000000000000000000000000000000000000000000000000000000000000000000000000000000000000000000000000000000000000000000000000000000000000000000000000000000000000000000000000000000000000000000000000000000000000000
0000000000001100000000000000001100000000000000000000000011000000000000000000001100000000000000000011000000000000000000110000000000000000100000000000000000000000000000000000000110000000000000000000000000110000000000000000000000000000000000000000110000000000000000000110000000000000000000000000000000000000110110000000100100100000000000000000000000000000000000000000000000000000000000000000000000000000000000000000000000000000000000000000000000000000000000000000000000000000000000000000000000000000000000000000000000000000000000000000000000000000
1111111111111111111111111111111100111111111111110011111111111111111111001111110011111111111111000011111111111111111111111111111111001111100000000000000000000000000000000000000000000000000000000000110000000000000000000000000000000000000000000000000000000000000000000000000000000000000000000000000000000000000000000000100100100000000000000000000000000000000000000000000000000000000000000000000000000000000000000000000000000000000000000000000000000000000000000000000000000000000000000000000000000000000000000000000000000000000000000000000000000000
1111111111001100111100110011111100111111110011110011111100111100001100111111111100110011111111000011111111001111111111001111111111111111100000000000000000000000000000000000000110000000000000000000000000000000110110110110000000000000000000000000000000000000000000000000000000000000000000000000000110110110110110000000100100100000000000000000000000000000000000000000000000000000000000000000000000000000000000000000000000000000000000000000000000000000000000000000000000000000000000000000000000000000000000000000000000000000000000000000000000000000
1100000011000000111100110011000000110000000000110011111111000000110000110000001100000000110000000011001100000000001111000000001100111100100000000000000000000000000000000000000110000000000000000000000000000000000000000000000000000000000000000000000000000000000000000000000000000000110110110110110110110110110110110110110110110000000000000000000000000000000000000000000000000000000000000000000000000000000000000000000000000000000000000000000000000000000000000000000000000000000000000000000000000000000000000000000000000000000000000000000000000000
1111110011001100110000001100000000000000111100110000000011000000111100111111111100111100001111000011110011000000110011001100001111110000100000000000000000000000000000000000000000000000000000000000000000110000000000000000000000000000000000000000110000000000000000000000000000000000000110110000000110110110110110000000100100100000000000000000000000000000000000000000000000000000000000000000000000000000000000000000000000000000000000000000000000000000000000000000000000000000000000000000000000000000000000000000000000000000000000000000000000000000
0000110000000000000000001111000000111100111111110011110011110000110000111100001100001100001100000011001100000011111111000011000000000000100000000000000000000000000000000000000000000000000000000000000000110000000000000000000000000000000000000000000000000000000000000110000000000000110110110110110110110110110110110110110110110000000000000000000000000000000000000000000000000000000000000000000000000000000000000000000000000000000000000000000000000000000000000000000000000000000000000000000000000000000000000000000000000000000000000000000000000000
0000000000001100000000001111000000000000000000000000110011000000000000000000001100000000000000000000000000000000000000110000000000000000100000000000000000000000000000000000000000000000000000000000000000110000000000000000000000000110000000000000000000000000000000000110000000000000000110110000000000000000110110000000100100100000000000000000000000000000000000000000000000000000000000000000000000000000000000000000000000000000000000000000000000000000000000000000000000000000000000000000000000000000000000000000000000000000000000000000000000000000
1111000000111100111100001100001100110000110000000000000000001111001111111111110011110011111111000011111111000000001111111111001100001111100000000000000000000000000000000000000000000000000000000000110000110000110110110110000000000000000000000000110000000000000000000000000000000000000000000000000000000000000000000000100100100000000000000000000000000000000000000000000000000000000000000000000000000000000000000000000000000000000000000000000000000000000000000000000000000000000000000000000000000000000000000000000000000000000000000000000000000000
0000000000001100110000111100001100000000000000000000000011000000000000000000000000000000000000000011000000000000000000000000000000000000100000000000000000000000000000000000000000000000000000000000110000000000000000000000000000000000000000000000110000000000000000000000000000000000000000000000000110110110110110000000100100100000000000000000000000000000000000000000000000000000000000000000000000000000000000000000000000000000000000000000000000000000000000000000000000000000000000000000000000000000000000000000000000000000000000000000000000000000
0011000000111111111100001100000000111100000011000000110011110011000011001111000011111100111100000000000000001100111111111100000000001100100000000000000000000000000000000000000000000000000000000000110000110000000000000000000000000110000000000000110000000000000000000000000000000000000110110000000000000000000000000000100100100000000000000000000000000000000000000000000000000000000000000000000000000000000000000000000000000000000000000000000000000000000000000000000000000000000000000000000000000000000000000000000000000000000000000000000000000000
1100111111000011000000110000110000000000001100000000001111000000000000111100001100110011111100000011001111000000001100000000110000001100100000000000000000000000000000000000000110000000000000000000000000000000000000000000000000000000000000000000110000000000000000000110000000000000110110110110110110110110110110110110110110110000000000000000000000000000000000000000000000000000000000000000000000000000000000000000000000000000000000000000000000000000000000000000000000000000000000000000000000000000000000000000000000000000000000000000000000000000
0000000000001100110000001100001100000000000000000000000000000000000000000000000000000000000000000000000000000000000000110000000000000000100000000000000000000000000000000000000000000000000000000000110000110000110110110110000000000110000000000000110000000000000000000000000000000000000000000000000000000000110110000000100100100000000000000000000000000000000000000000000000000000000000000000000000000000000000000000000000000000000000000000000000000000000000000000000000000000000000000000000000000000000000000000000000000000000000000000000000000000
0011110000001100110011111111000000001100001100110000001111000000000000111100000000111100000011000000000011111111111100110000111100000011100000000000000000000000000000000000000000000000000000000000110000000000000000000000000000000110000000000000000000000000000000000000000000000000000110110000000000000000110110000000100100100000000000000000000000000000000000000000000000000000000000000000000000000000000000000000000000000000000000000000000000000000000000000000000000000000000000000000000000000000000000000000000000000000000000000000000000000000
1111111111000011111100001111110000111100111111110011110011110000111111111100001100001111111111000011001111001111111111001111111111111111100000000000000000000000000000000000000000000000000000000000000000110000000000000000000000000000000000000000000000000000000000000000000000000000110110110110110110110110110110110110110110110000000000000000000000000000000000000000000000000000000000000000000000000000000000000000000000000000000000000000000000000000000000000000000000000000000000000000000000000000000000000000000000000000000000000000000000000000
1111111111111111001111110011111100111111111111110000111111111111111100111111111111111111111111000000111111111111111111111111110011111111100000000000000000000000000000000000000110000000000000000000000000000000000000000000000000000110000000000000000000000000000000000110000000000000000000000000000000000000000000000000100100100000000000000000000000000000000000000000000000000000000000000000000000000000000000000000000000000000000000000000000000000000000000000000000000000000000000000000000000000000000000000000000000000000000000000000000000000000
1111111111111111111111111111111100111111111111110000111111111111111111111111111111111111111111000000111111111111111111111111111111111111100000000000000000000000000000000000000000000000000000000000000000000000000000000000000000000110000000000000000000000000000000000000000000000000000000000000000000000000000000000000100100100000000000000000000000000000000000000000000000000000000000000000000000000000000000000000000000000000000000000000000000000000000000000000000000000000000000000000000000000000000000000000000000000000000000000000000000000000
0011000011000000001100110000000000001100111111110000110011000000001100000000000000111100001111000000000011001100000000001100110011000000100000000000000000000000000000000000000110000000000000000000110000000000000000000000000000000110000000000000110000000000000000000110000000000000110110110110110110110110110110110110110110110000000000000000000000000000000000000000000000000000000000000000000000000000000000000000000000000000000000000000000000000000000000000000000000000000000000000000000000000000000000000000000000000000000000000000000000000000
1111111111111100111111110000110000111100110011110011111100110011001100111111111111110011111111000011111111111100111111111111111111111111100000000000000000000000000000000000000110000000000000000000000000000000110110110110000000000000000000000000110000000000000000000000000000000000000110110000000000000000000000000000100100100000000000000000000000000000000000000000000000000000000000000000000000000000000000000000000000000000000000000000000000000000000000000000000000000000000000000000000000000000000000000000000000000000000000000000000000000000
1111110011111111110000110011001100111100110000110011111111110011001100111100001111111111001100000011001111110011111100111100001100111100100000000000000000000000000000000000000110000000000000000000000000000000000000000000000000000000000000000000000000000000000000000000000000000000000000000000000000000000000000000000100100100000000000000000000000000000000000000000000000000000000000000000000000000000000000000000000000000000000000000000000000000000000000000000000000000000000000000000000000000000000000000000000000000000000000000000000000000000
0000000000001100000000111100001100000000000000000000000000000000000000000000000000000000000000000011001100000000000000110000000000000000100000000000000000000000000000000000000000000000000000000000110000000000110110110110000000000000000000000000110000000000000000000110000000000000000000000000000000000000110110000000100100100000000000000000000000000000000000000000000000000000000000000000000000000000000000000000000000000000000000000000000000000000000000000000000000000000000000000000000000000000000000000000000000000000000000000000000000000000
1111001111000000111100000011110000111100110011110011110000110000001100111100001100110011111111000011001111001111111111001111111111111111100000000000000000000000000000000000000110000000000000000000000000110000110110110110000000000000000000000000000000000000000000000000000000000000110110110110110110110110110110110110110110110000000000000000000000000000000000000000000000000000000000000000000000000000000000000000000000000000000000000000000000000000000000000000000000000000000000000000000000000000000000000000000000000000000000000000000000000000
0000000000111100000000111111001100000011000000000000000011000000000000000000000000000000000000000000000000000000000000110000000000000000100000000000000000000000000000000000000000000000000000000000110000000000000000000000000000000110000000000000000000000000000000000110000000000000000000000000000000000000000110000000100100100000000000000000000000000000000000000000000000000000000000000000000000000000000000000000000000000000000000000000000000000000000000000000000000000000000000000000000000000000000000000000000000000000000000000000000000000000
1111111111000011111100111100110000111100111111110000111111110000111111111100000000111111111111000000001111001100111111001111111111001111100000000000000000000000000000000000000000000000000000000000110000000000000000000000000000000110000000000000110000000000000000000000000000000000110110110110110110110110110110110110110110110000000000000000000000000000000000000000000000000000000000000000000000000000000000000000000000000000000000000000000000000000000000000000000000000000000000000000000000000000000000000000000000000000000000000000000000000000
1100001111111100110000110000111100000000000000110011111100111100000000001100111111110000110011000011111111001100000000111111111100000000100000000000000000000000000000000000000110000000000000000000000000000000110110110110000000000000000000000000110000000000000000000000000000000000000000000000000000000000000000000000100100100000000000000000000000000000000000000000000000000000000000000000000000000000000000000000000000000000000000000000000000000000000000000000000000000000000000000000000000000000000000000000000000000000000000000000000000000000
0000000000000011110000001100000000000000000000000000000011000000000000000000001100000000000000000011000000000000000000000000000000000000100000000000000000000000000000000000000000000000000000000000000000110000000000000000000000000000000000000000110000000000000000000000000000000000110110110110110110110110110110110110110110110000000000000000000000000000000000000000000000000000000000000000000000000000000000000000000000000000000000000000000000000000000000000000000000000000000000000000000000000000000000000000000000000000000000000000000000000000
0000000000001100000000111111001100000000000000000000000011000000000000000000001100000000000011000011000000000000000000110000000000000000100000000000000000000000000000000000000000000000000000000000000000000000000000000000000000000000000000000000000000000000000000000110000000000000000000000000000000000000110110000000100100100000000000000000000000000000000000000000000000000000000000000000000000000000000000000000000000000000000000000000000000000000000000000000000000000000000000000000000000000000000000000000000000000000000000000000000000000000
1111111111111111111111001111111100111111111111110011110011111100111111111111110000111111111111000011111111111111111111111111111111001111100000000000000000000000000000000000000000000000000000000000110000110000000000000000000000000000000000000000000000000000000000000000000000000000000000000000000000000000000110000000100100100000000000000000000000000000000000000000000000000000000000000000000000000000000000000000000000000000000000000000000000000000000000000000000000000000000000000000000000000000000000000000000000000000000000000000000000000000
1111111111000000001100111111110000111100110011110011111100110000001111111100000000110011111111000011001111001111111111001111110011001111100000000000000000000000000000000000000000000000000000000000110000000000110110110110000000000000000000000000000000000000000000000110000000000000110110110110110110110110110110110110110110110000000000000000000000000000000000000000000000000000000000000000000000000000000000000000000000000000000000000000000000000000000000000000000000000000000000000000000000000000000000000000000000000000000000000000000000000000
1111111111111111111100111111000000111100110011000011000011110011000000110011110011111111001100000011110000111111000000111111110000000000100000000000000000000000000000000000000000000000000000000000110000000000000000000000000000000000000000000000000000000000000000000000000000000000000110110000000000000000000000000000100100100000000000000000000000000000000000000000000000000000000000000000000000000000000000000000000000000000000000000000000000000000000000000000000000000000000000000000000000000000000000000000000000000000000000000000000000000000
0011000000001100110000001100000000000000000000000000000011000000000000000000001100000000000000000000000000000000000000110000000000000000100000000000000000000000000000000000000000000000000000000000000000110000000000000000000000000110000000000000110000000000000000000000000000000000000110110000000000000000110110000000100100100000000000000000000000000000000000000000000000000000000000000000000000000000000000000000000000000000000000000000000000000000000000000000000000000000000000000000000000000000000000000000000000000000000000000000000000000000
1111110011000000110000111111110000110000000011000000111100110000000011001100000000000000110011000000001111001111110000001111111100001111100000000000000000000000000000000000000000000000000000000000110000000000110110110110000000000110000000000000000000000000000000000000000000000000110110110110110110110110110110110110110110110000000000000000000000000000000000000000000000000000000000000000000000000000000000000000000000000000000000000000000000000000000000000000000000000000000000000000000000000000000000000000000000000000000000000000000000000000
0000000000001100000000110011001100000000000000000000000011000000000000000000001100001100000000000000000000000000000000000000000000000000100000000000000000000000000000000000000110000000000000000000000000000000000000000000000000000110000000000000000000000000000000000110000000000000000000000000000110110110110110000000100100100000000000000000000000000000000000000000000000000000000000000000000000000000000000000000000000000000000000000000000000000000000000000000000000000000000000000000000000000000000000000000000000000000000000000000000000000000
1111111111111111111111001111111100111111111111110000110011111111111111111111110011111111111111000000111111111111111100111111111111001111100000000000000000000000000000000000000000000000000000000000110000110000000000000000000000000110000000000000000000000000000000000000000000000000000000000000000000000000000000000000100100100000000000000000000000000000000000000000000000000000000000000000000000000000000000000000000000000000000000000000000000000000000000000000000000000000000000000000000000000000000000000000000000000000000000000000000000000000
1111111100111100111100001111110000000000000000000000110000000011000000000000001111110000000000000000001111001111111111111100111111110000100000000000000000000000000000000000000000000000000000000000000000110000110110110110000000000110000000000000000000000000000000000000000000000000000110110000000000000000000000000000100100100000000000000000000000000000000000000000000000000000000000000000000000000000000000000000000000000000000000000000000000000000000000000000000000000000000000000000000000000000000000000000000000000000000000000000000000000000
1111111111001111111100001111111100111111111111110011110011111100111111111111111100111111111111000011111111001111111111001111001111111111100000000000000000000000000000000000000000000000000000000000000000110000000000000000000000000000000000000000000000000000000000000000000000000000000000000000000110110110110110000000100100100000000000000000000000000000000000000000000000000000000000000000000000000000000000000000000000000000000000000000000000000000000000000000000000000000000000000000000000000000000000000000000000000000000000000000000000000000
1111111111001111111100111111111100111111111111110011111111111100111111111111111100111111111111000011110011001111111111001111111111111111100000000000000000000000000000000000000000000000000000000000000000000000000000000000000000000000000000000000000000000000000000000000000000000000000000000000000110110110110110000000100100100000000000000000000000000000000000000000000000000000000000000000000000000000000000000000000000000000000000000000000000000000000000000000000000000000000000000000000000000000000000000000000000000000000000000000000000000000
0011000011111100000011110000110000110000110000110000111100110000001100001111001100110000111100000011000011001100110000111100000000111100100000000000000000000000000000000000000110000000000000000000000000000000110110110110000000000000000000000000110000000000000000000110000000000000000110110000000000000000000110000000100100100000000000000000000000000000000000000000000000000000000000000000000000000000000000000000000000000000000000000000000000000000000000000000000000000000000000000000000000000000000000000000000000000000000000000000000000000000
1111111111001111111100110011111100111111111111110011111111111100111100111111111100111111111111000011111111001111111111001100111111111111100000000000000000000000000000000000000110000000000000000000000000000000000000000000000000000000000000000000000000000000000000000000000000000000000000000000000110110110110110000000100100100000000000000000000000000000000000000000000000000000000000000000000000000000000000000000000000000000000000000000000000000000000000000000000000000000000000000000000000000000000000000000000000000000000000000000000000000000
0000000011111100110000110000000000000000000000000000000011000000000000000000001111000000000000000011000000000000000000110000000000000000100000000000000000000000000000000000000110000000000000000000000000000000000000000000000000000000000000000000110000000000000000000000000000000000000110110000000000000000000000000000100100100000000000000000000000000000000000000000000000000000000000000000000000000000000000000000000000000000000000000000000000000000000000000000000000000000000000000000000000000000000000000000000000000000000000000000000000000000
1111000011000000000000111111110000110000001100000000111111000000110000001100000000111100111100000000001111000011111111000011110000000000100000000000000000000000000000000000000000000000000000000000110000000000000000000000000000000110000000000000000000000000000000000110000000000000110110110110110110110110110110110110110110110000000000000000000000000000000000000000000000000000000000000000000000000000000000000000000000000000000000000000000000000000000000000000000000000000000000000000000000000000000000000000000000000000000000000000000000000000
0011001100000000110000111100110000111100110011000000000000000000001111000000001100000000000011000011000011000000110000000011001100001111100000000000000000000000000000000000000000000000000000000000000000000000110110110110000000000000000000000000110000000000000000000000000000000000110110110110110110110110110110110110110110110000000000000000000000000000000000000000000000000000000000000000000000000000000000000000000000000000000000000000000000000000000000000000000000000000000000000000000000000000000000000000000000000000000000000000000000000000
0000000011111100110000111111000000000000000000000000000011000000000000000000001100000000000000000000000000000000000000110000000000000000100000000000000000000000000000000000000000000000000000000000000000000000000000000000000000000110000000000000000000000000000000000000000000000000000110110000000000000000000110000000100100100000000000000000000000000000000000000000000000000000000000000000000000000000000000000000000000000000000000000000000000000000000000000000000000000000000000000000000000000000000000000000000000000000000000000000000000000000
0000000000001100110000001100000000000000000000000000000011000000000000000000000000000000000000000011000000000000000000110000000011000000100000000000000000000000000000000000000000000000000000000000110000110000000000000000000000000000000000000000110000000000000000000000000000000000000110110000000000000000110110000000100100100000000000000000000000000000000000000000000000000000000000000000000000000000000000000000000000000000000000000000000000000000000000000000000000000000000000000000000000000000000000000000000000000000000000000000000000000000
0011000011001100111111110011000000000000000011000000110000000000001100000011000000110011111100000011001111001100000011110000001111001100100000000000000000000000000000000000000110000000000000000000110000000000110110110110000000000000000000000000000000000000000000000000000000000000000110110000000000000000110110000000100100100000000000000000000000000000000000000000000000000000000000000000000000000000000000000000000000000000000000000000000000000000000000000000000000000000000000000000000000000000000000000000000000000000000000000000000000000000
0000000000111100000000110000001100000000000000000000000011000000000000001100001100000000000000000000000000000000000000110000000000000000100000000000000000000000000000000000000110000000000000000000000000000000000000000000000000000110000000000000110000000000000000000110000000000000000000000000000000000000000110000000100100100000000000000000000000000000000000000000000000000000000000000000000000000000000000000000000000000000000000000000000000000000000000000000000000000000000000000000000000000000000000000000000000000000000000000000000000000000
~~~
0.0 514.0 15.0 66.0 322.382483283
0.0 417.0 61.0 342.0 1250.72122961
0.0 467.0 38.0 205.0 760.578221211
0.0 510.0 18.0 96.0 351.950921506
0.0 424.0 57.0 328.0 1155.09721505
0.0 464.0 37.0 206.0 780.36666797
0.0 510.0 15.0 92.0 334.352945083
0.0 493.0 22.0 153.0 515.841126245
0.0 455.0 50.0 184.0 920.46536997
0.0 421.0 61.0 321.0 1226.37146029
0.0 420.0 58.0 343.0 1234.31152473
0.0 453.0 44.0 239.0 926.582461865
0.0 514.0 14.0 83.0 307.52787702
0.0 510.0 19.0 79.0 366.794694681
0.0 506.0 18.0 96.0 378.025029279
0.0 508.0 18.0 88.0 386.234293023
0.0 512.0 15.0 66.0 339.778610367
0.0 514.0 16.0 73.0 316.942701441
0.0 510.0 14.0 96.0 329.914246411
0.0 476.0 36.0 167.0 655.696083676
0.0 506.0 17.0 109.0 370.680580009
0.0 512.0 15.0 78.0 346.826381729
0.0 510.0 18.0 80.0 369.948950719
0.0 514.0 15.0 69.0 314.053477596
0.0 470.0 34.0 201.0 695.695282088
0.0 514.0 17.0 65.0 311.901998518
0.0 453.0 44.0 245.0 894.157228995
0.0 510.0 17.0 92.0 338.212267185
0.0 456.0 40.0 256.0 867.272651203
0.0 420.0 58.0 345.0 1162.84151959
0.0 514.0 16.0 76.0 301.029195807
0.0 472.0 36.0 188.0 706.394453304
0.0 508.0 20.0 97.0 381.123769984
0.0 514.0 18.0 60.0 309.281342155
0.0 510.0 17.0 91.0 358.961973374
0.0 466.0 45.0 168.0 780.602304108
0.0 512.0 16.0 81.0 328.019195767
0.0 466.0 41.0 210.0 774.279174279
0.0 468.0 35.0 201.0 740.423687794
0.0 420.0 56.0 349.0 1173.19857474
0.0 510.0 20.0 66.0 364.924410979
0.0 456.0 46.0 225.0 870.939529026
0.0 514.0 16.0 63.0 313.060449197
0.0 415.0 64.0 348.0 1300.1220207
0.0 417.0 61.0 336.0 1297.71551949
0.0 424.0 55.0 326.0 1154.3049925
0.0 514.0 16.0 59.0 313.753944806
0.0 478.0 33.0 156.0 674.866820523
0.0 472.0 37.0 174.0 716.747783106
0.0 514.0 13.0 78.0 310.924995631
0.0 512.0 14.0 95.0 328.732156846
0.0 510.0 17.0 98.0 353.912127767
0.0 497.0 23.0 127.0 490.282735427
0.0 422.0 58.0 320.0 1164.60956627
0.0 420.0 59.0 342.0 1238.45877961
0.0 459.0 36.0 253.0 859.647967994
0.0 516.0 15.0 55.0 292.838711064
0.0 416.0 61.0 348.0 1232.09422179
0.0 418.0 59.0 341.0 1211.03891071
0.0 465.0 43.0 173.0 802.188973079
0.0 460.0 40.0 255.0 850.839048047
0.0 457.0 49.0 207.0 897.549489732
0.0 512.0 19.0 62.0 343.535768442
0.0 454.0 39.0 253.0 843.97098144
0.0 512.0 17.0 88.0 329.765710335
0.0 470.0 35.0 187.0 752.999930693
0.0 461.0 37.0 222.0 848.037798302
0.0 510.0 17.0 87.0 331.555768057
0.0 472.0 36.0 197.0 722.664202937
0.0 415.0 64.0 342.0 1306.54425759
0.0 418.0 61.0 314.0 1220.0440098
0.0 414.0 62.0 347.0 1247.66974497
0.0 461.0 41.0 225.0 872.602765184
0.0 420.0 55.0 343.0 1183.31201752
0.0 454.0 44.0 225.0 889.770543663
0.0 508.0 17.0 98.0 339.776488489
0.0 419.0 59.0 336.0 1252.38534389
0.0 514.0 18.0 64.0 300.40957989
0.0 417.0 63.0 331.0 1271.20903032
0.0 464.0 33.0 240.0 757.030086634
0.0 497.0 21.0 138.0 503.825734157
0.0 514.0 16.0 76.0 305.891979406
0.0 418.0 60.0 346.0 1224.49206196
0.0 417.0 63.0 334.0 1255.28080817
0.0 458.0 38.0 246.0 846.106076562
0.0 512.0 15.0 84.0 334.559711427
0.0 443.0 50.0 265.0 988.728671947
0.0 510.0 19.0 79.0 358.875975353
0.0 420.0 59.0 332.0 1203.60579096
0.0 466.0 36.0 221.0 766.681387332
0.0 418.0 60.0 350.0 1240.57681119
0.0 416.0 62.0 355.0 1253.87418824
0.0 464.0 35.0 234.0 792.512791641
0.0 418.0 59.0 341.0 1236.57868942
0.0 512.0 14.0 83.0 331.93058158
0.0 455.0 48.0 216.0 921.765848195
0.0 461.0 38.0 254.0 815.999540644
0.0 512.0 16.0 80.0 330.972714233
0.0 512.0 16.0 83.0 337.41266793
0.0 470.0 32.0 205.0 738.870854185
0.0 514.0 17.0 54.0 304.456580778
~~~
0.121583938599
