1000000000000000011110110101111100011010000011010
1111111111111111011101110111111101111101111111001
1100010111000000011101110111111011011100000011010
1111111111111110111101110111111111111011111111001
1111110111000000010000000001111001111101110011100
1111111111111111111110111111111110111011101111010
1100000000000000011101110101100000000001110000000
1111110111111111111101110111111011011101111111010
1000000000000000010000000001100000000001100111001
1111111111110110111110111101111111111011100111100
1111111111111110011110111111111111111011101111010
1100011110000000010000000001100000000001110011010
1100011111000000011101110101111111100001100111010
1111111111110111111101111101111101111011110111100
1111011000000000010000000001100000011100000011001
1111111111111111011110110101111101111011110111100
1111111111111111111101110101111111011011110111100
1111100000110111010000000001100000011011110011010
1100011110111110110000111001111100011101110100000
1100011111111111111101111101111101111010000011001
1111111111111111111110110111111111011011101011001
1111110110000000011110000001100000011010000000000
1100000000110110011101111101111101111100000011010
1111111110111111011101111111111111111101101111010
1100000000000000010000000001111001011100000000000
1111111111111110011101111101111101111101110111100
1111111110110111111101110111111111111011111111010
1100010110110110011101110101100000011100000000000
1111111111111110111101111111111001111101111111010
1100000000000000010000111111100000011100000000000
1100010110000000010000000001111001100000000000000
1000000000000000010000111001100000000001100100000
1111010000000000010000000001100000011101100100000
1000000000000000011110110011111011111011110100000
1111111000111110010000110011100000011101101111001
1111111111111111011110111011111111111011111111010
1000000000000000010000000001111000100000000011010
1111111110111111111101110111111111111101111111010
1111111111111110111110111001111111111011110111100
1100010000000000010000000001111110100000000000000
1111111111111111011110111011111111011011111111001
1100000000000000010000000001111100000000000011010
1100010000000000010000000001111010100000000000000
1100000000000000011110110101111100111011100100000
1111111111111111111110110101111110111011100111100
1111010111110110010000110111111001011101101100000
1111011111110110110000111011111101100001101000000
1111111111111111110000111011111111111011111111001
1100010110000000010000110011100000011010000000000
1100011110000000010000111011111001100001111100000
1111000000000000010000000001111001000001100100000
1100011000000000010000000001111111100000000000000
1111011000111111010000111111100000000000000011010
1100000000110111010000000001100000000001110100000
1000000000000000010000110101111000111010000000000
1100011000110110010000000001100000011100000000000
1000000000000000010000110111100000011101101000000
1111111111111110111110111011111011111011111111010
1111110110110110110000000001100000000000000000000
1000000000000000010000000001111100111010000011100
1100000000000000010000110111100000011100000011010
1111010111111110111101111111111111111011111111010
1111010000110110010000000001100000000000000011001
1100010000000000010000000001111101011100000000000
1111110111110111011101111111111111111101111111001
1000000000000000010000000001111000100001110111001
1100010000000000010000111101100000000001100100000
1100000000000000010000000001111010100001110100000
1111111111111111111101110111111110011011111111001
1100000000110111010000000001100000000001100111010
1111010000000000010000000001111001011010000000000
1111111110110110111101111111111111111101111111010
1000000000000000010000000001100000011010000011010
1100010110110110010000000001100000000000000011100
1100010000110110010000000001100000000000000011100
1100010111000000010000111101111110111011100111100
1111011110111111111101111111111111111011111111001
1100010000110111010000000001100000000000000011100
1111100000000000010000000001111011100000000000000
1000000000000000011101111111111101111100000000000
1100000000000000010000110011100000011101110011010
1100000000000000011110000001111000111010000000000
1000000000000000010000110101111111000001110111100
1100000000111110011101110111111001111011111111001
1111110111110111111101111111111111100001111111001
1111010111110110111110111011111110011011101011010
1100000000000000010000000001111101111101100100000
1111111110111111111110111111111100111011111111001
1100010110110111110000000001100000000000000000000
1111010000000000011101111101100000000000000000000
1111111111111110011110111111111101111011111111010
1111110000000000010000000001100000011100000011001
1111111111111111111101111111111111111011110111001
1100011110111111111110110101100000011011100111001
1111110111110111111101111111111111111101110111010
1111111111111111111101111111111111100001101111010
1111000000110111011110111111111100011010000000000
1111100000000000010000000001100000000000000011010
1000000000000000010000000001111101100000000011001
1000000000000000011101110101111010100000000000000
1111011111111110111101111111111111011101111011010
~~~
0.0 30.0 11.0 37.0 172.0
0.0 7.0 22.0 81.0 377.0
0.0 23.0 15.0 38.0 244.0
0.0 6.0 23.0 76.0 379.0
0.0 24.0 12.0 52.0 235.0
0.0 6.0 23.0 81.0 389.0
0.0 35.0 10.0 14.0 129.0
0.0 8.0 23.0 64.0 373.0
0.0 39.0 6.0 16.0 91.0
0.0 9.0 21.0 73.0 354.0
0.0 7.0 22.0 76.0 380.0
0.0 34.0 9.0 22.0 149.0
0.0 21.0 14.0 50.0 261.0
0.0 8.0 22.0 75.0 372.0
0.0 34.0 8.0 34.0 127.0
0.0 9.0 20.0 78.0 360.0
0.0 8.0 21.0 74.0 361.0
0.0 27.0 13.0 42.0 205.0
0.0 21.0 14.0 64.0 247.0
0.0 14.0 19.0 66.0 318.0
0.0 8.0 22.0 72.0 353.0
0.0 32.0 8.0 30.0 154.0
0.0 22.0 16.0 53.0 258.0
0.0 7.0 21.0 84.0 387.0
0.0 38.0 4.0 31.0 103.0
0.0 9.0 21.0 76.0 363.0
0.0 7.0 22.0 78.0 383.0
0.0 28.0 13.0 34.0 191.0
0.0 7.0 24.0 67.0 387.0
0.0 36.0 9.0 24.0 121.0
0.0 37.0 4.0 27.0 128.0
0.0 39.0 6.0 16.0 92.0
0.0 35.0 6.0 37.0 115.0
0.0 27.0 10.0 45.0 193.0
0.0 21.0 16.0 52.0 243.0
0.0 6.0 22.0 81.0 394.0
0.0 39.0 5.0 23.0 112.0
0.0 6.0 22.0 84.0 391.0
0.0 8.0 21.0 76.0 366.0
0.0 38.0 3.0 38.0 106.0
0.0 7.0 22.0 74.0 372.0
0.0 38.0 6.0 25.0 118.0
0.0 39.0 3.0 29.0 101.0
0.0 28.0 10.0 51.0 186.0
0.0 9.0 20.0 81.0 354.0
0.0 20.0 16.0 51.0 256.0
0.0 20.0 16.0 54.0 262.0
0.0 8.0 21.0 81.0 368.0
0.0 35.0 8.0 25.0 133.0
0.0 27.0 11.0 38.0 216.0
0.0 36.0 5.0 26.0 120.0
0.0 36.0 3.0 42.0 119.0
0.0 26.0 15.0 33.0 218.0
0.0 35.0 8.0 27.0 133.0
0.0 36.0 6.0 35.0 120.0
0.0 35.0 7.0 37.0 119.0
0.0 35.0 9.0 29.0 117.0
0.0 7.0 23.0 67.0 384.0
0.0 33.0 9.0 24.0 151.0
0.0 35.0 6.0 44.0 135.0
0.0 34.0 11.0 24.0 146.0
0.0 7.0 24.0 70.0 383.0
0.0 34.0 10.0 21.0 138.0
0.0 36.0 4.0 43.0 113.0
0.0 7.0 23.0 77.0 381.0
0.0 35.0 7.0 30.0 136.0
0.0 36.0 8.0 19.0 119.0
0.0 36.0 5.0 33.0 128.0
0.0 7.0 23.0 74.0 368.0
0.0 33.0 10.0 27.0 160.0
0.0 35.0 5.0 34.0 123.0
0.0 7.0 23.0 76.0 383.0
0.0 39.0 6.0 21.0 97.0
0.0 34.0 10.0 19.0 155.0
0.0 36.0 9.0 18.0 130.0
0.0 22.0 14.0 58.0 251.0
0.0 6.0 23.0 79.0 385.0
0.0 35.0 9.0 23.0 141.0
0.0 36.0 4.0 31.0 129.0
0.0 29.0 10.0 47.0 181.0
0.0 32.0 12.0 29.0 161.0
0.0 35.0 6.0 35.0 134.0
0.0 30.0 10.0 35.0 172.0
0.0 17.0 19.0 51.0 296.0
0.0 9.0 23.0 62.0 368.0
0.0 13.0 22.0 58.0 322.0
0.0 33.0 5.0 54.0 144.0
0.0 7.0 23.0 78.0 379.0
0.0 35.0 8.0 24.0 137.0
0.0 34.0 10.0 15.0 138.0
0.0 7.0 23.0 73.0 384.0
0.0 34.0 8.0 32.0 133.0
0.0 5.0 23.0 81.0 391.0
0.0 18.0 18.0 50.0 271.0
0.0 7.0 23.0 77.0 384.0
0.0 8.0 22.0 69.0 380.0
0.0 23.0 15.0 51.0 232.0
0.0 38.0 7.0 14.0 117.0
0.0 37.0 5.0 32.0 117.0
0.0 35.0 7.0 26.0 133.0
0.0 8.0 24.0 68.0 363.0
~~~
0.0421171188354
